2.800000  0.694062  0
2.826667  0.693317  0
2.853333  0.692572  0
2.880000  0.691827  0
2.906667  0.691082  0
2.933333  0.690337  0
2.960000  0.689592  0
2.986667  0.688847  0
3.013333  0.688101  0
3.040000  0.687356  0
3.066667  0.686611  0
3.093333  0.685866  0
3.120000  0.685121  0
3.146667  0.684376  0
3.173333  0.683631  0
3.200000  0.682886  0
3.226667  0.682141  0
3.253333  0.681395  0
3.280000  0.680650  0
3.306667  0.679905  0
3.333333  0.679160  0
3.360000  0.678415  0
3.386667  0.677670  0
3.413333  0.676925  0
3.440000  0.676180  0
3.466667  0.675435  0
3.493333  0.674689  0
3.520000  0.673944  0
3.546667  0.673199  0
3.573333  0.672454  0
3.600000  0.671709  0
3.626667  0.670964  0
3.653333  0.670219  0
3.680000  0.669474  0
3.706667  0.668728  0
3.733333  0.667983  0
3.760000  0.667238  0
3.786667  0.666493  0
3.813333  0.665748  0
3.840000  0.665003  0
3.866667  0.664258  0
3.893333  0.663513  0
3.920000  0.662768  0
3.946667  0.662022  0
3.973333  0.661277  0
4.000000  0.660532  0
4.026667  0.659787  0
4.053333  0.659042  0
4.080000  0.658297  0
4.106667  0.657552  0
4.133333  0.656807  0
4.160000  0.656062  0
4.186667  0.655316  0
4.213333  0.654571  0
4.240000  0.653826  0
4.266667  0.653081  0
4.293333  0.652336  0
4.320000  0.651591  0
4.346667  0.650846  0
4.373333  0.650101  0
4.400000  0.649356  0
4.426667  0.648610  0
4.453333  0.647865  0
4.480000  0.647120  0
4.506667  0.646375  0
4.533333  0.645630  0
4.560000  0.644885  0
4.586667  0.644140  0
4.613333  0.643395  0
4.640000  0.642650  0
4.666667  0.641904  0
4.693333  0.641159  0
4.720000  0.640414  0
4.746667  0.639669  0
4.773333  0.638924  0
4.800000  0.638179  0
4.826667  0.637434  0
4.853333  0.636689  0
4.880000  0.635944  0
4.906667  0.635198  0
4.933333  0.634453  0
4.960000  0.633708  0
4.986667  0.632963  0
5.013333  0.632218  0
5.040000  0.631473  0
5.066667  0.630728  0
5.093333  0.629983  0
5.120000  0.629238  0
5.146667  0.628492  0
5.173333  0.627747  0
5.200000  0.627002  0
5.226667  0.626257  0
5.253333  0.625512  0
5.280000  0.624767  0
5.306667  0.624022  0
5.333333  0.623277  0
5.360000  0.622532  0
5.386667  0.621786  0
5.413333  0.621041  0
5.440000  0.620296  0
5.466667  0.619551  0
5.493333  0.618806  0
5.520000  0.617830  0
5.546667  0.616108  0
5.573333  0.614402  0
5.600000  0.612777  0
5.626667  0.611163  0
5.653333  0.609638  0
5.680000  0.608118  0
5.706667  0.606694  0
5.733333  0.605270  0
5.760000  0.603942  0
5.786667  0.602616  0
5.813333  0.601377  0
5.840000  0.600147  0
5.866667  0.598993  0
5.893333  0.597853  0
5.920000  0.596780  0
5.946667  0.595726  0
5.973333  0.594729  0
6.000000  0.593756  0
6.026667  0.592832  0
6.053333  0.591934  0
6.080000  0.591076  0
6.106667  0.590247  0
6.133333  0.589450  0
6.160000  0.588683  0
6.186667  0.587940  0
6.213333  0.587226  0
6.240000  0.586529  0
6.266667  0.585860  0
6.293333  0.585202  0
6.320000  0.584568  0
6.346667  0.583941  0
6.373333  0.583334  0
6.400000  0.582730  0
6.426667  0.582142  0
6.453333  0.581556  0
6.480000  0.580982  0
6.506667  0.580408  0
6.533333  0.579843  0
6.560000  0.579278  0
6.586667  0.578719  0
6.613333  0.578161  0
6.640000  0.577608  0
6.666667  0.577055  0
6.693333  0.576506  0
6.720000  0.575959  0
6.746667  0.575414  0
6.773333  0.574871  0
6.800000  0.574329  0
6.826667  0.573788  0
6.853333  0.573246  0
6.880000  0.572705  0
6.906667  0.572162  0
6.933333  0.571617  0
6.960000  0.571068  0
6.986667  0.570515  0
7.013333  0.569956  0
7.040000  0.569391  0
7.066667  0.568819  0
7.093333  0.568236  0
7.120000  0.567647  0
7.146667  0.567045  0
7.173333  0.566437  0
7.200000  0.565812  0
7.226667  0.565182  0
7.253333  0.564534  0
7.280000  0.563882  0
7.306667  0.563209  0
7.333333  0.562534  0
7.360000  0.561837  0
7.386667  0.561139  0
7.413333  0.560417  0
7.440000  0.559696  0
7.466667  0.558951  0
7.493333  0.558205  0
7.520000  0.557437  0
7.546667  0.556667  0
7.573333  0.555876  0
7.600000  0.555081  0
7.626667  0.554267  0
7.653333  0.553447  0
7.680000  0.552610  0
7.706667  0.551765  0
7.733333  0.550905  0
7.760000  0.550037  0
7.786667  0.549156  0
7.813333  0.548265  0
7.840000  0.547365  0
7.866667  0.546455  0
7.893333  0.545538  0
7.920000  0.544613  0
7.946667  0.543683  0
7.973333  0.542746  0
8.000000  0.541807  0
8.026667  0.540863  0
8.053333  0.539918  0
8.080000  0.538969  0
8.106667  0.538021  0
8.133333  0.537071  0
8.160000  0.536121  0
8.186667  0.535169  0
8.213333  0.534218  0
8.240000  0.533263  0
8.266667  0.532309  0
8.293333  0.531347  0
8.320000  0.530385  0
8.346667  0.529412  0
8.373333  0.528437  0
8.400000  0.527446  0
8.426667  0.526451  0
8.453333  0.525436  0
8.480000  0.524414  0
8.506667  0.523369  0
8.533333  0.522314  0
8.560000  0.521234  0
8.586667  0.520140  0
8.613333  0.519022  0
8.640000  0.517885  0
8.666667  0.516724  0
8.693333  0.515542  0
8.720000  0.514337  0
8.746667  0.513106  0
8.773333  0.511853  0
8.800000  0.510568  0
8.826667  0.509262  0
8.853333  0.507914  0
8.880000  0.506545  0
8.906667  0.505119  0
8.933333  0.503675  0
8.960000  0.502149  0
8.986667  0.500609  0
9.013333  0.498958  0
9.040000  0.497298  0
9.066667  0.495489  0
9.093333  0.493680  0
9.120000  0.491685  0
9.146667  0.489688  0
9.173333  0.487494  0
9.200000  0.485283  0
9.226667  0.482877  0
9.253333  0.480439  0
9.280000  0.477823  0
9.306667  0.475162  0
9.333333  0.472354  0
9.360000  0.469493  0
9.386667  0.466530  0
9.413333  0.463516  0
9.440000  0.460449  0
9.466667  0.457348  0
9.493333  0.454243  0
9.520000  0.451135  0
9.546667  0.448065  0
9.573333  0.445038  0
9.600000  0.442079  0
9.626667  0.439220  0
9.653333  0.436443  0
9.680000  0.433826  0
9.706667  0.431292  0
9.733333  0.428977  0
9.760000  0.426731  0
9.786667  0.424753  0
9.813333  0.422823  0
9.840000  0.421195  0
9.866667  0.419591  0
9.893333  0.418301  0
9.920000  0.417015  0
9.946667  0.416035  0
9.973333  0.415055  0
10.000000  0.414327  0
10.026667  0.413614  0
10.053333  0.413091  0
10.080000  0.412595  0
10.106667  0.412232  0
10.133333  0.411899  0
10.160000  0.411652  0
10.186667  0.411433  0
10.213333  0.411263  0
10.240000  0.411116  0
10.266667  0.410992  0
10.293333  0.410883  0
10.320000  0.410781  0
10.346667  0.410686  0
10.373333  0.410590  0
10.400000  0.410495  0
10.426667  0.410396  0
10.453333  0.410293  0
10.480000  0.410187  0
10.506667  0.410077  0
10.533333  0.409964  0
10.560000  0.409849  0
10.586667  0.409733  0
10.613333  0.409616  0
10.640000  0.409499  0
10.666667  0.409386  0
10.693333  0.409272  0
10.720000  0.409164  0
10.746667  0.409055  0
10.773333  0.408952  0
10.800000  0.408850  0
10.826667  0.408752  0
10.853333  0.408654  0
10.880000  0.408557  0
10.906667  0.408461  0
10.933333  0.408364  0
10.960000  0.408266  0
10.986667  0.408165  0
11.013333  0.408061  0
11.040000  0.407952  0
11.066667  0.407840  0
11.093333  0.407721  0
11.120000  0.407597  0
11.146667  0.407466  0
11.173333  0.407329  0
11.200000  0.407186  0
11.226667  0.407036  0
11.253333  0.406880  0
11.280000  0.406718  0
11.306667  0.406552  0
11.333333  0.406379  0
11.360000  0.406203  0
11.386667  0.406023  0
11.413333  0.405842  0
11.440000  0.405657  0
11.466667  0.405472  0
11.493333  0.405286  0
11.520000  0.405100  0
11.546667  0.404916  0
11.573333  0.404732  0
11.600000  0.404551  0
11.626667  0.404371  0
11.653333  0.404197  0
11.680000  0.404022  0
11.706667  0.403854  0
11.733333  0.403686  0
11.760000  0.403525  0
11.786667  0.403364  0
11.813333  0.403208  0
11.840000  0.403055  0
11.866667  0.402906  0
11.893333  0.402759  0
11.920000  0.402617  0
11.946667  0.402477  0
11.973333  0.402342  0
12.000000  0.402210  0
12.026667  0.402083  0
12.053333  0.401960  0
12.080000  0.401843  0
12.106667  0.401731  0
12.133333  0.401624  0
12.160000  0.401524  0
12.186667  0.401430  0
12.213333  0.401345  0
12.240000  0.401265  0
12.266667  0.401196  0
12.293333  0.401132  0
12.320000  0.401081  0
12.346667  0.401033  0
12.373333  0.401001  0
12.400000  0.400971  0
12.426667  0.400958  0
12.453333  0.400946  0
12.480000  0.400952  0
12.506667  0.400958  0
12.533333  0.400982  0
12.560000  0.401006  0
12.586667  0.401046  0
12.613333  0.401089  0
12.640000  0.401145  0
12.666667  0.401204  0
12.693333  0.401276  0
12.720000  0.401351  0
12.746667  0.401437  0
12.773333  0.401528  0
12.800000  0.401627  0
12.826667  0.401732  0
12.853333  0.401844  0
12.880000  0.401962  0
12.906667  0.402085  0
12.933333  0.402214  0
12.960000  0.402347  0
12.986667  0.402486  0
13.013333  0.402628  0
13.040000  0.402774  0
13.066667  0.402921  0
13.093333  0.403073  0
13.120000  0.403224  0
13.146667  0.403378  0
13.173333  0.403531  0
13.200000  0.403685  0
13.226667  0.403838  0
13.253333  0.403988  0
13.280000  0.404138  0
13.306667  0.404283  0
13.333333  0.404427  0
13.360000  0.404564  0
13.386667  0.404701  0
13.413333  0.404828  0
13.440000  0.404955  0
13.466667  0.405071  0
13.493333  0.405186  0
13.520000  0.405289  0
13.546667  0.405390  0
13.573333  0.405480  0
13.600000  0.405565  0
13.626667  0.405640  0
13.653333  0.405709  0
13.680000  0.405768  0
13.706667  0.405820  0
13.733333  0.405863  0
13.760000  0.405898  0
13.786667  0.405926  0
13.813333  0.405944  0
13.840000  0.405956  0
13.866667  0.405958  0
13.893333  0.405955  0
13.920000  0.405943  0
13.946667  0.405927  0
13.973333  0.405901  0
14.000000  0.405873  0
14.026667  0.405837  0
14.053333  0.405799  0
14.080000  0.405753  0
14.106667  0.405706  0
14.133333  0.405654  0
14.160000  0.405601  0
14.186667  0.405544  0
14.213333  0.405486  0
14.240000  0.405427  0
14.266667  0.405367  0
14.293333  0.405307  0
14.320000  0.405246  0
14.346667  0.405187  0
14.373333  0.405128  0
14.400000  0.405071  0
14.426667  0.405014  0
14.453333  0.404960  0
14.480000  0.404906  0
14.506667  0.404856  0
14.533333  0.404807  0
14.560000  0.404761  0
14.586667  0.404717  0
14.613333  0.404676  0
14.640000  0.404637  0
14.666667  0.404601  0
14.693333  0.404567  0
14.720000  0.404536  0
14.746667  0.404508  0
14.773333  0.404482  0
14.800000  0.404460  0
14.826667  0.404439  0
14.853333  0.404422  0
14.880000  0.404406  0
14.906667  0.404395  0
14.933333  0.404384  0
14.960000  0.404379  0
14.986667  0.404373  0
15.013333  0.404328  0
15.040000  0.404283  0
15.066667  0.404238  0
15.093333  0.404193  0
15.120000  0.404148  0
15.146667  0.404103  0
15.173333  0.404058  0
15.200000  0.404013  0
15.226667  0.403968  0
15.253333  0.403923  0
15.280000  0.403877  0
15.306667  0.403832  0
15.333333  0.403787  0
15.360000  0.403742  0
15.386667  0.403697  0
15.413333  0.403652  0
15.440000  0.403607  0
15.466667  0.403562  0
15.493333  0.403517  0
15.520000  0.403472  0
15.546667  0.403427  0
15.573333  0.403382  0
15.600000  0.403337  0
15.626667  0.403292  0
15.653333  0.403247  0
15.680000  0.403202  0
15.706667  0.403157  0
15.733333  0.403112  0
15.760000  0.403067  0
15.786667  0.403021  0
15.813333  0.402976  0
15.840000  0.402931  0
15.866667  0.402886  0
15.893333  0.402841  0
15.920000  0.402796  0
15.946667  0.402751  0
15.973333  0.402706  0
16.000000  0.402661  0
16.026667  0.402616  0
16.053333  0.402571  0
16.080000  0.402526  0
16.106667  0.402481  0
16.133333  0.402436  0
16.160000  0.402391  0
16.186667  0.402346  0
16.213333  0.402301  0
16.240000  0.402256  0
16.266667  0.402210  0
16.293333  0.402165  0
16.320000  0.402120  0
16.346667  0.402075  0
16.373333  0.402030  0
16.400000  0.401985  0
16.426667  0.401940  0
16.453333  0.401895  0
16.480000  0.401850  0
16.506667  0.401805  0
16.533333  0.401760  0
16.560000  0.401715  0
16.586667  0.401670  0
16.613333  0.401625  0
16.640000  0.401580  0
16.666667  0.401535  0
16.693333  0.401490  0
16.720000  0.401445  0
16.746667  0.401399  0
16.773333  0.401354  0
16.800000  0.401309  0
16.826667  0.401264  0
16.853333  0.401219  0
16.880000  0.401174  0
16.906667  0.401129  0
16.933333  0.401084  0
16.960000  0.401039  0
16.986667  0.400994  0
17.013333  0.400949  0
17.040000  0.400904  0
17.066667  0.400859  0
17.093333  0.400814  0
17.120000  0.400769  0
17.146667  0.400724  0
17.173333  0.400679  0
17.200000  0.400634  0
17.226667  0.400589  0
17.253333  0.400543  0
17.280000  0.400498  0
17.306667  0.400453  0
17.333333  0.400408  0
17.360000  0.400363  0
17.386667  0.400318  0
17.413333  0.400273  0
17.440000  0.400228  0
17.466667  0.400183  0
17.493333  0.400138  0
17.520000  0.400093  0
17.546667  0.400048  0
17.573333  0.400003  0
17.600000  0.399958  0
17.626667  0.399913  0
17.653333  0.399868  0
17.680000  0.399823  0
17.706667  0.399778  0
17.733333  0.399732  0
17.760000  0.399687  0
17.786667  0.399642  0
17.813333  0.399597  0
17.840000  0.399552  0
17.866667  0.399507  0
17.893333  0.399462  0
17.920000  0.399417  0
17.946667  0.399372  0
17.973333  0.399327  0
18.000000  0.399282  0
18.026667  0.399237  0
18.053333  0.399192  0
18.080000  0.399147  0
18.106667  0.399102  0
18.133333  0.399057  0
18.160000  0.399012  0
18.186667  0.398967  0
18.213333  0.398921  0
18.240000  0.398876  0
18.266667  0.398831  0
18.293333  0.398786  0
18.320000  0.398741  0
18.346667  0.398696  0
18.373333  0.398651  0
18.400000  0.398606  0
18.426667  0.398561  0
18.453333  0.398516  0
18.480000  0.398471  0
18.506667  0.398426  0
18.533333  0.398381  0
18.560000  0.398336  0
18.586667  0.398291  0
18.613333  0.398246  0
18.640000  0.398201  0
18.666667  0.398156  0
18.693333  0.398111  0
18.720000  0.398065  0
18.746667  0.398020  0
18.773333  0.397975  0
18.800000  0.397930  0
18.826667  0.397885  0
18.853333  0.397840  0
18.880000  0.397795  0
18.906667  0.397750  0
18.933333  0.397705  0
18.960000  0.397660  0
18.986667  0.397615  0
19.013333  0.397570  0
19.040000  0.397525  0
19.066667  0.397480  0
19.093333  0.397435  0
19.120000  0.397390  0
19.146667  0.397345  0
19.173333  0.397300  0
19.200000  0.397254  0
19.226667  0.397209  0
19.253333  0.397164  0
19.280000  0.397119  0
19.306667  0.397074  0
19.333333  0.397029  0
19.360000  0.396984  0
19.386667  0.396939  0
19.413333  0.396894  0
19.440000  0.396849  0
19.466667  0.396804  0
19.493333  0.396759  0
19.520000  0.396714  0
19.546667  0.396669  0
19.573333  0.396624  0
19.600000  0.396579  0
19.626667  0.396534  0
19.653333  0.396489  0
19.680000  0.396443  0
19.706667  0.396398  0
19.733333  0.396353  0
19.760000  0.396308  0
19.786667  0.396263  0
19.813333  0.396218  0
19.840000  0.396173  0
19.866667  0.396128  0
19.893333  0.396083  0
19.920000  0.396038  0
19.946667  0.395993  0
19.973333  0.395948  0
20.000000  0.395903  0
20.026667  0.395858  0
20.053333  0.395813  0
20.080000  0.395768  0
20.106667  0.395723  0
20.133333  0.395678  0
20.160000  0.395632  0
20.186667  0.395587  0
20.213333  0.395542  0
20.240000  0.395497  0
