3.200000  0.772717  0
3.226667  0.770069  0
3.253333  0.767421  0
3.280000  0.764774  0
3.306667  0.762126  0
3.333333  0.759478  0
3.360000  0.756830  0
3.386667  0.754182  0
3.413333  0.751534  0
3.440000  0.748887  0
3.466667  0.746239  0
3.493333  0.743591  0
3.520000  0.740943  0
3.546667  0.738295  0
3.573333  0.735648  0
3.600000  0.733000  0
3.626667  0.730352  0
3.653333  0.727704  0
3.680000  0.725056  0
3.706667  0.722408  0
3.733333  0.719761  0
3.760000  0.717113  0
3.786667  0.715365  0
3.813333  0.714518  0
3.840000  0.713671  0
3.866667  0.712823  0
3.893333  0.711976  0
3.920000  0.711129  0
3.946667  0.710281  0
3.973333  0.709434  0
4.000000  0.708587  0
4.026667  0.707739  0
4.053333  0.706892  0
4.080000  0.706045  0
4.106667  0.705197  0
4.133333  0.704350  0
4.160000  0.703503  0
4.186667  0.702656  0
4.213333  0.701808  0
4.240000  0.700961  0
4.266667  0.700114  0
4.293333  0.699266  0
4.320000  0.698419  0
4.346667  0.697572  0
4.373333  0.697026  0
4.400000  0.696630  0
4.426667  0.696235  0
4.453333  0.695839  0
4.480000  0.695444  0
4.506667  0.695049  0
4.533333  0.694653  0
4.560000  0.694258  0
4.586667  0.693862  0
4.613333  0.693467  0
4.640000  0.693072  0
4.666667  0.692676  0
4.693333  0.692281  0
4.720000  0.691885  0
4.746667  0.691490  0
4.773333  0.691095  0
4.800000  0.690699  0
4.826667  0.690304  0
4.853333  0.689908  0
4.880000  0.689513  0
4.906667  0.689118  0
4.933333  0.688722  0
4.960000  0.688327  0
4.986667  0.687830  0
5.013333  0.687065  0
5.040000  0.686299  0
5.066667  0.685534  0
5.093333  0.684769  0
5.120000  0.684003  0
5.146667  0.683238  0
5.173333  0.682473  0
5.200000  0.681708  0
5.226667  0.680942  0
5.253333  0.680177  0
5.280000  0.679412  0
5.306667  0.678646  0
5.333333  0.677881  0
5.360000  0.677116  0
5.386667  0.676350  0
5.413333  0.675585  0
5.440000  0.674820  0
5.466667  0.674054  0
5.493333  0.673289  0
5.520000  0.672524  0
5.546667  0.671759  0
5.573333  0.670993  0
5.600000  0.670228  0
5.626667  0.669440  0
5.653333  0.668452  0
5.680000  0.667463  0
5.706667  0.666474  0
5.733333  0.665486  0
5.760000  0.664497  0
5.786667  0.663509  0
5.813333  0.662520  0
5.840000  0.661532  0
5.866667  0.660543  0
5.893333  0.659555  0
5.920000  0.658566  0
5.946667  0.657578  0
5.973333  0.656589  0
6.000000  0.655601  0
6.026667  0.654612  0
6.053333  0.653624  0
6.080000  0.652635  0
6.106667  0.651647  0
6.133333  0.650658  0
6.160000  0.649670  0
6.186667  0.648626  0
6.213333  0.646491  0
6.240000  0.644356  0
6.266667  0.642221  0
6.293333  0.640086  0
6.320000  0.637950  0
6.346667  0.635815  0
6.373333  0.633680  0
6.400000  0.631545  0
6.426667  0.629410  0
6.453333  0.627274  0
6.480000  0.625139  0
6.506667  0.623004  0
6.533333  0.620869  0
6.560000  0.618734  0
6.586667  0.616598  0
6.613333  0.614463  0
6.640000  0.612328  0
6.666667  0.610193  0
6.693333  0.608058  0
6.720000  0.606401  0
6.746667  0.605130  0
6.773333  0.603859  0
6.800000  0.602588  0
6.826667  0.601317  0
6.853333  0.600046  0
6.880000  0.598775  0
6.906667  0.597504  0
6.933333  0.596233  0
6.960000  0.594962  0
6.986667  0.593691  0
7.013333  0.592420  0
7.040000  0.591149  0
7.066667  0.589878  0
7.093333  0.588607  0
7.120000  0.587336  0
7.146667  0.586065  0
7.173333  0.584794  0
7.200000  0.583524  0
7.226667  0.582253  0
7.253333  0.580982  0
7.280000  0.579711  0
7.306667  0.578440  0
7.333333  0.577169  0
7.360000  0.575898  0
7.386667  0.574627  0
7.413333  0.573356  0
7.440000  0.572085  0
7.466667  0.570814  0
7.493333  0.569543  0
7.520000  0.568272  0
7.546667  0.567001  0
7.573333  0.565730  0
7.600000  0.565200  0
7.626667  0.564851  0
7.653333  0.564502  0
7.680000  0.564153  0
7.706667  0.563805  0
7.733333  0.563456  0
7.760000  0.563107  0
7.786667  0.562758  0
7.813333  0.562409  0
7.840000  0.562060  0
7.866667  0.561711  0
7.893333  0.561362  0
7.920000  0.561013  0
7.946667  0.560665  0
7.973333  0.560316  0
8.000000  0.559967  0
8.026667  0.559618  0
8.053333  0.559269  0
8.080000  0.558920  0
8.106667  0.558571  0
8.133333  0.558222  0
8.160000  0.557873  0
8.186667  0.557525  0
8.213333  0.557176  0
8.240000  0.556827  0
8.266667  0.556478  0
8.293333  0.556132  0
8.320000  0.555793  0
8.346667  0.555454  0
8.373333  0.555115  0
8.400000  0.554776  0
8.426667  0.554437  0
8.453333  0.554098  0
8.480000  0.553759  0
8.506667  0.553421  0
8.533333  0.553082  0
8.560000  0.552743  0
8.586667  0.552404  0
8.613333  0.552065  0
8.640000  0.551726  0
8.666667  0.551387  0
8.693333  0.551048  0
8.720000  0.550709  0
8.746667  0.550370  0
8.773333  0.550031  0
8.800000  0.549692  0
8.826667  0.549353  0
8.853333  0.549015  0
8.880000  0.548676  0
8.906667  0.548337  0
8.933333  0.547998  0
8.960000  0.547659  0
8.986667  0.547320  0
9.013333  0.546981  0
9.040000  0.546468  0
9.066667  0.545954  0
9.093333  0.545441  0
9.120000  0.544928  0
9.146667  0.544415  0
9.173333  0.543901  0
9.200000  0.543388  0
9.226667  0.542875  0
9.253333  0.542362  0
9.280000  0.541848  0
9.306667  0.541335  0
9.333333  0.540822  0
9.360000  0.540308  0
9.386667  0.539795  0
9.413333  0.539282  0
9.440000  0.538769  0
9.466667  0.538255  0
9.493333  0.537742  0
9.520000  0.537229  0
9.546667  0.536716  0
9.573333  0.536202  0
9.600000  0.535689  0
9.626667  0.535176  0
9.653333  0.534662  0
9.680000  0.534149  0
9.706667  0.533636  0
9.733333  0.533123  0
9.760000  0.532609  0
9.786667  0.532096  0
9.813333  0.531583  0
9.840000  0.531070  0
9.866667  0.530556  0
9.893333  0.530043  0
9.920000  0.529530  0
9.946667  0.529016  0
9.973333  0.528503  0
10.000000  0.527990  0
10.026667  0.527477  0
10.053333  0.526963  0
10.080000  0.526450  0
10.106667  0.525950  0
10.133333  0.525464  0
10.160000  0.524979  0
10.186667  0.524494  0
10.213333  0.524008  0
10.240000  0.523523  0
10.266667  0.523038  0
10.293333  0.522553  0
10.320000  0.522067  0
10.346667  0.521582  0
10.373333  0.521097  0
10.400000  0.520612  0
10.426667  0.520126  0
10.453333  0.519641  0
10.480000  0.519156  0
10.506667  0.518670  0
10.533333  0.518185  0
10.560000  0.517700  0
10.586667  0.517215  0
10.613333  0.516729  0
10.640000  0.516244  0
10.666667  0.515759  0
10.693333  0.515273  0
10.720000  0.514788  0
10.746667  0.514303  0
10.773333  0.513818  0
10.800000  0.513332  0
10.826667  0.512847  0
10.853333  0.512362  0
10.880000  0.511877  0
10.906667  0.511391  0
10.933333  0.510906  0
10.960000  0.510421  0
10.986667  0.509935  0
11.013333  0.509450  0
11.040000  0.508965  0
11.066667  0.508480  0
11.093333  0.507994  0
11.120000  0.507509  0
11.146667  0.507024  0
11.173333  0.506539  0
11.200000  0.506053  0
11.226667  0.505568  0
11.253333  0.505327  0
11.280000  0.505274  0
11.306667  0.505221  0
11.333333  0.505168  0
11.360000  0.505115  0
11.386667  0.505062  0
11.413333  0.505009  0
11.440000  0.504957  0
11.466667  0.504904  0
11.493333  0.504851  0
11.520000  0.504798  0
11.546667  0.504745  0
11.573333  0.504692  0
11.600000  0.504639  0
11.626667  0.504586  0
11.653333  0.504533  0
11.680000  0.504480  0
11.706667  0.504427  0
11.733333  0.504374  0
11.760000  0.504321  0
11.786667  0.504268  0
11.813333  0.504215  0
11.840000  0.504162  0
11.866667  0.504109  0
11.893333  0.504056  0
11.920000  0.504003  0
11.946667  0.503950  0
11.973333  0.503897  0
12.000000  0.503844  0
12.026667  0.503791  0
12.053333  0.503739  0
12.080000  0.503686  0
12.106667  0.503633  0
12.133333  0.503580  0
12.160000  0.503527  0
12.186667  0.503474  0
12.213333  0.503421  0
12.240000  0.503368  0
12.266667  0.503315  0
12.293333  0.503262  0
12.320000  0.503209  0
12.346667  0.503156  0
12.373333  0.503103  0
12.400000  0.503050  0
12.426667  0.502963  0
12.453333  0.502873  0
12.480000  0.502782  0
12.506667  0.502692  0
12.533333  0.502601  0
12.560000  0.502511  0
12.586667  0.502420  0
12.613333  0.502329  0
12.640000  0.502239  0
12.666667  0.502148  0
12.693333  0.502058  0
12.720000  0.501967  0
12.746667  0.501877  0
12.773333  0.501786  0
12.800000  0.501696  0
12.826667  0.501605  0
12.853333  0.501514  0
12.880000  0.501424  0
12.906667  0.501333  0
12.933333  0.501243  0
12.960000  0.501152  0
12.986667  0.501062  0
13.013333  0.500971  0
13.040000  0.500881  0
13.066667  0.500790  0
13.093333  0.500700  0
13.120000  0.500609  0
13.146667  0.500518  0
13.173333  0.500428  0
13.200000  0.500337  0
13.226667  0.500247  0
13.253333  0.500156  0
13.280000  0.500066  0
13.306667  0.499975  0
13.333333  0.499885  0
13.360000  0.499794  0
13.386667  0.499703  0
13.413333  0.499613  0
13.440000  0.499522  0
13.466667  0.499432  0
13.493333  0.499341  0
13.520000  0.499251  0
13.546667  0.499160  0
13.573333  0.499070  0
13.600000  0.498979  0
13.626667  0.498888  0
13.653333  0.498798  0
13.680000  0.498707  0
13.706667  0.498617  0
13.733333  0.498526  0
13.760000  0.498436  0
13.786667  0.498345  0
13.813333  0.498255  0
13.840000  0.498164  0
13.866667  0.498074  0
13.893333  0.497983  0
13.920000  0.497892  0
13.946667  0.497802  0
13.973333  0.497711  0
14.000000  0.497621  0
14.026667  0.497530  0
14.053333  0.497440  0
14.080000  0.497349  0
14.106667  0.497259  0
14.133333  0.497168  0
14.160000  0.497077  0
14.186667  0.496987  0
14.213333  0.496896  0
14.240000  0.496806  0
14.266667  0.496715  0
14.293333  0.496625  0
14.320000  0.496534  0
14.346667  0.496444  0
14.373333  0.496353  0
14.400000  0.496262  0
14.426667  0.496172  0
14.453333  0.496081  0
14.480000  0.495991  0
14.506667  0.495900  0
14.533333  0.495810  0
14.560000  0.495719  0
14.586667  0.495629  0
14.613333  0.495538  0
14.640000  0.495448  0
14.666667  0.495357  0
14.693333  0.495266  0
14.720000  0.495176  0
14.746667  0.495085  0
14.773333  0.494995  0
14.800000  0.494904  0
14.826667  0.494814  0
14.853333  0.494723  0
14.880000  0.494633  0
14.906667  0.494542  0
14.933333  0.494451  0
14.960000  0.494361  0
14.986667  0.494270  0
15.013333  0.494180  0
15.040000  0.494089  0
15.066667  0.493999  0
15.093333  0.493908  0
15.120000  0.493818  0
15.146667  0.493592  0
15.173333  0.493321  0
15.200000  0.493050  0
15.226667  0.492779  0
15.253333  0.492507  0
15.280000  0.492236  0
15.306667  0.491965  0
15.333333  0.491694  0
15.360000  0.491423  0
15.386667  0.491152  0
15.413333  0.490881  0
15.440000  0.490610  0
15.466667  0.490339  0
15.493333  0.490068  0
15.520000  0.489797  0
15.546667  0.489526  0
15.573333  0.489255  0
15.600000  0.488984  0
15.626667  0.488713  0
15.653333  0.488442  0
15.680000  0.488171  0
15.706667  0.487900  0
15.733333  0.487629  0
15.760000  0.487358  0
15.786667  0.487087  0
15.813333  0.486816  0
15.840000  0.486544  0
15.866667  0.486273  0
15.893333  0.486002  0
15.920000  0.485731  0
15.946667  0.485460  0
15.973333  0.485189  0
16.000000  0.484918  0
16.026667  0.484647  0
16.053333  0.484376  0
16.080000  0.484105  0
16.106667  0.483834  0
16.133333  0.483563  0
16.160000  0.483292  0
16.186667  0.483021  0
16.213333  0.482750  0
16.240000  0.482479  0
16.266667  0.482208  0
16.293333  0.481937  0
16.320000  0.481666  0
16.346667  0.481395  0
16.373333  0.481124  0
16.400000  0.480852  0
16.426667  0.480581  0
16.453333  0.480310  0
16.480000  0.480039  0
16.506667  0.479768  0
16.533333  0.479497  0
16.560000  0.479226  0
16.586667  0.478955  0
16.613333  0.478684  0
16.640000  0.478413  0
16.666667  0.478142  0
16.693333  0.477871  0
16.720000  0.477600  0
16.746667  0.477329  0
16.773333  0.477058  0
16.800000  0.476787  0
16.826667  0.476516  0
16.853333  0.476245  0
16.880000  0.475974  0
16.906667  0.475703  0
16.933333  0.475432  0
16.960000  0.475161  0
16.986667  0.474889  0
17.013333  0.474618  0
17.040000  0.474347  0
17.066667  0.474076  0
17.093333  0.473805  0
17.120000  0.473534  0
17.146667  0.473263  0
17.173333  0.472992  0
17.200000  0.472721  0
17.226667  0.472450  0
17.253333  0.472179  0
17.280000  0.471908  0
17.306667  0.471637  0
17.333333  0.471366  0
17.360000  0.471095  0
17.386667  0.470824  0
17.413333  0.470553  0
17.440000  0.470282  0
17.466667  0.470011  0
17.493333  0.469740  0
17.520000  0.469469  0
17.546667  0.469198  0
17.573333  0.468926  0
17.600000  0.468655  0
17.626667  0.468384  0
17.653333  0.468113  0
17.680000  0.467842  0
17.706667  0.467571  0
17.733333  0.467300  0
17.760000  0.467029  0
17.786667  0.466758  0
17.813333  0.466487  0
17.840000  0.466216  0
17.866667  0.465945  0
17.893333  0.465674  0
17.920000  0.465403  0
17.946667  0.465132  0
17.973333  0.464861  0
18.000000  0.464590  0
18.026667  0.464319  0
18.053333  0.464048  0
18.080000  0.463777  0
18.106667  0.463506  0
18.133333  0.463234  0
18.160000  0.462963  0
18.186667  0.462692  0
18.213333  0.462421  0
18.240000  0.462150  0
18.266667  0.461879  0
18.293333  0.461608  0
18.320000  0.461337  0
18.346667  0.461066  0
18.373333  0.460795  0
18.400000  0.460524  0
18.426667  0.460253  0
18.453333  0.459982  0
18.480000  0.459711  0
18.506667  0.459440  0
18.533333  0.459169  0
18.560000  0.458898  0
18.586667  0.458627  0
18.613333  0.458356  0
18.640000  0.458085  0
18.666667  0.457814  0
18.693333  0.457543  0
18.720000  0.457271  0
18.746667  0.457000  0
18.773333  0.456729  0
18.800000  0.456458  0
18.826667  0.456187  0
18.853333  0.455916  0
18.880000  0.455645  0
18.906667  0.455374  0
18.933333  0.455103  0
18.960000  0.454832  0
18.986667  0.454561  0
