2.533333  0.728453  0
2.560000  0.727145  0
2.586667  0.725757  0
2.613333  0.724361  0
2.640000  0.722966  0
2.666667  0.721571  0
2.693333  0.720175  0
2.720000  0.718780  0
2.746667  0.717384  0
2.773333  0.715989  0
2.800000  0.714594  0
2.826667  0.713198  0
2.853333  0.711803  0
2.880000  0.710407  0
2.906667  0.709012  0
2.933333  0.707617  0
2.960000  0.706221  0
2.986667  0.704826  0
3.013333  0.703430  0
3.040000  0.702035  0
3.066667  0.700640  0
3.093333  0.699244  0
3.120000  0.697849  0
3.146667  0.696453  0
3.173333  0.695058  0
3.200000  0.694152  0
3.226667  0.693247  0
3.253333  0.692341  0
3.280000  0.691435  0
3.306667  0.690530  0
3.333333  0.689624  0
3.360000  0.688718  0
3.386667  0.687812  0
3.413333  0.686907  0
3.440000  0.686001  0
3.466667  0.685095  0
3.493333  0.684190  0
3.520000  0.683284  0
3.546667  0.682378  0
3.573333  0.681473  0
3.600000  0.680567  0
3.626667  0.679661  0
3.653333  0.678755  0
3.680000  0.677850  0
3.706667  0.676944  0
3.733333  0.676038  0
3.760000  0.675133  0
3.786667  0.674227  0
3.813333  0.673321  0
3.840000  0.672416  0
3.866667  0.671510  0
3.893333  0.670604  0
3.920000  0.669699  0
3.946667  0.668793  0
3.973333  0.667887  0
4.000000  0.666981  0
4.026667  0.666076  0
4.053333  0.665170  0
4.080000  0.664264  0
4.106667  0.663359  0
4.133333  0.662453  0
4.160000  0.661547  0
4.186667  0.660642  0
4.213333  0.659736  0
4.240000  0.658830  0
4.266667  0.657925  0
4.293333  0.657019  0
4.320000  0.656113  0
4.346667  0.655207  0
4.373333  0.654302  0
4.400000  0.653396  0
4.426667  0.652490  0
4.453333  0.651585  0
4.480000  0.650679  0
4.506667  0.649773  0
4.533333  0.648868  0
4.560000  0.647962  0
4.586667  0.647056  0
4.613333  0.646150  0
4.640000  0.645245  0
4.666667  0.644339  0
4.693333  0.643433  0
4.720000  0.642528  0
4.746667  0.641622  0
4.773333  0.640716  0
4.800000  0.639811  0
4.826667  0.638905  0
4.853333  0.637999  0
4.880000  0.637094  0
4.906667  0.636188  0
4.933333  0.635282  0
4.960000  0.634376  0
4.986667  0.633471  0
5.013333  0.632565  0
5.040000  0.631659  0
5.066667  0.630754  0
5.093333  0.629848  0
5.120000  0.628942  0
5.146667  0.628037  0
5.173333  0.627131  0
5.200000  0.626225  0
5.226667  0.625320  0
5.253333  0.624414  0
5.280000  0.623508  0
5.306667  0.622602  0
5.333333  0.621697  0
5.360000  0.620791  0
5.386667  0.619885  0
5.413333  0.618980  0
5.440000  0.618074  0
5.466667  0.617168  0
5.493333  0.616263  0
5.520000  0.615357  0
5.546667  0.614451  0
5.573333  0.613545  0
5.600000  0.612640  0
5.626667  0.611734  0
5.653333  0.610828  0
5.680000  0.609923  0
5.706667  0.609017  0
5.733333  0.608111  0
5.760000  0.607206  0
5.786667  0.606300  0
5.813333  0.605394  0
5.840000  0.604489  0
5.866667  0.603583  0
5.893333  0.602677  0
5.920000  0.601771  0
5.946667  0.600866  0
5.973333  0.599960  0
6.000000  0.599054  0
6.026667  0.598149  0
6.053333  0.597243  0
6.080000  0.596337  0
6.106667  0.595432  0
6.133333  0.594526  0
6.160000  0.593620  0
6.186667  0.592715  0
6.213333  0.591809  0
6.240000  0.590903  0
6.266667  0.589997  0
6.293333  0.589092  0
6.320000  0.588186  0
6.346667  0.587280  0
6.373333  0.586375  0
6.400000  0.585469  0
6.426667  0.584563  0
6.453333  0.583658  0
6.480000  0.582752  0
6.506667  0.581846  0
6.533333  0.580940  0
6.560000  0.580035  0
6.586667  0.579129  0
6.613333  0.578223  0
6.640000  0.577318  0
6.666667  0.576412  0
6.693333  0.575506  0
6.720000  0.574601  0
6.746667  0.573695  0
6.773333  0.572789  0
6.800000  0.571884  0
6.826667  0.570978  0
6.853333  0.570072  0
6.880000  0.569166  0
6.906667  0.568261  0
6.933333  0.567355  0
6.960000  0.566449  0
6.986667  0.565544  0
7.013333  0.564638  0
7.040000  0.563911  0
7.066667  0.563183  0
7.093333  0.562456  0
7.120000  0.561728  0
7.146667  0.561001  0
7.173333  0.560273  0
7.200000  0.559542  0
7.226667  0.558788  0
7.253333  0.557969  0
7.280000  0.557060  0
7.306667  0.556101  0
7.333333  0.555132  0
7.360000  0.554162  0
7.386667  0.553193  0
7.413333  0.552223  0
7.440000  0.551253  0
7.466667  0.550283  0
7.493333  0.549314  0
7.520000  0.548352  0
7.546667  0.547428  0
7.573333  0.546574  0
7.600000  0.545778  0
7.626667  0.545004  0
7.653333  0.544234  0
7.680000  0.543463  0
7.706667  0.542693  0
7.733333  0.541923  0
7.760000  0.541153  0
7.786667  0.540382  0
7.813333  0.539612  0
7.840000  0.538842  0
7.866667  0.538072  0
7.893333  0.537302  0
7.920000  0.536531  0
7.946667  0.535761  0
7.973333  0.534991  0
8.000000  0.534221  0
8.026667  0.533450  0
8.053333  0.532680  0
8.080000  0.531910  0
8.106667  0.531140  0
8.133333  0.530370  0
8.160000  0.529599  0
8.186667  0.528828  0
8.213333  0.528047  0
8.240000  0.527217  0
8.266667  0.526291  0
8.293333  0.525284  0
8.320000  0.524243  0
8.346667  0.523196  0
8.373333  0.522148  0
8.400000  0.521101  0
8.426667  0.520053  0
8.453333  0.519006  0
8.480000  0.517958  0
8.506667  0.516911  0
8.533333  0.515863  0
8.560000  0.514816  0
8.586667  0.513768  0
8.613333  0.512721  0
8.640000  0.511673  0
8.666667  0.510626  0
8.693333  0.509579  0
8.720000  0.508549  0
8.746667  0.507602  0
8.773333  0.506833  0
8.800000  0.506246  0
8.826667  0.505743  0
8.853333  0.505257  0
8.880000  0.504772  0
8.906667  0.504287  0
8.933333  0.503802  0
8.960000  0.503317  0
8.986667  0.502832  0
9.013333  0.502347  0
9.040000  0.501862  0
9.066667  0.501377  0
9.093333  0.500892  0
9.120000  0.500407  0
9.146667  0.499922  0
9.173333  0.499438  0
9.200000  0.498956  0
9.226667  0.498497  0
9.253333  0.498120  0
9.280000  0.497864  0
9.306667  0.497679  0
9.333333  0.497510  0
9.360000  0.497342  0
9.386667  0.497174  0
9.413333  0.497007  0
9.440000  0.496839  0
9.466667  0.496671  0
9.493333  0.496503  0
9.520000  0.496335  0
9.546667  0.496167  0
9.573333  0.495999  0
9.600000  0.495831  0
9.626667  0.495664  0
9.653333  0.495496  0
9.680000  0.495328  0
9.706667  0.495160  0
9.733333  0.494992  0
9.760000  0.494824  0
9.786667  0.494656  0
9.813333  0.494488  0
9.840000  0.494321  0
9.866667  0.494153  0
9.893333  0.493985  0
9.920000  0.493817  0
9.946667  0.493649  0
9.973333  0.493481  0
10.000000  0.493313  0
10.026667  0.493146  0
10.053333  0.492978  0
10.080000  0.492810  0
10.106667  0.492642  0
10.133333  0.492474  0
10.160000  0.492306  0
10.186667  0.492138  0
10.213333  0.491970  0
10.240000  0.491802  0
10.266667  0.491629  0
10.293333  0.491429  0
10.320000  0.491152  0
10.346667  0.490776  0
10.373333  0.490347  0
10.400000  0.489906  0
10.426667  0.489465  0
10.453333  0.489023  0
10.480000  0.488581  0
10.506667  0.488140  0
10.533333  0.487698  0
10.560000  0.487256  0
10.586667  0.486815  0
10.613333  0.486373  0
10.640000  0.485931  0
10.666667  0.485490  0
10.693333  0.485048  0
10.720000  0.484606  0
10.746667  0.484165  0
10.773333  0.483723  0
10.800000  0.483282  0
10.826667  0.482840  0
10.853333  0.482398  0
10.880000  0.481957  0
10.906667  0.481515  0
10.933333  0.481073  0
10.960000  0.480632  0
10.986667  0.480190  0
11.013333  0.479748  0
11.040000  0.479307  0
11.066667  0.478865  0
11.093333  0.478423  0
11.120000  0.477982  0
11.146667  0.477540  0
11.173333  0.477098  0
11.200000  0.476657  0
11.226667  0.476215  0
11.253333  0.475773  0
11.280000  0.475332  0
11.306667  0.474890  0
11.333333  0.474448  0
11.360000  0.474007  0
11.386667  0.473565  0
11.413333  0.473123  0
11.440000  0.472682  0
11.466667  0.472240  0
11.493333  0.471798  0
11.520000  0.471357  0
11.546667  0.470915  0
11.573333  0.470473  0
11.600000  0.470032  0
11.626667  0.469590  0
11.653333  0.469149  0
11.680000  0.468707  0
11.706667  0.468265  0
11.733333  0.467824  0
11.760000  0.467382  0
11.786667  0.466940  0
11.813333  0.466499  0
11.840000  0.466057  0
11.866667  0.465615  0
11.893333  0.465174  0
11.920000  0.464732  0
11.946667  0.464290  0
11.973333  0.463849  0
12.000000  0.463407  0
12.026667  0.462965  0
12.053333  0.462524  0
12.080000  0.462082  0
12.106667  0.461640  0
12.133333  0.461199  0
12.160000  0.460757  0
12.186667  0.460315  0
12.213333  0.459874  0
12.240000  0.459432  0
12.266667  0.458990  0
12.293333  0.458549  0
12.320000  0.458107  0
12.346667  0.457665  0
12.373333  0.457224  0
12.400000  0.456782  0
12.426667  0.456340  0
12.453333  0.455899  0
12.480000  0.455457  0
12.506667  0.455016  0
12.533333  0.454574  0
12.560000  0.454138  0
12.586667  0.453730  0
12.613333  0.453388  0
12.640000  0.453116  0
12.666667  0.452880  0
12.693333  0.452650  0
12.720000  0.452422  0
12.746667  0.452193  0
12.773333  0.451964  0
12.800000  0.451735  0
12.826667  0.451506  0
12.853333  0.451277  0
12.880000  0.451048  0
12.906667  0.450820  0
12.933333  0.450591  0
12.960000  0.450362  0
12.986667  0.450133  0
13.013333  0.449904  0
13.040000  0.449675  0
13.066667  0.449446  0
13.093333  0.449218  0
13.120000  0.448989  0
13.146667  0.448760  0
13.173333  0.448531  0
13.200000  0.448302  0
13.226667  0.448073  0
13.253333  0.447844  0
13.280000  0.447616  0
13.306667  0.447387  0
13.333333  0.447158  0
13.360000  0.446929  0
13.386667  0.446700  0
13.413333  0.446471  0
13.440000  0.446242  0
13.466667  0.446014  0
13.493333  0.445785  0
13.520000  0.445556  0
13.546667  0.445327  0
13.573333  0.445098  0
13.600000  0.444869  0
13.626667  0.444640  0
13.653333  0.444412  0
13.680000  0.444183  0
13.706667  0.443954  0
13.733333  0.443725  0
13.760000  0.443496  0
13.786667  0.443267  0
13.813333  0.443038  0
13.840000  0.442810  0
13.866667  0.442581  0
13.893333  0.442352  0
13.920000  0.442123  0
13.946667  0.441894  0
13.973333  0.441665  0
14.000000  0.441436  0
14.026667  0.441208  0
14.053333  0.440979  0
14.080000  0.440750  0
14.106667  0.440521  0
14.133333  0.440292  0
14.160000  0.440063  0
14.186667  0.439834  0
14.213333  0.439606  0
14.240000  0.439377  0
14.266667  0.439148  0
14.293333  0.438919  0
14.320000  0.438690  0
14.346667  0.438461  0
14.373333  0.438232  0
14.400000  0.438004  0
14.426667  0.437775  0
14.453333  0.437546  0
14.480000  0.437317  0
14.506667  0.437088  0
14.533333  0.436859  0
14.560000  0.436630  0
14.586667  0.436402  0
14.613333  0.436173  0
14.640000  0.435944  0
14.666667  0.435715  0
14.693333  0.435486  0
14.720000  0.435257  0
14.746667  0.435028  0
14.773333  0.434800  0
14.800000  0.434571  0
14.826667  0.434342  0
14.853333  0.434113  0
14.880000  0.433884  0
14.906667  0.433655  0
14.933333  0.433427  0
14.960000  0.433198  0
14.986667  0.432969  0
15.013333  0.432740  0
15.040000  0.432511  0
15.066667  0.432282  0
15.093333  0.432053  0
15.120000  0.431825  0
15.146667  0.431596  0
15.173333  0.431367  0
15.200000  0.431138  0
15.226667  0.430909  0
15.253333  0.430680  0
15.280000  0.430451  0
15.306667  0.430223  0
15.333333  0.429994  0
15.360000  0.429765  0
15.386667  0.429536  0
15.413333  0.429307  0
15.440000  0.429078  0
15.466667  0.428849  0
15.493333  0.428621  0
15.520000  0.428392  0
15.546667  0.428163  0
15.573333  0.427934  0
15.600000  0.427705  0
15.626667  0.427476  0
15.653333  0.427247  0
15.680000  0.427019  0
15.706667  0.426790  0
15.733333  0.426561  0
15.760000  0.426332  0
15.786667  0.426103  0
15.813333  0.425874  0
15.840000  0.425645  0
15.866667  0.425417  0
15.893333  0.425188  0
15.920000  0.424959  0
15.946667  0.424730  0
15.973333  0.424501  0
16.000000  0.424272  0
16.026667  0.424043  0
16.053333  0.423815  0
16.080000  0.423586  0
16.106667  0.423357  0
16.133333  0.423128  0
16.160000  0.422899  0
16.186667  0.422670  0
16.213333  0.422440  0
16.240000  0.422203  0
16.266667  0.421957  0
16.293333  0.421704  0
16.320000  0.421451  0
16.346667  0.421196  0
16.373333  0.420942  0
16.400000  0.420688  0
16.426667  0.420434  0
16.453333  0.420180  0
16.480000  0.419926  0
16.506667  0.419672  0
16.533333  0.419418  0
16.560000  0.419164  0
16.586667  0.418910  0
16.613333  0.418656  0
16.640000  0.418402  0
16.666667  0.418148  0
16.693333  0.417894  0
16.720000  0.417640  0
16.746667  0.417386  0
16.773333  0.417132  0
16.800000  0.416878  0
16.826667  0.416624  0
16.853333  0.416370  0
16.880000  0.416116  0
16.906667  0.415862  0
16.933333  0.415608  0
16.960000  0.415354  0
16.986667  0.415100  0
17.013333  0.414846  0
17.040000  0.414592  0
17.066667  0.414338  0
17.093333  0.414084  0
17.120000  0.413830  0
17.146667  0.413576  0
17.173333  0.413322  0
17.200000  0.413068  0
17.226667  0.412814  0
17.253333  0.412560  0
17.280000  0.412306  0
17.306667  0.412052  0
17.333333  0.411798  0
17.360000  0.411544  0
17.386667  0.411290  0
17.413333  0.411036  0
17.440000  0.410781  0
17.466667  0.410527  0
17.493333  0.410273  0
17.520000  0.410019  0
17.546667  0.409765  0
17.573333  0.409511  0
17.600000  0.409257  0
17.626667  0.409003  0
17.653333  0.408749  0
17.680000  0.408495  0
17.706667  0.408241  0
17.733333  0.407987  0
17.760000  0.407733  0
17.786667  0.407479  0
17.813333  0.407225  0
17.840000  0.406971  0
17.866667  0.406717  0
17.893333  0.406463  0
17.920000  0.406209  0
17.946667  0.405955  0
17.973333  0.405701  0
18.000000  0.405447  0
18.026667  0.405193  0
18.053333  0.404939  0
18.080000  0.404685  0
18.106667  0.404431  0
18.133333  0.404177  0
18.160000  0.403923  0
18.186667  0.403669  0
18.213333  0.403415  0
18.240000  0.403161  0
18.266667  0.402907  0
18.293333  0.402653  0
18.320000  0.402399  0
18.346667  0.402145  0
18.373333  0.401891  0
18.400000  0.401637  0
18.426667  0.401383  0
18.453333  0.401129  0
18.480000  0.400875  0
18.506667  0.400621  0
18.533333  0.400366  0
18.560000  0.400112  0
18.586667  0.399858  0
18.613333  0.399604  0
18.640000  0.399350  0
18.666667  0.399096  0
18.693333  0.398842  0
18.720000  0.398588  0
18.746667  0.398336  0
18.773333  0.398098  0
18.800000  0.397935  0
