3.306667  0.733356  0
3.333333  0.731211  0
3.360000  0.729065  0
3.386667  0.726920  0
3.413333  0.724775  0
3.440000  0.722630  0
3.466667  0.720484  0
3.493333  0.718339  0
3.520000  0.716194  0
3.546667  0.714048  0
3.573333  0.711903  0
3.600000  0.709758  0
3.626667  0.707612  0
3.653333  0.705467  0
3.680000  0.703322  0
3.706667  0.701177  0
3.733333  0.699031  0
3.760000  0.696886  0
3.786667  0.694741  0
3.813333  0.692595  0
3.840000  0.690450  0
3.866667  0.688305  0
3.893333  0.686159  0
3.920000  0.684014  0
3.946667  0.681869  0
3.973333  0.679724  0
4.000000  0.677578  0
4.026667  0.675433  0
4.053333  0.673288  0
4.080000  0.671142  0
4.106667  0.668997  0
4.133333  0.666852  0
4.160000  0.664706  0
4.186667  0.662561  0
4.213333  0.660416  0
4.240000  0.658270  0
4.266667  0.656125  0
4.293333  0.653688  0
4.320000  0.651172  0
4.346667  0.648656  0
4.373333  0.646140  0
4.400000  0.643623  0
4.426667  0.641107  0
4.453333  0.638591  0
4.480000  0.636075  0
4.506667  0.633559  0
4.533333  0.631042  0
4.560000  0.628526  0
4.586667  0.626010  0
4.613333  0.623494  0
4.640000  0.620977  0
4.666667  0.618461  0
4.693333  0.615945  0
4.720000  0.613429  0
4.746667  0.610912  0
4.773333  0.608396  0
4.800000  0.605880  0
4.826667  0.603364  0
4.853333  0.600847  0
4.880000  0.598331  0
4.906667  0.595815  0
4.933333  0.593299  0
4.960000  0.590830  0
4.986667  0.589206  0
5.013333  0.587582  0
5.040000  0.585958  0
5.066667  0.584334  0
5.093333  0.582710  0
5.120000  0.581086  0
5.146667  0.579462  0
5.173333  0.577838  0
5.200000  0.576214  0
5.226667  0.574590  0
5.253333  0.572966  0
5.280000  0.571342  0
5.306667  0.569718  0
5.333333  0.568094  0
5.360000  0.566470  0
5.386667  0.564846  0
5.413333  0.563222  0
5.440000  0.561598  0
5.466667  0.559974  0
5.493333  0.558350  0
5.520000  0.556726  0
5.546667  0.555102  0
5.573333  0.553478  0
5.600000  0.551854  0
5.626667  0.550230  0
5.653333  0.548606  0
5.680000  0.546982  0
5.706667  0.545358  0
5.733333  0.543734  0
5.760000  0.542110  0
5.786667  0.540486  0
5.813333  0.538862  0
5.840000  0.537536  0
5.866667  0.536893  0
5.893333  0.536250  0
5.920000  0.535607  0
5.946667  0.534963  0
5.973333  0.534320  0
6.000000  0.533677  0
6.026667  0.533034  0
6.053333  0.532391  0
6.080000  0.531748  0
6.106667  0.531105  0
6.133333  0.530462  0
6.160000  0.529818  0
6.186667  0.529175  0
6.213333  0.528532  0
6.240000  0.527889  0
6.266667  0.527246  0
6.293333  0.526603  0
6.320000  0.525960  0
6.346667  0.525316  0
6.373333  0.524673  0
6.400000  0.524030  0
6.426667  0.523387  0
6.453333  0.522744  0
6.480000  0.522101  0
6.506667  0.521458  0
6.533333  0.520814  0
6.560000  0.520171  0
6.586667  0.519528  0
6.613333  0.518885  0
6.640000  0.518242  0
6.666667  0.517599  0
6.693333  0.516956  0
6.720000  0.516313  0
6.746667  0.515669  0
6.773333  0.515026  0
6.800000  0.514383  0
6.826667  0.513740  0
6.853333  0.513097  0
6.880000  0.512454  0
6.906667  0.511811  0
6.933333  0.511167  0
6.960000  0.510524  0
6.986667  0.509881  0
7.013333  0.509238  0
7.040000  0.508595  0
7.066667  0.507952  0
7.093333  0.507309  0
7.120000  0.506666  0
7.146667  0.506022  0
7.173333  0.505379  0
7.200000  0.504736  0
7.226667  0.504093  0
7.253333  0.503450  0
7.280000  0.502807  0
7.306667  0.502164  0
7.333333  0.501520  0
7.360000  0.500877  0
7.386667  0.500234  0
7.413333  0.499591  0
7.440000  0.498948  0
7.466667  0.498305  0
7.493333  0.497662  0
7.520000  0.497019  0
7.546667  0.496375  0
7.573333  0.495951  0
7.600000  0.495684  0
7.626667  0.495417  0
7.653333  0.495150  0
7.680000  0.494882  0
7.706667  0.494615  0
7.733333  0.494348  0
7.760000  0.494081  0
7.786667  0.493813  0
7.813333  0.493546  0
7.840000  0.493279  0
7.866667  0.493011  0
7.893333  0.492744  0
7.920000  0.492477  0
7.946667  0.492210  0
7.973333  0.491942  0
8.000000  0.491675  0
8.026667  0.491408  0
8.053333  0.491140  0
8.080000  0.490873  0
8.106667  0.490606  0
8.133333  0.490339  0
8.160000  0.490071  0
8.186667  0.489804  0
8.213333  0.489537  0
8.240000  0.489269  0
8.266667  0.489002  0
8.293333  0.488735  0
8.320000  0.488468  0
8.346667  0.488200  0
8.373333  0.487933  0
8.400000  0.487666  0
8.426667  0.487398  0
8.453333  0.487131  0
8.480000  0.486864  0
8.506667  0.486597  0
8.533333  0.486329  0
8.560000  0.486062  0
8.586667  0.485795  0
8.613333  0.485527  0
8.640000  0.485260  0
8.666667  0.484993  0
8.693333  0.484726  0
8.720000  0.484458  0
8.746667  0.484191  0
8.773333  0.483924  0
8.800000  0.483656  0
8.826667  0.483389  0
8.853333  0.483122  0
8.880000  0.482855  0
8.906667  0.482587  0
8.933333  0.482320  0
8.960000  0.482053  0
8.986667  0.481785  0
9.013333  0.481518  0
9.040000  0.481251  0
9.066667  0.480984  0
9.093333  0.480716  0
9.120000  0.480449  0
9.146667  0.480182  0
9.173333  0.479915  0
9.200000  0.479647  0
9.226667  0.479380  0
9.253333  0.479113  0
9.280000  0.478845  0
9.306667  0.478578  0
9.333333  0.478311  0
9.360000  0.478044  0
9.386667  0.477776  0
9.413333  0.477509  0
9.440000  0.477242  0
9.466667  0.476974  0
9.493333  0.476707  0
9.520000  0.476440  0
9.546667  0.476173  0
9.573333  0.475905  0
9.600000  0.475638  0
9.626667  0.475371  0
9.653333  0.475103  0
9.680000  0.474836  0
9.706667  0.474569  0
9.733333  0.474302  0
9.760000  0.474034  0
9.786667  0.473767  0
9.813333  0.473500  0
9.840000  0.473232  0
9.866667  0.472965  0
9.893333  0.472698  0
9.920000  0.472431  0
9.946667  0.472163  0
9.973333  0.471896  0
10.000000  0.471629  0
10.026667  0.471361  0
10.053333  0.471094  0
10.080000  0.470827  0
10.106667  0.470560  0
10.133333  0.470292  0
10.160000  0.470025  0
10.186667  0.469758  0
10.213333  0.469490  0
10.240000  0.469223  0
10.266667  0.468956  0
10.293333  0.468689  0
10.320000  0.468421  0
10.346667  0.468154  0
10.373333  0.467887  0
10.400000  0.467620  0
10.426667  0.467352  0
10.453333  0.467085  0
10.480000  0.466818  0
10.506667  0.466550  0
10.533333  0.466283  0
10.560000  0.466016  0
10.586667  0.465749  0
10.613333  0.465481  0
10.640000  0.465214  0
10.666667  0.464947  0
10.693333  0.464679  0
10.720000  0.464412  0
10.746667  0.464145  0
10.773333  0.463878  0
10.800000  0.463610  0
10.826667  0.463343  0
10.853333  0.463076  0
10.880000  0.462808  0
10.906667  0.462541  0
10.933333  0.462274  0
10.960000  0.462007  0
10.986667  0.461739  0
11.013333  0.461472  0
11.040000  0.461205  0
11.066667  0.460937  0
11.093333  0.460670  0
11.120000  0.460403  0
11.146667  0.460136  0
11.173333  0.459868  0
11.200000  0.459601  0
11.226667  0.459334  0
11.253333  0.459066  0
11.280000  0.458799  0
11.306667  0.458532  0
11.333333  0.458265  0
11.360000  0.457997  0
11.386667  0.457730  0
11.413333  0.457463  0
11.440000  0.457195  0
11.466667  0.456928  0
11.493333  0.456661  0
11.520000  0.456394  0
11.546667  0.456126  0
11.573333  0.455859  0
11.600000  0.455592  0
11.626667  0.455324  0
11.653333  0.455057  0
11.680000  0.454790  0
11.706667  0.454523  0
11.733333  0.454255  0
11.760000  0.453988  0
11.786667  0.453721  0
11.813333  0.453454  0
11.840000  0.453186  0
11.866667  0.452919  0
11.893333  0.452652  0
11.920000  0.452384  0
11.946667  0.452117  0
11.973333  0.451850  0
12.000000  0.451583  0
12.026667  0.451315  0
12.053333  0.451048  0
12.080000  0.450781  0
12.106667  0.450513  0
12.133333  0.450246  0
12.160000  0.449979  0
12.186667  0.449712  0
12.213333  0.449444  0
12.240000  0.449177  0
12.266667  0.448910  0
12.293333  0.448642  0
12.320000  0.448375  0
12.346667  0.448108  0
12.373333  0.447841  0
12.400000  0.447573  0
12.426667  0.447446  0
12.453333  0.447333  0
12.480000  0.447221  0
12.506667  0.447109  0
12.533333  0.446997  0
12.560000  0.446885  0
12.586667  0.446773  0
12.613333  0.446661  0
12.640000  0.446549  0
12.666667  0.446437  0
12.693333  0.446325  0
12.720000  0.446213  0
12.746667  0.446101  0
12.773333  0.445989  0
12.800000  0.445877  0
12.826667  0.445764  0
12.853333  0.445652  0
12.880000  0.445540  0
12.906667  0.445428  0
12.933333  0.445316  0
12.960000  0.445204  0
12.986667  0.445092  0
13.013333  0.444980  0
13.040000  0.444868  0
13.066667  0.444756  0
13.093333  0.444644  0
13.120000  0.444532  0
13.146667  0.444420  0
13.173333  0.444308  0
13.200000  0.444195  0
13.226667  0.444083  0
13.253333  0.443971  0
13.280000  0.443859  0
13.306667  0.443747  0
13.333333  0.443635  0
13.360000  0.443523  0
13.386667  0.443411  0
13.413333  0.443299  0
13.440000  0.443187  0
13.466667  0.443075  0
13.493333  0.442963  0
13.520000  0.442851  0
13.546667  0.442739  0
13.573333  0.442626  0
13.600000  0.442514  0
13.626667  0.442402  0
13.653333  0.442290  0
13.680000  0.442178  0
13.706667  0.442066  0
13.733333  0.441954  0
13.760000  0.441842  0
13.786667  0.441730  0
13.813333  0.441618  0
13.840000  0.441506  0
13.866667  0.441394  0
13.893333  0.441282  0
13.920000  0.441170  0
13.946667  0.441057  0
13.973333  0.440945  0
14.000000  0.440833  0
14.026667  0.440721  0
14.053333  0.440609  0
14.080000  0.440497  0
14.106667  0.440385  0
14.133333  0.440273  0
14.160000  0.440161  0
14.186667  0.440049  0
14.213333  0.439937  0
14.240000  0.439825  0
14.266667  0.439713  0
14.293333  0.439601  0
14.320000  0.439488  0
14.346667  0.439376  0
14.373333  0.439264  0
14.400000  0.439152  0
14.426667  0.439040  0
14.453333  0.438928  0
14.480000  0.438816  0
14.506667  0.438704  0
14.533333  0.438592  0
14.560000  0.438480  0
14.586667  0.438368  0
14.613333  0.438256  0
14.640000  0.438144  0
14.666667  0.438032  0
14.693333  0.437919  0
14.720000  0.437807  0
14.746667  0.437695  0
14.773333  0.437583  0
14.800000  0.437471  0
14.826667  0.437359  0
14.853333  0.437247  0
14.880000  0.437135  0
14.906667  0.437023  0
14.933333  0.436911  0
14.960000  0.436799  0
14.986667  0.436687  0
15.013333  0.436575  0
15.040000  0.436463  0
15.066667  0.436351  0
15.093333  0.436238  0
15.120000  0.436126  0
15.146667  0.436014  0
15.173333  0.435902  0
15.200000  0.435790  0
15.226667  0.435678  0
15.253333  0.435566  0
15.280000  0.435454  0
15.306667  0.435342  0
15.333333  0.435230  0
15.360000  0.435118  0
15.386667  0.435006  0
15.413333  0.434894  0
15.440000  0.434782  0
15.466667  0.434669  0
15.493333  0.434557  0
15.520000  0.434445  0
15.546667  0.434333  0
15.573333  0.434221  0
15.600000  0.434109  0
15.626667  0.433997  0
15.653333  0.433885  0
15.680000  0.433773  0
15.706667  0.433661  0
15.733333  0.433549  0
15.760000  0.433437  0
15.786667  0.433325  0
15.813333  0.433213  0
15.840000  0.433100  0
15.866667  0.432988  0
15.893333  0.432876  0
15.920000  0.432764  0
15.946667  0.432652  0
15.973333  0.432540  0
16.000000  0.432428  0
16.026667  0.432316  0
16.053333  0.432204  0
16.080000  0.432092  0
16.106667  0.431980  0
16.133333  0.431868  0
16.160000  0.431756  0
16.186667  0.431644  0
16.213333  0.431531  0
16.240000  0.431419  0
16.266667  0.431307  0
16.293333  0.431195  0
16.320000  0.431083  0
16.346667  0.430971  0
16.373333  0.430859  0
16.400000  0.430747  0
16.426667  0.430635  0
16.453333  0.430523  0
16.480000  0.430411  0
16.506667  0.430299  0
16.533333  0.430187  0
16.560000  0.430075  0
16.586667  0.429962  0
16.613333  0.429850  0
16.640000  0.429738  0
16.666667  0.429626  0
16.693333  0.429514  0
16.720000  0.429402  0
16.746667  0.429290  0
16.773333  0.429178  0
16.800000  0.429066  0
16.826667  0.428954  0
16.853333  0.428842  0
16.880000  0.428730  0
16.906667  0.428618  0
16.933333  0.428506  0
16.960000  0.428393  0
16.986667  0.428281  0
17.013333  0.428169  0
17.040000  0.428057  0
17.066667  0.427945  0
17.093333  0.427833  0
17.120000  0.427721  0
17.146667  0.427609  0
17.173333  0.427497  0
17.200000  0.427385  0
17.226667  0.427273  0
17.253333  0.427161  0
17.280000  0.427049  0
17.306667  0.426937  0
17.333333  0.426824  0
17.360000  0.426712  0
17.386667  0.426600  0
17.413333  0.426488  0
17.440000  0.426376  0
17.466667  0.426264  0
17.493333  0.426152  0
17.520000  0.426040  0
17.546667  0.425928  0
17.573333  0.425816  0
17.600000  0.425704  0
17.626667  0.425592  0
17.653333  0.425480  0
17.680000  0.425368  0
17.706667  0.425255  0
17.733333  0.425143  0
17.760000  0.425031  0
17.786667  0.424919  0
17.813333  0.424807  0
17.840000  0.424695  0
17.866667  0.424583  0
17.893333  0.424471  0
17.920000  0.424359  0
17.946667  0.424247  0
17.973333  0.424135  0
18.000000  0.424023  0
18.026667  0.423911  0
18.053333  0.423799  0
18.080000  0.423687  0
18.106667  0.423574  0
18.133333  0.423462  0
18.160000  0.423350  0
18.186667  0.423238  0
18.213333  0.423126  0
18.240000  0.423014  0
18.266667  0.422902  0
18.293333  0.422790  0
18.320000  0.422678  0
18.346667  0.422566  0
18.373333  0.422454  0
18.400000  0.422342  0
18.426667  0.422230  0
18.453333  0.422118  0
18.480000  0.422005  0
18.506667  0.421893  0
18.533333  0.421781  0
18.560000  0.421669  0
18.586667  0.421557  0
18.613333  0.421445  0
18.640000  0.421333  0
18.666667  0.421221  0
18.693333  0.421109  0
18.720000  0.420997  0
18.746667  0.420885  0
18.773333  0.420773  0
18.800000  0.420661  0
18.826667  0.420549  0
18.853333  0.420436  0
18.880000  0.420324  0
18.906667  0.420212  0
18.933333  0.420100  0
18.960000  0.419988  0
18.986667  0.419876  0
19.013333  0.419764  0
19.040000  0.419652  0
19.066667  0.419540  0
19.093333  0.419428  0
19.120000  0.419316  0
19.146667  0.419204  0
19.173333  0.419092  0
19.200000  0.418980  0
19.226667  0.418867  0
19.253333  0.418755  0
19.280000  0.418643  0
19.306667  0.418531  0
19.333333  0.418419  0
19.360000  0.418307  0
19.386667  0.418195  0
19.413333  0.418083  0
19.440000  0.417971  0
19.466667  0.417859  0
19.493333  0.417747  0
19.520000  0.417635  0
19.546667  0.417523  0
