3.173333  0.780738  0
3.200000  0.779472  0
3.226667  0.777343  0
3.253333  0.774700  0
3.280000  0.771718  0
3.306667  0.768498  0
3.333333  0.765103  0
3.360000  0.761574  0
3.386667  0.757933  0
3.413333  0.754192  0
3.440000  0.750362  0
3.466667  0.746457  0
3.493333  0.742513  0
3.520000  0.738629  0
3.546667  0.735049  0
3.573333  0.731946  0
3.600000  0.729127  0
3.626667  0.726370  0
3.653333  0.723621  0
3.680000  0.720919  0
3.706667  0.718419  0
3.733333  0.716256  0
3.760000  0.714298  0
3.786667  0.712386  0
3.813333  0.710478  0
3.840000  0.708570  0
3.866667  0.706663  0
3.893333  0.704756  0
3.920000  0.702871  0
3.946667  0.701108  0
3.973333  0.699665  0
4.000000  0.698611  0
4.026667  0.697763  0
4.053333  0.696958  0
4.080000  0.696157  0
4.106667  0.695356  0
4.133333  0.694554  0
4.160000  0.693753  0
4.186667  0.692952  0
4.213333  0.692150  0
4.240000  0.691349  0
4.266667  0.690548  0
4.293333  0.689746  0
4.320000  0.688945  0
4.346667  0.688144  0
4.373333  0.687343  0
4.400000  0.686541  0
4.426667  0.685740  0
4.453333  0.684943  0
4.480000  0.684180  0
4.506667  0.683537  0
4.533333  0.683072  0
4.560000  0.682710  0
4.586667  0.682372  0
4.613333  0.682035  0
4.640000  0.681698  0
4.666667  0.681362  0
4.693333  0.681025  0
4.720000  0.680688  0
4.746667  0.680351  0
4.773333  0.680015  0
4.800000  0.679677  0
4.826667  0.679318  0
4.853333  0.678852  0
4.880000  0.678119  0
4.906667  0.677082  0
4.933333  0.675891  0
4.960000  0.674667  0
4.986667  0.673440  0
5.013333  0.672214  0
5.040000  0.670987  0
5.066667  0.669761  0
5.093333  0.668534  0
5.120000  0.667308  0
5.146667  0.666081  0
5.173333  0.664855  0
5.200000  0.663628  0
5.226667  0.662402  0
5.253333  0.661175  0
5.280000  0.659940  0
5.306667  0.658664  0
5.333333  0.657289  0
5.360000  0.655806  0
5.386667  0.654268  0
5.413333  0.652718  0
5.440000  0.651168  0
5.466667  0.649618  0
5.493333  0.648068  0
5.520000  0.646518  0
5.546667  0.644968  0
5.573333  0.643418  0
5.600000  0.641868  0
5.626667  0.640317  0
5.653333  0.638767  0
5.680000  0.637217  0
5.706667  0.635667  0
5.733333  0.634117  0
5.760000  0.632566  0
5.786667  0.631010  0
5.813333  0.629383  0
5.840000  0.627439  0
5.866667  0.624971  0
5.893333  0.622186  0
5.920000  0.619331  0
5.946667  0.616469  0
5.973333  0.613607  0
6.000000  0.610745  0
6.026667  0.607884  0
6.053333  0.605022  0
6.080000  0.602160  0
6.106667  0.599298  0
6.133333  0.596436  0
6.160000  0.593575  0
6.186667  0.590714  0
6.213333  0.587870  0
6.240000  0.585106  0
6.266667  0.582496  0
6.293333  0.580021  0
6.320000  0.577601  0
6.346667  0.575190  0
6.373333  0.572780  0
6.400000  0.570370  0
6.426667  0.567960  0
6.453333  0.565550  0
6.480000  0.563140  0
6.506667  0.560731  0
6.533333  0.558321  0
6.560000  0.555911  0
6.586667  0.553502  0
6.613333  0.551112  0
6.640000  0.548829  0
6.666667  0.546829  0
6.693333  0.545174  0
6.720000  0.543701  0
6.746667  0.542267  0
6.773333  0.540836  0
6.800000  0.539405  0
6.826667  0.537969  0
6.853333  0.536507  0
6.880000  0.534965  0
6.906667  0.533319  0
6.933333  0.531616  0
6.960000  0.529900  0
6.986667  0.528183  0
7.013333  0.526466  0
7.040000  0.524762  0
7.066667  0.523146  0
7.093333  0.521819  0
7.120000  0.520910  0
7.146667  0.520240  0
7.173333  0.519622  0
7.200000  0.519009  0
7.226667  0.518396  0
7.253333  0.517783  0
7.280000  0.517169  0
7.306667  0.516556  0
7.333333  0.515942  0
7.360000  0.515322  0
7.386667  0.514670  0
7.413333  0.513962  0
7.440000  0.513215  0
7.466667  0.512454  0
7.493333  0.511691  0
7.520000  0.510927  0
7.546667  0.510164  0
7.573333  0.509401  0
7.600000  0.508638  0
7.626667  0.507875  0
7.653333  0.507113  0
7.680000  0.506366  0
7.706667  0.505690  0
7.733333  0.505148  0
7.760000  0.504717  0
7.786667  0.504327  0
7.813333  0.503945  0
7.840000  0.503563  0
7.866667  0.503182  0
7.893333  0.502800  0
7.920000  0.502419  0
7.946667  0.502037  0
7.973333  0.501662  0
8.000000  0.501366  0
8.026667  0.501444  0
8.053333  0.502165  0
8.080000  0.502954  0
8.106667  0.502987  0
8.133333  0.502494  0
8.160000  0.501974  0
8.186667  0.501561  0
8.213333  0.501243  0
8.240000  0.500987  0
8.266667  0.500756  0
8.293333  0.500520  0
8.320000  0.500254  0
8.346667  0.499944  0
8.373333  0.499580  0
8.400000  0.499158  0
8.426667  0.498678  0
8.453333  0.498141  0
8.480000  0.497551  0
8.506667  0.496919  0
8.533333  0.496265  0
8.560000  0.495615  0
8.586667  0.495002  0
8.613333  0.494459  0
8.640000  0.494009  0
8.666667  0.493665  0
8.693333  0.493416  0
8.720000  0.493236  0
8.746667  0.493085  0
8.773333  0.492916  0
8.800000  0.492681  0
8.826667  0.492332  0
8.853333  0.491822  0
8.880000  0.491103  0
8.906667  0.490134  0
8.933333  0.488886  0
8.960000  0.487359  0
8.986667  0.485595  0
9.013333  0.483679  0
9.040000  0.481722  0
9.066667  0.479840  0
9.093333  0.478123  0
9.120000  0.476614  0
9.146667  0.475313  0
9.173333  0.474181  0
9.200000  0.473164  0
9.226667  0.472215  0
9.253333  0.471301  0
9.280000  0.470414  0
9.306667  0.469561  0
9.333333  0.468759  0
9.360000  0.468027  0
9.386667  0.467373  0
9.413333  0.466793  0
9.440000  0.466266  0
9.466667  0.465763  0
9.493333  0.465258  0
9.520000  0.464735  0
9.546667  0.464194  0
9.573333  0.463651  0
9.600000  0.463125  0
9.626667  0.462631  0
9.653333  0.462175  0
9.680000  0.461747  0
9.706667  0.461331  0
9.733333  0.460908  0
9.760000  0.460466  0
9.786667  0.459996  0
9.813333  0.459497  0
9.840000  0.458964  0
9.866667  0.458384  0
9.893333  0.457730  0
9.920000  0.456968  0
9.946667  0.456064  0
9.973333  0.455006  0
10.000000  0.453808  0
10.026667  0.452523  0
10.053333  0.451229  0
10.080000  0.450022  0
10.106667  0.448991  0
10.133333  0.448199  0
10.160000  0.447675  0
10.186667  0.447401  0
10.213333  0.447325  0
10.240000  0.447364  0
10.266667  0.447431  0
10.293333  0.447450  0
10.320000  0.447371  0
10.346667  0.447170  0
10.373333  0.446850  0
10.400000  0.446432  0
10.426667  0.445939  0
10.453333  0.445395  0
10.480000  0.444818  0
10.506667  0.444225  0
10.533333  0.443628  0
10.560000  0.443038  0
10.586667  0.442467  0
10.613333  0.441924  0
10.640000  0.441414  0
10.666667  0.440940  0
10.693333  0.440505  0
10.720000  0.440109  0
10.746667  0.439752  0
10.773333  0.439431  0
10.800000  0.439140  0
10.826667  0.438870  0
10.853333  0.438608  0
10.880000  0.438345  0
10.906667  0.438075  0
10.933333  0.437800  0
10.960000  0.437530  0
10.986667  0.437277  0
11.013333  0.437056  0
11.040000  0.436875  0
11.066667  0.436736  0
11.093333  0.436634  0
11.120000  0.436559  0
11.146667  0.436496  0
11.173333  0.436431  0
11.200000  0.436347  0
11.226667  0.436235  0
11.253333  0.436088  0
11.280000  0.435905  0
11.306667  0.435691  0
11.333333  0.435457  0
11.360000  0.435216  0
11.386667  0.434982  0
11.413333  0.434762  0
11.440000  0.434562  0
11.466667  0.434378  0
11.493333  0.434204  0
11.520000  0.434036  0
11.546667  0.433866  0
11.573333  0.433695  0
11.600000  0.433522  0
11.626667  0.433349  0
11.653333  0.433179  0
11.680000  0.433012  0
11.706667  0.432849  0
11.733333  0.432692  0
11.760000  0.432544  0
11.786667  0.432411  0
11.813333  0.432296  0
11.840000  0.432202  0
11.866667  0.432130  0
11.893333  0.432078  0
11.920000  0.432040  0
11.946667  0.432010  0
11.973333  0.431981  0
12.000000  0.431947  0
12.026667  0.431904  0
12.053333  0.431852  0
12.080000  0.431795  0
12.106667  0.431738  0
12.133333  0.431692  0
12.160000  0.431664  0
12.186667  0.431659  0
12.213333  0.431675  0
12.240000  0.431707  0
12.266667  0.431743  0
12.293333  0.431771  0
12.320000  0.431777  0
12.346667  0.431749  0
12.373333  0.431676  0
12.400000  0.431553  0
12.426667  0.431381  0
12.453333  0.431169  0
12.480000  0.430931  0
12.506667  0.430687  0
12.533333  0.430453  0
12.560000  0.430241  0
12.586667  0.430057  0
12.613333  0.429895  0
12.640000  0.429746  0
12.666667  0.429596  0
12.693333  0.429433  0
12.720000  0.429248  0
12.746667  0.429039  0
12.773333  0.428809  0
12.800000  0.428569  0
12.826667  0.428330  0
12.853333  0.428109  0
12.880000  0.427923  0
12.906667  0.427786  0
12.933333  0.427707  0
12.960000  0.427685  0
12.986667  0.427709  0
13.013333  0.427759  0
13.040000  0.427811  0
13.066667  0.427848  0
13.093333  0.427857  0
13.120000  0.427838  0
13.146667  0.427797  0
13.173333  0.427742  0
13.200000  0.427684  0
13.226667  0.427624  0
13.253333  0.427565  0
13.280000  0.427503  0
13.306667  0.427440  0
13.333333  0.427375  0
13.360000  0.427314  0
13.386667  0.427267  0
13.413333  0.427239  0
13.440000  0.427237  0
13.466667  0.427261  0
13.493333  0.427312  0
13.520000  0.427388  0
13.546667  0.427489  0
13.573333  0.427616  0
13.600000  0.427766  0
13.626667  0.427931  0
13.653333  0.428094  0
13.680000  0.428237  0
13.706667  0.428341  0
13.733333  0.428387  0
13.760000  0.428364  0
13.786667  0.428265  0
13.813333  0.428087  0
13.840000  0.427832  0
13.866667  0.427505  0
13.893333  0.427121  0
13.920000  0.426701  0
13.946667  0.426276  0
13.973333  0.425881  0
14.000000  0.425544  0
14.026667  0.425282  0
14.053333  0.425095  0
14.080000  0.424959  0
14.106667  0.424839  0
14.133333  0.424696  0
14.160000  0.424498  0
14.186667  0.424232  0
14.213333  0.423903  0
14.240000  0.423535  0
14.266667  0.423158  0
14.293333  0.422800  0
14.320000  0.422478  0
14.346667  0.422203  0
14.373333  0.421976  0
14.400000  0.421795  0
14.426667  0.421658  0
14.453333  0.421564  0
14.480000  0.421509  0
14.506667  0.421485  0
14.533333  0.421480  0
14.560000  0.421480  0
14.586667  0.421476  0
14.613333  0.421459  0
14.640000  0.421425  0
14.666667  0.421373  0
14.693333  0.421295  0
14.720000  0.421179  0
14.746667  0.421010  0
14.773333  0.420776  0
14.800000  0.420472  0
14.826667  0.420104  0
14.853333  0.419691  0
14.880000  0.419266  0
14.906667  0.418863  0
14.933333  0.418520  0
14.960000  0.418263  0
14.986667  0.418085  0
15.013333  0.417945  0
15.040000  0.417815  0
15.066667  0.417686  0
15.093333  0.417557  0
15.120000  0.417428  0
15.146667  0.417299  0
15.173333  0.417170  0
15.200000  0.417041  0
15.226667  0.416912  0
15.253333  0.416783  0
15.280000  0.416654  0
15.306667  0.416525  0
15.333333  0.416396  0
15.360000  0.416267  0
15.386667  0.416138  0
15.413333  0.416009  0
15.440000  0.415879  0
15.466667  0.415750  0
15.493333  0.415621  0
15.520000  0.415492  0
15.546667  0.415363  0
15.573333  0.415234  0
15.600000  0.415105  0
15.626667  0.414976  0
15.653333  0.414847  0
15.680000  0.414718  0
15.706667  0.414589  0
15.733333  0.414460  0
15.760000  0.414331  0
15.786667  0.414202  0
15.813333  0.414073  0
15.840000  0.413944  0
15.866667  0.413814  0
15.893333  0.413685  0
15.920000  0.413556  0
15.946667  0.413427  0
15.973333  0.413298  0
16.000000  0.413169  0
16.026667  0.413040  0
16.053333  0.412911  0
16.080000  0.412782  0
16.106667  0.412653  0
16.133333  0.412524  0
16.160000  0.412395  0
16.186667  0.412266  0
16.213333  0.412137  0
16.240000  0.412008  0
16.266667  0.411878  0
16.293333  0.411749  0
16.320000  0.411620  0
16.346667  0.411491  0
16.373333  0.411362  0
16.400000  0.411233  0
16.426667  0.411104  0
16.453333  0.410975  0
16.480000  0.410846  0
16.506667  0.410717  0
16.533333  0.410588  0
16.560000  0.410459  0
16.586667  0.410330  0
16.613333  0.410201  0
16.640000  0.410072  0
16.666667  0.409943  0
16.693333  0.409813  0
16.720000  0.409684  0
16.746667  0.409555  0
16.773333  0.409426  0
16.800000  0.409297  0
16.826667  0.409168  0
16.853333  0.409039  0
16.880000  0.408910  0
16.906667  0.408781  0
16.933333  0.408652  0
16.960000  0.408523  0
16.986667  0.408394  0
17.013333  0.408265  0
17.040000  0.408136  0
17.066667  0.408007  0
17.093333  0.407878  0
17.120000  0.407748  0
17.146667  0.407619  0
17.173333  0.407490  0
17.200000  0.407361  0
17.226667  0.407232  0
17.253333  0.407103  0
17.280000  0.406974  0
17.306667  0.406845  0
17.333333  0.406716  0
17.360000  0.406587  0
17.386667  0.406458  0
17.413333  0.406329  0
17.440000  0.406200  0
17.466667  0.406071  0
17.493333  0.405942  0
17.520000  0.405813  0
17.546667  0.405683  0
17.573333  0.405554  0
17.600000  0.405425  0
17.626667  0.405296  0
17.653333  0.405167  0
17.680000  0.405038  0
17.706667  0.404909  0
17.733333  0.404780  0
17.760000  0.404651  0
17.786667  0.404522  0
17.813333  0.404393  0
17.840000  0.404264  0
17.866667  0.404135  0
17.893333  0.404006  0
17.920000  0.403877  0
17.946667  0.403747  0
17.973333  0.403618  0
18.000000  0.403489  0
18.026667  0.403360  0
18.053333  0.403231  0
18.080000  0.403102  0
18.106667  0.402973  0
18.133333  0.402844  0
18.160000  0.402715  0
18.186667  0.402586  0
18.213333  0.402457  0
18.240000  0.402328  0
18.266667  0.402199  0
18.293333  0.402070  0
18.320000  0.401941  0
18.346667  0.401812  0
18.373333  0.401682  0
18.400000  0.401553  0
18.426667  0.401424  0
18.453333  0.401295  0
18.480000  0.401166  0
18.506667  0.401037  0
18.533333  0.400908  0
18.560000  0.400779  0
18.586667  0.400650  0
18.613333  0.400521  0
18.640000  0.400392  0
18.666667  0.400263  0
18.693333  0.400134  0
18.720000  0.400005  0
18.746667  0.399876  0
18.773333  0.399747  0
18.800000  0.399617  0
18.826667  0.399488  0
18.853333  0.399359  0
18.880000  0.399230  0
18.906667  0.399101  0
18.933333  0.398972  0
18.960000  0.398843  0
18.986667  0.398714  0
19.013333  0.398585  0
19.040000  0.398456  0
19.066667  0.398327  0
19.093333  0.398198  0
19.120000  0.398069  0
19.146667  0.397940  0
19.173333  0.397811  0
19.200000  0.397682  0
19.226667  0.397552  0
19.253333  0.397423  0
19.280000  0.397294  0
19.306667  0.397165  0
19.333333  0.397036  0
19.360000  0.396907  0
19.386667  0.396778  0
19.413333  0.396649  0
19.440000  0.396520  0
19.466667  0.396391  0
19.493333  0.396262  0
19.520000  0.396133  0
19.546667  0.396004  0
19.573333  0.395875  0
19.600000  0.395746  0
19.626667  0.395616  0
19.653333  0.395487  0
19.680000  0.395358  0
19.706667  0.395229  0
19.733333  0.395100  0
19.760000  0.394971  0
19.786667  0.394842  0
19.813333  0.394713  0
19.840000  0.394584  0
19.866667  0.394455  0
19.893333  0.394326  0
19.920000  0.394197  0
19.946667  0.394068  0
19.973333  0.393939  0
20.000000  0.393810  0
20.026667  0.393681  0
20.053333  0.393551  0
20.080000  0.393422  0
20.106667  0.393293  0
20.133333  0.393164  0
20.160000  0.393035  0
20.186667  0.392906  0
20.213333  0.392777  0
20.240000  0.392648  0
20.266667  0.392519  0
20.293333  0.392390  0
20.320000  0.392261  0
20.346667  0.392132  0
20.373333  0.392003  0
20.400000  0.391874  0
20.426667  0.391745  0
20.453333  0.391616  0
20.480000  0.391486  0
20.506667  0.391357  0
20.533333  0.391228  0
20.560000  0.391099  0
20.586667  0.390970  0
20.613333  0.390841  0
20.640000  0.390712  0
20.666667  0.390583  0
20.693333  0.390454  0
20.720000  0.390325  0
20.746667  0.390196  0
20.773333  0.390067  0
20.800000  0.389938  0
20.826667  0.389809  0
20.853333  0.389680  0
20.880000  0.389550  0
20.906667  0.389421  0
20.933333  0.389292  0
20.960000  0.389163  0
20.986667  0.389034  0
21.013333  0.388910  0
21.040000  0.388808  0
21.066667  0.388742  0
21.093333  0.388700  0
21.120000  0.388666  0
21.146667  0.388632  0
21.173333  0.388598  0
21.200000  0.388564  0
21.226667  0.388531  0
21.253333  0.388497  0
21.280000  0.388463  0
21.306667  0.388430  0
21.333333  0.388396  0
21.360000  0.388362  0
21.386667  0.388328  0
21.413333  0.388295  0
21.440000  0.388261  0
21.466667  0.388227  0
21.493333  0.388193  0
21.520000  0.388160  0
21.546667  0.388126  0
21.573333  0.388092  0
21.600000  0.388058  0
21.626667  0.388025  0
21.653333  0.387991  0
21.680000  0.387957  0
21.706667  0.387923  0
21.733333  0.387890  0
21.760000  0.387856  0
21.786667  0.387822  0
21.813333  0.387789  0
21.840000  0.387755  0
21.866667  0.387721  0
21.893333  0.387687  0
21.920000  0.387654  0
21.946667  0.387620  0
21.973333  0.387586  0
22.000000  0.387552  0
22.026667  0.387519  0
22.053333  0.387485  0
22.080000  0.387451  0
22.106667  0.387417  0
22.133333  0.387384  0
22.160000  0.387350  0
22.186667  0.387316  0
22.213333  0.387283  0
22.240000  0.387249  0
22.266667  0.387215  0
22.293333  0.387181  0
22.320000  0.387148  0
22.346667  0.387114  0
22.373333  0.387080  0
22.400000  0.387046  0
22.426667  0.387013  0
22.453333  0.386979  0
22.480000  0.386945  0
22.506667  0.386911  0
22.533333  0.386878  0
22.560000  0.386844  0
22.586667  0.386810  0
22.613333  0.386776  0
22.640000  0.386743  0
22.666667  0.386709  0
22.693333  0.386675  0
22.720000  0.386642  0
22.746667  0.386608  0
22.773333  0.386574  0
22.800000  0.386540  0
22.826667  0.386507  0
22.853333  0.386473  0
22.880000  0.386439  0
22.906667  0.386405  0
22.933333  0.386372  0
22.960000  0.386338  0
22.986667  0.386304  0
23.013333  0.386270  0
23.040000  0.386237  0
23.066667  0.386203  0
23.093333  0.386169  0
23.120000  0.386135  0
23.146667  0.386102  0
23.173333  0.386068  0
23.200000  0.386034  0
23.226667  0.386001  0
23.253333  0.385967  0
23.280000  0.385933  0
23.306667  0.385899  0
23.333333  0.385866  0
23.360000  0.385832  0
23.386667  0.385798  0
23.413333  0.385764  0
23.440000  0.385731  0
23.466667  0.385697  0
23.493333  0.385663  0
23.520000  0.385629  0
23.546667  0.385596  0
23.573333  0.385562  0
23.600000  0.385528  0
23.626667  0.385494  0
23.653333  0.385461  0
23.680000  0.385427  0
23.706667  0.385393  0
23.733333  0.385360  0
23.760000  0.385326  0
23.786667  0.385292  0
23.813333  0.385258  0
23.840000  0.385225  0
23.866667  0.385191  0
23.893333  0.385157  0
23.920000  0.385123  0
23.946667  0.385090  0
23.973333  0.385056  0
24.000000  0.385022  0
24.026667  0.384988  0
24.053333  0.384955  0
24.080000  0.384921  0
24.106667  0.384887  0
24.133333  0.384854  0
24.160000  0.384820  0
24.186667  0.384786  0
24.213333  0.384752  0
24.240000  0.384719  0
24.266667  0.384685  0
24.293333  0.384651  0
24.320000  0.384617  0
24.346667  0.384584  0
24.373333  0.384550  0
24.400000  0.384516  0
24.426667  0.384482  0
24.453333  0.384449  0
24.480000  0.384415  0
24.506667  0.384381  0
24.533333  0.384347  0
24.560000  0.384314  0
24.586667  0.384280  0
24.613333  0.384246  0
24.640000  0.384213  0
24.666667  0.384179  0
24.693333  0.384145  0
24.720000  0.384111  0
24.746667  0.384078  0
24.773333  0.384044  0
24.800000  0.384010  0
24.826667  0.383976  0
24.853333  0.383943  0
24.880000  0.383909  0
24.906667  0.383875  0
24.933333  0.383841  0
24.960000  0.383808  0
24.986667  0.383774  0
25.013333  0.383740  0
25.040000  0.383706  0
25.066667  0.383673  0
25.093333  0.383639  0
25.120000  0.383605  0
25.146667  0.383572  0
25.173333  0.383538  0
25.200000  0.383504  0
25.226667  0.383470  0
25.253333  0.383437  0
25.280000  0.383403  0
25.306667  0.383369  0
25.333333  0.383335  0
25.360000  0.383302  0
25.386667  0.383268  0
25.413333  0.383234  0
25.440000  0.383200  0
25.466667  0.383167  0
25.493333  0.383133  0
25.520000  0.383099  0
25.546667  0.383065  0
25.573333  0.383032  0
25.600000  0.382998  0
25.626667  0.382964  0
25.653333  0.382931  0
25.680000  0.382897  0
25.706667  0.382863  0
25.733333  0.382829  0
25.760000  0.382796  0
25.786667  0.382762  0
25.813333  0.382728  0
25.840000  0.382694  0
25.866667  0.382661  0
25.893333  0.382627  0
25.920000  0.382593  0
25.946667  0.382559  0
25.973333  0.382526  0
26.000000  0.382492  0
26.026667  0.382458  0
26.053333  0.382425  0
26.080000  0.382391  0
26.106667  0.382357  0
26.133333  0.382323  0
26.160000  0.382290  0
26.186667  0.382256  0
26.213333  0.382222  0
26.240000  0.382188  0
26.266667  0.382155  0
26.293333  0.382121  0
26.320000  0.382087  0
26.346667  0.382053  0
26.373333  0.382020  0
26.400000  0.381986  0
26.426667  0.381952  0
26.453333  0.381918  0
26.480000  0.381885  0
26.506667  0.381851  0
26.533333  0.381817  0
26.560000  0.381784  0
26.586667  0.381750  0
26.613333  0.381716  0
26.640000  0.381682  0
26.666667  0.381649  0
26.693333  0.381615  0
26.720000  0.381581  0
26.746667  0.381547  0
26.773333  0.381514  0
26.800000  0.381480  0
26.826667  0.381446  0
26.853333  0.381412  0
26.880000  0.381379  0
26.906667  0.381345  0
26.933333  0.381311  0
26.960000  0.381277  0
26.986667  0.381244  0
27.013333  0.381210  0
27.040000  0.381176  0
27.066667  0.381143  0
27.093333  0.381109  0
27.120000  0.381075  0
27.146667  0.381041  0
27.173333  0.381008  0
27.200000  0.380974  0
27.226667  0.380940  0
27.253333  0.380906  0
27.280000  0.380873  0
27.306667  0.380839  0
27.333333  0.380805  0
27.360000  0.380771  0
27.386667  0.380738  0
27.413333  0.380704  0
27.440000  0.380670  0
27.466667  0.380637  0
27.493333  0.380603  0
27.520000  0.380569  0
27.546667  0.380535  0
27.573333  0.380502  0
27.600000  0.380468  0
27.626667  0.380434  0
27.653333  0.380400  0
27.680000  0.380367  0
27.706667  0.380333  0
27.733333  0.380299  0
27.760000  0.380265  0
27.786667  0.380232  0
27.813333  0.380198  0
27.840000  0.380164  0
27.866667  0.380130  0
27.893333  0.380097  0
27.920000  0.380063  0
27.946667  0.380029  0
27.973333  0.379996  0
28.000000  0.379962  0
28.026667  0.379928  0
28.053333  0.379897  0
28.080000  0.379875  0
