3.226667  0.765464  0
3.253333  0.763300  0
3.280000  0.761136  0
3.306667  0.758972  0
3.333333  0.756808  0
3.360000  0.754644  0
3.386667  0.752480  0
3.413333  0.750316  0
3.440000  0.748152  0
3.466667  0.745988  0
3.493333  0.743824  0
3.520000  0.741660  0
3.546667  0.739496  0
3.573333  0.737332  0
3.600000  0.735168  0
3.626667  0.733003  0
3.653333  0.730839  0
3.680000  0.728675  0
3.706667  0.726511  0
3.733333  0.724347  0
3.760000  0.722183  0
3.786667  0.720019  0
3.813333  0.717855  0
3.840000  0.715691  0
3.866667  0.713527  0
3.893333  0.711363  0
3.920000  0.709199  0
3.946667  0.707035  0
3.973333  0.704871  0
4.000000  0.702879  0
4.026667  0.700960  0
4.053333  0.699041  0
4.080000  0.697122  0
4.106667  0.695203  0
4.133333  0.693284  0
4.160000  0.691365  0
4.186667  0.689447  0
4.213333  0.687528  0
4.240000  0.685609  0
4.266667  0.683690  0
4.293333  0.681771  0
4.320000  0.679852  0
4.346667  0.677933  0
4.373333  0.676014  0
4.400000  0.674095  0
4.426667  0.672176  0
4.453333  0.670258  0
4.480000  0.668339  0
4.506667  0.666420  0
4.533333  0.664501  0
4.560000  0.662582  0
4.586667  0.660663  0
4.613333  0.658744  0
4.640000  0.656825  0
4.666667  0.654906  0
4.693333  0.652917  0
4.720000  0.650625  0
4.746667  0.648333  0
4.773333  0.646042  0
4.800000  0.643750  0
4.826667  0.641459  0
4.853333  0.639167  0
4.880000  0.636876  0
4.906667  0.634584  0
4.933333  0.632292  0
4.960000  0.630001  0
4.986667  0.627709  0
5.013333  0.625418  0
5.040000  0.623126  0
5.066667  0.620835  0
5.093333  0.618543  0
5.120000  0.616251  0
5.146667  0.613990  0
5.173333  0.612552  0
5.200000  0.611115  0
5.226667  0.609677  0
5.253333  0.608239  0
5.280000  0.606801  0
5.306667  0.605363  0
5.333333  0.603925  0
5.360000  0.602487  0
5.386667  0.601050  0
5.413333  0.599612  0
5.440000  0.598174  0
5.466667  0.596736  0
5.493333  0.595298  0
5.520000  0.593860  0
5.546667  0.592423  0
5.573333  0.590985  0
5.600000  0.589547  0
5.626667  0.588109  0
5.653333  0.586671  0
5.680000  0.585233  0
5.706667  0.583795  0
5.733333  0.582358  0
5.760000  0.580920  0
5.786667  0.579482  0
5.813333  0.578044  0
5.840000  0.576693  0
5.866667  0.575539  0
5.893333  0.574386  0
5.920000  0.573233  0
5.946667  0.572079  0
5.973333  0.570926  0
6.000000  0.569773  0
6.026667  0.568620  0
6.053333  0.567466  0
6.080000  0.566313  0
6.106667  0.565160  0
6.133333  0.564007  0
6.160000  0.562853  0
6.186667  0.561700  0
6.213333  0.560547  0
6.240000  0.559393  0
6.266667  0.558240  0
6.293333  0.557087  0
6.320000  0.555934  0
6.346667  0.554780  0
6.373333  0.553627  0
6.400000  0.552474  0
6.426667  0.551320  0
6.453333  0.550167  0
6.480000  0.549014  0
6.506667  0.547861  0
6.533333  0.546707  0
6.560000  0.545554  0
6.586667  0.544516  0
6.613333  0.543857  0
6.640000  0.543198  0
6.666667  0.542539  0
6.693333  0.541880  0
6.720000  0.541220  0
6.746667  0.540561  0
6.773333  0.539902  0
6.800000  0.539243  0
6.826667  0.538584  0
6.853333  0.537925  0
6.880000  0.537266  0
6.906667  0.536607  0
6.933333  0.535948  0
6.960000  0.535289  0
6.986667  0.534630  0
7.013333  0.533971  0
7.040000  0.533312  0
7.066667  0.532653  0
7.093333  0.531994  0
7.120000  0.531335  0
7.146667  0.530676  0
7.173333  0.530017  0
7.200000  0.529358  0
7.226667  0.528699  0
7.253333  0.528040  0
7.280000  0.527381  0
7.306667  0.526722  0
7.333333  0.526118  0
7.360000  0.525800  0
7.386667  0.525483  0
7.413333  0.525165  0
7.440000  0.524847  0
7.466667  0.524529  0
7.493333  0.524212  0
7.520000  0.523894  0
7.546667  0.523576  0
7.573333  0.523258  0
7.600000  0.522941  0
7.626667  0.522623  0
7.653333  0.522305  0
7.680000  0.521987  0
7.706667  0.521670  0
7.733333  0.521352  0
7.760000  0.521034  0
7.786667  0.520716  0
7.813333  0.520399  0
7.840000  0.520081  0
7.866667  0.519763  0
7.893333  0.519445  0
7.920000  0.519128  0
7.946667  0.518810  0
7.973333  0.518492  0
8.000000  0.518175  0
8.026667  0.517857  0
8.053333  0.517539  0
8.080000  0.517221  0
8.106667  0.516904  0
8.133333  0.516586  0
8.160000  0.516268  0
8.186667  0.515950  0
8.213333  0.515633  0
8.240000  0.515315  0
8.266667  0.514997  0
8.293333  0.514679  0
8.320000  0.514362  0
8.346667  0.514044  0
8.373333  0.513726  0
8.400000  0.513408  0
8.426667  0.513091  0
8.453333  0.512773  0
8.480000  0.512455  0
8.506667  0.512219  0
8.533333  0.512065  0
8.560000  0.511912  0
8.586667  0.511758  0
8.613333  0.511605  0
8.640000  0.511452  0
8.666667  0.511298  0
8.693333  0.511145  0
8.720000  0.510992  0
8.746667  0.510838  0
8.773333  0.510685  0
8.800000  0.510531  0
8.826667  0.510378  0
8.853333  0.510225  0
8.880000  0.510071  0
8.906667  0.509918  0
8.933333  0.509764  0
8.960000  0.509611  0
8.986667  0.509458  0
9.013333  0.509304  0
9.040000  0.509151  0
9.066667  0.508997  0
9.093333  0.508844  0
9.120000  0.508691  0
9.146667  0.508537  0
9.173333  0.508384  0
9.200000  0.508230  0
9.226667  0.508077  0
9.253333  0.507924  0
9.280000  0.507770  0
9.306667  0.507617  0
9.333333  0.507464  0
9.360000  0.507310  0
9.386667  0.507157  0
9.413333  0.507003  0
9.440000  0.506850  0
9.466667  0.506697  0
9.493333  0.506543  0
9.520000  0.506390  0
9.546667  0.506236  0
9.573333  0.506083  0
9.600000  0.505930  0
9.626667  0.505776  0
9.653333  0.505623  0
9.680000  0.505469  0
9.706667  0.505316  0
9.733333  0.505163  0
9.760000  0.505009  0
9.786667  0.504856  0
9.813333  0.504702  0
9.840000  0.504549  0
9.866667  0.504396  0
9.893333  0.504242  0
9.920000  0.504089  0
9.946667  0.503936  0
9.973333  0.503782  0
10.000000  0.503629  0
10.026667  0.503475  0
10.053333  0.503322  0
10.080000  0.503169  0
10.106667  0.503015  0
10.133333  0.502862  0
10.160000  0.502708  0
10.186667  0.502555  0
10.213333  0.502402  0
10.240000  0.502248  0
10.266667  0.502095  0
10.293333  0.501941  0
10.320000  0.501788  0
10.346667  0.501635  0
10.373333  0.501481  0
10.400000  0.501328  0
10.426667  0.501174  0
10.453333  0.501021  0
10.480000  0.500868  0
10.506667  0.500714  0
10.533333  0.500561  0
10.560000  0.500408  0
10.586667  0.500254  0
10.613333  0.500101  0
10.640000  0.499947  0
10.666667  0.499794  0
10.693333  0.499641  0
10.720000  0.499487  0
10.746667  0.499334  0
10.773333  0.499180  0
10.800000  0.499027  0
10.826667  0.498874  0
10.853333  0.498720  0
10.880000  0.498567  0
10.906667  0.498414  0
10.933333  0.498270  0
10.960000  0.498126  0
10.986667  0.497982  0
11.013333  0.497838  0
11.040000  0.497693  0
11.066667  0.497549  0
11.093333  0.497405  0
11.120000  0.497261  0
11.146667  0.497117  0
11.173333  0.496973  0
11.200000  0.496829  0
11.226667  0.496685  0
11.253333  0.496541  0
11.280000  0.496397  0
11.306667  0.496253  0
11.333333  0.496109  0
11.360000  0.495965  0
11.386667  0.495820  0
11.413333  0.495676  0
11.440000  0.495532  0
11.466667  0.495388  0
11.493333  0.495244  0
11.520000  0.495100  0
11.546667  0.494956  0
11.573333  0.494812  0
11.600000  0.494668  0
11.626667  0.494524  0
11.653333  0.494380  0
11.680000  0.494236  0
11.706667  0.494092  0
11.733333  0.493947  0
11.760000  0.493803  0
11.786667  0.493659  0
11.813333  0.493515  0
11.840000  0.493371  0
11.866667  0.493227  0
11.893333  0.493083  0
11.920000  0.492939  0
11.946667  0.492795  0
11.973333  0.492651  0
12.000000  0.492507  0
12.026667  0.492363  0
12.053333  0.492219  0
12.080000  0.492074  0
12.106667  0.491930  0
12.133333  0.491786  0
12.160000  0.491642  0
12.186667  0.491498  0
12.213333  0.491354  0
12.240000  0.491210  0
12.266667  0.491066  0
12.293333  0.490922  0
12.320000  0.490778  0
12.346667  0.490634  0
12.373333  0.490490  0
12.400000  0.490346  0
12.426667  0.490201  0
12.453333  0.490057  0
12.480000  0.489913  0
12.506667  0.489769  0
12.533333  0.489625  0
12.560000  0.489481  0
12.586667  0.489337  0
12.613333  0.489193  0
12.640000  0.489049  0
12.666667  0.488905  0
12.693333  0.488761  0
12.720000  0.488617  0
12.746667  0.488473  0
12.773333  0.488329  0
12.800000  0.488184  0
12.826667  0.488040  0
12.853333  0.487896  0
12.880000  0.487752  0
12.906667  0.487608  0
12.933333  0.487464  0
12.960000  0.487320  0
12.986667  0.487176  0
13.013333  0.487032  0
13.040000  0.486888  0
13.066667  0.486744  0
13.093333  0.486600  0
13.120000  0.486456  0
13.146667  0.486311  0
13.173333  0.486167  0
13.200000  0.486023  0
13.226667  0.485879  0
13.253333  0.485735  0
13.280000  0.485591  0
13.306667  0.485447  0
13.333333  0.485303  0
13.360000  0.485159  0
13.386667  0.485015  0
13.413333  0.484871  0
13.440000  0.484727  0
13.466667  0.484583  0
13.493333  0.484438  0
13.520000  0.484294  0
13.546667  0.484150  0
13.573333  0.484006  0
13.600000  0.483862  0
13.626667  0.483718  0
13.653333  0.483574  0
13.680000  0.483430  0
13.706667  0.483286  0
13.733333  0.483142  0
13.760000  0.482998  0
13.786667  0.482854  0
13.813333  0.482710  0
13.840000  0.482565  0
13.866667  0.482421  0
13.893333  0.482277  0
13.920000  0.482133  0
13.946667  0.481989  0
13.973333  0.481845  0
14.000000  0.481701  0
14.026667  0.481557  0
14.053333  0.481413  0
14.080000  0.481269  0
14.106667  0.481125  0
14.133333  0.480981  0
14.160000  0.480837  0
14.186667  0.480692  0
14.213333  0.480548  0
14.240000  0.480404  0
14.266667  0.480260  0
14.293333  0.480116  0
14.320000  0.479972  0
14.346667  0.479828  0
14.373333  0.479684  0
14.400000  0.479540  0
14.426667  0.479396  0
14.453333  0.479252  0
14.480000  0.479108  0
14.506667  0.478964  0
14.533333  0.478819  0
14.560000  0.478675  0
14.586667  0.478531  0
14.613333  0.478387  0
14.640000  0.478243  0
14.666667  0.478099  0
14.693333  0.477955  0
14.720000  0.477811  0
14.746667  0.477667  0
14.773333  0.477523  0
14.800000  0.477379  0
14.826667  0.477235  0
14.853333  0.477091  0
14.880000  0.476946  0
14.906667  0.476802  0
14.933333  0.476658  0
14.960000  0.476514  0
14.986667  0.476370  0
15.013333  0.476226  0
15.040000  0.476082  0
15.066667  0.475938  0
15.093333  0.475794  0
15.120000  0.475650  0
15.146667  0.475506  0
15.173333  0.475362  0
15.200000  0.475218  0
15.226667  0.475074  0
15.253333  0.474929  0
15.280000  0.474785  0
15.306667  0.474641  0
15.333333  0.474497  0
15.360000  0.474353  0
15.386667  0.474209  0
15.413333  0.474065  0
15.440000  0.473921  0
15.466667  0.473777  0
15.493333  0.473633  0
15.520000  0.473489  0
15.546667  0.473345  0
15.573333  0.473201  0
15.600000  0.473056  0
15.626667  0.472912  0
15.653333  0.472768  0
15.680000  0.472624  0
15.706667  0.472480  0
15.733333  0.472336  0
15.760000  0.472192  0
15.786667  0.472048  0
15.813333  0.471904  0
15.840000  0.471760  0
15.866667  0.471616  0
15.893333  0.471472  0
15.920000  0.471328  0
15.946667  0.471183  0
15.973333  0.471039  0
16.000000  0.470895  0
16.026667  0.470751  0
16.053333  0.470608  0
16.080000  0.470464  0
16.106667  0.470321  0
16.133333  0.470178  0
16.160000  0.470035  0
16.186667  0.469892  0
16.213333  0.469749  0
16.240000  0.469606  0
16.266667  0.469463  0
16.293333  0.469320  0
16.320000  0.469176  0
16.346667  0.469033  0
16.373333  0.468890  0
16.400000  0.468747  0
16.426667  0.468604  0
16.453333  0.468461  0
16.480000  0.468318  0
16.506667  0.468175  0
16.533333  0.468032  0
16.560000  0.467888  0
16.586667  0.467745  0
16.613333  0.467602  0
16.640000  0.467459  0
16.666667  0.467316  0
16.693333  0.467173  0
16.720000  0.467030  0
16.746667  0.466887  0
16.773333  0.466744  0
16.800000  0.466600  0
16.826667  0.466457  0
16.853333  0.466314  0
16.880000  0.466171  0
16.906667  0.466028  0
16.933333  0.465885  0
16.960000  0.465742  0
16.986667  0.465599  0
17.013333  0.465456  0
17.040000  0.465312  0
17.066667  0.465169  0
17.093333  0.465026  0
17.120000  0.464883  0
17.146667  0.464740  0
17.173333  0.464597  0
17.200000  0.464454  0
17.226667  0.464311  0
17.253333  0.464168  0
17.280000  0.464024  0
17.306667  0.463881  0
17.333333  0.463738  0
17.360000  0.463595  0
17.386667  0.463452  0
17.413333  0.463309  0
17.440000  0.463166  0
17.466667  0.463023  0
17.493333  0.462880  0
17.520000  0.462736  0
17.546667  0.462593  0
17.573333  0.462450  0
17.600000  0.462307  0
17.626667  0.462164  0
17.653333  0.462021  0
17.680000  0.461878  0
17.706667  0.461735  0
17.733333  0.461592  0
17.760000  0.461449  0
17.786667  0.461305  0
17.813333  0.461162  0
17.840000  0.461019  0
17.866667  0.460876  0
17.893333  0.460733  0
17.920000  0.460590  0
17.946667  0.460447  0
17.973333  0.460304  0
18.000000  0.460161  0
18.026667  0.460017  0
18.053333  0.459874  0
18.080000  0.459731  0
18.106667  0.459588  0
18.133333  0.459445  0
18.160000  0.459302  0
18.186667  0.459159  0
18.213333  0.459016  0
18.240000  0.458873  0
18.266667  0.458729  0
18.293333  0.458586  0
18.320000  0.458443  0
18.346667  0.458300  0
18.373333  0.458157  0
18.400000  0.458014  0
18.426667  0.457871  0
18.453333  0.457728  0
18.480000  0.457585  0
18.506667  0.457441  0
18.533333  0.457298  0
18.560000  0.457155  0
18.586667  0.457012  0
18.613333  0.456869  0
18.640000  0.456726  0
18.666667  0.456583  0
18.693333  0.456440  0
18.720000  0.456297  0
18.746667  0.456153  0
18.773333  0.456010  0
18.800000  0.455867  0
18.826667  0.455724  0
18.853333  0.455581  0
18.880000  0.455438  0
18.906667  0.455295  0
18.933333  0.455152  0
18.960000  0.455009  0
18.986667  0.454865  0
19.013333  0.454722  0
19.040000  0.454579  0
19.066667  0.454436  0
19.093333  0.454293  0
19.120000  0.454150  0
19.146667  0.454007  0
19.173333  0.453864  0
19.200000  0.453721  0
19.226667  0.453577  0
19.253333  0.453434  0
19.280000  0.453291  0
19.306667  0.453148  0
19.333333  0.453005  0
19.360000  0.452862  0
19.386667  0.452719  0
19.413333  0.452576  0
19.440000  0.452433  0
19.466667  0.452289  0
19.493333  0.452146  0
19.520000  0.452003  0
19.546667  0.451860  0
19.573333  0.451717  0
19.600000  0.451574  0
19.626667  0.451431  0
19.653333  0.451288  0
19.680000  0.451145  0
19.706667  0.451001  0
19.733333  0.450858  0
19.760000  0.450715  0
19.786667  0.450572  0
19.813333  0.450429  0
19.840000  0.450286  0
19.866667  0.450143  0
19.893333  0.450000  0
19.920000  0.449857  0
19.946667  0.449713  0
19.973333  0.449570  0
20.000000  0.449427  0
20.026667  0.449284  0
20.053333  0.449141  0
20.080000  0.448998  0
20.106667  0.448855  0
20.133333  0.448712  0
20.160000  0.448569  0
20.186667  0.448425  0
20.213333  0.448282  0
20.240000  0.448139  0
20.266667  0.447996  0
20.293333  0.447853  0
20.320000  0.447710  0
20.346667  0.447567  0
20.373333  0.447424  0
20.400000  0.447281  0
20.426667  0.447137  0
20.453333  0.446994  0
20.480000  0.446851  0
20.506667  0.446708  0
20.533333  0.446565  0
20.560000  0.446422  0
20.586667  0.446279  0
20.613333  0.446136  0
20.640000  0.445993  0
20.666667  0.445849  0
20.693333  0.445706  0
20.720000  0.445563  0
20.746667  0.445420  0
20.773333  0.445277  0
20.800000  0.445134  0
20.826667  0.444991  0
20.853333  0.444848  0
20.880000  0.444705  0
20.906667  0.444561  0
20.933333  0.444418  0
20.960000  0.444275  0
20.986667  0.444132  0
21.013333  0.443989  0
21.040000  0.443846  0
21.066667  0.443703  0
21.093333  0.443560  0
21.120000  0.443417  0
21.146667  0.443273  0
21.173333  0.443130  0
21.200000  0.442987  0
21.226667  0.442844  0
21.253333  0.442701  0
21.280000  0.442558  0
21.306667  0.442415  0
21.333333  0.442272  0
21.360000  0.442129  0
21.386667  0.441985  0
21.413333  0.441842  0
21.440000  0.441699  0
21.466667  0.441556  0
21.493333  0.441413  0
21.520000  0.441270  0
21.546667  0.441127  0
21.573333  0.440984  0
21.600000  0.440841  0
21.626667  0.440697  0
21.653333  0.440554  0
21.680000  0.440411  0
21.706667  0.440268  0
21.733333  0.440125  0
21.760000  0.439982  0
21.786667  0.439839  0
21.813333  0.439696  0
21.840000  0.439553  0
21.866667  0.439409  0
21.893333  0.439266  0
21.920000  0.439123  0
21.946667  0.438980  0
21.973333  0.438837  0
22.000000  0.438694  0
22.026667  0.438551  0
22.053333  0.438408  0
22.080000  0.438265  0
22.106667  0.438121  0
22.133333  0.437978  0
22.160000  0.437835  0
22.186667  0.437692  0
22.213333  0.437549  0
22.240000  0.437406  0
22.266667  0.437263  0
22.293333  0.437120  0
22.320000  0.436977  0
22.346667  0.436834  0
22.373333  0.436690  0
22.400000  0.436547  0
22.426667  0.436404  0
22.453333  0.436261  0
22.480000  0.436118  0
22.506667  0.435975  0
22.533333  0.435832  0
22.560000  0.435689  0
22.586667  0.435546  0
22.613333  0.435402  0
22.640000  0.435259  0
22.666667  0.435116  0
22.693333  0.434973  0
22.720000  0.434830  0
22.746667  0.434687  0
22.773333  0.434544  0
22.800000  0.434401  0
22.826667  0.434258  0
22.853333  0.434114  0
22.880000  0.433971  0
22.906667  0.433828  0
22.933333  0.433685  0
22.960000  0.433542  0
22.986667  0.433399  0
23.013333  0.433256  0
23.040000  0.433113  0
23.066667  0.432970  0
23.093333  0.432826  0
23.120000  0.432683  0
23.146667  0.432540  0
23.173333  0.432397  0
23.200000  0.432254  0
23.226667  0.432111  0
23.253333  0.431968  0
23.280000  0.431825  0
23.306667  0.431682  0
23.333333  0.431538  0
23.360000  0.431395  0
23.386667  0.431252  0
23.413333  0.431109  0
23.440000  0.430966  0
23.466667  0.430823  0
23.493333  0.430680  0
23.520000  0.430537  0
23.546667  0.430394  0
23.573333  0.430250  0
23.600000  0.430107  0
23.626667  0.429964  0
23.653333  0.429821  0
23.680000  0.429678  0
23.706667  0.429535  0
23.733333  0.429392  0
23.760000  0.429249  0
23.786667  0.429106  0
