2.693333  0.982871  0
2.720000  0.979752  0
2.746667  0.976634  0
2.773333  0.973516  0
2.800000  0.970398  0
2.826667  0.967280  0
2.853333  0.964161  0
2.880000  0.961043  0
2.906667  0.957925  0
2.933333  0.954807  0
2.960000  0.951688  0
2.986667  0.948570  0
3.013333  0.945452  0
3.040000  0.942334  0
3.066667  0.939216  0
3.093333  0.936004  0
3.120000  0.932483  0
3.146667  0.928962  0
3.173333  0.925441  0
3.200000  0.921920  0
3.226667  0.918399  0
3.253333  0.914878  0
3.280000  0.911357  0
3.306667  0.907836  0
3.333333  0.904315  0
3.360000  0.900794  0
3.386667  0.897274  0
3.413333  0.893753  0
3.440000  0.890232  0
3.466667  0.886711  0
3.493333  0.883190  0
3.520000  0.879669  0
3.546667  0.876135  0
3.573333  0.872450  0
3.600000  0.868765  0
3.626667  0.865080  0
3.653333  0.861394  0
3.680000  0.857709  0
3.706667  0.854024  0
3.733333  0.850339  0
3.760000  0.846653  0
3.786667  0.842968  0
3.813333  0.839283  0
3.840000  0.835598  0
3.866667  0.831913  0
3.893333  0.828227  0
3.920000  0.824542  0
3.946667  0.820857  0
3.973333  0.816802  0
4.000000  0.812350  0
4.026667  0.807899  0
4.053333  0.803447  0
4.080000  0.798995  0
4.106667  0.794543  0
4.133333  0.790092  0
4.160000  0.785640  0
4.186667  0.781188  0
4.213333  0.776736  0
4.240000  0.772285  0
4.266667  0.767833  0
4.293333  0.763377  0
4.320000  0.758314  0
4.346667  0.753251  0
4.373333  0.748188  0
4.400000  0.743125  0
4.426667  0.738062  0
4.453333  0.732999  0
4.480000  0.727936  0
4.506667  0.722873  0
4.533333  0.717810  0
4.560000  0.712747  0
4.586667  0.709164  0
4.613333  0.705803  0
4.640000  0.702442  0
4.666667  0.699082  0
4.693333  0.695721  0
4.720000  0.692361  0
4.746667  0.689000  0
4.773333  0.685639  0
4.800000  0.682279  0
4.826667  0.678918  0
4.853333  0.675557  0
4.880000  0.672197  0
4.906667  0.669327  0
4.933333  0.667217  0
4.960000  0.665106  0
4.986667  0.662996  0
5.013333  0.660886  0
5.040000  0.658775  0
5.066667  0.656665  0
5.093333  0.654554  0
5.120000  0.652444  0
5.146667  0.650333  0
5.173333  0.648223  0
5.200000  0.646112  0
5.226667  0.644002  0
5.253333  0.641892  0
5.280000  0.639781  0
5.306667  0.637804  0
5.333333  0.635925  0
5.360000  0.634046  0
5.386667  0.632167  0
5.413333  0.630288  0
5.440000  0.628409  0
5.466667  0.626530  0
5.493333  0.624650  0
5.520000  0.622771  0
5.546667  0.620892  0
5.573333  0.619013  0
5.600000  0.617134  0
5.626667  0.615255  0
5.653333  0.613376  0
5.680000  0.611763  0
5.706667  0.610374  0
5.733333  0.608986  0
5.760000  0.607598  0
5.786667  0.606209  0
5.813333  0.604821  0
5.840000  0.603433  0
5.866667  0.602045  0
5.893333  0.600656  0
5.920000  0.599268  0
5.946667  0.597880  0
5.973333  0.596491  0
6.000000  0.595103  0
6.026667  0.593715  0
6.053333  0.592327  0
6.080000  0.590938  0
6.106667  0.589550  0
6.133333  0.588162  0
6.160000  0.586814  0
6.186667  0.585491  0
6.213333  0.584169  0
6.240000  0.582847  0
6.266667  0.581524  0
6.293333  0.580202  0
6.320000  0.578880  0
6.346667  0.577557  0
6.373333  0.576235  0
6.400000  0.574913  0
6.426667  0.573590  0
6.453333  0.572268  0
6.480000  0.570946  0
6.506667  0.569623  0
6.533333  0.568301  0
6.560000  0.566979  0
6.586667  0.565656  0
6.613333  0.564334  0
6.640000  0.563368  0
6.666667  0.562575  0
6.693333  0.561783  0
6.720000  0.560990  0
6.746667  0.560198  0
6.773333  0.559405  0
6.800000  0.558613  0
6.826667  0.557820  0
6.853333  0.557027  0
6.880000  0.556235  0
6.906667  0.555442  0
6.933333  0.554650  0
6.960000  0.553857  0
6.986667  0.553065  0
7.013333  0.552272  0
7.040000  0.551480  0
7.066667  0.550687  0
7.093333  0.549894  0
7.120000  0.549102  0
7.146667  0.548309  0
7.173333  0.547517  0
7.200000  0.546724  0
7.226667  0.545932  0
7.253333  0.545139  0
7.280000  0.544347  0
7.306667  0.543554  0
7.333333  0.542555  0
7.360000  0.541542  0
7.386667  0.540529  0
7.413333  0.539517  0
7.440000  0.538504  0
7.466667  0.537492  0
7.493333  0.536479  0
7.520000  0.535466  0
7.546667  0.534454  0
7.573333  0.533441  0
7.600000  0.532429  0
7.626667  0.531416  0
7.653333  0.530496  0
7.680000  0.529684  0
7.706667  0.528871  0
7.733333  0.528058  0
7.760000  0.527246  0
7.786667  0.526433  0
7.813333  0.525620  0
7.840000  0.524808  0
7.866667  0.523995  0
7.893333  0.523182  0
7.920000  0.522486  0
7.946667  0.522031  0
7.973333  0.521575  0
8.000000  0.521120  0
8.026667  0.520664  0
8.053333  0.520209  0
8.080000  0.519753  0
8.106667  0.519297  0
8.133333  0.518842  0
8.160000  0.518386  0
8.186667  0.517931  0
8.213333  0.517475  0
8.240000  0.517020  0
8.266667  0.516564  0
8.293333  0.516108  0
8.320000  0.515653  0
8.346667  0.515197  0
8.373333  0.514742  0
8.400000  0.514286  0
8.426667  0.513831  0
8.453333  0.513375  0
8.480000  0.512798  0
8.506667  0.511898  0
8.533333  0.510999  0
8.560000  0.510099  0
8.586667  0.509199  0
8.613333  0.508300  0
8.640000  0.507400  0
8.666667  0.506500  0
8.693333  0.505601  0
8.720000  0.504701  0
8.746667  0.503801  0
8.773333  0.502902  0
8.800000  0.502151  0
8.826667  0.501508  0
8.853333  0.500866  0
8.880000  0.500223  0
8.906667  0.499581  0
8.933333  0.498938  0
8.960000  0.498296  0
8.986667  0.497653  0
9.013333  0.497011  0
9.040000  0.496368  0
9.066667  0.495726  0
9.093333  0.495083  0
9.120000  0.494498  0
9.146667  0.494414  0
9.173333  0.494331  0
9.200000  0.494248  0
9.226667  0.494164  0
9.253333  0.494081  0
9.280000  0.493998  0
9.306667  0.493914  0
9.333333  0.493831  0
9.360000  0.493748  0
9.386667  0.493664  0
9.413333  0.493581  0
9.440000  0.493498  0
9.466667  0.493414  0
9.493333  0.493331  0
9.520000  0.493248  0
9.546667  0.493164  0
9.573333  0.493081  0
9.600000  0.493042  0
9.626667  0.493228  0
9.653333  0.493414  0
9.680000  0.493600  0
9.706667  0.493785  0
9.733333  0.493971  0
9.760000  0.494157  0
9.786667  0.494343  0
9.813333  0.494529  0
9.840000  0.494714  0
9.866667  0.494900  0
9.893333  0.495086  0
9.920000  0.495272  0
9.946667  0.495457  0
9.973333  0.495643  0
10.000000  0.495829  0
10.026667  0.496015  0
10.053333  0.496198  0
10.080000  0.496188  0
10.106667  0.496178  0
10.133333  0.496168  0
10.160000  0.496157  0
10.186667  0.496147  0
10.213333  0.496137  0
10.240000  0.496127  0
10.266667  0.496117  0
10.293333  0.496107  0
10.320000  0.496096  0
10.346667  0.496086  0
10.373333  0.496076  0
10.400000  0.496066  0
10.426667  0.496056  0
10.453333  0.496046  0
10.480000  0.496035  0
10.506667  0.496025  0
10.533333  0.496015  0
10.560000  0.496005  0
10.586667  0.495995  0
10.613333  0.495985  0
10.640000  0.495974  0
10.666667  0.495964  0
10.693333  0.495954  0
10.720000  0.495944  0
10.746667  0.495934  0
10.773333  0.495923  0
10.800000  0.495913  0
10.826667  0.495903  0
10.853333  0.495893  0
10.880000  0.495883  0
10.906667  0.495653  0
10.933333  0.495376  0
10.960000  0.495098  0
10.986667  0.494821  0
11.013333  0.494544  0
11.040000  0.494266  0
11.066667  0.493989  0
11.093333  0.493712  0
11.120000  0.493434  0
11.146667  0.493157  0
11.173333  0.492879  0
11.200000  0.492602  0
11.226667  0.492325  0
11.253333  0.492047  0
11.280000  0.491770  0
11.306667  0.491493  0
11.333333  0.491215  0
11.360000  0.490938  0
11.386667  0.490660  0
11.413333  0.490383  0
11.440000  0.490106  0
11.466667  0.489828  0
11.493333  0.489551  0
11.520000  0.489274  0
11.546667  0.488996  0
11.573333  0.488719  0
11.600000  0.488441  0
11.626667  0.488164  0
11.653333  0.487887  0
11.680000  0.487569  0
11.706667  0.487082  0
11.733333  0.486594  0
11.760000  0.486107  0
11.786667  0.485619  0
11.813333  0.485132  0
11.840000  0.484645  0
11.866667  0.484157  0
11.893333  0.483670  0
11.920000  0.483182  0
11.946667  0.482695  0
11.973333  0.482207  0
12.000000  0.481720  0
12.026667  0.481232  0
12.053333  0.480745  0
12.080000  0.480257  0
12.106667  0.479770  0
12.133333  0.479282  0
12.160000  0.478795  0
12.186667  0.478308  0
12.213333  0.477820  0
12.240000  0.477364  0
12.266667  0.477107  0
12.293333  0.476850  0
12.320000  0.476593  0
12.346667  0.476336  0
12.373333  0.476079  0
12.400000  0.475822  0
12.426667  0.475566  0
12.453333  0.475309  0
12.480000  0.475052  0
12.506667  0.474795  0
12.533333  0.474538  0
12.560000  0.474281  0
12.586667  0.474024  0
12.613333  0.473767  0
12.640000  0.473510  0
12.666667  0.473253  0
12.693333  0.472996  0
12.720000  0.472739  0
12.746667  0.472482  0
12.773333  0.472225  0
12.800000  0.471968  0
12.826667  0.471711  0
12.853333  0.471454  0
12.880000  0.471197  0
12.906667  0.470940  0
12.933333  0.470684  0
12.960000  0.470427  0
12.986667  0.470170  0
13.013333  0.469913  0
13.040000  0.469656  0
13.066667  0.469399  0
13.093333  0.469274  0
13.120000  0.469156  0
13.146667  0.469038  0
13.173333  0.468921  0
13.200000  0.468803  0
13.226667  0.468686  0
13.253333  0.468568  0
13.280000  0.468450  0
13.306667  0.468333  0
13.333333  0.468215  0
13.360000  0.468097  0
13.386667  0.467980  0
13.413333  0.467862  0
13.440000  0.467744  0
13.466667  0.467627  0
13.493333  0.467509  0
13.520000  0.467392  0
13.546667  0.467274  0
13.573333  0.467156  0
13.600000  0.467039  0
13.626667  0.466921  0
13.653333  0.466803  0
13.680000  0.466686  0
13.706667  0.466568  0
13.733333  0.466451  0
13.760000  0.466333  0
13.786667  0.466215  0
13.813333  0.466098  0
13.840000  0.465980  0
13.866667  0.465862  0
13.893333  0.465745  0
13.920000  0.465627  0
13.946667  0.465509  0
13.973333  0.465392  0
14.000000  0.465274  0
14.026667  0.465157  0
14.053333  0.465039  0
14.080000  0.464921  0
14.106667  0.464804  0
14.133333  0.464686  0
14.160000  0.464568  0
14.186667  0.464451  0
14.213333  0.464333  0
14.240000  0.464216  0
14.266667  0.464098  0
14.293333  0.463980  0
14.320000  0.463863  0
14.346667  0.463745  0
14.373333  0.463627  0
14.400000  0.463510  0
14.426667  0.463392  0
14.453333  0.463275  0
14.480000  0.463157  0
14.506667  0.463039  0
14.533333  0.462922  0
14.560000  0.462804  0
14.586667  0.462686  0
14.613333  0.462569  0
14.640000  0.462451  0
14.666667  0.462333  0
14.693333  0.462216  0
14.720000  0.462098  0
14.746667  0.461981  0
14.773333  0.461863  0
14.800000  0.461745  0
14.826667  0.461628  0
14.853333  0.461510  0
14.880000  0.461392  0
14.906667  0.461275  0
14.933333  0.461157  0
14.960000  0.461040  0
14.986667  0.460922  0
15.013333  0.460804  0
15.040000  0.460687  0
15.066667  0.460569  0
15.093333  0.460451  0
15.120000  0.460334  0
15.146667  0.460216  0
15.173333  0.460098  0
15.200000  0.459981  0
15.226667  0.459863  0
15.253333  0.459747  0
15.280000  0.459656  0
15.306667  0.459565  0
15.333333  0.459474  0
15.360000  0.459383  0
15.386667  0.459292  0
15.413333  0.459201  0
15.440000  0.459110  0
15.466667  0.459019  0
15.493333  0.458928  0
15.520000  0.458837  0
15.546667  0.458746  0
15.573333  0.458655  0
15.600000  0.458564  0
15.626667  0.458472  0
15.653333  0.458381  0
15.680000  0.458290  0
15.706667  0.458199  0
15.733333  0.458108  0
15.760000  0.458017  0
15.786667  0.457926  0
15.813333  0.457835  0
15.840000  0.457744  0
15.866667  0.457653  0
15.893333  0.457562  0
15.920000  0.457471  0
15.946667  0.457380  0
15.973333  0.457288  0
16.000000  0.457197  0
16.026667  0.457106  0
16.053333  0.457015  0
16.080000  0.456924  0
16.106667  0.456833  0
16.133333  0.456742  0
16.160000  0.456651  0
16.186667  0.456560  0
16.213333  0.456469  0
16.240000  0.456378  0
16.266667  0.456287  0
16.293333  0.456196  0
16.320000  0.456105  0
16.346667  0.456013  0
16.373333  0.455922  0
16.400000  0.455831  0
16.426667  0.455740  0
16.453333  0.455649  0
16.480000  0.455558  0
16.506667  0.455467  0
16.533333  0.455376  0
16.560000  0.455285  0
16.586667  0.455194  0
16.613333  0.455103  0
16.640000  0.455012  0
16.666667  0.454921  0
16.693333  0.454829  0
16.720000  0.454738  0
16.746667  0.454647  0
16.773333  0.454556  0
16.800000  0.454465  0
16.826667  0.454374  0
16.853333  0.454283  0
16.880000  0.454192  0
16.906667  0.454101  0
16.933333  0.454010  0
16.960000  0.453919  0
16.986667  0.453828  0
17.013333  0.453737  0
17.040000  0.453646  0
17.066667  0.453554  0
17.093333  0.453463  0
17.120000  0.453372  0
17.146667  0.453281  0
17.173333  0.453190  0
17.200000  0.453099  0
17.226667  0.453008  0
17.253333  0.452917  0
17.280000  0.452826  0
17.306667  0.452735  0
17.333333  0.452644  0
17.360000  0.452553  0
17.386667  0.452462  0
17.413333  0.452370  0
17.440000  0.452279  0
17.466667  0.452188  0
17.493333  0.452097  0
17.520000  0.452006  0
17.546667  0.451915  0
17.573333  0.451824  0
17.600000  0.451733  0
17.626667  0.451642  0
17.653333  0.451551  0
17.680000  0.451460  0
17.706667  0.451369  0
17.733333  0.451278  0
17.760000  0.451187  0
17.786667  0.451095  0
17.813333  0.451010  0
17.840000  0.450954  0
17.866667  0.450898  0
17.893333  0.450843  0
17.920000  0.450787  0
17.946667  0.450731  0
17.973333  0.450675  0
18.000000  0.450619  0
18.026667  0.450563  0
18.053333  0.450508  0
18.080000  0.450452  0
18.106667  0.450396  0
18.133333  0.450340  0
18.160000  0.450284  0
18.186667  0.450228  0
18.213333  0.450173  0
18.240000  0.450117  0
18.266667  0.450061  0
18.293333  0.450005  0
18.320000  0.449949  0
18.346667  0.449894  0
18.373333  0.449838  0
18.400000  0.449782  0
18.426667  0.449726  0
18.453333  0.449670  0
18.480000  0.449614  0
18.506667  0.449559  0
18.533333  0.449503  0
18.560000  0.449447  0
18.586667  0.449391  0
18.613333  0.449335  0
18.640000  0.449279  0
18.666667  0.449224  0
18.693333  0.449168  0
18.720000  0.449112  0
18.746667  0.449056  0
18.773333  0.449000  0
18.800000  0.448944  0
18.826667  0.448889  0
18.853333  0.448833  0
18.880000  0.448777  0
18.906667  0.448721  0
18.933333  0.448665  0
18.960000  0.448610  0
18.986667  0.448554  0
19.013333  0.448498  0
19.040000  0.448442  0
19.066667  0.448386  0
19.093333  0.448330  0
19.120000  0.448275  0
19.146667  0.448219  0
19.173333  0.448163  0
19.200000  0.448107  0
19.226667  0.448051  0
19.253333  0.447995  0
19.280000  0.447940  0
19.306667  0.447884  0
19.333333  0.447828  0
19.360000  0.447772  0
19.386667  0.447716  0
