2.720000  0.840593  0
2.746667  0.839132  0
2.773333  0.836731  0
2.800000  0.833941  0
2.826667  0.831050  0
2.853333  0.828142  0
2.880000  0.825232  0
2.906667  0.822323  0
2.933333  0.819412  0
2.960000  0.816496  0
2.986667  0.813563  0
3.013333  0.810590  0
3.040000  0.807565  0
3.066667  0.804495  0
3.093333  0.801401  0
3.120000  0.798300  0
3.146667  0.795196  0
3.173333  0.792092  0
3.200000  0.788989  0
3.226667  0.785885  0
3.253333  0.782781  0
3.280000  0.779676  0
3.306667  0.776570  0
3.333333  0.773460  0
3.360000  0.770346  0
3.386667  0.767230  0
3.413333  0.764113  0
3.440000  0.760995  0
3.466667  0.757877  0
3.493333  0.754760  0
3.520000  0.751646  0
3.546667  0.748551  0
3.573333  0.745527  0
3.600000  0.742666  0
3.626667  0.740046  0
3.653333  0.737655  0
3.680000  0.735402  0
3.706667  0.733204  0
3.733333  0.731019  0
3.760000  0.728837  0
3.786667  0.726654  0
3.813333  0.724472  0
3.840000  0.722290  0
3.866667  0.720112  0
3.893333  0.717947  0
3.920000  0.715818  0
3.946667  0.713747  0
3.973333  0.711739  0
4.000000  0.709774  0
4.026667  0.707824  0
4.053333  0.705856  0
4.080000  0.703801  0
4.106667  0.701529  0
4.133333  0.698914  0
4.160000  0.695948  0
4.186667  0.692760  0
4.213333  0.689520  0
4.240000  0.686393  0
4.266667  0.683536  0
4.293333  0.681021  0
4.320000  0.678797  0
4.346667  0.676814  0
4.373333  0.675088  0
4.400000  0.673570  0
4.426667  0.672052  0
4.453333  0.670334  0
4.480000  0.668358  0
4.506667  0.666172  0
4.533333  0.663849  0
4.560000  0.661451  0
4.586667  0.659027  0
4.613333  0.656611  0
4.640000  0.654220  0
4.666667  0.651858  0
4.693333  0.649517  0
4.720000  0.647181  0
4.746667  0.644830  0
4.773333  0.642443  0
4.800000  0.640005  0
4.826667  0.637507  0
4.853333  0.634950  0
4.880000  0.632346  0
4.906667  0.629714  0
4.933333  0.627081  0
4.960000  0.624480  0
4.986667  0.621941  0
5.013333  0.619495  0
5.040000  0.617165  0
5.066667  0.614970  0
5.093333  0.612920  0
5.120000  0.611020  0
5.146667  0.609267  0
5.173333  0.607654  0
5.200000  0.606169  0
5.226667  0.604798  0
5.253333  0.603525  0
5.280000  0.602335  0
5.306667  0.601213  0
5.333333  0.600149  0
5.360000  0.599136  0
5.386667  0.598180  0
5.413333  0.597294  0
5.440000  0.596499  0
5.466667  0.595809  0
5.493333  0.595220  0
5.520000  0.594702  0
5.546667  0.594219  0
5.573333  0.593744  0
5.600000  0.593275  0
5.626667  0.592831  0
5.653333  0.592442  0
5.680000  0.592131  0
5.706667  0.591905  0
5.733333  0.591760  0
5.760000  0.591679  0
5.786667  0.591641  0
5.813333  0.591621  0
5.840000  0.591593  0
5.866667  0.591534  0
5.893333  0.591423  0
5.920000  0.591246  0
5.946667  0.590993  0
5.973333  0.590662  0
6.000000  0.590259  0
6.026667  0.589792  0
6.053333  0.589278  0
6.080000  0.588734  0
6.106667  0.588179  0
6.133333  0.587632  0
6.160000  0.587110  0
6.186667  0.586628  0
6.213333  0.586198  0
6.240000  0.585827  0
6.266667  0.585519  0
6.293333  0.585275  0
6.320000  0.585091  0
6.346667  0.584962  0
6.373333  0.584877  0
6.400000  0.584827  0
6.426667  0.584798  0
6.453333  0.584777  0
6.480000  0.584751  0
6.506667  0.584706  0
6.533333  0.584631  0
6.560000  0.584515  0
6.586667  0.584352  0
6.613333  0.584138  0
6.640000  0.583870  0
6.666667  0.583554  0
6.693333  0.583196  0
6.720000  0.582805  0
6.746667  0.582394  0
6.773333  0.581977  0
6.800000  0.581567  0
6.826667  0.581173  0
6.853333  0.580802  0
6.880000  0.580459  0
6.906667  0.580140  0
6.933333  0.579839  0
6.960000  0.579549  0
6.986667  0.579259  0
7.013333  0.578958  0
7.040000  0.578639  0
7.066667  0.578294  0
7.093333  0.577922  0
7.120000  0.577519  0
7.146667  0.577088  0
7.173333  0.576630  0
7.200000  0.576148  0
7.226667  0.575641  0
7.253333  0.575112  0
7.280000  0.574561  0
7.306667  0.573989  0
7.333333  0.573398  0
7.360000  0.572791  0
7.386667  0.572174  0
7.413333  0.571554  0
7.440000  0.570939  0
7.466667  0.570338  0
7.493333  0.569759  0
7.520000  0.569207  0
7.546667  0.568686  0
7.573333  0.568194  0
7.600000  0.567728  0
7.626667  0.567281  0
7.653333  0.566843  0
7.680000  0.566402  0
7.706667  0.565947  0
7.733333  0.565465  0
7.760000  0.564947  0
7.786667  0.564383  0
7.813333  0.563767  0
7.840000  0.563097  0
7.866667  0.562373  0
7.893333  0.561598  0
7.920000  0.560781  0
7.946667  0.559932  0
7.973333  0.559063  0
8.000000  0.558190  0
8.026667  0.557330  0
8.053333  0.556499  0
8.080000  0.555711  0
8.106667  0.554980  0
8.133333  0.554317  0
8.160000  0.553727  0
8.186667  0.553213  0
8.213333  0.552773  0
8.240000  0.552401  0
8.266667  0.552088  0
8.293333  0.551823  0
8.320000  0.551593  0
8.346667  0.551385  0
8.373333  0.551187  0
8.400000  0.550987  0
8.426667  0.550775  0
8.453333  0.550542  0
8.480000  0.550283  0
8.506667  0.549993  0
8.533333  0.549670  0
8.560000  0.549314  0
8.586667  0.548924  0
8.613333  0.548502  0
8.640000  0.548050  0
8.666667  0.547568  0
8.693333  0.547059  0
8.720000  0.546524  0
8.746667  0.545964  0
8.773333  0.545380  0
8.800000  0.544775  0
8.826667  0.544154  0
8.853333  0.543529  0
8.880000  0.542918  0
8.906667  0.542343  0
8.933333  0.541824  0
8.960000  0.541363  0
8.986667  0.540943  0
9.013333  0.540534  0
9.040000  0.540108  0
9.066667  0.539658  0
9.093333  0.539197  0
9.120000  0.538746  0
9.146667  0.538330  0
9.173333  0.537961  0
9.200000  0.537643  0
9.226667  0.537375  0
9.253333  0.537149  0
9.280000  0.536958  0
9.306667  0.536791  0
9.333333  0.536637  0
9.360000  0.536486  0
9.386667  0.536327  0
9.413333  0.536151  0
9.440000  0.535951  0
9.466667  0.535719  0
9.493333  0.535452  0
9.520000  0.535144  0
9.546667  0.534794  0
9.573333  0.534400  0
9.600000  0.533961  0
9.626667  0.533478  0
9.653333  0.532953  0
9.680000  0.532389  0
9.706667  0.531789  0
9.733333  0.531160  0
9.760000  0.530508  0
9.786667  0.529838  0
9.813333  0.529160  0
9.840000  0.528482  0
9.866667  0.527811  0
9.893333  0.527159  0
9.920000  0.526534  0
9.946667  0.525948  0
9.973333  0.525411  0
10.000000  0.524933  0
10.026667  0.524525  0
10.053333  0.524193  0
10.080000  0.523942  0
10.106667  0.523772  0
10.133333  0.523679  0
10.160000  0.523655  0
10.186667  0.523684  0
10.213333  0.523749  0
10.240000  0.523830  0
10.266667  0.523906  0
10.293333  0.523958  0
10.320000  0.523969  0
10.346667  0.523927  0
10.373333  0.523826  0
10.400000  0.523663  0
10.426667  0.523444  0
10.453333  0.523176  0
10.480000  0.522872  0
10.506667  0.522545  0
10.533333  0.522211  0
10.560000  0.521885  0
10.586667  0.521578  0
10.613333  0.521304  0
10.640000  0.521068  0
10.666667  0.520875  0
10.693333  0.520726  0
10.720000  0.520619  0
10.746667  0.520547  0
10.773333  0.520503  0
10.800000  0.520478  0
10.826667  0.520464  0
10.853333  0.520451  0
10.880000  0.520433  0
10.906667  0.520403  0
10.933333  0.520357  0
10.960000  0.520294  0
10.986667  0.520211  0
11.013333  0.520108  0
11.040000  0.519987  0
11.066667  0.519848  0
11.093333  0.519691  0
11.120000  0.519516  0
11.146667  0.519326  0
11.173333  0.519119  0
11.200000  0.518897  0
11.226667  0.518661  0
11.253333  0.518412  0
11.280000  0.518155  0
11.306667  0.517891  0
11.333333  0.517625  0
11.360000  0.517362  0
11.386667  0.517107  0
11.413333  0.516863  0
11.440000  0.516634  0
11.466667  0.516422  0
11.493333  0.516229  0
11.520000  0.516052  0
11.546667  0.515891  0
11.573333  0.515741  0
11.600000  0.515599  0
11.626667  0.515461  0
11.653333  0.515327  0
11.680000  0.515196  0
11.706667  0.515073  0
11.733333  0.514963  0
11.760000  0.514877  0
11.786667  0.514825  0
11.813333  0.514817  0
11.840000  0.514864  0
11.866667  0.514970  0
11.893333  0.515139  0
11.920000  0.515367  0
11.946667  0.515648  0
11.973333  0.515968  0
12.000000  0.516312  0
12.026667  0.516661  0
12.053333  0.516997  0
12.080000  0.517301  0
12.106667  0.517558  0
12.133333  0.517757  0
12.160000  0.517890  0
12.186667  0.517956  0
12.213333  0.517957  0
12.240000  0.517899  0
12.266667  0.517790  0
12.293333  0.517643  0
12.320000  0.517466  0
12.346667  0.517271  0
12.373333  0.517066  0
12.400000  0.516858  0
12.426667  0.516651  0
12.453333  0.516447  0
12.480000  0.516248  0
12.506667  0.516053  0
12.533333  0.515860  0
12.560000  0.515668  0
12.586667  0.515474  0
12.613333  0.515277  0
12.640000  0.515076  0
12.666667  0.514870  0
12.693333  0.514658  0
12.720000  0.514440  0
12.746667  0.514214  0
12.773333  0.513981  0
12.800000  0.513738  0
12.826667  0.513486  0
12.853333  0.513224  0
12.880000  0.512950  0
12.906667  0.512666  0
12.933333  0.512371  0
12.960000  0.512067  0
12.986667  0.511754  0
13.013333  0.511434  0
13.040000  0.511110  0
13.066667  0.510783  0
13.093333  0.510456  0
13.120000  0.510129  0
13.146667  0.509804  0
13.173333  0.509481  0
13.200000  0.509162  0
13.226667  0.508846  0
13.253333  0.508536  0
13.280000  0.508236  0
13.306667  0.507948  0
13.333333  0.507677  0
13.360000  0.507428  0
13.386667  0.507207  0
13.413333  0.507015  0
13.440000  0.506855  0
13.466667  0.506727  0
13.493333  0.506628  0
13.520000  0.506554  0
13.546667  0.506501  0
13.573333  0.506461  0
13.600000  0.506427  0
13.626667  0.506393  0
13.653333  0.506352  0
13.680000  0.506300  0
13.706667  0.506233  0
13.733333  0.506148  0
13.760000  0.506047  0
13.786667  0.505931  0
13.813333  0.505805  0
13.840000  0.505675  0
13.866667  0.505549  0
13.893333  0.505434  0
13.920000  0.505339  0
13.946667  0.505267  0
13.973333  0.505224  0
14.000000  0.505209  0
14.026667  0.505221  0
14.053333  0.505254  0
14.080000  0.505300  0
14.106667  0.505351  0
14.133333  0.505397  0
14.160000  0.505426  0
14.186667  0.505429  0
14.213333  0.505399  0
14.240000  0.505331  0
14.266667  0.505221  0
14.293333  0.505072  0
14.320000  0.504888  0
14.346667  0.504678  0
14.373333  0.504455  0
14.400000  0.504237  0
14.426667  0.504044  0
14.453333  0.503897  0
14.480000  0.503817  0
14.506667  0.503502  0
14.533333  0.503187  0
14.560000  0.502872  0
14.586667  0.502557  0
14.613333  0.502241  0
14.640000  0.501926  0
14.666667  0.501611  0
14.693333  0.501296  0
14.720000  0.500981  0
14.746667  0.500666  0
14.773333  0.500350  0
14.800000  0.500035  0
14.826667  0.499720  0
14.853333  0.499405  0
14.880000  0.499090  0
14.906667  0.498774  0
14.933333  0.498459  0
14.960000  0.498144  0
14.986667  0.497829  0
15.013333  0.497514  0
15.040000  0.497199  0
15.066667  0.496883  0
15.093333  0.496568  0
15.120000  0.496253  0
15.146667  0.495938  0
15.173333  0.495623  0
15.200000  0.495308  0
15.226667  0.494992  0
15.253333  0.494677  0
15.280000  0.494362  0
15.306667  0.494047  0
15.333333  0.493732  0
15.360000  0.493417  0
15.386667  0.493101  0
15.413333  0.492786  0
15.440000  0.492471  0
15.466667  0.492156  0
15.493333  0.491841  0
15.520000  0.491526  0
15.546667  0.491210  0
15.573333  0.490895  0
15.600000  0.490580  0
15.626667  0.490265  0
15.653333  0.489950  0
15.680000  0.489635  0
15.706667  0.489319  0
15.733333  0.489004  0
15.760000  0.488689  0
15.786667  0.488374  0
15.813333  0.488059  0
15.840000  0.487744  0
15.866667  0.487428  0
15.893333  0.487113  0
15.920000  0.486796  0
15.946667  0.486473  0
15.973333  0.486149  0
16.000000  0.485826  0
16.026667  0.485503  0
16.053333  0.485179  0
16.080000  0.484856  0
16.106667  0.484533  0
16.133333  0.484209  0
16.160000  0.483886  0
16.186667  0.483563  0
16.213333  0.483240  0
16.240000  0.482916  0
16.266667  0.482593  0
16.293333  0.482270  0
16.320000  0.481946  0
16.346667  0.481623  0
16.373333  0.481300  0
16.400000  0.480976  0
16.426667  0.480653  0
16.453333  0.480330  0
16.480000  0.480007  0
16.506667  0.479683  0
16.533333  0.479360  0
16.560000  0.479037  0
16.586667  0.478713  0
16.613333  0.478390  0
16.640000  0.478067  0
16.666667  0.477743  0
16.693333  0.477420  0
16.720000  0.477097  0
16.746667  0.476773  0
16.773333  0.476450  0
16.800000  0.476127  0
16.826667  0.475804  0
16.853333  0.475480  0
16.880000  0.475157  0
16.906667  0.474834  0
16.933333  0.474510  0
16.960000  0.474187  0
16.986667  0.473864  0
17.013333  0.473540  0
17.040000  0.473420  0
17.066667  0.473328  0
17.093333  0.473235  0
17.120000  0.473143  0
17.146667  0.473050  0
17.173333  0.472958  0
17.200000  0.472866  0
17.226667  0.472773  0
17.253333  0.472681  0
17.280000  0.472589  0
17.306667  0.472496  0
17.333333  0.472404  0
17.360000  0.472311  0
17.386667  0.472219  0
17.413333  0.472127  0
17.440000  0.472034  0
17.466667  0.471942  0
17.493333  0.471850  0
17.520000  0.471757  0
17.546667  0.471665  0
17.573333  0.471572  0
17.600000  0.471480  0
17.626667  0.471388  0
17.653333  0.471295  0
17.680000  0.471203  0
17.706667  0.471111  0
17.733333  0.471018  0
17.760000  0.470926  0
17.786667  0.470833  0
17.813333  0.470741  0
17.840000  0.470649  0
17.866667  0.470556  0
17.893333  0.470464  0
17.920000  0.470372  0
17.946667  0.470279  0
17.973333  0.470187  0
18.000000  0.470094  0
18.026667  0.470002  0
18.053333  0.469910  0
18.080000  0.469817  0
18.106667  0.469725  0
18.133333  0.469633  0
18.160000  0.469540  0
18.186667  0.469448  0
18.213333  0.469355  0
18.240000  0.469263  0
18.266667  0.469171  0
18.293333  0.469078  0
18.320000  0.468870  0
18.346667  0.468583  0
18.373333  0.468296  0
18.400000  0.468009  0
18.426667  0.467722  0
18.453333  0.467436  0
18.480000  0.467149  0
18.506667  0.466862  0
18.533333  0.466575  0
18.560000  0.466288  0
18.586667  0.466001  0
18.613333  0.465714  0
18.640000  0.465427  0
18.666667  0.465141  0
18.693333  0.464854  0
18.720000  0.464567  0
18.746667  0.464280  0
18.773333  0.463993  0
18.800000  0.463706  0
18.826667  0.463419  0
18.853333  0.463132  0
18.880000  0.462846  0
18.906667  0.462559  0
18.933333  0.462272  0
18.960000  0.461985  0
18.986667  0.461698  0
19.013333  0.461411  0
19.040000  0.461124  0
19.066667  0.460837  0
19.093333  0.460551  0
19.120000  0.460264  0
19.146667  0.459977  0
19.173333  0.459690  0
19.200000  0.459403  0
19.226667  0.459116  0
19.253333  0.458829  0
19.280000  0.458542  0
19.306667  0.458256  0
19.333333  0.457969  0
19.360000  0.457682  0
19.386667  0.457395  0
19.413333  0.457108  0
19.440000  0.456821  0
19.466667  0.456534  0
19.493333  0.456247  0
19.520000  0.455961  0
19.546667  0.455674  0
19.573333  0.455387  0
19.600000  0.455100  0
19.626667  0.454813  0
19.653333  0.454526  0
19.680000  0.454239  0
19.706667  0.453952  0
19.733333  0.453666  0
19.760000  0.453295  0
19.786667  0.452553  0
19.813333  0.451811  0
19.840000  0.451070  0
19.866667  0.450328  0
19.893333  0.449586  0
19.920000  0.448845  0
19.946667  0.448103  0
19.973333  0.447361  0
20.000000  0.446619  0
20.026667  0.445878  0
20.053333  0.445136  0
20.080000  0.444394  0
20.106667  0.443653  0
20.133333  0.442911  0
20.160000  0.442169  0
20.186667  0.441428  0
20.213333  0.440686  0
20.240000  0.439944  0
20.266667  0.439203  0
20.293333  0.438461  0
20.320000  0.437719  0
20.346667  0.436977  0
20.373333  0.436236  0
20.400000  0.435494  0
20.426667  0.434752  0
20.453333  0.434011  0
20.480000  0.433269  0
20.506667  0.432527  0
20.533333  0.431786  0
20.560000  0.431044  0
20.586667  0.430302  0
20.613333  0.429560  0
20.640000  0.428819  0
20.666667  0.428077  0
20.693333  0.427335  0
20.720000  0.426594  0
20.746667  0.425852  0
20.773333  0.425110  0
20.800000  0.424425  0
20.826667  0.424244  0
20.853333  0.424063  0
20.880000  0.423883  0
20.906667  0.423702  0
20.933333  0.423521  0
20.960000  0.423341  0
20.986667  0.423160  0
21.013333  0.422980  0
21.040000  0.422799  0
21.066667  0.422618  0
21.093333  0.422438  0
21.120000  0.422257  0
21.146667  0.422077  0
21.173333  0.421896  0
21.200000  0.421715  0
21.226667  0.421535  0
21.253333  0.421354  0
21.280000  0.421174  0
21.306667  0.420993  0
21.333333  0.420812  0
21.360000  0.420632  0
21.386667  0.420451  0
21.413333  0.420271  0
21.440000  0.420090  0
21.466667  0.419909  0
21.493333  0.419729  0
21.520000  0.419548  0
21.546667  0.419368  0
21.573333  0.419187  0
21.600000  0.419006  0
21.626667  0.418826  0
21.653333  0.418645  0
21.680000  0.418465  0
21.706667  0.418284  0
21.733333  0.418103  0
21.760000  0.417923  0
21.786667  0.417742  0
21.813333  0.417562  0
21.840000  0.417381  0
21.866667  0.417200  0
21.893333  0.417020  0
21.920000  0.416839  0
21.946667  0.416659  0
21.973333  0.416478  0
22.000000  0.416297  0
22.026667  0.416117  0
22.053333  0.415936  0
22.080000  0.415756  0
22.106667  0.415575  0
22.133333  0.415394  0
22.160000  0.415214  0
22.186667  0.415033  0
22.213333  0.414852  0
22.240000  0.414672  0
22.266667  0.414491  0
22.293333  0.414311  0
22.320000  0.414130  0
22.346667  0.413949  0
22.373333  0.413769  0
22.400000  0.413588  0
22.426667  0.413408  0
22.453333  0.413227  0
22.480000  0.413046  0
22.506667  0.412866  0
22.533333  0.412685  0
22.560000  0.412505  0
22.586667  0.412324  0
22.613333  0.412143  0
22.640000  0.411963  0
22.666667  0.411782  0
22.693333  0.411602  0
22.720000  0.411421  0
22.746667  0.411240  0
22.773333  0.411060  0
22.800000  0.410879  0
22.826667  0.410699  0
22.853333  0.410518  0
22.880000  0.410337  0
22.906667  0.410157  0
22.933333  0.409976  0
22.960000  0.409796  0
22.986667  0.409615  0
23.013333  0.409434  0
23.040000  0.409254  0
23.066667  0.409073  0
23.093333  0.408893  0
23.120000  0.408712  0
23.146667  0.408531  0
23.173333  0.408351  0
23.200000  0.408170  0
23.226667  0.407990  0
23.253333  0.407809  0
23.280000  0.407628  0
23.306667  0.407448  0
23.333333  0.407267  0
23.360000  0.407087  0
23.386667  0.406906  0
23.413333  0.406725  0
23.440000  0.406545  0
23.466667  0.406364  0
23.493333  0.406183  0
23.520000  0.406003  0
23.546667  0.405822  0
23.573333  0.405642  0
23.600000  0.405461  0
23.626667  0.405280  0
23.653333  0.405100  0
23.680000  0.404919  0
23.706667  0.404739  0
23.733333  0.404558  0
23.760000  0.404377  0
23.786667  0.404387  0
23.813333  0.404402  0
23.840000  0.404417  0
23.866667  0.404431  0
23.893333  0.404446  0
23.920000  0.404461  0
23.946667  0.404475  0
23.973333  0.404490  0
24.000000  0.404504  0
24.026667  0.404519  0
24.053333  0.404534  0
24.080000  0.404548  0
24.106667  0.404563  0
24.133333  0.404577  0
24.160000  0.404592  0
24.186667  0.404607  0
24.213333  0.404621  0
24.240000  0.404636  0
24.266667  0.404651  0
24.293333  0.404665  0
24.320000  0.404680  0
24.346667  0.404694  0
24.373333  0.404709  0
24.400000  0.404724  0
24.426667  0.404738  0
24.453333  0.404753  0
24.480000  0.404768  0
24.506667  0.404782  0
24.533333  0.404797  0
24.560000  0.404811  0
24.586667  0.404826  0
24.613333  0.404841  0
24.640000  0.404855  0
24.666667  0.404870  0
24.693333  0.404885  0
24.720000  0.404899  0
24.746667  0.404914  0
24.773333  0.404928  0
24.800000  0.404943  0
24.826667  0.404958  0
24.853333  0.404972  0
24.880000  0.404987  0
24.906667  0.405002  0
24.933333  0.405016  0
24.960000  0.405031  0
24.986667  0.405045  0
25.013333  0.405060  0
25.040000  0.405075  0
25.066667  0.405089  0
25.093333  0.405104  0
25.120000  0.405119  0
25.146667  0.405133  0
25.173333  0.405148  0
25.200000  0.405162  0
25.226667  0.405177  0
25.253333  0.405192  0
25.280000  0.405206  0
25.306667  0.405221  0
25.333333  0.405235  0
25.360000  0.405250  0
25.386667  0.405265  0
25.413333  0.405279  0
25.440000  0.405294  0
25.466667  0.405309  0
25.493333  0.405323  0
25.520000  0.405338  0
25.546667  0.405352  0
25.573333  0.405367  0
25.600000  0.405382  0
25.626667  0.405396  0
25.653333  0.405411  0
25.680000  0.405426  0
25.706667  0.405440  0
25.733333  0.405455  0
25.760000  0.405469  0
25.786667  0.405484  0
25.813333  0.405499  0
25.840000  0.405513  0
25.866667  0.405528  0
25.893333  0.405543  0
25.920000  0.405557  0
25.946667  0.405572  0
25.973333  0.405586  0
26.000000  0.405601  0
26.026667  0.405616  0
26.053333  0.405630  0
26.080000  0.405645  0
26.106667  0.405660  0
26.133333  0.405674  0
26.160000  0.405689  0
26.186667  0.405703  0
26.213333  0.405718  0
26.240000  0.405733  0
26.266667  0.405747  0
26.293333  0.405762  0
26.320000  0.405776  0
26.346667  0.405791  0
26.373333  0.405806  0
26.400000  0.405820  0
26.426667  0.405835  0
26.453333  0.405850  0
26.480000  0.405864  0
26.506667  0.405879  0
26.533333  0.405893  0
26.560000  0.405908  0
26.586667  0.405923  0
26.613333  0.405937  0
26.640000  0.405952  0
26.666667  0.405967  0
26.693333  0.405981  0
26.720000  0.405996  0
26.746667  0.406010  0
26.773333  0.406025  0
26.800000  0.406040  0
26.826667  0.406054  0
26.853333  0.406069  0
26.880000  0.406084  0
26.906667  0.406098  0
26.933333  0.406113  0
26.960000  0.406127  0
26.986667  0.406142  0
27.013333  0.406157  0
27.040000  0.406171  0
27.066667  0.406186  0
27.093333  0.406201  0
27.120000  0.406215  0
27.146667  0.406230  0
27.173333  0.406244  0
27.200000  0.406259  0
27.226667  0.406274  0
27.253333  0.406288  0
27.280000  0.406303  0
27.306667  0.406317  0
27.333333  0.406332  0
27.360000  0.406347  0
27.386667  0.406361  0
27.413333  0.406376  0
27.440000  0.406391  0
27.466667  0.406405  0
27.493333  0.406420  0
27.520000  0.406434  0
27.546667  0.406449  0
27.573333  0.406464  0
27.600000  0.406478  0
27.626667  0.406493  0
27.653333  0.406508  0
27.680000  0.406522  0
27.706667  0.406537  0
27.733333  0.406551  0
27.760000  0.406566  0
27.786667  0.406581  0
27.813333  0.406595  0
