2.480000  0.986008  0
2.506667  0.981772  0
2.533333  0.977535  0
2.560000  0.973299  0
2.586667  0.969062  0
2.613333  0.964826  0
2.640000  0.960589  0
2.666667  0.956353  0
2.693333  0.952116  0
2.720000  0.947880  0
2.746667  0.943643  0
2.773333  0.939407  0
2.800000  0.935170  0
2.826667  0.930934  0
2.853333  0.926697  0
2.880000  0.922461  0
2.906667  0.918224  0
2.933333  0.913987  0
2.960000  0.909751  0
2.986667  0.905514  0
3.013333  0.901278  0
3.040000  0.897041  0
3.066667  0.893199  0
3.093333  0.889459  0
3.120000  0.885720  0
3.146667  0.881981  0
3.173333  0.878242  0
3.200000  0.874503  0
3.226667  0.870763  0
3.253333  0.867024  0
3.280000  0.863285  0
3.306667  0.859546  0
3.333333  0.855807  0
3.360000  0.852067  0
3.386667  0.848328  0
3.413333  0.844589  0
3.440000  0.840850  0
3.466667  0.837111  0
3.493333  0.833372  0
3.520000  0.829632  0
3.546667  0.824983  0
3.573333  0.820181  0
3.600000  0.815380  0
3.626667  0.810578  0
3.653333  0.805777  0
3.680000  0.800976  0
3.706667  0.796174  0
3.733333  0.791373  0
3.760000  0.786572  0
3.786667  0.781770  0
3.813333  0.776969  0
3.840000  0.772167  0
3.866667  0.767366  0
3.893333  0.762565  0
3.920000  0.757763  0
3.946667  0.752962  0
3.973333  0.747735  0
4.000000  0.742051  0
4.026667  0.736367  0
4.053333  0.730683  0
4.080000  0.724999  0
4.106667  0.719315  0
4.133333  0.713631  0
4.160000  0.707947  0
4.186667  0.702263  0
4.213333  0.696579  0
4.240000  0.690895  0
4.266667  0.685211  0
4.293333  0.679527  0
4.320000  0.673843  0
4.346667  0.668159  0
4.373333  0.662475  0
4.400000  0.656791  0
4.426667  0.651107  0
4.453333  0.645423  0
4.480000  0.640574  0
4.506667  0.635977  0
4.533333  0.631380  0
4.560000  0.626784  0
4.586667  0.622187  0
4.613333  0.617591  0
4.640000  0.612994  0
4.666667  0.608397  0
4.693333  0.603801  0
4.720000  0.599204  0
4.746667  0.594607  0
4.773333  0.590011  0
4.800000  0.585414  0
4.826667  0.580818  0
4.853333  0.576221  0
4.880000  0.572135  0
4.906667  0.570499  0
4.933333  0.568863  0
4.960000  0.567227  0
4.986667  0.565591  0
5.013333  0.563954  0
5.040000  0.562318  0
5.066667  0.560682  0
5.093333  0.559046  0
5.120000  0.557410  0
5.146667  0.555774  0
5.173333  0.554137  0
5.200000  0.552501  0
5.226667  0.550865  0
5.253333  0.549229  0
5.280000  0.547593  0
5.306667  0.545957  0
5.333333  0.544320  0
5.360000  0.542684  0
5.386667  0.541048  0
5.413333  0.539412  0
5.440000  0.537776  0
5.466667  0.536140  0
5.493333  0.534451  0
5.520000  0.532721  0
5.546667  0.530991  0
5.573333  0.529261  0
5.600000  0.527531  0
5.626667  0.525801  0
5.653333  0.524071  0
5.680000  0.522341  0
5.706667  0.520612  0
5.733333  0.518882  0
5.760000  0.517152  0
5.786667  0.515422  0
5.813333  0.513692  0
5.840000  0.511962  0
5.866667  0.510232  0
5.893333  0.508502  0
5.920000  0.506772  0
5.946667  0.505042  0
5.973333  0.503312  0
6.000000  0.501583  0
6.026667  0.499853  0
6.053333  0.498123  0
6.080000  0.496393  0
6.106667  0.494663  0
6.133333  0.492933  0
6.160000  0.491203  0
6.186667  0.489473  0
6.213333  0.487743  0
6.240000  0.486311  0
6.266667  0.485191  0
6.293333  0.484070  0
6.320000  0.482950  0
6.346667  0.481830  0
6.373333  0.480709  0
6.400000  0.479589  0
6.426667  0.478469  0
6.453333  0.477348  0
6.480000  0.476228  0
6.506667  0.475108  0
6.533333  0.473987  0
6.560000  0.472867  0
6.586667  0.471747  0
6.613333  0.470626  0
6.640000  0.469506  0
6.666667  0.468386  0
6.693333  0.467265  0
6.720000  0.466145  0
6.746667  0.465025  0
6.773333  0.463904  0
6.800000  0.462784  0
6.826667  0.461664  0
6.853333  0.460543  0
6.880000  0.459423  0
6.906667  0.458303  0
6.933333  0.457182  0
6.960000  0.456062  0
6.986667  0.454942  0
7.013333  0.453821  0
7.040000  0.452701  0
7.066667  0.451581  0
7.093333  0.450460  0
7.120000  0.449340  0
7.146667  0.448220  0
7.173333  0.447354  0
7.200000  0.446872  0
7.226667  0.446390  0
7.253333  0.445908  0
7.280000  0.445426  0
7.306667  0.444945  0
7.333333  0.444463  0
7.360000  0.443981  0
7.386667  0.443499  0
7.413333  0.443017  0
7.440000  0.442535  0
7.466667  0.442053  0
7.493333  0.441571  0
7.520000  0.441089  0
7.546667  0.440607  0
7.573333  0.440125  0
7.600000  0.439644  0
7.626667  0.439162  0
7.653333  0.438680  0
7.680000  0.438198  0
7.706667  0.437716  0
7.733333  0.437234  0
7.760000  0.436752  0
7.786667  0.436270  0
7.813333  0.435788  0
7.840000  0.435306  0
7.866667  0.434825  0
7.893333  0.434343  0
7.920000  0.433861  0
7.946667  0.433379  0
7.973333  0.432897  0
8.000000  0.432415  0
8.026667  0.431933  0
8.053333  0.431451  0
8.080000  0.430969  0
8.106667  0.430487  0
8.133333  0.430005  0
8.160000  0.429524  0
8.186667  0.429042  0
8.213333  0.428560  0
8.240000  0.428078  0
8.266667  0.427596  0
8.293333  0.427114  0
8.320000  0.426632  0
8.346667  0.426150  0
8.373333  0.425668  0
8.400000  0.425186  0
8.426667  0.424705  0
8.453333  0.424223  0
8.480000  0.423741  0
8.506667  0.423259  0
8.533333  0.422777  0
8.560000  0.422295  0
8.586667  0.421813  0
8.613333  0.421331  0
8.640000  0.420849  0
8.666667  0.420367  0
8.693333  0.419886  0
8.720000  0.419404  0
8.746667  0.418922  0
8.773333  0.418440  0
8.800000  0.417958  0
8.826667  0.417481  0
8.853333  0.417286  0
8.880000  0.417090  0
8.906667  0.416895  0
8.933333  0.416700  0
8.960000  0.416504  0
8.986667  0.416309  0
9.013333  0.416114  0
9.040000  0.415918  0
9.066667  0.415723  0
9.093333  0.415528  0
9.120000  0.415332  0
9.146667  0.415137  0
9.173333  0.414942  0
9.200000  0.414746  0
9.226667  0.414551  0
9.253333  0.414356  0
9.280000  0.414160  0
9.306667  0.413965  0
9.333333  0.413770  0
9.360000  0.413574  0
9.386667  0.413379  0
9.413333  0.413184  0
9.440000  0.412988  0
9.466667  0.412793  0
9.493333  0.412598  0
9.520000  0.412402  0
9.546667  0.412207  0
9.573333  0.412012  0
9.600000  0.411816  0
9.626667  0.411621  0
9.653333  0.411426  0
9.680000  0.411230  0
9.706667  0.411035  0
9.733333  0.410840  0
9.760000  0.410644  0
9.786667  0.410449  0
9.813333  0.410254  0
9.840000  0.410058  0
9.866667  0.409863  0
9.893333  0.409668  0
9.920000  0.409472  0
9.946667  0.409277  0
9.973333  0.409082  0
10.000000  0.408886  0
10.026667  0.408691  0
10.053333  0.408496  0
10.080000  0.408300  0
10.106667  0.408105  0
10.133333  0.407910  0
10.160000  0.407714  0
10.186667  0.407519  0
10.213333  0.407324  0
10.240000  0.407128  0
10.266667  0.406933  0
10.293333  0.406738  0
10.320000  0.406542  0
10.346667  0.406347  0
10.373333  0.406152  0
10.400000  0.405956  0
10.426667  0.405761  0
10.453333  0.405566  0
10.480000  0.405370  0
10.506667  0.405175  0
10.533333  0.404980  0
10.560000  0.404784  0
10.586667  0.404589  0
10.613333  0.404394  0
10.640000  0.404198  0
10.666667  0.404003  0
10.693333  0.403808  0
10.720000  0.403612  0
10.746667  0.403417  0
10.773333  0.403222  0
10.800000  0.403026  0
10.826667  0.402831  0
10.853333  0.402636  0
10.880000  0.402440  0
10.906667  0.402245  0
10.933333  0.402049  0
10.960000  0.401854  0
10.986667  0.401659  0
11.013333  0.401463  0
11.040000  0.401268  0
11.066667  0.401073  0
11.093333  0.400877  0
11.120000  0.400682  0
11.146667  0.400487  0
11.173333  0.400291  0
11.200000  0.400096  0
11.226667  0.399901  0
11.253333  0.399705  0
11.280000  0.399510  0
11.306667  0.399315  0
11.333333  0.399119  0
11.360000  0.398924  0
11.386667  0.398729  0
11.413333  0.398533  0
11.440000  0.398338  0
11.466667  0.398143  0
11.493333  0.397947  0
11.520000  0.397752  0
11.546667  0.397557  0
11.573333  0.397361  0
11.600000  0.397166  0
11.626667  0.396971  0
11.653333  0.396775  0
11.680000  0.396580  0
11.706667  0.396385  0
11.733333  0.396189  0
11.760000  0.395994  0
11.786667  0.395799  0
11.813333  0.395603  0
11.840000  0.395408  0
11.866667  0.395213  0
11.893333  0.395017  0
11.920000  0.394822  0
11.946667  0.394627  0
11.973333  0.394431  0
12.000000  0.394236  0
12.026667  0.394041  0
12.053333  0.393845  0
12.080000  0.393650  0
12.106667  0.393455  0
12.133333  0.393259  0
12.160000  0.393064  0
12.186667  0.392869  0
12.213333  0.392673  0
12.240000  0.392478  0
12.266667  0.392283  0
12.293333  0.392087  0
12.320000  0.391908  0
12.346667  0.391733  0
12.373333  0.391559  0
12.400000  0.391384  0
12.426667  0.391209  0
12.453333  0.391034  0
12.480000  0.390859  0
12.506667  0.390684  0
12.533333  0.390509  0
12.560000  0.390334  0
12.586667  0.390160  0
12.613333  0.389985  0
12.640000  0.389810  0
12.666667  0.389635  0
12.693333  0.389460  0
12.720000  0.389285  0
12.746667  0.389110  0
12.773333  0.388935  0
12.800000  0.388761  0
12.826667  0.388586  0
12.853333  0.388411  0
12.880000  0.388236  0
12.906667  0.388061  0
12.933333  0.387886  0
12.960000  0.387711  0
12.986667  0.387536  0
13.013333  0.387362  0
13.040000  0.387187  0
13.066667  0.387012  0
13.093333  0.386837  0
13.120000  0.386662  0
13.146667  0.386487  0
13.173333  0.386312  0
13.200000  0.386137  0
13.226667  0.385963  0
13.253333  0.385788  0
13.280000  0.385613  0
13.306667  0.385438  0
13.333333  0.385263  0
13.360000  0.385088  0
13.386667  0.384913  0
13.413333  0.384738  0
13.440000  0.384564  0
13.466667  0.384389  0
13.493333  0.384214  0
13.520000  0.384039  0
13.546667  0.383864  0
13.573333  0.383689  0
13.600000  0.383514  0
13.626667  0.383339  0
13.653333  0.383165  0
13.680000  0.382990  0
13.706667  0.382815  0
13.733333  0.382640  0
13.760000  0.382465  0
13.786667  0.382290  0
13.813333  0.382115  0
13.840000  0.381941  0
13.866667  0.381766  0
13.893333  0.381591  0
13.920000  0.381416  0
13.946667  0.381241  0
13.973333  0.381066  0
14.000000  0.380891  0
14.026667  0.380716  0
14.053333  0.380542  0
14.080000  0.380367  0
14.106667  0.380192  0
14.133333  0.380017  0
14.160000  0.379842  0
14.186667  0.379667  0
14.213333  0.379492  0
14.240000  0.379317  0
14.266667  0.379143  0
14.293333  0.378968  0
14.320000  0.378793  0
14.346667  0.378618  0
14.373333  0.378443  0
14.400000  0.378268  0
14.426667  0.378093  0
14.453333  0.377918  0
14.480000  0.377744  0
14.506667  0.377569  0
14.533333  0.377394  0
14.560000  0.377219  0
14.586667  0.377044  0
14.613333  0.376869  0
14.640000  0.376694  0
14.666667  0.376519  0
14.693333  0.376345  0
14.720000  0.376170  0
14.746667  0.375995  0
14.773333  0.375820  0
14.800000  0.375645  0
14.826667  0.375470  0
14.853333  0.375295  0
14.880000  0.375120  0
14.906667  0.374946  0
14.933333  0.374771  0
14.960000  0.374596  0
14.986667  0.374421  0
15.013333  0.374246  0
15.040000  0.374071  0
15.066667  0.373896  0
15.093333  0.373721  0
15.120000  0.373547  0
15.146667  0.373372  0
15.173333  0.373197  0
15.200000  0.373022  0
15.226667  0.372847  0
15.253333  0.372672  0
15.280000  0.372497  0
15.306667  0.372322  0
15.333333  0.372148  0
15.360000  0.371973  0
15.386667  0.371798  0
15.413333  0.371623  0
15.440000  0.371448  0
15.466667  0.371273  0
15.493333  0.371098  0
15.520000  0.370923  0
15.546667  0.370749  0
15.573333  0.370574  0
15.600000  0.370399  0
15.626667  0.370224  0
15.653333  0.370049  0
15.680000  0.369874  0
15.706667  0.369699  0
15.733333  0.369524  0
15.760000  0.369350  0
15.786667  0.369175  0
15.813333  0.369000  0
15.840000  0.368825  0
15.866667  0.368650  0
15.893333  0.368475  0
15.920000  0.368300  0
15.946667  0.368125  0
15.973333  0.367951  0
16.000000  0.367776  0
16.026667  0.367601  0
16.053333  0.367426  0
16.080000  0.367251  0
16.106667  0.367076  0
16.133333  0.366901  0
16.160000  0.366726  0
16.186667  0.366552  0
16.213333  0.366377  0
16.240000  0.366202  0
16.266667  0.366027  0
16.293333  0.365852  0
16.320000  0.365677  0
16.346667  0.365502  0
16.373333  0.365328  0
16.400000  0.365153  0
16.426667  0.364978  0
16.453333  0.364803  0
16.480000  0.364628  0
16.506667  0.364453  0
16.533333  0.364278  0
16.560000  0.364103  0
16.586667  0.363929  0
16.613333  0.363754  0
16.640000  0.363579  0
16.666667  0.363404  0
16.693333  0.363229  0
16.720000  0.363054  0
16.746667  0.362879  0
16.773333  0.362704  0
16.800000  0.362530  0
16.826667  0.362355  0
16.853333  0.362180  0
16.880000  0.362005  0
16.906667  0.361830  0
16.933333  0.361655  0
16.960000  0.361480  0
16.986667  0.361305  0
17.013333  0.361131  0
17.040000  0.360956  0
17.066667  0.360781  0
17.093333  0.360606  0
17.120000  0.360431  0
17.146667  0.360256  0
17.173333  0.360081  0
17.200000  0.359906  0
17.226667  0.359732  0
17.253333  0.359557  0
17.280000  0.359382  0
17.306667  0.359207  0
17.333333  0.359032  0
17.360000  0.358857  0
17.386667  0.358682  0
17.413333  0.358507  0
17.440000  0.358333  0
17.466667  0.358158  0
17.493333  0.357983  0
17.520000  0.357808  0
17.546667  0.357633  0
17.573333  0.357458  0
17.600000  0.357283  0
17.626667  0.357108  0
17.653333  0.356934  0
17.680000  0.356759  0
17.706667  0.356584  0
17.733333  0.356409  0
17.760000  0.356234  0
17.786667  0.356059  0
17.813333  0.355884  0
17.840000  0.355709  0
17.866667  0.355535  0
17.893333  0.355360  0
17.920000  0.355185  0
17.946667  0.355010  0
17.973333  0.354835  0
18.000000  0.354660  0
18.026667  0.354485  0
18.053333  0.354310  0
18.080000  0.354136  0
18.106667  0.353961  0
18.133333  0.353786  0
18.160000  0.353611  0
18.186667  0.353436  0
18.213333  0.353261  0
18.240000  0.353086  0
18.266667  0.352911  0
18.293333  0.352737  0
18.320000  0.352562  0
18.346667  0.352387  0
18.373333  0.352212  0
18.400000  0.352037  0
18.426667  0.351862  0
18.453333  0.351687  0
18.480000  0.351512  0
18.506667  0.351338  0
18.533333  0.351163  0
18.560000  0.350988  0
18.586667  0.350813  0
18.613333  0.350638  0
18.640000  0.350463  0
18.666667  0.350288  0
18.693333  0.350113  0
18.720000  0.349939  0
18.746667  0.349764  0
18.773333  0.349589  0
18.800000  0.349414  0
18.826667  0.349239  0
18.853333  0.349064  0
18.880000  0.348889  0
18.906667  0.348715  0
18.933333  0.348540  0
18.960000  0.348365  0
18.986667  0.348190  0
19.013333  0.348015  0
19.040000  0.347840  0
19.066667  0.347665  0
19.093333  0.347490  0
19.120000  0.347316  0
19.146667  0.347141  0
19.173333  0.346966  0
19.200000  0.346791  0
19.226667  0.346616  0
19.253333  0.346441  0
19.280000  0.346266  0
19.306667  0.346091  0
19.333333  0.345917  0
19.360000  0.345742  0
19.386667  0.345567  0
19.413333  0.345392  0
19.440000  0.345217  0
19.466667  0.345042  0
19.493333  0.344867  0
19.520000  0.344692  0
19.546667  0.344518  0
19.573333  0.344343  0
19.600000  0.344168  0
19.626667  0.343993  0
19.653333  0.343818  0
19.680000  0.343643  0
19.706667  0.343468  0
19.733333  0.343293  0
19.760000  0.343119  0
19.786667  0.342944  0
19.813333  0.342769  0
19.840000  0.342594  0
19.866667  0.342419  0
19.893333  0.342244  0
19.920000  0.342069  0
19.946667  0.341894  0
19.973333  0.341720  0
20.000000  0.341545  0
20.026667  0.341370  0
20.053333  0.341195  0
20.080000  0.341020  0
20.106667  0.340845  0
20.133333  0.340670  0
20.160000  0.340495  0
20.186667  0.340321  0
20.213333  0.340146  0
20.240000  0.339971  0
20.266667  0.339796  0
20.293333  0.339621  0
20.320000  0.339446  0
20.346667  0.339271  0
20.373333  0.339096  0
20.400000  0.338922  0
20.426667  0.338747  0
20.453333  0.338572  0
20.480000  0.338397  0
20.506667  0.338222  0
20.533333  0.338047  0
20.560000  0.337872  0
20.586667  0.337697  0
20.613333  0.337523  0
20.640000  0.337348  0
20.666667  0.337173  0
20.693333  0.336998  0
20.720000  0.336823  0
20.746667  0.336648  0
