2.693333  0.802158  0
2.720000  0.801561  0
2.746667  0.800435  0
2.773333  0.798894  0
2.800000  0.797063  0
2.826667  0.795053  0
2.853333  0.792941  0
2.880000  0.790773  0
2.906667  0.788569  0
2.933333  0.786330  0
2.960000  0.784051  0
2.986667  0.781724  0
3.013333  0.779343  0
3.040000  0.776910  0
3.066667  0.774431  0
3.093333  0.771917  0
3.120000  0.769379  0
3.146667  0.766826  0
3.173333  0.764264  0
3.200000  0.761699  0
3.226667  0.759133  0
3.253333  0.756566  0
3.280000  0.753998  0
3.306667  0.751431  0
3.333333  0.748864  0
3.360000  0.746296  0
3.386667  0.743729  0
3.413333  0.741162  0
3.440000  0.738594  0
3.466667  0.736028  0
3.493333  0.733464  0
3.520000  0.730907  0
3.546667  0.728364  0
3.573333  0.725851  0
3.600000  0.723394  0
3.626667  0.721026  0
3.653333  0.718786  0
3.680000  0.716707  0
3.706667  0.714809  0
3.733333  0.713091  0
3.760000  0.711532  0
3.786667  0.710096  0
3.813333  0.708745  0
3.840000  0.707446  0
3.866667  0.706174  0
3.893333  0.704914  0
3.920000  0.703656  0
3.946667  0.702395  0
3.973333  0.701129  0
4.000000  0.699856  0
4.026667  0.698578  0
4.053333  0.697294  0
4.080000  0.696007  0
4.106667  0.694716  0
4.133333  0.693425  0
4.160000  0.692132  0
4.186667  0.690838  0
4.213333  0.689544  0
4.240000  0.688248  0
4.266667  0.686949  0
4.293333  0.685646  0
4.320000  0.684338  0
4.346667  0.683023  0
4.373333  0.681701  0
4.400000  0.680372  0
4.426667  0.679036  0
4.453333  0.677691  0
4.480000  0.676335  0
4.506667  0.674958  0
4.533333  0.673549  0
4.560000  0.672091  0
4.586667  0.670565  0
4.613333  0.668961  0
4.640000  0.667272  0
4.666667  0.665504  0
4.693333  0.663670  0
4.720000  0.661781  0
4.746667  0.659846  0
4.773333  0.657858  0
4.800000  0.655794  0
4.826667  0.653620  0
4.853333  0.651305  0
4.880000  0.648846  0
4.906667  0.646297  0
4.933333  0.643769  0
4.960000  0.641416  0
4.986667  0.639386  0
5.013333  0.637768  0
5.040000  0.636573  0
5.066667  0.635727  0
5.093333  0.635113  0
5.120000  0.634597  0
5.146667  0.634060  0
5.173333  0.633413  0
5.200000  0.632601  0
5.226667  0.631602  0
5.253333  0.630428  0
5.280000  0.629117  0
5.306667  0.627728  0
5.333333  0.626332  0
5.360000  0.625003  0
5.386667  0.623803  0
5.413333  0.622775  0
5.440000  0.621938  0
5.466667  0.621289  0
5.493333  0.620802  0
5.520000  0.620446  0
5.546667  0.620187  0
5.573333  0.619998  0
5.600000  0.619862  0
5.626667  0.619769  0
5.653333  0.619713  0
5.680000  0.619685  0
5.706667  0.619674  0
5.733333  0.619664  0
5.760000  0.619635  0
5.786667  0.619572  0
5.813333  0.619460  0
5.840000  0.619294  0
5.866667  0.619073  0
5.893333  0.618805  0
5.920000  0.618499  0
5.946667  0.618171  0
5.973333  0.617833  0
6.000000  0.617498  0
6.026667  0.617175  0
6.053333  0.616870  0
6.080000  0.616588  0
6.106667  0.616328  0
6.133333  0.616088  0
6.160000  0.615861  0
6.186667  0.615639  0
6.213333  0.615408  0
6.240000  0.615157  0
6.266667  0.614872  0
6.293333  0.614543  0
6.320000  0.614161  0
6.346667  0.613726  0
6.373333  0.613238  0
6.400000  0.612701  0
6.426667  0.612118  0
6.453333  0.611494  0
6.480000  0.610830  0
6.506667  0.610125  0
6.533333  0.609379  0
6.560000  0.608592  0
6.586667  0.607763  0
6.613333  0.606896  0
6.640000  0.605996  0
6.666667  0.605070  0
6.693333  0.604129  0
6.720000  0.603183  0
6.746667  0.602246  0
6.773333  0.601328  0
6.800000  0.600441  0
6.826667  0.599593  0
6.853333  0.598796  0
6.880000  0.598054  0
6.906667  0.597366  0
6.933333  0.596722  0
6.960000  0.596099  0
6.986667  0.595463  0
7.013333  0.594776  0
7.040000  0.594003  0
7.066667  0.593124  0
7.093333  0.592136  0
7.120000  0.591058  0
7.146667  0.589927  0
7.173333  0.588787  0
7.200000  0.587680  0
7.226667  0.586642  0
7.253333  0.585696  0
7.280000  0.584847  0
7.306667  0.584090  0
7.333333  0.583407  0
7.360000  0.582778  0
7.386667  0.582178  0
7.413333  0.581587  0
7.440000  0.580988  0
7.466667  0.580369  0
7.493333  0.579727  0
7.520000  0.579059  0
7.546667  0.578368  0
7.573333  0.577657  0
7.600000  0.576932  0
7.626667  0.576194  0
7.653333  0.575446  0
7.680000  0.574691  0
7.706667  0.573931  0
7.733333  0.573171  0
7.760000  0.572415  0
7.786667  0.571671  0
7.813333  0.570941  0
7.840000  0.570229  0
7.866667  0.569532  0
7.893333  0.568849  0
7.920000  0.568174  0
7.946667  0.567505  0
7.973333  0.566839  0
8.000000  0.566178  0
8.026667  0.565525  0
8.053333  0.564880  0
8.080000  0.564246  0
8.106667  0.563623  0
8.133333  0.563009  0
8.160000  0.562403  0
8.186667  0.561806  0
8.213333  0.561221  0
8.240000  0.560652  0
8.266667  0.560103  0
8.293333  0.559576  0
8.320000  0.559073  0
8.346667  0.558589  0
8.373333  0.558117  0
8.400000  0.557648  0
8.426667  0.557170  0
8.453333  0.556674  0
8.480000  0.556150  0
8.506667  0.555595  0
8.533333  0.555006  0
8.560000  0.554387  0
8.586667  0.553742  0
8.613333  0.553080  0
8.640000  0.552410  0
8.666667  0.551743  0
8.693333  0.551090  0
8.720000  0.550459  0
8.746667  0.549858  0
8.773333  0.549295  0
8.800000  0.548773  0
8.826667  0.548289  0
8.853333  0.547838  0
8.880000  0.547402  0
8.906667  0.546959  0
8.933333  0.546480  0
8.960000  0.545942  0
8.986667  0.545329  0
9.013333  0.544641  0
9.040000  0.543897  0
9.066667  0.543126  0
9.093333  0.542365  0
9.120000  0.541645  0
9.146667  0.540990  0
9.173333  0.540413  0
9.200000  0.539911  0
9.226667  0.539477  0
9.253333  0.539097  0
9.280000  0.538759  0
9.306667  0.538455  0
9.333333  0.538181  0
9.360000  0.537941  0
9.386667  0.537738  0
9.413333  0.537578  0
9.440000  0.537463  0
9.466667  0.537388  0
9.493333  0.537340  0
9.520000  0.537302  0
9.546667  0.537253  0
9.573333  0.537172  0
9.600000  0.537046  0
9.626667  0.536868  0
9.653333  0.536637  0
9.680000  0.536358  0
9.706667  0.536035  0
9.733333  0.535673  0
9.760000  0.535277  0
9.786667  0.534849  0
9.813333  0.534396  0
9.840000  0.533927  0
9.866667  0.533457  0
9.893333  0.533004  0
9.920000  0.532584  0
9.946667  0.532212  0
9.973333  0.531893  0
10.000000  0.531625  0
10.026667  0.531394  0
10.053333  0.531179  0
10.080000  0.530953  0
10.106667  0.530689  0
10.133333  0.530366  0
10.160000  0.529971  0
10.186667  0.529503  0
10.213333  0.528975  0
10.240000  0.528406  0
10.266667  0.527821  0
10.293333  0.527240  0
10.320000  0.526677  0
10.346667  0.526136  0
10.373333  0.525614  0
10.400000  0.525103  0
10.426667  0.524596  0
10.453333  0.524090  0
10.480000  0.523584  0
10.506667  0.523087  0
10.533333  0.522607  0
10.560000  0.522157  0
10.586667  0.521748  0
10.613333  0.521391  0
10.640000  0.521098  0
10.666667  0.520876  0
10.693333  0.520730  0
10.720000  0.520661  0
10.746667  0.520664  0
10.773333  0.520726  0
10.800000  0.520830  0
10.826667  0.520954  0
10.853333  0.521073  0
10.880000  0.521165  0
10.906667  0.521214  0
10.933333  0.521213  0
10.960000  0.521162  0
10.986667  0.521070  0
11.013333  0.520951  0
11.040000  0.520819  0
11.066667  0.520687  0
11.093333  0.520562  0
11.120000  0.520446  0
11.146667  0.520338  0
11.173333  0.520232  0
11.200000  0.520122  0
11.226667  0.520005  0
11.253333  0.519877  0
11.280000  0.519734  0
11.306667  0.519576  0
11.333333  0.519403  0
11.360000  0.519215  0
11.386667  0.519014  0
11.413333  0.518807  0
11.440000  0.518601  0
11.466667  0.518403  0
11.493333  0.518220  0
11.520000  0.518056  0
11.546667  0.517909  0
11.573333  0.517773  0
11.600000  0.517639  0
11.626667  0.517494  0
11.653333  0.517326  0
11.680000  0.517127  0
11.706667  0.516892  0
11.733333  0.516624  0
11.760000  0.516330  0
11.786667  0.516024  0
11.813333  0.515720  0
11.840000  0.515429  0
11.866667  0.515159  0
11.893333  0.514909  0
11.920000  0.514675  0
11.946667  0.514445  0
11.973333  0.514209  0
12.000000  0.513960  0
12.026667  0.513694  0
12.053333  0.513414  0
12.080000  0.513129  0
12.106667  0.512849  0
12.133333  0.512586  0
12.160000  0.512349  0
12.186667  0.512140  0
12.213333  0.511954  0
12.240000  0.511780  0
12.266667  0.511599  0
12.293333  0.511395  0
12.320000  0.511153  0
12.346667  0.510863  0
12.373333  0.510525  0
12.400000  0.510142  0
12.426667  0.509725  0
12.453333  0.509282  0
12.480000  0.508823  0
12.506667  0.508352  0
12.533333  0.507868  0
12.560000  0.507369  0
12.586667  0.506850  0
12.613333  0.506311  0
12.640000  0.505754  0
12.666667  0.505182  0
12.693333  0.504602  0
12.720000  0.504018  0
12.746667  0.503430  0
12.773333  0.502836  0
12.800000  0.502232  0
12.826667  0.501614  0
12.853333  0.500983  0
12.880000  0.500344  0
12.906667  0.499702  0
12.933333  0.499063  0
12.960000  0.498431  0
12.986667  0.497807  0
13.013333  0.497191  0
13.040000  0.496580  0
13.066667  0.495977  0
13.093333  0.495379  0
13.120000  0.494788  0
13.146667  0.494199  0
13.173333  0.493609  0
13.200000  0.493010  0
13.226667  0.492397  0
13.253333  0.491770  0
13.280000  0.491135  0
13.306667  0.490503  0
13.333333  0.489895  0
13.360000  0.489335  0
13.386667  0.488846  0
13.413333  0.488450  0
13.440000  0.488156  0
13.466667  0.487967  0
13.493333  0.487871  0
13.520000  0.487853  0
13.546667  0.487890  0
13.573333  0.487960  0
13.600000  0.488042  0
13.626667  0.488119  0
13.653333  0.488173  0
13.680000  0.488193  0
13.706667  0.488167  0
13.733333  0.488092  0
13.760000  0.487968  0
13.786667  0.487806  0
13.813333  0.487626  0
13.840000  0.487453  0
13.866667  0.487316  0
13.893333  0.487246  0
13.920000  0.487266  0
13.946667  0.487386  0
13.973333  0.487601  0
14.000000  0.487889  0
14.026667  0.488210  0
14.053333  0.488515  0
14.080000  0.488752  0
14.106667  0.488877  0
14.133333  0.488863  0
14.160000  0.488707  0
14.186667  0.488424  0
14.213333  0.488049  0
14.240000  0.487623  0
14.266667  0.487186  0
14.293333  0.486769  0
14.320000  0.486390  0
14.346667  0.486053  0
14.373333  0.485755  0
14.400000  0.485487  0
14.426667  0.485243  0
14.453333  0.485019  0
14.480000  0.484814  0
14.506667  0.484635  0
14.533333  0.484488  0
14.560000  0.484383  0
14.586667  0.484333  0
14.613333  0.484350  0
14.640000  0.484445  0
14.666667  0.484620  0
14.693333  0.484870  0
14.720000  0.485176  0
14.746667  0.485509  0
14.773333  0.485832  0
14.800000  0.486108  0
14.826667  0.486306  0
14.853333  0.486406  0
14.880000  0.486399  0
14.906667  0.486283  0
14.933333  0.486065  0
14.960000  0.485749  0
14.986667  0.485345  0
15.013333  0.484862  0
15.040000  0.484310  0
15.066667  0.483706  0
15.093333  0.483064  0
15.120000  0.482397  0
15.146667  0.481716  0
15.173333  0.481029  0
15.200000  0.480338  0
15.226667  0.479646  0
15.253333  0.478954  0
15.280000  0.478261  0
15.306667  0.477569  0
15.333333  0.476876  0
15.360000  0.476183  0
15.386667  0.475491  0
15.413333  0.474798  0
15.440000  0.474106  0
15.466667  0.473413  0
15.493333  0.472720  0
15.520000  0.472028  0
15.546667  0.471335  0
15.573333  0.470643  0
15.600000  0.469950  0
15.626667  0.469258  0
15.653333  0.468565  0
15.680000  0.467873  0
15.706667  0.467182  0
15.733333  0.466494  0
15.760000  0.465811  0
15.786667  0.465140  0
15.813333  0.464488  0
15.840000  0.463868  0
15.866667  0.463289  0
15.893333  0.462761  0
15.920000  0.462286  0
15.946667  0.461862  0
15.973333  0.461478  0
16.000000  0.461125  0
16.026667  0.460791  0
16.053333  0.460468  0
16.080000  0.460151  0
16.106667  0.459836  0
16.133333  0.459522  0
16.160000  0.459209  0
16.186667  0.458896  0
16.213333  0.458582  0
16.240000  0.458269  0
16.266667  0.457955  0
16.293333  0.457642  0
16.320000  0.457329  0
16.346667  0.457015  0
16.373333  0.456702  0
16.400000  0.456389  0
16.426667  0.456075  0
16.453333  0.455762  0
16.480000  0.455449  0
16.506667  0.455135  0
16.533333  0.454822  0
16.560000  0.454509  0
16.586667  0.454195  0
16.613333  0.453882  0
16.640000  0.453569  0
16.666667  0.453255  0
16.693333  0.452942  0
16.720000  0.452628  0
16.746667  0.452315  0
16.773333  0.452002  0
16.800000  0.451688  0
16.826667  0.451375  0
16.853333  0.451062  0
16.880000  0.450748  0
16.906667  0.450435  0
16.933333  0.450122  0
16.960000  0.449808  0
16.986667  0.449495  0
17.013333  0.449181  0
17.040000  0.448867  0
17.066667  0.448552  0
17.093333  0.448235  0
17.120000  0.447913  0
17.146667  0.447583  0
17.173333  0.447242  0
17.200000  0.446886  0
17.226667  0.446513  0
17.253333  0.446121  0
17.280000  0.445713  0
17.306667  0.445292  0
17.333333  0.444860  0
17.360000  0.444423  0
17.386667  0.443982  0
17.413333  0.443539  0
17.440000  0.443096  0
17.466667  0.442652  0
17.493333  0.442208  0
17.520000  0.441764  0
17.546667  0.441320  0
17.573333  0.440877  0
17.600000  0.440433  0
17.626667  0.439989  0
17.653333  0.439545  0
17.680000  0.439101  0
17.706667  0.438657  0
17.733333  0.438213  0
17.760000  0.437770  0
17.786667  0.437326  0
17.813333  0.436882  0
17.840000  0.436438  0
17.866667  0.435994  0
17.893333  0.435550  0
17.920000  0.435106  0
17.946667  0.434663  0
17.973333  0.434219  0
18.000000  0.433775  0
18.026667  0.433331  0
18.053333  0.432887  0
18.080000  0.432443  0
18.106667  0.431999  0
18.133333  0.431556  0
18.160000  0.431112  0
18.186667  0.430668  0
18.213333  0.430224  0
18.240000  0.429781  0
18.266667  0.429340  0
18.293333  0.428901  0
18.320000  0.428468  0
18.346667  0.428046  0
18.373333  0.427641  0
18.400000  0.427258  0
18.426667  0.426902  0
18.453333  0.426574  0
18.480000  0.426274  0
18.506667  0.425997  0
18.533333  0.425736  0
18.560000  0.425485  0
18.586667  0.425241  0
18.613333  0.425000  0
18.640000  0.424760  0
18.666667  0.424520  0
18.693333  0.424281  0
18.720000  0.424042  0
18.746667  0.423803  0
18.773333  0.423564  0
18.800000  0.423325  0
18.826667  0.423085  0
18.853333  0.422846  0
18.880000  0.422607  0
18.906667  0.422368  0
18.933333  0.422129  0
18.960000  0.421890  0
18.986667  0.421651  0
19.013333  0.421411  0
19.040000  0.421172  0
19.066667  0.420933  0
19.093333  0.420694  0
19.120000  0.420455  0
19.146667  0.420216  0
19.173333  0.419976  0
19.200000  0.419737  0
19.226667  0.419498  0
19.253333  0.419259  0
19.280000  0.419020  0
19.306667  0.418781  0
19.333333  0.418541  0
19.360000  0.418302  0
19.386667  0.418063  0
19.413333  0.417824  0
19.440000  0.417585  0
19.466667  0.417346  0
19.493333  0.417107  0
19.520000  0.416867  0
19.546667  0.416628  0
19.573333  0.416389  0
19.600000  0.416150  0
19.626667  0.415911  0
19.653333  0.415672  0
19.680000  0.415433  0
19.706667  0.415194  0
19.733333  0.414956  0
19.760000  0.414719  0
19.786667  0.414486  0
19.813333  0.414260  0
19.840000  0.414045  0
19.866667  0.413849  0
19.893333  0.413678  0
19.920000  0.413537  0
19.946667  0.413427  0
19.973333  0.413347  0
20.000000  0.413291  0
20.026667  0.413253  0
20.053333  0.413226  0
20.080000  0.413205  0
20.106667  0.413188  0
20.133333  0.413172  0
20.160000  0.413157  0
20.186667  0.413142  0
20.213333  0.413127  0
20.240000  0.413112  0
20.266667  0.413097  0
20.293333  0.413082  0
20.320000  0.413066  0
20.346667  0.413051  0
20.373333  0.413036  0
20.400000  0.413021  0
20.426667  0.413006  0
20.453333  0.412991  0
20.480000  0.412976  0
20.506667  0.412961  0
20.533333  0.412946  0
20.560000  0.412931  0
20.586667  0.412916  0
20.613333  0.412901  0
20.640000  0.412886  0
20.666667  0.412871  0
20.693333  0.412856  0
20.720000  0.412841  0
20.746667  0.412826  0
20.773333  0.412811  0
20.800000  0.412796  0
20.826667  0.412781  0
20.853333  0.412766  0
20.880000  0.412751  0
20.906667  0.412736  0
20.933333  0.412721  0
20.960000  0.412706  0
20.986667  0.412691  0
21.013333  0.412676  0
21.040000  0.412660  0
21.066667  0.412645  0
21.093333  0.412630  0
21.120000  0.412615  0
21.146667  0.412600  0
21.173333  0.412585  0
21.200000  0.412570  0
21.226667  0.412555  0
21.253333  0.412540  0
21.280000  0.412525  0
21.306667  0.412510  0
21.333333  0.412495  0
21.360000  0.412480  0
21.386667  0.412465  0
21.413333  0.412450  0
21.440000  0.412435  0
21.466667  0.412420  0
21.493333  0.412405  0
21.520000  0.412390  0
21.546667  0.412375  0
21.573333  0.412360  0
21.600000  0.412345  0
21.626667  0.412330  0
21.653333  0.412315  0
21.680000  0.412300  0
21.706667  0.412285  0
21.733333  0.412270  0
21.760000  0.412254  0
21.786667  0.412239  0
21.813333  0.412224  0
21.840000  0.412209  0
21.866667  0.412194  0
21.893333  0.412179  0
21.920000  0.412164  0
21.946667  0.412149  0
21.973333  0.412134  0
22.000000  0.412119  0
22.026667  0.412104  0
22.053333  0.412089  0
22.080000  0.412074  0
22.106667  0.412059  0
22.133333  0.412044  0
22.160000  0.412029  0
22.186667  0.412014  0
22.213333  0.411999  0
22.240000  0.411984  0
22.266667  0.411969  0
22.293333  0.411954  0
22.320000  0.411939  0
22.346667  0.411924  0
22.373333  0.411909  0
22.400000  0.411894  0
22.426667  0.411879  0
22.453333  0.411864  0
22.480000  0.411848  0
22.506667  0.411833  0
22.533333  0.411818  0
22.560000  0.411803  0
22.586667  0.411788  0
22.613333  0.411773  0
22.640000  0.411758  0
22.666667  0.411743  0
22.693333  0.411728  0
22.720000  0.411713  0
22.746667  0.411698  0
22.773333  0.411683  0
22.800000  0.411668  0
22.826667  0.411653  0
22.853333  0.411638  0
22.880000  0.411623  0
22.906667  0.411608  0
22.933333  0.411593  0
22.960000  0.411578  0
22.986667  0.411563  0
23.013333  0.411548  0
23.040000  0.411533  0
23.066667  0.411518  0
23.093333  0.411503  0
23.120000  0.411488  0
23.146667  0.411473  0
23.173333  0.411457  0
23.200000  0.411442  0
23.226667  0.411427  0
23.253333  0.411412  0
23.280000  0.411397  0
23.306667  0.411382  0
23.333333  0.411367  0
23.360000  0.411352  0
23.386667  0.411337  0
23.413333  0.411322  0
23.440000  0.411307  0
23.466667  0.411292  0
23.493333  0.411277  0
23.520000  0.411262  0
23.546667  0.411247  0
23.573333  0.411232  0
23.600000  0.411217  0
23.626667  0.411202  0
23.653333  0.411187  0
23.680000  0.411172  0
23.706667  0.411157  0
23.733333  0.411142  0
23.760000  0.411127  0
23.786667  0.411112  0
23.813333  0.411097  0
23.840000  0.411082  0
23.866667  0.411067  0
23.893333  0.411051  0
23.920000  0.411036  0
23.946667  0.411021  0
23.973333  0.411006  0
24.000000  0.410991  0
24.026667  0.410976  0
24.053333  0.410961  0
24.080000  0.410946  0
24.106667  0.410931  0
24.133333  0.410916  0
24.160000  0.410901  0
24.186667  0.410886  0
24.213333  0.410871  0
24.240000  0.410856  0
24.266667  0.410841  0
24.293333  0.410826  0
24.320000  0.410811  0
24.346667  0.410796  0
24.373333  0.410781  0
24.400000  0.410766  0
24.426667  0.410751  0
24.453333  0.410736  0
24.480000  0.410721  0
24.506667  0.410706  0
24.533333  0.410691  0
24.560000  0.410676  0
24.586667  0.410661  0
24.613333  0.410645  0
24.640000  0.410630  0
24.666667  0.410615  0
24.693333  0.410600  0
24.720000  0.410585  0
24.746667  0.410570  0
24.773333  0.410555  0
24.800000  0.410540  0
24.826667  0.410525  0
24.853333  0.410510  0
24.880000  0.410495  0
24.906667  0.410480  0
24.933333  0.410465  0
24.960000  0.410450  0
24.986667  0.410435  0
25.013333  0.410420  0
25.040000  0.410405  0
25.066667  0.410390  0
25.093333  0.410375  0
25.120000  0.410360  0
25.146667  0.410345  0
25.173333  0.410330  0
25.200000  0.410315  0
25.226667  0.410300  0
25.253333  0.410285  0
25.280000  0.410270  0
25.306667  0.410255  0
25.333333  0.410239  0
25.360000  0.410224  0
25.386667  0.410209  0
25.413333  0.410194  0
25.440000  0.410179  0
25.466667  0.410164  0
25.493333  0.410149  0
25.520000  0.410134  0
25.546667  0.410119  0
25.573333  0.410104  0
25.600000  0.410089  0
25.626667  0.410074  0
25.653333  0.410059  0
25.680000  0.410044  0
25.706667  0.410029  0
25.733333  0.410014  0
25.760000  0.409999  0
25.786667  0.409984  0
25.813333  0.409969  0
25.840000  0.409954  0
25.866667  0.409939  0
25.893333  0.409924  0
25.920000  0.409909  0
25.946667  0.409894  0
25.973333  0.409879  0
26.000000  0.409864  0
26.026667  0.409848  0
26.053333  0.409833  0
26.080000  0.409818  0
26.106667  0.409803  0
26.133333  0.409788  0
26.160000  0.409773  0
26.186667  0.409758  0
26.213333  0.409743  0
26.240000  0.409728  0
26.266667  0.409713  0
26.293333  0.409698  0
26.320000  0.409683  0
26.346667  0.409668  0
26.373333  0.409653  0
26.400000  0.409638  0
26.426667  0.409623  0
26.453333  0.409608  0
26.480000  0.409593  0
26.506667  0.409578  0
26.533333  0.409563  0
26.560000  0.409548  0
26.586667  0.409533  0
26.613333  0.409518  0
26.640000  0.409503  0
26.666667  0.409488  0
26.693333  0.409473  0
26.720000  0.409458  0
26.746667  0.409442  0
26.773333  0.409427  0
26.800000  0.409412  0
26.826667  0.409397  0
26.853333  0.409382  0
26.880000  0.409367  0
26.906667  0.409352  0
26.933333  0.409337  0
26.960000  0.409322  0
26.986667  0.409307  0
27.013333  0.409292  0
27.040000  0.409277  0
27.066667  0.409262  0
27.093333  0.409247  0
27.120000  0.409232  0
27.146667  0.409217  0
27.173333  0.409202  0
27.200000  0.409187  0
27.226667  0.409172  0
27.253333  0.409157  0
27.280000  0.409142  0
27.306667  0.409127  0
27.333333  0.409112  0
27.360000  0.409097  0
27.386667  0.409082  0
27.413333  0.409067  0
27.440000  0.409052  0
27.466667  0.409036  0
27.493333  0.409021  0
27.520000  0.409006  0
27.546667  0.408991  0
27.573333  0.408976  0
27.600000  0.408961  0
27.626667  0.408946  0
27.653333  0.408932  0
27.680000  0.408917  0
27.706667  0.408903  0
27.733333  0.408891  0
27.760000  0.408880  0
27.786667  0.408872  0
27.813333  0.408868  0
