2.853333  0.856702  0
2.880000  0.852532  0
2.906667  0.848362  0
2.933333  0.844191  0
2.960000  0.840021  0
2.986667  0.835851  0
3.013333  0.831680  0
3.040000  0.827510  0
3.066667  0.823340  0
3.093333  0.819169  0
3.120000  0.814999  0
3.146667  0.810829  0
3.173333  0.806658  0
3.200000  0.802488  0
3.226667  0.798318  0
3.253333  0.794147  0
3.280000  0.789977  0
3.306667  0.785807  0
3.333333  0.781636  0
3.360000  0.777466  0
3.386667  0.773296  0
3.413333  0.769125  0
3.440000  0.764955  0
3.466667  0.760785  0
3.493333  0.756614  0
3.520000  0.753575  0
3.546667  0.751179  0
3.573333  0.748784  0
3.600000  0.746389  0
3.626667  0.743994  0
3.653333  0.741598  0
3.680000  0.739203  0
3.706667  0.736808  0
3.733333  0.734413  0
3.760000  0.732017  0
3.786667  0.729622  0
3.813333  0.727227  0
3.840000  0.724831  0
3.866667  0.722436  0
3.893333  0.720041  0
3.920000  0.717646  0
3.946667  0.715250  0
3.973333  0.712855  0
4.000000  0.710460  0
4.026667  0.708065  0
4.053333  0.706220  0
4.080000  0.705341  0
4.106667  0.704463  0
4.133333  0.703584  0
4.160000  0.702705  0
4.186667  0.701827  0
4.213333  0.700948  0
4.240000  0.700069  0
4.266667  0.699191  0
4.293333  0.698312  0
4.320000  0.697433  0
4.346667  0.696554  0
4.373333  0.695676  0
4.400000  0.694797  0
4.426667  0.693918  0
4.453333  0.693040  0
4.480000  0.692161  0
4.506667  0.691282  0
4.533333  0.690404  0
4.560000  0.689525  0
4.586667  0.688646  0
4.613333  0.686969  0
4.640000  0.683509  0
4.666667  0.680049  0
4.693333  0.676589  0
4.720000  0.673129  0
4.746667  0.669670  0
4.773333  0.666210  0
4.800000  0.662750  0
4.826667  0.659290  0
4.853333  0.655830  0
4.880000  0.652370  0
4.906667  0.648911  0
4.933333  0.645451  0
4.960000  0.641991  0
4.986667  0.637809  0
5.013333  0.631713  0
5.040000  0.625618  0
5.066667  0.619522  0
5.093333  0.613426  0
5.120000  0.607330  0
5.146667  0.601234  0
5.173333  0.595138  0
5.200000  0.589042  0
5.226667  0.582946  0
5.253333  0.576850  0
5.280000  0.570755  0
5.306667  0.564659  0
5.333333  0.558563  0
5.360000  0.553249  0
5.386667  0.550440  0
5.413333  0.547630  0
5.440000  0.544821  0
5.466667  0.542011  0
5.493333  0.539202  0
5.520000  0.536392  0
5.546667  0.533583  0
5.573333  0.530773  0
5.600000  0.527964  0
5.626667  0.525155  0
5.653333  0.522345  0
5.680000  0.519536  0
5.706667  0.516726  0
5.733333  0.513917  0
5.760000  0.511698  0
5.786667  0.510285  0
5.813333  0.508873  0
5.840000  0.507461  0
5.866667  0.506049  0
5.893333  0.504637  0
5.920000  0.503225  0
5.946667  0.501812  0
5.973333  0.500400  0
6.000000  0.498988  0
6.026667  0.497576  0
6.053333  0.496164  0
6.080000  0.494752  0
6.106667  0.493339  0
6.133333  0.491927  0
6.160000  0.490515  0
6.186667  0.489156  0
6.213333  0.488859  0
6.240000  0.488563  0
6.266667  0.488266  0
6.293333  0.487970  0
6.320000  0.487673  0
6.346667  0.487377  0
6.373333  0.487080  0
6.400000  0.486784  0
6.426667  0.486487  0
6.453333  0.486190  0
6.480000  0.485894  0
6.506667  0.485597  0
6.533333  0.485301  0
6.560000  0.485004  0
6.586667  0.484708  0
6.613333  0.483919  0
6.640000  0.482535  0
6.666667  0.481151  0
6.693333  0.479767  0
6.720000  0.478383  0
6.746667  0.477000  0
6.773333  0.475616  0
6.800000  0.474232  0
6.826667  0.472848  0
6.853333  0.471464  0
6.880000  0.470080  0
6.906667  0.468696  0
6.933333  0.467312  0
6.960000  0.465928  0
6.986667  0.464544  0
7.013333  0.463160  0
7.040000  0.461776  0
7.066667  0.460392  0
7.093333  0.459008  0
7.120000  0.457624  0
7.146667  0.456241  0
7.173333  0.454857  0
7.200000  0.453473  0
7.226667  0.452143  0
7.253333  0.451675  0
7.280000  0.451207  0
7.306667  0.450739  0
7.333333  0.450270  0
7.360000  0.449802  0
7.386667  0.449334  0
7.413333  0.448866  0
7.440000  0.448397  0
7.466667  0.447929  0
7.493333  0.447461  0
7.520000  0.446993  0
7.546667  0.446524  0
7.573333  0.446056  0
7.600000  0.445588  0
7.626667  0.445162  0
7.653333  0.444869  0
7.680000  0.444575  0
7.706667  0.444281  0
7.733333  0.443988  0
7.760000  0.443694  0
7.786667  0.443400  0
7.813333  0.443107  0
7.840000  0.442813  0
7.866667  0.442520  0
7.893333  0.442226  0
7.920000  0.441932  0
7.946667  0.441639  0
7.973333  0.441345  0
8.000000  0.441051  0
8.026667  0.440758  0
8.053333  0.440464  0
8.080000  0.440171  0
8.106667  0.439877  0
8.133333  0.439583  0
8.160000  0.439290  0
8.186667  0.438996  0
8.213333  0.438703  0
8.240000  0.438409  0
8.266667  0.438115  0
8.293333  0.437822  0
8.320000  0.437528  0
8.346667  0.437234  0
8.373333  0.436941  0
8.400000  0.436647  0
8.426667  0.436354  0
8.453333  0.436060  0
8.480000  0.435766  0
8.506667  0.435473  0
8.533333  0.435179  0
8.560000  0.434885  0
8.586667  0.434592  0
8.613333  0.434298  0
8.640000  0.434005  0
8.666667  0.433711  0
8.693333  0.433417  0
8.720000  0.433124  0
8.746667  0.432830  0
8.773333  0.432536  0
8.800000  0.432243  0
8.826667  0.431949  0
8.853333  0.431656  0
8.880000  0.431362  0
8.906667  0.431068  0
8.933333  0.430775  0
8.960000  0.430481  0
8.986667  0.430188  0
9.013333  0.429894  0
9.040000  0.429600  0
9.066667  0.429307  0
9.093333  0.429013  0
9.120000  0.428719  0
9.146667  0.428426  0
9.173333  0.428132  0
9.200000  0.427839  0
9.226667  0.427545  0
9.253333  0.427251  0
9.280000  0.426958  0
9.306667  0.426664  0
9.333333  0.426370  0
9.360000  0.426077  0
9.386667  0.425783  0
9.413333  0.425490  0
9.440000  0.425196  0
9.466667  0.424902  0
9.493333  0.424609  0
9.520000  0.424315  0
9.546667  0.424021  0
9.573333  0.423728  0
9.600000  0.423434  0
9.626667  0.423141  0
9.653333  0.422847  0
9.680000  0.422553  0
9.706667  0.422260  0
9.733333  0.421993  0
9.760000  0.421753  0
9.786667  0.421514  0
9.813333  0.421274  0
9.840000  0.421035  0
9.866667  0.420795  0
9.893333  0.420556  0
9.920000  0.420316  0
9.946667  0.420077  0
9.973333  0.419837  0
10.000000  0.419598  0
10.026667  0.419359  0
10.053333  0.419119  0
10.080000  0.418880  0
10.106667  0.418640  0
10.133333  0.418401  0
10.160000  0.418161  0
10.186667  0.417922  0
10.213333  0.417682  0
10.240000  0.417443  0
10.266667  0.417203  0
10.293333  0.416964  0
10.320000  0.416725  0
10.346667  0.416485  0
10.373333  0.416246  0
10.400000  0.416006  0
10.426667  0.415767  0
10.453333  0.415527  0
10.480000  0.415288  0
10.506667  0.415048  0
10.533333  0.414809  0
10.560000  0.414569  0
10.586667  0.414330  0
10.613333  0.414091  0
10.640000  0.413851  0
10.666667  0.413612  0
10.693333  0.413372  0
10.720000  0.413133  0
10.746667  0.412893  0
10.773333  0.412654  0
10.800000  0.412414  0
10.826667  0.412175  0
10.853333  0.411935  0
10.880000  0.411696  0
10.906667  0.411457  0
10.933333  0.411217  0
10.960000  0.410978  0
10.986667  0.410738  0
11.013333  0.410499  0
11.040000  0.410259  0
11.066667  0.410020  0
11.093333  0.409780  0
11.120000  0.409541  0
11.146667  0.409301  0
11.173333  0.409062  0
11.200000  0.408823  0
11.226667  0.408583  0
11.253333  0.408344  0
11.280000  0.408104  0
11.306667  0.407865  0
11.333333  0.407625  0
11.360000  0.407386  0
11.386667  0.407146  0
11.413333  0.406907  0
11.440000  0.406667  0
11.466667  0.406428  0
11.493333  0.406189  0
11.520000  0.405949  0
11.546667  0.405710  0
11.573333  0.405470  0
11.600000  0.405231  0
11.626667  0.404991  0
11.653333  0.404752  0
11.680000  0.404512  0
11.706667  0.404273  0
11.733333  0.404033  0
11.760000  0.403794  0
11.786667  0.403554  0
11.813333  0.403315  0
11.840000  0.403076  0
11.866667  0.402836  0
11.893333  0.402597  0
11.920000  0.402357  0
11.946667  0.402118  0
11.973333  0.401878  0
12.000000  0.401639  0
12.026667  0.401399  0
12.053333  0.401160  0
12.080000  0.400920  0
12.106667  0.400681  0
12.133333  0.400442  0
12.160000  0.400202  0
12.186667  0.399963  0
12.213333  0.399723  0
12.240000  0.399484  0
12.266667  0.399244  0
12.293333  0.399005  0
12.320000  0.398765  0
12.346667  0.398526  0
12.373333  0.398286  0
12.400000  0.398047  0
12.426667  0.397808  0
12.453333  0.397568  0
12.480000  0.397329  0
12.506667  0.397089  0
12.533333  0.396850  0
12.560000  0.396610  0
12.586667  0.396371  0
12.613333  0.396131  0
12.640000  0.395892  0
12.666667  0.395652  0
12.693333  0.395413  0
12.720000  0.395174  0
12.746667  0.394934  0
12.773333  0.394695  0
12.800000  0.394455  0
12.826667  0.394216  0
12.853333  0.393976  0
12.880000  0.393737  0
12.906667  0.393497  0
12.933333  0.393258  0
12.960000  0.393018  0
12.986667  0.392779  0
13.013333  0.392540  0
13.040000  0.392300  0
13.066667  0.392061  0
13.093333  0.391845  0
13.120000  0.391630  0
13.146667  0.391415  0
13.173333  0.391200  0
13.200000  0.390986  0
13.226667  0.390771  0
13.253333  0.390556  0
13.280000  0.390342  0
13.306667  0.390127  0
13.333333  0.389912  0
13.360000  0.389698  0
13.386667  0.389483  0
13.413333  0.389268  0
13.440000  0.389053  0
13.466667  0.388839  0
13.493333  0.388624  0
13.520000  0.388409  0
13.546667  0.388195  0
13.573333  0.387980  0
13.600000  0.387765  0
13.626667  0.387551  0
13.653333  0.387336  0
13.680000  0.387121  0
13.706667  0.386906  0
13.733333  0.386692  0
13.760000  0.386477  0
13.786667  0.386262  0
13.813333  0.386048  0
13.840000  0.385833  0
13.866667  0.385618  0
13.893333  0.385404  0
13.920000  0.385189  0
13.946667  0.384974  0
13.973333  0.384759  0
14.000000  0.384545  0
14.026667  0.384330  0
14.053333  0.384115  0
14.080000  0.383901  0
14.106667  0.383686  0
14.133333  0.383471  0
14.160000  0.383257  0
14.186667  0.383042  0
14.213333  0.382827  0
14.240000  0.382612  0
14.266667  0.382398  0
14.293333  0.382183  0
14.320000  0.381968  0
14.346667  0.381754  0
14.373333  0.381539  0
14.400000  0.381324  0
14.426667  0.381110  0
14.453333  0.380895  0
14.480000  0.380680  0
14.506667  0.380465  0
14.533333  0.380251  0
14.560000  0.380036  0
14.586667  0.379821  0
14.613333  0.379607  0
14.640000  0.379392  0
14.666667  0.379177  0
14.693333  0.378962  0
14.720000  0.378748  0
14.746667  0.378533  0
14.773333  0.378318  0
14.800000  0.378104  0
14.826667  0.377889  0
14.853333  0.377674  0
14.880000  0.377460  0
14.906667  0.377245  0
14.933333  0.377030  0
14.960000  0.376815  0
14.986667  0.376601  0
15.013333  0.376386  0
15.040000  0.376171  0
15.066667  0.375957  0
15.093333  0.375742  0
15.120000  0.375527  0
15.146667  0.375313  0
15.173333  0.375098  0
15.200000  0.374883  0
15.226667  0.374668  0
15.253333  0.374454  0
15.280000  0.374239  0
15.306667  0.374024  0
15.333333  0.373810  0
15.360000  0.373595  0
15.386667  0.373380  0
15.413333  0.373166  0
15.440000  0.372951  0
15.466667  0.372736  0
15.493333  0.372521  0
15.520000  0.372307  0
15.546667  0.372092  0
15.573333  0.371877  0
15.600000  0.371663  0
15.626667  0.371448  0
15.653333  0.371233  0
15.680000  0.371019  0
15.706667  0.370804  0
15.733333  0.370589  0
15.760000  0.370374  0
15.786667  0.370160  0
15.813333  0.369945  0
15.840000  0.369730  0
15.866667  0.369516  0
15.893333  0.369301  0
15.920000  0.369086  0
15.946667  0.368872  0
15.973333  0.368657  0
16.000000  0.368442  0
16.026667  0.368227  0
16.053333  0.368013  0
16.080000  0.367798  0
16.106667  0.367583  0
16.133333  0.367369  0
16.160000  0.367154  0
16.186667  0.366939  0
16.213333  0.366724  0
16.240000  0.366510  0
16.266667  0.366295  0
16.293333  0.366080  0
16.320000  0.365866  0
16.346667  0.365651  0
16.373333  0.365436  0
16.400000  0.365222  0
16.426667  0.365007  0
16.453333  0.364792  0
16.480000  0.364577  0
16.506667  0.364363  0
16.533333  0.364148  0
16.560000  0.363933  0
16.586667  0.363719  0
16.613333  0.363504  0
16.640000  0.363289  0
16.666667  0.363075  0
16.693333  0.362860  0
16.720000  0.362645  0
16.746667  0.362430  0
16.773333  0.362216  0
16.800000  0.362001  0
16.826667  0.361786  0
16.853333  0.361572  0
16.880000  0.361357  0
16.906667  0.361142  0
16.933333  0.360928  0
16.960000  0.360713  0
16.986667  0.360498  0
17.013333  0.360283  0
17.040000  0.360069  0
17.066667  0.359854  0
17.093333  0.359639  0
17.120000  0.359425  0
17.146667  0.359210  0
17.173333  0.358995  0
17.200000  0.358781  0
17.226667  0.358566  0
17.253333  0.358351  0
17.280000  0.358136  0
17.306667  0.357922  0
17.333333  0.357707  0
17.360000  0.357492  0
17.386667  0.357278  0
17.413333  0.357063  0
17.440000  0.356848  0
17.466667  0.356634  0
17.493333  0.356419  0
17.520000  0.356204  0
17.546667  0.355989  0
17.573333  0.355775  0
17.600000  0.355560  0
17.626667  0.355345  0
17.653333  0.355131  0
