2.693333  0.678627  0
2.720000  0.678449  0
2.746667  0.678097  0
2.773333  0.677581  0
2.800000  0.676914  0
2.826667  0.676112  0
2.853333  0.675196  0
2.880000  0.674186  0
2.906667  0.673102  0
2.933333  0.671966  0
2.960000  0.670797  0
2.986667  0.669613  0
3.013333  0.668429  0
3.040000  0.667259  0
3.066667  0.666112  0
3.093333  0.664996  0
3.120000  0.663913  0
3.146667  0.662865  0
3.173333  0.661852  0
3.200000  0.660869  0
3.226667  0.659913  0
3.253333  0.658977  0
3.280000  0.658055  0
3.306667  0.657140  0
3.333333  0.656227  0
3.360000  0.655309  0
3.386667  0.654383  0
3.413333  0.653444  0
3.440000  0.652492  0
3.466667  0.651525  0
3.493333  0.650543  0
3.520000  0.649549  0
3.546667  0.648544  0
3.573333  0.647530  0
3.600000  0.646509  0
3.626667  0.645486  0
3.653333  0.644463  0
3.680000  0.643443  0
3.706667  0.642432  0
3.733333  0.641433  0
3.760000  0.640452  0
3.786667  0.639497  0
3.813333  0.638572  0
3.840000  0.637686  0
3.866667  0.636847  0
3.893333  0.636061  0
3.920000  0.635337  0
3.946667  0.634679  0
3.973333  0.634094  0
4.000000  0.633583  0
4.026667  0.633149  0
4.053333  0.632794  0
4.080000  0.632515  0
4.106667  0.632311  0
4.133333  0.632176  0
4.160000  0.632105  0
4.186667  0.632088  0
4.213333  0.632116  0
4.240000  0.632173  0
4.266667  0.632246  0
4.293333  0.632318  0
4.320000  0.632373  0
4.346667  0.632399  0
4.373333  0.632389  0
4.400000  0.632342  0
4.426667  0.632264  0
4.453333  0.632171  0
4.480000  0.632083  0
4.506667  0.632027  0
4.533333  0.632027  0
4.560000  0.632104  0
4.586667  0.632272  0
4.613333  0.632531  0
4.640000  0.632869  0
4.666667  0.633261  0
4.693333  0.633672  0
4.720000  0.634058  0
4.746667  0.634372  0
4.773333  0.634572  0
4.800000  0.634621  0
4.826667  0.634494  0
4.853333  0.634180  0
4.880000  0.633680  0
4.906667  0.633011  0
4.933333  0.632197  0
4.960000  0.631269  0
4.986667  0.630262  0
5.013333  0.629207  0
5.040000  0.628131  0
5.066667  0.627055  0
5.093333  0.625988  0
5.120000  0.624932  0
5.146667  0.623879  0
5.173333  0.622814  0
5.200000  0.621718  0
5.226667  0.620570  0
5.253333  0.619351  0
5.280000  0.618043  0
5.306667  0.616637  0
5.333333  0.615130  0
5.360000  0.613528  0
5.386667  0.611846  0
5.413333  0.610106  0
5.440000  0.608336  0
5.466667  0.606569  0
5.493333  0.604837  0
5.520000  0.603172  0
5.546667  0.601601  0
5.573333  0.600145  0
5.600000  0.598816  0
5.626667  0.597618  0
5.653333  0.596546  0
5.680000  0.595591  0
5.706667  0.594736  0
5.733333  0.593960  0
5.760000  0.593244  0
5.786667  0.592568  0
5.813333  0.591912  0
5.840000  0.591264  0
5.866667  0.590611  0
5.893333  0.589949  0
5.920000  0.589275  0
5.946667  0.588589  0
5.973333  0.587894  0
6.000000  0.587195  0
6.026667  0.586498  0
6.053333  0.585810  0
6.080000  0.585135  0
6.106667  0.584478  0
6.133333  0.583845  0
6.160000  0.583236  0
6.186667  0.582652  0
6.213333  0.582093  0
6.240000  0.581557  0
6.266667  0.581039  0
6.293333  0.580535  0
6.320000  0.580041  0
6.346667  0.579549  0
6.373333  0.579055  0
6.400000  0.578552  0
6.426667  0.578034  0
6.453333  0.577498  0
6.480000  0.576939  0
6.506667  0.576352  0
6.533333  0.575737  0
6.560000  0.575091  0
6.586667  0.574411  0
6.613333  0.573697  0
6.640000  0.572948  0
6.666667  0.572163  0
6.693333  0.571342  0
6.720000  0.570486  0
6.746667  0.569596  0
6.773333  0.568677  0
6.800000  0.567732  0
6.826667  0.566771  0
6.853333  0.565802  0
6.880000  0.564839  0
6.906667  0.563895  0
6.933333  0.562986  0
6.960000  0.562126  0
6.986667  0.561329  0
7.013333  0.560608  0
7.040000  0.559970  0
7.066667  0.559421  0
7.093333  0.558960  0
7.120000  0.558585  0
7.146667  0.558286  0
7.173333  0.558053  0
7.200000  0.557871  0
7.226667  0.557724  0
7.253333  0.557596  0
7.280000  0.557472  0
7.306667  0.557334  0
7.333333  0.557170  0
7.360000  0.556967  0
7.386667  0.556714  0
7.413333  0.556403  0
7.440000  0.556027  0
7.466667  0.555584  0
7.493333  0.555072  0
7.520000  0.554491  0
7.546667  0.553844  0
7.573333  0.553135  0
7.600000  0.552372  0
7.626667  0.551560  0
7.653333  0.550707  0
7.680000  0.549821  0
7.706667  0.548909  0
7.733333  0.547978  0
7.760000  0.547034  0
7.786667  0.546080  0
7.813333  0.545119  0
7.840000  0.544154  0
7.866667  0.543183  0
7.893333  0.542206  0
7.920000  0.541220  0
7.946667  0.540220  0
7.973333  0.539201  0
8.000000  0.538156  0
8.026667  0.537082  0
8.053333  0.535972  0
8.080000  0.534826  0
8.106667  0.533642  0
8.133333  0.532423  0
8.160000  0.531177  0
8.186667  0.529910  0
8.213333  0.528632  0
8.240000  0.527356  0
8.266667  0.526091  0
8.293333  0.524846  0
8.320000  0.523626  0
8.346667  0.522434  0
8.373333  0.521264  0
8.400000  0.520108  0
8.426667  0.518952  0
8.453333  0.517775  0
8.480000  0.516552  0
8.506667  0.515255  0
8.533333  0.513850  0
8.560000  0.512305  0
8.586667  0.510590  0
8.613333  0.508768  0
8.640000  0.507174  0
8.666667  0.506147  0
8.693333  0.505493  0
8.720000  0.504925  0
8.746667  0.504364  0
8.773333  0.503803  0
8.800000  0.503241  0
8.826667  0.502680  0
8.853333  0.502119  0
8.880000  0.501558  0
8.906667  0.500997  0
8.933333  0.500436  0
8.960000  0.499875  0
8.986667  0.499314  0
9.013333  0.498753  0
9.040000  0.498192  0
9.066667  0.497631  0
9.093333  0.497070  0
9.120000  0.496508  0
9.146667  0.495947  0
9.173333  0.495386  0
9.200000  0.494825  0
9.226667  0.494264  0
9.253333  0.493703  0
9.280000  0.493142  0
9.306667  0.492581  0
9.333333  0.492020  0
9.360000  0.491459  0
9.386667  0.490898  0
9.413333  0.490336  0
9.440000  0.489775  0
9.466667  0.489214  0
9.493333  0.488653  0
9.520000  0.488092  0
9.546667  0.487531  0
9.573333  0.486970  0
9.600000  0.486409  0
9.626667  0.485848  0
9.653333  0.485287  0
9.680000  0.484726  0
9.706667  0.484164  0
9.733333  0.483603  0
9.760000  0.483042  0
9.786667  0.482481  0
9.813333  0.481920  0
9.840000  0.481359  0
9.866667  0.480798  0
9.893333  0.480237  0
9.920000  0.479676  0
9.946667  0.479115  0
9.973333  0.478554  0
10.000000  0.477993  0
10.026667  0.477431  0
10.053333  0.476870  0
10.080000  0.476309  0
10.106667  0.475748  0
10.133333  0.475187  0
10.160000  0.474626  0
10.186667  0.474065  0
10.213333  0.473504  0
10.240000  0.472943  0
10.266667  0.472382  0
10.293333  0.471821  0
10.320000  0.471259  0
10.346667  0.470698  0
10.373333  0.470137  0
10.400000  0.469576  0
10.426667  0.469015  0
10.453333  0.468454  0
10.480000  0.467893  0
10.506667  0.467332  0
10.533333  0.466771  0
10.560000  0.466210  0
10.586667  0.465649  0
10.613333  0.465087  0
10.640000  0.464526  0
10.666667  0.463965  0
10.693333  0.463404  0
10.720000  0.462843  0
10.746667  0.462282  0
10.773333  0.461721  0
10.800000  0.461160  0
10.826667  0.460599  0
10.853333  0.460038  0
10.880000  0.459477  0
10.906667  0.458916  0
10.933333  0.458354  0
10.960000  0.457793  0
10.986667  0.457232  0
11.013333  0.456671  0
11.040000  0.456110  0
11.066667  0.455549  0
11.093333  0.454988  0
11.120000  0.454427  0
11.146667  0.453866  0
11.173333  0.453305  0
11.200000  0.452744  0
11.226667  0.452182  0
11.253333  0.451621  0
11.280000  0.451060  0
11.306667  0.450499  0
11.333333  0.449938  0
11.360000  0.449377  0
11.386667  0.448816  0
11.413333  0.448255  0
11.440000  0.447694  0
11.466667  0.447133  0
11.493333  0.446572  0
11.520000  0.446011  0
11.546667  0.445449  0
11.573333  0.444888  0
11.600000  0.444327  0
11.626667  0.443766  0
11.653333  0.443205  0
11.680000  0.442644  0
11.706667  0.442083  0
11.733333  0.441522  0
11.760000  0.440961  0
11.786667  0.440400  0
11.813333  0.439839  0
11.840000  0.439277  0
11.866667  0.438716  0
11.893333  0.438155  0
11.920000  0.437594  0
11.946667  0.437033  0
11.973333  0.436472  0
12.000000  0.435911  0
12.026667  0.435350  0
12.053333  0.434789  0
12.080000  0.434228  0
12.106667  0.433667  0
12.133333  0.433105  0
12.160000  0.432544  0
12.186667  0.431983  0
12.213333  0.431422  0
12.240000  0.430861  0
12.266667  0.430300  0
12.293333  0.429739  0
12.320000  0.429178  0
12.346667  0.428617  0
12.373333  0.428056  0
12.400000  0.427495  0
12.426667  0.426934  0
12.453333  0.426372  0
12.480000  0.425811  0
12.506667  0.425250  0
12.533333  0.424689  0
12.560000  0.424128  0
12.586667  0.423567  0
12.613333  0.423006  0
12.640000  0.422445  0
12.666667  0.421884  0
12.693333  0.421323  0
12.720000  0.420762  0
12.746667  0.420200  0
12.773333  0.419639  0
12.800000  0.419078  0
12.826667  0.418517  0
12.853333  0.417956  0
12.880000  0.417395  0
12.906667  0.416834  0
12.933333  0.416273  0
12.960000  0.415712  0
12.986667  0.415151  0
13.013333  0.414590  0
13.040000  0.414028  0
13.066667  0.413467  0
13.093333  0.412906  0
13.120000  0.412345  0
13.146667  0.411784  0
13.173333  0.411223  0
13.200000  0.410662  0
13.226667  0.410101  0
13.253333  0.409540  0
13.280000  0.408979  0
13.306667  0.408418  0
13.333333  0.407857  0
13.360000  0.407295  0
13.386667  0.406734  0
13.413333  0.406173  0
13.440000  0.405616  0
13.466667  0.405098  0
13.493333  0.404761  0
13.520000  0.404720  0
13.546667  0.404855  0
13.573333  0.405025  0
13.600000  0.405188  0
13.626667  0.405341  0
13.653333  0.405481  0
13.680000  0.405608  0
13.706667  0.405721  0
13.733333  0.405820  0
13.760000  0.405908  0
13.786667  0.405986  0
13.813333  0.406056  0
13.840000  0.406121  0
13.866667  0.406182  0
13.893333  0.406243  0
13.920000  0.406302  0
13.946667  0.406362  0
13.973333  0.406422  0
14.000000  0.406480  0
14.026667  0.406537  0
14.053333  0.406591  0
14.080000  0.406641  0
14.106667  0.406685  0
14.133333  0.406723  0
14.160000  0.406755  0
14.186667  0.406780  0
14.213333  0.406800  0
14.240000  0.406814  0
14.266667  0.406826  0
14.293333  0.406836  0
14.320000  0.406844  0
14.346667  0.406853  0
14.373333  0.406864  0
14.400000  0.406875  0
14.426667  0.406889  0
14.453333  0.406903  0
14.480000  0.406919  0
14.506667  0.406934  0
14.533333  0.406946  0
14.560000  0.406955  0
14.586667  0.406959  0
14.613333  0.406955  0
14.640000  0.406940  0
14.666667  0.406913  0
14.693333  0.406872  0
14.720000  0.406815  0
14.746667  0.406742  0
14.773333  0.406650  0
14.800000  0.406542  0
14.826667  0.406417  0
14.853333  0.406277  0
14.880000  0.406124  0
14.906667  0.405962  0
14.933333  0.405792  0
14.960000  0.405617  0
14.986667  0.405442  0
15.013333  0.405268  0
15.040000  0.405097  0
15.066667  0.404931  0
15.093333  0.404771  0
15.120000  0.404618  0
15.146667  0.404471  0
15.173333  0.404332  0
15.200000  0.404199  0
15.226667  0.404070  0
15.253333  0.403947  0
15.280000  0.403826  0
15.306667  0.403709  0
15.333333  0.403595  0
15.360000  0.403482  0
15.386667  0.403369  0
15.413333  0.403258  0
15.440000  0.403148  0
15.466667  0.403038  0
15.493333  0.402928  0
15.520000  0.402818  0
15.546667  0.402709  0
15.573333  0.402599  0
15.600000  0.402490  0
15.626667  0.402380  0
15.653333  0.402271  0
15.680000  0.402162  0
15.706667  0.402052  0
15.733333  0.401943  0
15.760000  0.401833  0
15.786667  0.401724  0
15.813333  0.401615  0
15.840000  0.401505  0
15.866667  0.401396  0
15.893333  0.401286  0
15.920000  0.401177  0
15.946667  0.401068  0
15.973333  0.400958  0
16.000000  0.400849  0
16.026667  0.400739  0
16.053333  0.400630  0
16.080000  0.400521  0
16.106667  0.400411  0
16.133333  0.400302  0
16.160000  0.400192  0
16.186667  0.400083  0
16.213333  0.399974  0
16.240000  0.399864  0
16.266667  0.399755  0
16.293333  0.399645  0
16.320000  0.399536  0
16.346667  0.399427  0
16.373333  0.399317  0
16.400000  0.399208  0
16.426667  0.399098  0
16.453333  0.398989  0
16.480000  0.398880  0
16.506667  0.398770  0
16.533333  0.398661  0
16.560000  0.398551  0
16.586667  0.398442  0
16.613333  0.398333  0
16.640000  0.398223  0
16.666667  0.398114  0
16.693333  0.398004  0
16.720000  0.397895  0
16.746667  0.397786  0
16.773333  0.397676  0
16.800000  0.397567  0
16.826667  0.397457  0
16.853333  0.397348  0
16.880000  0.397239  0
16.906667  0.397129  0
16.933333  0.397020  0
16.960000  0.396910  0
16.986667  0.396801  0
17.013333  0.396692  0
17.040000  0.396582  0
17.066667  0.396473  0
17.093333  0.396363  0
17.120000  0.396254  0
17.146667  0.396145  0
17.173333  0.396035  0
17.200000  0.395926  0
17.226667  0.395816  0
17.253333  0.395707  0
17.280000  0.395598  0
17.306667  0.395488  0
17.333333  0.395379  0
17.360000  0.395269  0
17.386667  0.395160  0
17.413333  0.395051  0
17.440000  0.394941  0
17.466667  0.394832  0
17.493333  0.394723  0
17.520000  0.394613  0
17.546667  0.394504  0
17.573333  0.394394  0
17.600000  0.394285  0
17.626667  0.394176  0
17.653333  0.394066  0
17.680000  0.393957  0
17.706667  0.393847  0
17.733333  0.393738  0
17.760000  0.393629  0
17.786667  0.393519  0
17.813333  0.393410  0
17.840000  0.393300  0
17.866667  0.393191  0
17.893333  0.393082  0
17.920000  0.392972  0
17.946667  0.392863  0
17.973333  0.392753  0
18.000000  0.392644  0
18.026667  0.392535  0
18.053333  0.392425  0
18.080000  0.392316  0
18.106667  0.392206  0
18.133333  0.392097  0
18.160000  0.391988  0
18.186667  0.391878  0
18.213333  0.391769  0
18.240000  0.391659  0
18.266667  0.391550  0
18.293333  0.391441  0
18.320000  0.391331  0
18.346667  0.391222  0
18.373333  0.391112  0
18.400000  0.391003  0
18.426667  0.390894  0
18.453333  0.390784  0
18.480000  0.390675  0
18.506667  0.390565  0
18.533333  0.390456  0
18.560000  0.390347  0
18.586667  0.390237  0
18.613333  0.390128  0
18.640000  0.390018  0
18.666667  0.389909  0
18.693333  0.389800  0
18.720000  0.389690  0
18.746667  0.389581  0
18.773333  0.389471  0
18.800000  0.389362  0
18.826667  0.389253  0
18.853333  0.389143  0
18.880000  0.389034  0
18.906667  0.388925  0
18.933333  0.388815  0
18.960000  0.388706  0
18.986667  0.388597  0
19.013333  0.388488  0
19.040000  0.388380  0
19.066667  0.388272  0
19.093333  0.388166  0
19.120000  0.388060  0
19.146667  0.387955  0
19.173333  0.387853  0
19.200000  0.387755  0
19.226667  0.387659  0
19.253333  0.387568  0
19.280000  0.387483  0
19.306667  0.387405  0
19.333333  0.387336  0
19.360000  0.387275  0
19.386667  0.387225  0
19.413333  0.387186  0
19.440000  0.387160  0
19.466667  0.387147  0
