2.506667  1.026075  0
2.533333  1.018365  0
2.560000  1.010654  0
2.586667  1.002944  0
2.613333  0.995233  0
2.640000  0.987523  0
2.666667  0.979812  0
2.693333  0.972102  0
2.720000  0.964392  0
2.746667  0.956681  0
2.773333  0.948971  0
2.800000  0.941734  0
2.826667  0.937208  0
2.853333  0.932681  0
2.880000  0.928155  0
2.906667  0.923628  0
2.933333  0.919102  0
2.960000  0.914576  0
2.986667  0.910049  0
3.013333  0.905523  0
3.040000  0.900996  0
3.066667  0.896470  0
3.093333  0.891944  0
3.120000  0.887417  0
3.146667  0.882891  0
3.173333  0.878364  0
3.200000  0.873260  0
3.226667  0.866999  0
3.253333  0.860739  0
3.280000  0.854478  0
3.306667  0.848217  0
3.333333  0.841957  0
3.360000  0.835696  0
3.386667  0.829436  0
3.413333  0.823175  0
3.440000  0.816914  0
3.466667  0.810654  0
3.493333  0.804393  0
3.520000  0.798132  0
3.546667  0.791872  0
3.573333  0.785644  0
3.600000  0.779493  0
3.626667  0.773342  0
3.653333  0.767191  0
3.680000  0.761040  0
3.706667  0.754890  0
3.733333  0.748739  0
3.760000  0.742588  0
3.786667  0.736437  0
3.813333  0.730286  0
3.840000  0.724136  0
3.866667  0.717985  0
3.893333  0.711834  0
3.920000  0.705683  0
3.946667  0.699532  0
3.973333  0.693382  0
4.000000  0.687231  0
4.026667  0.681080  0
4.053333  0.674929  0
4.080000  0.668778  0
4.106667  0.662628  0
4.133333  0.656948  0
4.160000  0.652728  0
4.186667  0.648508  0
4.213333  0.644287  0
4.240000  0.640067  0
4.266667  0.635847  0
4.293333  0.631627  0
4.320000  0.627406  0
4.346667  0.623186  0
4.373333  0.618966  0
4.400000  0.614746  0
4.426667  0.610525  0
4.453333  0.606305  0
4.480000  0.602085  0
4.506667  0.597865  0
4.533333  0.593645  0
4.560000  0.589424  0
4.586667  0.585204  0
4.613333  0.580984  0
4.640000  0.576764  0
4.666667  0.572543  0
4.693333  0.570194  0
4.720000  0.567903  0
4.746667  0.565611  0
4.773333  0.563320  0
4.800000  0.561028  0
4.826667  0.558737  0
4.853333  0.556445  0
4.880000  0.554153  0
4.906667  0.551862  0
4.933333  0.549570  0
4.960000  0.547279  0
4.986667  0.544987  0
5.013333  0.542696  0
5.040000  0.540404  0
5.066667  0.538112  0
5.093333  0.535821  0
5.120000  0.533529  0
5.146667  0.531238  0
5.173333  0.528946  0
5.200000  0.526654  0
5.226667  0.524363  0
5.253333  0.522071  0
5.280000  0.519780  0
5.306667  0.517488  0
5.333333  0.515197  0
5.360000  0.512905  0
5.386667  0.510613  0
5.413333  0.508322  0
5.440000  0.506030  0
5.466667  0.503739  0
5.493333  0.501447  0
5.520000  0.499156  0
5.546667  0.496864  0
5.573333  0.494572  0
5.600000  0.493258  0
5.626667  0.492446  0
5.653333  0.491633  0
5.680000  0.490821  0
5.706667  0.490008  0
5.733333  0.489196  0
5.760000  0.488383  0
5.786667  0.487571  0
5.813333  0.486758  0
5.840000  0.485946  0
5.866667  0.485133  0
5.893333  0.484321  0
5.920000  0.483508  0
5.946667  0.482696  0
5.973333  0.481883  0
6.000000  0.481071  0
6.026667  0.480258  0
6.053333  0.479446  0
6.080000  0.478633  0
6.106667  0.477821  0
6.133333  0.477008  0
6.160000  0.476196  0
6.186667  0.475383  0
6.213333  0.474571  0
6.240000  0.473759  0
6.266667  0.472946  0
6.293333  0.472134  0
6.320000  0.471321  0
6.346667  0.470509  0
6.373333  0.469696  0
6.400000  0.468884  0
6.426667  0.468071  0
6.453333  0.467259  0
6.480000  0.466446  0
6.506667  0.465634  0
6.533333  0.464821  0
6.560000  0.464009  0
6.586667  0.463196  0
6.613333  0.462384  0
6.640000  0.461571  0
6.666667  0.460759  0
6.693333  0.459946  0
6.720000  0.459134  0
6.746667  0.458321  0
6.773333  0.457509  0
6.800000  0.456696  0
6.826667  0.455884  0
6.853333  0.455071  0
6.880000  0.454259  0
6.906667  0.453446  0
6.933333  0.452634  0
6.960000  0.451821  0
6.986667  0.451009  0
7.013333  0.450196  0
7.040000  0.449384  0
7.066667  0.448572  0
7.093333  0.447759  0
7.120000  0.447228  0
7.146667  0.446797  0
7.173333  0.446366  0
7.200000  0.445936  0
7.226667  0.445505  0
7.253333  0.445074  0
7.280000  0.444643  0
7.306667  0.444212  0
7.333333  0.443781  0
7.360000  0.443350  0
7.386667  0.442919  0
7.413333  0.442488  0
7.440000  0.442057  0
7.466667  0.441627  0
7.493333  0.441196  0
7.520000  0.440765  0
7.546667  0.440334  0
7.573333  0.439903  0
7.600000  0.439472  0
7.626667  0.439041  0
7.653333  0.438610  0
7.680000  0.438179  0
7.706667  0.437749  0
7.733333  0.437318  0
7.760000  0.436887  0
7.786667  0.436456  0
7.813333  0.436025  0
7.840000  0.435594  0
7.866667  0.435163  0
7.893333  0.434732  0
7.920000  0.434301  0
7.946667  0.433870  0
7.973333  0.433440  0
8.000000  0.433009  0
8.026667  0.432578  0
8.053333  0.432147  0
8.080000  0.431716  0
8.106667  0.431285  0
8.133333  0.430854  0
8.160000  0.430423  0
8.186667  0.429992  0
8.213333  0.429562  0
8.240000  0.429131  0
8.266667  0.428700  0
8.293333  0.428269  0
8.320000  0.427838  0
8.346667  0.427407  0
8.373333  0.426976  0
8.400000  0.426545  0
8.426667  0.426114  0
8.453333  0.425683  0
8.480000  0.425253  0
8.506667  0.424822  0
8.533333  0.424391  0
8.560000  0.423960  0
8.586667  0.423529  0
8.613333  0.423098  0
8.640000  0.422667  0
8.666667  0.422236  0
8.693333  0.421805  0
8.720000  0.421375  0
8.746667  0.420944  0
8.773333  0.420513  0
8.800000  0.420082  0
8.826667  0.419651  0
8.853333  0.419220  0
8.880000  0.418789  0
8.906667  0.418358  0
8.933333  0.417927  0
8.960000  0.417497  0
8.986667  0.417066  0
9.013333  0.416635  0
9.040000  0.416204  0
9.066667  0.415773  0
9.093333  0.415342  0
9.120000  0.414911  0
9.146667  0.414480  0
9.173333  0.414049  0
9.200000  0.413618  0
9.226667  0.413188  0
9.253333  0.412757  0
9.280000  0.412326  0
9.306667  0.411895  0
9.333333  0.411464  0
9.360000  0.411033  0
9.386667  0.410602  0
9.413333  0.410171  0
9.440000  0.409740  0
9.466667  0.409310  0
9.493333  0.408879  0
9.520000  0.408448  0
9.546667  0.408114  0
9.573333  0.407875  0
9.600000  0.407637  0
9.626667  0.407398  0
9.653333  0.407159  0
9.680000  0.406920  0
9.706667  0.406682  0
9.733333  0.406443  0
9.760000  0.406204  0
9.786667  0.405965  0
9.813333  0.405727  0
9.840000  0.405488  0
9.866667  0.405249  0
9.893333  0.405010  0
9.920000  0.404771  0
9.946667  0.404533  0
9.973333  0.404294  0
10.000000  0.404055  0
10.026667  0.403816  0
10.053333  0.403578  0
10.080000  0.403339  0
10.106667  0.403100  0
10.133333  0.402861  0
10.160000  0.402623  0
10.186667  0.402384  0
10.213333  0.402145  0
10.240000  0.401906  0
10.266667  0.401668  0
10.293333  0.401429  0
10.320000  0.401190  0
10.346667  0.400951  0
10.373333  0.400713  0
10.400000  0.400474  0
10.426667  0.400235  0
10.453333  0.399996  0
10.480000  0.399758  0
10.506667  0.399519  0
10.533333  0.399280  0
10.560000  0.399041  0
10.586667  0.398803  0
10.613333  0.398564  0
10.640000  0.398325  0
10.666667  0.398086  0
10.693333  0.397848  0
10.720000  0.397609  0
10.746667  0.397370  0
10.773333  0.397131  0
10.800000  0.396893  0
10.826667  0.396654  0
10.853333  0.396415  0
10.880000  0.396176  0
10.906667  0.395938  0
10.933333  0.395699  0
10.960000  0.395460  0
10.986667  0.395221  0
11.013333  0.394983  0
11.040000  0.394744  0
11.066667  0.394505  0
11.093333  0.394266  0
11.120000  0.394028  0
11.146667  0.393789  0
11.173333  0.393550  0
11.200000  0.393311  0
11.226667  0.393073  0
11.253333  0.392834  0
11.280000  0.392595  0
11.306667  0.392356  0
11.333333  0.392118  0
11.360000  0.391879  0
11.386667  0.391640  0
11.413333  0.391401  0
11.440000  0.391163  0
11.466667  0.390924  0
11.493333  0.390685  0
11.520000  0.390446  0
11.546667  0.390208  0
11.573333  0.389969  0
11.600000  0.389730  0
11.626667  0.389491  0
11.653333  0.389253  0
11.680000  0.389014  0
11.706667  0.388775  0
11.733333  0.388536  0
11.760000  0.388298  0
11.786667  0.388059  0
11.813333  0.387820  0
11.840000  0.387581  0
11.866667  0.387343  0
11.893333  0.387104  0
11.920000  0.386865  0
11.946667  0.386626  0
11.973333  0.386387  0
12.000000  0.386149  0
12.026667  0.385910  0
12.053333  0.385671  0
12.080000  0.385432  0
12.106667  0.385194  0
12.133333  0.384955  0
12.160000  0.384716  0
12.186667  0.384477  0
12.213333  0.384239  0
12.240000  0.384000  0
12.266667  0.383761  0
12.293333  0.383522  0
12.320000  0.383284  0
12.346667  0.383045  0
12.373333  0.382806  0
12.400000  0.382567  0
12.426667  0.382329  0
12.453333  0.382090  0
12.480000  0.381851  0
12.506667  0.381612  0
12.533333  0.381374  0
12.560000  0.381135  0
12.586667  0.380896  0
12.613333  0.380657  0
12.640000  0.380419  0
12.666667  0.380180  0
12.693333  0.379941  0
12.720000  0.379702  0
12.746667  0.379464  0
12.773333  0.379225  0
12.800000  0.378986  0
12.826667  0.378747  0
12.853333  0.378509  0
12.880000  0.378270  0
12.906667  0.378031  0
12.933333  0.377792  0
12.960000  0.377554  0
12.986667  0.377315  0
13.013333  0.377076  0
13.040000  0.376837  0
13.066667  0.376599  0
13.093333  0.376360  0
13.120000  0.376121  0
13.146667  0.375882  0
13.173333  0.375644  0
13.200000  0.375405  0
13.226667  0.375166  0
13.253333  0.374927  0
13.280000  0.374689  0
13.306667  0.374450  0
13.333333  0.374211  0
13.360000  0.373972  0
13.386667  0.373734  0
13.413333  0.373495  0
13.440000  0.373256  0
13.466667  0.373017  0
13.493333  0.372779  0
13.520000  0.372540  0
13.546667  0.372301  0
13.573333  0.372062  0
13.600000  0.371824  0
13.626667  0.371585  0
13.653333  0.371346  0
13.680000  0.371107  0
13.706667  0.370869  0
13.733333  0.370630  0
13.760000  0.370391  0
13.786667  0.370152  0
13.813333  0.369914  0
13.840000  0.369675  0
13.866667  0.369436  0
13.893333  0.369197  0
13.920000  0.368959  0
13.946667  0.368720  0
13.973333  0.368481  0
14.000000  0.368242  0
14.026667  0.368003  0
14.053333  0.367765  0
14.080000  0.367526  0
14.106667  0.367287  0
14.133333  0.367048  0
14.160000  0.366810  0
14.186667  0.366571  0
14.213333  0.366332  0
14.240000  0.366093  0
14.266667  0.365855  0
14.293333  0.365616  0
14.320000  0.365377  0
14.346667  0.365138  0
14.373333  0.364900  0
14.400000  0.364661  0
14.426667  0.364422  0
14.453333  0.364245  0
14.480000  0.364133  0
14.506667  0.364022  0
14.533333  0.363910  0
14.560000  0.363799  0
14.586667  0.363687  0
14.613333  0.363576  0
14.640000  0.363464  0
14.666667  0.363352  0
14.693333  0.363241  0
14.720000  0.363129  0
14.746667  0.363018  0
14.773333  0.362906  0
14.800000  0.362795  0
14.826667  0.362683  0
14.853333  0.362572  0
14.880000  0.362460  0
14.906667  0.362349  0
14.933333  0.362237  0
14.960000  0.362126  0
14.986667  0.362014  0
15.013333  0.361903  0
15.040000  0.361791  0
15.066667  0.361679  0
15.093333  0.361568  0
15.120000  0.361456  0
15.146667  0.361345  0
15.173333  0.361233  0
15.200000  0.361122  0
15.226667  0.361010  0
15.253333  0.360899  0
15.280000  0.360787  0
15.306667  0.360676  0
15.333333  0.360564  0
15.360000  0.360453  0
15.386667  0.360341  0
15.413333  0.360229  0
15.440000  0.360118  0
15.466667  0.360006  0
15.493333  0.359895  0
15.520000  0.359783  0
15.546667  0.359672  0
15.573333  0.359560  0
15.600000  0.359449  0
15.626667  0.359337  0
15.653333  0.359226  0
15.680000  0.359114  0
15.706667  0.359003  0
15.733333  0.358891  0
15.760000  0.358779  0
15.786667  0.358668  0
15.813333  0.358556  0
15.840000  0.358445  0
15.866667  0.358333  0
15.893333  0.358222  0
15.920000  0.358110  0
15.946667  0.357999  0
15.973333  0.357887  0
16.000000  0.357776  0
16.026667  0.357664  0
16.053333  0.357553  0
16.080000  0.357441  0
16.106667  0.357330  0
16.133333  0.357218  0
16.160000  0.357106  0
16.186667  0.356995  0
16.213333  0.356883  0
16.240000  0.356772  0
16.266667  0.356660  0
16.293333  0.356549  0
16.320000  0.356437  0
16.346667  0.356326  0
16.373333  0.356214  0
16.400000  0.356103  0
16.426667  0.355991  0
16.453333  0.355880  0
16.480000  0.355768  0
16.506667  0.355656  0
16.533333  0.355545  0
16.560000  0.355433  0
16.586667  0.355322  0
16.613333  0.355210  0
16.640000  0.355099  0
16.666667  0.354987  0
16.693333  0.354876  0
16.720000  0.354764  0
16.746667  0.354653  0
16.773333  0.354541  0
16.800000  0.354430  0
16.826667  0.354318  0
16.853333  0.354206  0
16.880000  0.354095  0
16.906667  0.353983  0
16.933333  0.353872  0
16.960000  0.353760  0
16.986667  0.353649  0
17.013333  0.353537  0
17.040000  0.353426  0
17.066667  0.353314  0
17.093333  0.353203  0
17.120000  0.353091  0
17.146667  0.352980  0
17.173333  0.352868  0
17.200000  0.352756  0
17.226667  0.352645  0
17.253333  0.352533  0
17.280000  0.352422  0
17.306667  0.352310  0
17.333333  0.352199  0
17.360000  0.352087  0
17.386667  0.351976  0
17.413333  0.351864  0
17.440000  0.351753  0
17.466667  0.351641  0
17.493333  0.351530  0
17.520000  0.351418  0
17.546667  0.351307  0
17.573333  0.351195  0
17.600000  0.351083  0
17.626667  0.350972  0
17.653333  0.350860  0
17.680000  0.350749  0
17.706667  0.350637  0
17.733333  0.350526  0
17.760000  0.350414  0
17.786667  0.350303  0
17.813333  0.350191  0
17.840000  0.350080  0
17.866667  0.349968  0
17.893333  0.349857  0
17.920000  0.349745  0
17.946667  0.349633  0
17.973333  0.349522  0
18.000000  0.349410  0
18.026667  0.349299  0
18.053333  0.349187  0
18.080000  0.349076  0
18.106667  0.348964  0
18.133333  0.348853  0
18.160000  0.348741  0
18.186667  0.348630  0
18.213333  0.348518  0
18.240000  0.348407  0
18.266667  0.348295  0
18.293333  0.348183  0
18.320000  0.348072  0
18.346667  0.347960  0
18.373333  0.347849  0
18.400000  0.347737  0
18.426667  0.347626  0
18.453333  0.347514  0
18.480000  0.347403  0
18.506667  0.347291  0
18.533333  0.347180  0
18.560000  0.347068  0
18.586667  0.346957  0
18.613333  0.346845  0
18.640000  0.346734  0
18.666667  0.346622  0
18.693333  0.346510  0
18.720000  0.346399  0
18.746667  0.346287  0
18.773333  0.346176  0
18.800000  0.346064  0
18.826667  0.345953  0
18.853333  0.345841  0
18.880000  0.345730  0
18.906667  0.345618  0
18.933333  0.345507  0
18.960000  0.345395  0
18.986667  0.345284  0
19.013333  0.345172  0
19.040000  0.345060  0
19.066667  0.344949  0
19.093333  0.344837  0
19.120000  0.344726  0
19.146667  0.344614  0
19.173333  0.344503  0
19.200000  0.344391  0
19.226667  0.344280  0
19.253333  0.344168  0
19.280000  0.344057  0
19.306667  0.343945  0
19.333333  0.343834  0
19.360000  0.343722  0
19.386667  0.343610  0
19.413333  0.343499  0
19.440000  0.343387  0
19.466667  0.343276  0
19.493333  0.343164  0
19.520000  0.343053  0
19.546667  0.342941  0
19.573333  0.342830  0
19.600000  0.342718  0
19.626667  0.342607  0
19.653333  0.342495  0
19.680000  0.342384  0
19.706667  0.342272  0
19.733333  0.342160  0
19.760000  0.342049  0
19.786667  0.341937  0
19.813333  0.341826  0
19.840000  0.341714  0
19.866667  0.341603  0
19.893333  0.341491  0
19.920000  0.341380  0
19.946667  0.341268  0
19.973333  0.341157  0
20.000000  0.341045  0
20.026667  0.340934  0
20.053333  0.340822  0
20.080000  0.340711  0
20.106667  0.340599  0
20.133333  0.340487  0
20.160000  0.340376  0
20.186667  0.340264  0
20.213333  0.340153  0
20.240000  0.340041  0
20.266667  0.339930  0
20.293333  0.339818  0
20.320000  0.339707  0
20.346667  0.339595  0
20.373333  0.339484  0
20.400000  0.339372  0
20.426667  0.339261  0
20.453333  0.339149  0
20.480000  0.339037  0
20.506667  0.338926  0
20.533333  0.338814  0
20.560000  0.338703  0
20.586667  0.338591  0
20.613333  0.338480  0
20.640000  0.338368  0
20.666667  0.338257  0
20.693333  0.338145  0
20.720000  0.338034  0
20.746667  0.337922  0
20.773333  0.337811  0
20.800000  0.337699  0
20.826667  0.337587  0
20.853333  0.337476  0
20.880000  0.337364  0
20.906667  0.337253  0
20.933333  0.337141  0
20.960000  0.337030  0
20.986667  0.336918  0
21.013333  0.336807  0
21.040000  0.336695  0
21.066667  0.336584  0
21.093333  0.336472  0
21.120000  0.336361  0
21.146667  0.336249  0
21.173333  0.336138  0
21.200000  0.336026  0
21.226667  0.335914  0
21.253333  0.335803  0
21.280000  0.335691  0
21.306667  0.335580  0
21.333333  0.335468  0
21.360000  0.335357  0
21.386667  0.335245  0
21.413333  0.335134  0
21.440000  0.335022  0
21.466667  0.334911  0
21.493333  0.334799  0
21.520000  0.334688  0
21.546667  0.334576  0
21.573333  0.334464  0
21.600000  0.334353  0
21.626667  0.334241  0
21.653333  0.334130  0
21.680000  0.334018  0
21.706667  0.333907  0
21.733333  0.333795  0
21.760000  0.333684  0
21.786667  0.333572  0
21.813333  0.333461  0
21.840000  0.333349  0
21.866667  0.333238  0
21.893333  0.333126  0
21.920000  0.333014  0
21.946667  0.332903  0
21.973333  0.332791  0
22.000000  0.332680  0
22.026667  0.332568  0
22.053333  0.332457  0
22.080000  0.332345  0
22.106667  0.332234  0
22.133333  0.332122  0
22.160000  0.332011  0
22.186667  0.331899  0
22.213333  0.331788  0
22.240000  0.331676  0
22.266667  0.331565  0
22.293333  0.331453  0
22.320000  0.331341  0
22.346667  0.331230  0
22.373333  0.331118  0
22.400000  0.331007  0
22.426667  0.330895  0
22.453333  0.330784  0
22.480000  0.330672  0
22.506667  0.330561  0
22.533333  0.330449  0
22.560000  0.330338  0
22.586667  0.330226  0
22.613333  0.330115  0
22.640000  0.330003  0
22.666667  0.329891  0
22.693333  0.329780  0
22.720000  0.329668  0
22.746667  0.329557  0
22.773333  0.329445  0
22.800000  0.329334  0
22.826667  0.329222  0
22.853333  0.329111  0
22.880000  0.328999  0
22.906667  0.328888  0
22.933333  0.328776  0
22.960000  0.328665  0
22.986667  0.328553  0
23.013333  0.328441  0
23.040000  0.328330  0
23.066667  0.328218  0
23.093333  0.328107  0
23.120000  0.327995  0
23.146667  0.327884  0
23.173333  0.327772  0
23.200000  0.327661  0
23.226667  0.327549  0
23.253333  0.327438  0
23.280000  0.327326  0
23.306667  0.327215  0
23.333333  0.327103  0
23.360000  0.326991  0
23.386667  0.326880  0
23.413333  0.326768  0
23.440000  0.326657  0
23.466667  0.326545  0
23.493333  0.326434  0
23.520000  0.326322  0
23.546667  0.326211  0
23.573333  0.326099  0
23.600000  0.325988  0
23.626667  0.325876  0
23.653333  0.325765  0
23.680000  0.325653  0
23.706667  0.325542  0
23.733333  0.325430  0
23.760000  0.325318  0
23.786667  0.325207  0
23.813333  0.325095  0
