2.826667  0.688553  0
2.853333  0.688491  0
2.880000  0.688372  0
2.906667  0.688200  0
2.933333  0.687982  0
2.960000  0.687727  0
2.986667  0.687442  0
3.013333  0.687136  0
3.040000  0.686815  0
3.066667  0.686483  0
3.093333  0.686145  0
3.120000  0.685802  0
3.146667  0.685457  0
3.173333  0.685111  0
3.200000  0.684764  0
3.226667  0.684417  0
3.253333  0.684070  0
3.280000  0.683723  0
3.306667  0.683375  0
3.333333  0.683028  0
3.360000  0.682680  0
3.386667  0.682333  0
3.413333  0.681986  0
3.440000  0.681638  0
3.466667  0.681291  0
3.493333  0.680943  0
3.520000  0.680596  0
3.546667  0.680248  0
3.573333  0.679901  0
3.600000  0.679553  0
3.626667  0.679206  0
3.653333  0.678859  0
3.680000  0.678511  0
3.706667  0.678164  0
3.733333  0.677816  0
3.760000  0.677469  0
3.786667  0.677121  0
3.813333  0.676774  0
3.840000  0.676427  0
3.866667  0.676079  0
3.893333  0.675731  0
3.920000  0.675384  0
3.946667  0.675035  0
3.973333  0.674687  0
4.000000  0.674337  0
4.026667  0.673987  0
4.053333  0.673635  0
4.080000  0.673282  0
4.106667  0.672926  0
4.133333  0.672567  0
4.160000  0.672205  0
4.186667  0.671840  0
4.213333  0.671471  0
4.240000  0.671100  0
4.266667  0.670725  0
4.293333  0.670348  0
4.320000  0.669968  0
4.346667  0.669587  0
4.373333  0.669204  0
4.400000  0.668821  0
4.426667  0.668437  0
4.453333  0.668052  0
4.480000  0.667667  0
4.506667  0.667283  0
4.533333  0.666898  0
4.560000  0.666512  0
4.586667  0.666127  0
4.613333  0.665742  0
4.640000  0.665357  0
4.666667  0.664972  0
4.693333  0.664587  0
4.720000  0.664202  0
4.746667  0.663817  0
4.773333  0.663432  0
4.800000  0.663046  0
4.826667  0.662661  0
4.853333  0.662276  0
4.880000  0.661891  0
4.906667  0.661506  0
4.933333  0.661121  0
4.960000  0.660736  0
4.986667  0.660351  0
5.013333  0.659966  0
5.040000  0.659580  0
5.066667  0.659195  0
5.093333  0.658810  0
5.120000  0.658425  0
5.146667  0.658040  0
5.173333  0.657655  0
5.200000  0.657269  0
5.226667  0.656883  0
5.253333  0.656496  0
5.280000  0.656107  0
5.306667  0.655715  0
5.333333  0.655317  0
5.360000  0.654911  0
5.386667  0.654490  0
5.413333  0.654051  0
5.440000  0.653584  0
5.466667  0.653082  0
5.493333  0.652536  0
5.520000  0.651937  0
5.546667  0.651279  0
5.573333  0.650556  0
5.600000  0.649769  0
5.626667  0.648917  0
5.653333  0.648007  0
5.680000  0.647045  0
5.706667  0.646039  0
5.733333  0.644999  0
5.760000  0.643932  0
5.786667  0.642846  0
5.813333  0.641748  0
5.840000  0.640640  0
5.866667  0.639528  0
5.893333  0.638412  0
5.920000  0.637295  0
5.946667  0.636176  0
5.973333  0.635057  0
6.000000  0.633937  0
6.026667  0.632815  0
6.053333  0.631689  0
6.080000  0.630558  0
6.106667  0.629416  0
6.133333  0.628257  0
6.160000  0.627071  0
6.186667  0.625843  0
6.213333  0.624556  0
6.240000  0.623187  0
6.266667  0.621712  0
6.293333  0.620106  0
6.320000  0.618347  0
6.346667  0.616417  0
6.373333  0.614311  0
6.400000  0.612038  0
6.426667  0.609682  0
6.453333  0.607523  0
6.480000  0.605812  0
6.506667  0.604390  0
6.533333  0.603034  0
6.560000  0.601683  0
6.586667  0.600332  0
6.613333  0.598981  0
6.640000  0.597630  0
6.666667  0.596279  0
6.693333  0.594929  0
6.720000  0.593578  0
6.746667  0.592227  0
6.773333  0.590876  0
6.800000  0.589525  0
6.826667  0.588174  0
6.853333  0.586823  0
6.880000  0.585473  0
6.906667  0.584122  0
6.933333  0.582770  0
6.960000  0.581404  0
6.986667  0.579978  0
7.013333  0.578472  0
7.040000  0.576973  0
7.066667  0.575561  0
7.093333  0.574247  0
7.120000  0.572996  0
7.146667  0.571755  0
7.173333  0.570473  0
7.200000  0.569116  0
7.226667  0.567676  0
7.253333  0.566175  0
7.280000  0.564653  0
7.306667  0.563164  0
7.333333  0.561756  0
7.360000  0.560467  0
7.386667  0.559315  0
7.413333  0.558295  0
7.440000  0.557383  0
7.466667  0.556542  0
7.493333  0.555727  0
7.520000  0.554896  0
7.546667  0.554012  0
7.573333  0.553054  0
7.600000  0.552017  0
7.626667  0.550910  0
7.653333  0.549759  0
7.680000  0.548595  0
7.706667  0.547455  0
7.733333  0.546369  0
7.760000  0.545360  0
7.786667  0.544435  0
7.813333  0.543587  0
7.840000  0.542794  0
7.866667  0.542020  0
7.893333  0.541229  0
7.920000  0.540384  0
7.946667  0.539458  0
7.973333  0.538439  0
8.000000  0.537334  0
8.026667  0.536163  0
8.053333  0.534962  0
8.080000  0.533768  0
8.106667  0.532622  0
8.133333  0.531555  0
8.160000  0.530590  0
8.186667  0.529741  0
8.213333  0.529010  0
8.240000  0.528392  0
8.266667  0.527878  0
8.293333  0.527455  0
8.320000  0.527106  0
8.346667  0.526816  0
8.373333  0.526569  0
8.400000  0.526353  0
8.426667  0.526157  0
8.453333  0.525973  0
8.480000  0.525793  0
8.506667  0.525611  0
8.533333  0.525420  0
8.560000  0.525212  0
8.586667  0.524983  0
8.613333  0.524730  0
8.640000  0.524453  0
8.666667  0.524159  0
8.693333  0.523855  0
8.720000  0.523551  0
8.746667  0.523250  0
8.773333  0.522948  0
8.800000  0.522633  0
8.826667  0.522284  0
8.853333  0.521875  0
8.880000  0.521382  0
8.906667  0.520789  0
8.933333  0.520093  0
8.960000  0.519308  0
8.986667  0.518463  0
9.013333  0.517598  0
9.040000  0.516753  0
9.066667  0.515964  0
9.093333  0.515253  0
9.120000  0.514625  0
9.146667  0.514073  0
9.173333  0.513577  0
9.200000  0.513111  0
9.226667  0.512651  0
9.253333  0.512175  0
9.280000  0.511669  0
9.306667  0.511126  0
9.333333  0.510545  0
9.360000  0.509930  0
9.386667  0.509292  0
9.413333  0.508640  0
9.440000  0.507989  0
9.466667  0.507353  0
9.493333  0.506746  0
9.520000  0.506184  0
9.546667  0.505679  0
9.573333  0.505242  0
9.600000  0.504878  0
9.626667  0.504590  0
9.653333  0.504367  0
9.680000  0.504172  0
9.706667  0.503965  0
9.733333  0.503743  0
9.760000  0.503517  0
9.786667  0.503290  0
9.813333  0.503063  0
9.840000  0.502836  0
9.866667  0.502610  0
9.893333  0.502383  0
9.920000  0.502156  0
9.946667  0.501930  0
9.973333  0.501703  0
10.000000  0.501476  0
10.026667  0.501249  0
10.053333  0.501023  0
10.080000  0.500796  0
10.106667  0.500569  0
10.133333  0.500342  0
10.160000  0.500116  0
10.186667  0.499889  0
10.213333  0.499662  0
10.240000  0.499435  0
10.266667  0.499209  0
10.293333  0.498982  0
10.320000  0.498755  0
10.346667  0.498528  0
10.373333  0.498302  0
10.400000  0.498075  0
10.426667  0.497848  0
10.453333  0.497621  0
10.480000  0.497392  0
10.506667  0.497130  0
10.533333  0.496721  0
10.560000  0.496057  0
10.586667  0.495218  0
10.613333  0.494323  0
10.640000  0.493430  0
10.666667  0.492567  0
10.693333  0.491753  0
10.720000  0.491001  0
10.746667  0.490315  0
10.773333  0.489693  0
10.800000  0.489130  0
10.826667  0.488619  0
10.853333  0.488152  0
10.880000  0.487722  0
10.906667  0.487322  0
10.933333  0.486947  0
10.960000  0.486592  0
10.986667  0.486252  0
11.013333  0.485923  0
11.040000  0.485603  0
11.066667  0.485288  0
11.093333  0.484976  0
11.120000  0.484667  0
11.146667  0.484359  0
11.173333  0.484052  0
11.200000  0.483745  0
11.226667  0.483438  0
11.253333  0.483132  0
11.280000  0.482826  0
11.306667  0.482519  0
11.333333  0.482213  0
11.360000  0.481906  0
11.386667  0.481600  0
11.413333  0.481294  0
11.440000  0.480987  0
11.466667  0.480681  0
11.493333  0.480374  0
11.520000  0.480068  0
11.546667  0.479762  0
11.573333  0.479455  0
11.600000  0.479149  0
11.626667  0.478842  0
11.653333  0.478536  0
11.680000  0.478230  0
11.706667  0.477923  0
11.733333  0.477617  0
11.760000  0.477310  0
11.786667  0.477004  0
11.813333  0.476698  0
11.840000  0.476391  0
11.866667  0.476085  0
11.893333  0.475778  0
11.920000  0.475472  0
11.946667  0.475166  0
11.973333  0.474859  0
12.000000  0.474553  0
12.026667  0.474246  0
12.053333  0.473940  0
12.080000  0.473634  0
12.106667  0.473327  0
12.133333  0.473021  0
12.160000  0.472715  0
12.186667  0.472409  0
12.213333  0.472103  0
12.240000  0.471798  0
12.266667  0.471494  0
12.293333  0.471191  0
12.320000  0.470891  0
12.346667  0.470594  0
12.373333  0.470300  0
12.400000  0.470012  0
12.426667  0.469729  0
12.453333  0.469453  0
12.480000  0.469185  0
12.506667  0.468923  0
12.533333  0.468669  0
12.560000  0.468422  0
12.586667  0.468180  0
12.613333  0.467943  0
12.640000  0.467711  0
12.666667  0.467481  0
12.693333  0.467253  0
12.720000  0.467027  0
12.746667  0.466802  0
12.773333  0.466577  0
12.800000  0.466353  0
12.826667  0.466129  0
12.853333  0.465905  0
12.880000  0.465681  0
12.906667  0.465457  0
12.933333  0.465233  0
12.960000  0.465010  0
12.986667  0.464786  0
13.013333  0.464562  0
13.040000  0.464338  0
13.066667  0.464114  0
13.093333  0.463890  0
13.120000  0.463667  0
13.146667  0.463443  0
13.173333  0.463219  0
13.200000  0.462995  0
13.226667  0.462771  0
13.253333  0.462548  0
13.280000  0.462324  0
13.306667  0.462100  0
13.333333  0.461876  0
13.360000  0.461652  0
13.386667  0.461428  0
13.413333  0.461204  0
13.440000  0.460981  0
13.466667  0.460757  0
13.493333  0.460532  0
13.520000  0.460308  0
13.546667  0.460082  0
13.573333  0.459856  0
13.600000  0.459628  0
13.626667  0.459397  0
13.653333  0.459163  0
13.680000  0.458924  0
13.706667  0.458677  0
13.733333  0.458423  0
13.760000  0.458159  0
13.786667  0.457884  0
13.813333  0.457598  0
13.840000  0.457299  0
13.866667  0.456990  0
13.893333  0.456670  0
13.920000  0.456340  0
13.946667  0.456004  0
13.973333  0.455661  0
14.000000  0.455313  0
14.026667  0.454963  0
14.053333  0.454610  0
14.080000  0.454256  0
14.106667  0.453901  0
14.133333  0.453545  0
14.160000  0.453189  0
14.186667  0.452833  0
14.213333  0.452476  0
14.240000  0.452120  0
14.266667  0.451764  0
14.293333  0.451408  0
14.320000  0.451051  0
14.346667  0.450695  0
14.373333  0.450339  0
14.400000  0.449982  0
14.426667  0.449626  0
14.453333  0.449270  0
14.480000  0.448914  0
14.506667  0.448557  0
14.533333  0.448201  0
14.560000  0.447845  0
14.586667  0.447488  0
14.613333  0.447132  0
14.640000  0.446776  0
14.666667  0.446420  0
14.693333  0.446063  0
14.720000  0.445707  0
14.746667  0.445351  0
14.773333  0.444994  0
14.800000  0.444638  0
14.826667  0.444282  0
14.853333  0.443925  0
14.880000  0.443569  0
14.906667  0.443213  0
14.933333  0.442857  0
14.960000  0.442500  0
14.986667  0.442144  0
15.013333  0.441788  0
15.040000  0.441431  0
15.066667  0.441075  0
15.093333  0.440719  0
15.120000  0.440363  0
15.146667  0.440006  0
15.173333  0.439650  0
15.200000  0.439294  0
15.226667  0.438937  0
15.253333  0.438581  0
15.280000  0.438225  0
15.306667  0.437868  0
15.333333  0.437512  0
15.360000  0.437156  0
15.386667  0.436800  0
15.413333  0.436443  0
15.440000  0.436087  0
15.466667  0.435731  0
15.493333  0.435374  0
15.520000  0.435018  0
15.546667  0.434661  0
15.573333  0.434303  0
15.600000  0.433945  0
15.626667  0.433586  0
15.653333  0.433226  0
15.680000  0.432863  0
15.706667  0.432498  0
15.733333  0.432130  0
15.760000  0.431757  0
15.786667  0.431380  0
15.813333  0.430998  0
15.840000  0.430611  0
15.866667  0.430220  0
15.893333  0.429824  0
15.920000  0.429424  0
15.946667  0.429021  0
15.973333  0.428615  0
16.000000  0.428208  0
16.026667  0.427799  0
16.053333  0.427389  0
16.080000  0.426978  0
16.106667  0.426567  0
16.133333  0.426156  0
16.160000  0.425744  0
16.186667  0.425333  0
16.213333  0.424922  0
16.240000  0.424510  0
16.266667  0.424099  0
16.293333  0.423687  0
16.320000  0.423276  0
16.346667  0.422864  0
16.373333  0.422453  0
16.400000  0.422041  0
16.426667  0.421630  0
16.453333  0.421218  0
16.480000  0.420807  0
16.506667  0.420395  0
16.533333  0.419984  0
16.560000  0.419572  0
16.586667  0.419161  0
16.613333  0.418749  0
16.640000  0.418338  0
16.666667  0.417926  0
16.693333  0.417515  0
16.720000  0.417103  0
16.746667  0.416692  0
16.773333  0.416281  0
16.800000  0.415869  0
16.826667  0.415458  0
16.853333  0.415046  0
16.880000  0.414635  0
16.906667  0.414223  0
16.933333  0.413812  0
16.960000  0.413400  0
16.986667  0.412989  0
17.013333  0.412577  0
17.040000  0.412166  0
17.066667  0.411754  0
17.093333  0.411343  0
17.120000  0.410931  0
17.146667  0.410520  0
17.173333  0.410108  0
17.200000  0.409697  0
17.226667  0.409285  0
17.253333  0.408874  0
17.280000  0.408462  0
17.306667  0.408051  0
17.333333  0.407640  0
17.360000  0.407228  0
17.386667  0.406817  0
17.413333  0.406405  0
17.440000  0.405994  0
17.466667  0.405583  0
17.493333  0.405172  0
17.520000  0.404761  0
17.546667  0.404352  0
17.573333  0.403944  0
17.600000  0.403540  0
17.626667  0.403140  0
17.653333  0.402747  0
17.680000  0.402364  0
17.706667  0.401995  0
17.733333  0.401645  0
17.760000  0.401316  0
17.786667  0.401013  0
17.813333  0.400740  0
17.840000  0.400498  0
17.866667  0.400288  0
17.893333  0.400108  0
17.920000  0.399956  0
17.946667  0.399829  0
17.973333  0.399722  0
18.000000  0.399631  0
18.026667  0.399552  0
18.053333  0.399482  0
18.080000  0.399418  0
18.106667  0.399358  0
18.133333  0.399300  0
18.160000  0.399244  0
18.186667  0.399188  0
18.213333  0.399133  0
18.240000  0.399078  0
18.266667  0.399023  0
18.293333  0.398968  0
18.320000  0.398913  0
18.346667  0.398858  0
18.373333  0.398803  0
18.400000  0.398748  0
18.426667  0.398693  0
18.453333  0.398638  0
18.480000  0.398583  0
18.506667  0.398529  0
18.533333  0.398474  0
18.560000  0.398419  0
18.586667  0.398364  0
18.613333  0.398309  0
18.640000  0.398254  0
18.666667  0.398199  0
18.693333  0.398144  0
18.720000  0.398089  0
18.746667  0.398034  0
18.773333  0.397980  0
18.800000  0.397925  0
18.826667  0.397870  0
18.853333  0.397815  0
18.880000  0.397760  0
18.906667  0.397705  0
18.933333  0.397650  0
18.960000  0.397595  0
18.986667  0.397540  0
19.013333  0.397485  0
19.040000  0.397430  0
19.066667  0.397376  0
19.093333  0.397321  0
19.120000  0.397266  0
19.146667  0.397211  0
19.173333  0.397156  0
19.200000  0.397101  0
19.226667  0.397046  0
19.253333  0.396991  0
19.280000  0.396936  0
19.306667  0.396881  0
19.333333  0.396827  0
19.360000  0.396772  0
19.386667  0.396717  0
19.413333  0.396662  0
19.440000  0.396607  0
19.466667  0.396552  0
19.493333  0.396497  0
19.520000  0.396442  0
19.546667  0.396387  0
19.573333  0.396332  0
19.600000  0.396278  0
19.626667  0.396223  0
19.653333  0.396168  0
19.680000  0.396113  0
19.706667  0.396058  0
19.733333  0.396003  0
19.760000  0.395948  0
19.786667  0.395893  0
19.813333  0.395838  0
19.840000  0.395783  0
19.866667  0.395729  0
19.893333  0.395674  0
19.920000  0.395619  0
19.946667  0.395564  0
19.973333  0.395509  0
20.000000  0.395454  0
20.026667  0.395399  0
20.053333  0.395344  0
20.080000  0.395289  0
20.106667  0.395234  0
20.133333  0.395180  0
20.160000  0.395125  0
20.186667  0.395070  0
20.213333  0.395015  0
20.240000  0.394960  0
20.266667  0.394905  0
20.293333  0.394850  0
20.320000  0.394795  0
20.346667  0.394740  0
20.373333  0.394685  0
20.400000  0.394631  0
20.426667  0.394576  0
20.453333  0.394521  0
20.480000  0.394466  0
20.506667  0.394411  0
20.533333  0.394356  0
20.560000  0.394301  0
20.586667  0.394246  0
20.613333  0.394191  0
20.640000  0.394136  0
20.666667  0.394082  0
20.693333  0.394027  0
20.720000  0.393972  0
20.746667  0.393917  0
20.773333  0.393862  0
20.800000  0.393807  0
20.826667  0.393752  0
20.853333  0.393697  0
20.880000  0.393642  0
20.906667  0.393587  0
20.933333  0.393533  0
20.960000  0.393478  0
20.986667  0.393423  0
21.013333  0.393368  0
21.040000  0.393313  0
21.066667  0.393258  0
21.093333  0.393203  0
21.120000  0.393148  0
21.146667  0.393093  0
21.173333  0.393038  0
21.200000  0.392984  0
21.226667  0.392929  0
21.253333  0.392874  0
21.280000  0.392819  0
21.306667  0.392764  0
21.333333  0.392709  0
21.360000  0.392654  0
21.386667  0.392599  0
21.413333  0.392544  0
21.440000  0.392489  0
21.466667  0.392435  0
21.493333  0.392380  0
21.520000  0.392325  0
21.546667  0.392270  0
21.573333  0.392215  0
21.600000  0.392160  0
21.626667  0.392105  0
21.653333  0.392050  0
21.680000  0.391995  0
21.706667  0.391940  0
21.733333  0.391886  0
21.760000  0.391831  0
21.786667  0.391776  0
21.813333  0.391721  0
21.840000  0.391666  0
21.866667  0.391611  0
21.893333  0.391556  0
21.920000  0.391501  0
21.946667  0.391446  0
21.973333  0.391391  0
22.000000  0.391337  0
22.026667  0.391282  0
22.053333  0.391227  0
22.080000  0.391172  0
22.106667  0.391117  0
22.133333  0.391062  0
22.160000  0.391007  0
22.186667  0.390952  0
22.213333  0.390897  0
22.240000  0.390842  0
22.266667  0.390788  0
22.293333  0.390733  0
22.320000  0.390678  0
22.346667  0.390623  0
22.373333  0.390568  0
22.400000  0.390513  0
22.426667  0.390458  0
22.453333  0.390403  0
22.480000  0.390348  0
22.506667  0.390293  0
22.533333  0.390239  0
22.560000  0.390184  0
22.586667  0.390129  0
22.613333  0.390074  0
22.640000  0.390019  0
22.666667  0.389964  0
22.693333  0.389909  0
22.720000  0.389854  0
22.746667  0.389799  0
22.773333  0.389744  0
22.800000  0.389690  0
22.826667  0.389635  0
22.853333  0.389580  0
22.880000  0.389525  0
22.906667  0.389470  0
22.933333  0.389415  0
22.960000  0.389360  0
22.986667  0.389305  0
23.013333  0.389250  0
23.040000  0.389195  0
23.066667  0.389140  0
23.093333  0.389086  0
23.120000  0.389031  0
23.146667  0.388976  0
23.173333  0.388921  0
23.200000  0.388866  0
23.226667  0.388811  0
23.253333  0.388756  0
23.280000  0.388701  0
23.306667  0.388646  0
23.333333  0.388591  0
23.360000  0.388537  0
23.386667  0.388482  0
23.413333  0.388427  0
23.440000  0.388372  0
23.466667  0.388317  0
23.493333  0.388262  0
23.520000  0.388207  0
23.546667  0.388152  0
23.573333  0.388097  0
23.600000  0.388042  0
23.626667  0.387988  0
23.653333  0.387933  0
23.680000  0.387878  0
23.706667  0.387823  0
23.733333  0.387768  0
23.760000  0.387713  0
23.786667  0.387658  0
23.813333  0.387603  0
23.840000  0.387548  0
23.866667  0.387493  0
23.893333  0.387439  0
23.920000  0.387384  0
23.946667  0.387329  0
23.973333  0.387274  0
24.000000  0.387219  0
24.026667  0.387165  0
24.053333  0.387111  0
24.080000  0.387057  0
24.106667  0.387005  0
24.133333  0.386954  0
24.160000  0.386906  0
24.186667  0.386861  0
24.213333  0.386820  0
24.240000  0.386786  0
24.266667  0.386759  0
24.293333  0.386740  0
24.320000  0.386730  0
