4.000000  0.648011  0
4.026667  0.647849  0
4.053333  0.647557  0
4.080000  0.647185  0
4.106667  0.646773  0
4.133333  0.646346  0
4.160000  0.645913  0
4.186667  0.645480  0
4.213333  0.645046  0
4.240000  0.644613  0
4.266667  0.644179  0
4.293333  0.643746  0
4.320000  0.643312  0
4.346667  0.642878  0
4.373333  0.642445  0
4.400000  0.642011  0
4.426667  0.641578  0
4.453333  0.641144  0
4.480000  0.640710  0
4.506667  0.640277  0
4.533333  0.639843  0
4.560000  0.639408  0
4.586667  0.638971  0
4.613333  0.638524  0
4.640000  0.638055  0
4.666667  0.637544  0
4.693333  0.636968  0
4.720000  0.636318  0
4.746667  0.635598  0
4.773333  0.634828  0
4.800000  0.634029  0
4.826667  0.633218  0
4.853333  0.632402  0
4.880000  0.631585  0
4.906667  0.630767  0
4.933333  0.629949  0
4.960000  0.629132  0
4.986667  0.628314  0
5.013333  0.627496  0
5.040000  0.626679  0
5.066667  0.625861  0
5.093333  0.625043  0
5.120000  0.624226  0
5.146667  0.623408  0
5.173333  0.622590  0
5.200000  0.621771  0
5.226667  0.620948  0
5.253333  0.620117  0
5.280000  0.619273  0
5.306667  0.618410  0
5.333333  0.617528  0
5.360000  0.616628  0
5.386667  0.615717  0
5.413333  0.614801  0
5.440000  0.613882  0
5.466667  0.612962  0
5.493333  0.612043  0
5.520000  0.611123  0
5.546667  0.610203  0
5.573333  0.609283  0
5.600000  0.608363  0
5.626667  0.607443  0
5.653333  0.606523  0
5.680000  0.605604  0
5.706667  0.604684  0
5.733333  0.603764  0
5.760000  0.602843  0
5.786667  0.601919  0
5.813333  0.600985  0
5.840000  0.600027  0
5.866667  0.599019  0
5.893333  0.597932  0
5.920000  0.596749  0
5.946667  0.595471  0
5.973333  0.594119  0
6.000000  0.592722  0
6.026667  0.591303  0
6.053333  0.589875  0
6.080000  0.588445  0
6.106667  0.587014  0
6.133333  0.585583  0
6.160000  0.584152  0
6.186667  0.582722  0
6.213333  0.581291  0
6.240000  0.579860  0
6.266667  0.578429  0
6.293333  0.576998  0
6.320000  0.575567  0
6.346667  0.574136  0
6.373333  0.572705  0
6.400000  0.571273  0
6.426667  0.569835  0
6.453333  0.568380  0
6.480000  0.566879  0
6.506667  0.565280  0
6.533333  0.563517  0
6.560000  0.561539  0
6.586667  0.559337  0
6.613333  0.556951  0
6.640000  0.554445  0
6.666667  0.551878  0
6.693333  0.549286  0
6.720000  0.546687  0
6.746667  0.544085  0
6.773333  0.541484  0
6.800000  0.538882  0
6.826667  0.536281  0
6.853333  0.533679  0
6.880000  0.531077  0
6.906667  0.528476  0
6.933333  0.525877  0
6.960000  0.523281  0
6.986667  0.520692  0
7.013333  0.518115  0
7.040000  0.515553  0
7.066667  0.513005  0
7.093333  0.510468  0
7.120000  0.507937  0
7.146667  0.505410  0
7.173333  0.502885  0
7.200000  0.500360  0
7.226667  0.497835  0
7.253333  0.495314  0
7.280000  0.492804  0
7.306667  0.490332  0
7.333333  0.487951  0
7.360000  0.485744  0
7.386667  0.483799  0
7.413333  0.482160  0
7.440000  0.480804  0
7.466667  0.479654  0
7.493333  0.478622  0
7.520000  0.477645  0
7.546667  0.476693  0
7.573333  0.475767  0
7.600000  0.474887  0
7.626667  0.474086  0
7.653333  0.473398  0
7.680000  0.472832  0
7.706667  0.472371  0
7.733333  0.471981  0
7.760000  0.471629  0
7.786667  0.471293  0
7.813333  0.470961  0
7.840000  0.470630  0
7.866667  0.470300  0
7.893333  0.469970  0
7.920000  0.469640  0
7.946667  0.469309  0
7.973333  0.468979  0
8.000000  0.468649  0
8.026667  0.468319  0
8.053333  0.467988  0
8.080000  0.467658  0
8.106667  0.467325  0
8.133333  0.466987  0
8.160000  0.466636  0
8.186667  0.466263  0
8.213333  0.465859  0
8.240000  0.465420  0
8.266667  0.464952  0
8.293333  0.464464  0
8.320000  0.463965  0
8.346667  0.463461  0
8.373333  0.462957  0
8.400000  0.462452  0
8.426667  0.461947  0
8.453333  0.461441  0
8.480000  0.460933  0
8.506667  0.460420  0
8.533333  0.459895  0
8.560000  0.459352  0
8.586667  0.458785  0
8.613333  0.458192  0
8.640000  0.457580  0
8.666667  0.456954  0
8.693333  0.456322  0
8.720000  0.455687  0
8.746667  0.455051  0
8.773333  0.454415  0
8.800000  0.453780  0
8.826667  0.453145  0
8.853333  0.452514  0
8.880000  0.451894  0
8.906667  0.451301  0
8.933333  0.450760  0
8.960000  0.450298  0
8.986667  0.449927  0
9.013333  0.449641  0
9.040000  0.449415  0
9.066667  0.449224  0
9.093333  0.449048  0
9.120000  0.448877  0
9.146667  0.448708  0
9.173333  0.448534  0
9.200000  0.448348  0
9.226667  0.448133  0
9.253333  0.447864  0
9.280000  0.447521  0
9.306667  0.447098  0
9.333333  0.446615  0
9.360000  0.446104  0
9.386667  0.445594  0
9.413333  0.445099  0
9.440000  0.444623  0
9.466667  0.444162  0
9.493333  0.443707  0
9.520000  0.443251  0
9.546667  0.442792  0
9.573333  0.442326  0
9.600000  0.441855  0
9.626667  0.441382  0
9.653333  0.440909  0
9.680000  0.440441  0
9.706667  0.439978  0
9.733333  0.439521  0
9.760000  0.439071  0
9.786667  0.438628  0
9.813333  0.438189  0
9.840000  0.437754  0
9.866667  0.437321  0
9.893333  0.436888  0
9.920000  0.436452  0
9.946667  0.436011  0
9.973333  0.435561  0
10.000000  0.435098  0
10.026667  0.434621  0
10.053333  0.434125  0
10.080000  0.433609  0
10.106667  0.433072  0
10.133333  0.432516  0
10.160000  0.431945  0
10.186667  0.431369  0
10.213333  0.430797  0
10.240000  0.430242  0
10.266667  0.429717  0
10.293333  0.429233  0
10.320000  0.428793  0
10.346667  0.428401  0
10.373333  0.428053  0
10.400000  0.427740  0
10.426667  0.427457  0
10.453333  0.427193  0
10.480000  0.426941  0
10.506667  0.426697  0
10.533333  0.426457  0
10.560000  0.426218  0
10.586667  0.425980  0
10.613333  0.425740  0
10.640000  0.425499  0
10.666667  0.425256  0
10.693333  0.425012  0
10.720000  0.424767  0
10.746667  0.424526  0
10.773333  0.424291  0
10.800000  0.424068  0
10.826667  0.423862  0
10.853333  0.423677  0
10.880000  0.423515  0
10.906667  0.423380  0
10.933333  0.423269  0
10.960000  0.423181  0
10.986667  0.423113  0
11.013333  0.423061  0
11.040000  0.423020  0
11.066667  0.422987  0
11.093333  0.422958  0
11.120000  0.422932  0
11.146667  0.422907  0
11.173333  0.422885  0
11.200000  0.422865  0
11.226667  0.422848  0
11.253333  0.422834  0
11.280000  0.422821  0
11.306667  0.422807  0
11.333333  0.422788  0
11.360000  0.422759  0
11.386667  0.422717  0
11.413333  0.422660  0
11.440000  0.422587  0
11.466667  0.422500  0
11.493333  0.422405  0
11.520000  0.422308  0
11.546667  0.422216  0
11.573333  0.422135  0
11.600000  0.422070  0
11.626667  0.422020  0
11.653333  0.421982  0
11.680000  0.421951  0
11.706667  0.421920  0
11.733333  0.421881  0
11.760000  0.421830  0
11.786667  0.421764  0
11.813333  0.421681  0
11.840000  0.421583  0
11.866667  0.421476  0
11.893333  0.421361  0
11.920000  0.421245  0
11.946667  0.421128  0
11.973333  0.421013  0
12.000000  0.420897  0
12.026667  0.420778  0
12.053333  0.420651  0
12.080000  0.420513  0
12.106667  0.420359  0
12.133333  0.420190  0
12.160000  0.420006  0
12.186667  0.419812  0
12.213333  0.419613  0
12.240000  0.419416  0
12.266667  0.419229  0
12.293333  0.419055  0
12.320000  0.418899  0
12.346667  0.418758  0
12.373333  0.418630  0
12.400000  0.418507  0
12.426667  0.418383  0
12.453333  0.418250  0
12.480000  0.418099  0
12.506667  0.417926  0
12.533333  0.417728  0
12.560000  0.417506  0
12.586667  0.417262  0
12.613333  0.417002  0
12.640000  0.416734  0
12.666667  0.416465  0
12.693333  0.416202  0
12.720000  0.415951  0
12.746667  0.415717  0
12.773333  0.415503  0
12.800000  0.415307  0
12.826667  0.415129  0
12.853333  0.414967  0
12.880000  0.414815  0
12.906667  0.414673  0
12.933333  0.414535  0
12.960000  0.414401  0
12.986667  0.414266  0
13.013333  0.414128  0
13.040000  0.413984  0
13.066667  0.413830  0
13.093333  0.413665  0
13.120000  0.413487  0
13.146667  0.413297  0
13.173333  0.413099  0
13.200000  0.412898  0
13.226667  0.412702  0
13.253333  0.412517  0
13.280000  0.412351  0
13.306667  0.412209  0
13.333333  0.412094  0
13.360000  0.412006  0
13.386667  0.411945  0
13.413333  0.411907  0
13.440000  0.411890  0
13.466667  0.411891  0
13.493333  0.411906  0
13.520000  0.411933  0
13.546667  0.411970  0
13.573333  0.412015  0
13.600000  0.412065  0
13.626667  0.412115  0
13.653333  0.412161  0
13.680000  0.412195  0
13.706667  0.412211  0
13.733333  0.412204  0
13.760000  0.412168  0
13.786667  0.412100  0
13.813333  0.411998  0
13.840000  0.411864  0
13.866667  0.411700  0
13.893333  0.411510  0
13.920000  0.411302  0
13.946667  0.411085  0
13.973333  0.410869  0
14.000000  0.410664  0
14.026667  0.410482  0
14.053333  0.410329  0
14.080000  0.410211  0
14.106667  0.410127  0
14.133333  0.410074  0
14.160000  0.410042  0
14.186667  0.410022  0
14.213333  0.409999  0
14.240000  0.409965  0
14.266667  0.409910  0
14.293333  0.409831  0
14.320000  0.409729  0
14.346667  0.409608  0
14.373333  0.409475  0
14.400000  0.409337  0
14.426667  0.409201  0
14.453333  0.409071  0
14.480000  0.408948  0
14.506667  0.408831  0
14.533333  0.408717  0
14.560000  0.408602  0
14.586667  0.408481  0
14.613333  0.408354  0
14.640000  0.408219  0
14.666667  0.408078  0
14.693333  0.407933  0
14.720000  0.407788  0
14.746667  0.407646  0
14.773333  0.407507  0
14.800000  0.407373  0
14.826667  0.407244  0
14.853333  0.407122  0
14.880000  0.407009  0
14.906667  0.406906  0
14.933333  0.406815  0
14.960000  0.406734  0
14.986667  0.406660  0
15.013333  0.406588  0
15.040000  0.406515  0
15.066667  0.406440  0
15.093333  0.406365  0
15.120000  0.406288  0
15.146667  0.406211  0
15.173333  0.406134  0
15.200000  0.406057  0
15.226667  0.405980  0
15.253333  0.405903  0
15.280000  0.405826  0
15.306667  0.405749  0
15.333333  0.405672  0
15.360000  0.405595  0
15.386667  0.405518  0
15.413333  0.405441  0
15.440000  0.405364  0
15.466667  0.405287  0
15.493333  0.405210  0
15.520000  0.405133  0
15.546667  0.405056  0
15.573333  0.404979  0
15.600000  0.404902  0
15.626667  0.404825  0
15.653333  0.404748  0
15.680000  0.404671  0
15.706667  0.404594  0
15.733333  0.404517  0
15.760000  0.404440  0
15.786667  0.404363  0
15.813333  0.404286  0
15.840000  0.404209  0
15.866667  0.404132  0
15.893333  0.404055  0
15.920000  0.403978  0
15.946667  0.403901  0
15.973333  0.403824  0
16.000000  0.403747  0
16.026667  0.403670  0
16.053333  0.403593  0
16.080000  0.403516  0
16.106667  0.403439  0
16.133333  0.403362  0
16.160000  0.403285  0
16.186667  0.403208  0
16.213333  0.403131  0
16.240000  0.403054  0
16.266667  0.402977  0
16.293333  0.402900  0
16.320000  0.402823  0
16.346667  0.402746  0
16.373333  0.402669  0
16.400000  0.402592  0
16.426667  0.402515  0
16.453333  0.402438  0
16.480000  0.402361  0
16.506667  0.402284  0
16.533333  0.402207  0
16.560000  0.402130  0
16.586667  0.402053  0
16.613333  0.401976  0
16.640000  0.401899  0
16.666667  0.401822  0
16.693333  0.401745  0
16.720000  0.401668  0
16.746667  0.401591  0
16.773333  0.401514  0
16.800000  0.401437  0
16.826667  0.401360  0
16.853333  0.401284  0
16.880000  0.401207  0
16.906667  0.401130  0
16.933333  0.401053  0
16.960000  0.400976  0
16.986667  0.400899  0
17.013333  0.400822  0
17.040000  0.400745  0
17.066667  0.400668  0
17.093333  0.400591  0
17.120000  0.400514  0
17.146667  0.400437  0
17.173333  0.400360  0
17.200000  0.400283  0
17.226667  0.400206  0
17.253333  0.400129  0
17.280000  0.400052  0
17.306667  0.399975  0
17.333333  0.399898  0
17.360000  0.399821  0
17.386667  0.399744  0
17.413333  0.399667  0
17.440000  0.399590  0
17.466667  0.399513  0
17.493333  0.399436  0
17.520000  0.399359  0
17.546667  0.399282  0
17.573333  0.399205  0
17.600000  0.399128  0
17.626667  0.399051  0
17.653333  0.398974  0
17.680000  0.398897  0
17.706667  0.398820  0
17.733333  0.398743  0
17.760000  0.398666  0
17.786667  0.398589  0
17.813333  0.398512  0
17.840000  0.398435  0
17.866667  0.398358  0
17.893333  0.398281  0
17.920000  0.398204  0
17.946667  0.398127  0
17.973333  0.398050  0
18.000000  0.397973  0
18.026667  0.397896  0
18.053333  0.397819  0
18.080000  0.397742  0
18.106667  0.397665  0
18.133333  0.397588  0
18.160000  0.397511  0
18.186667  0.397434  0
18.213333  0.397357  0
18.240000  0.397280  0
18.266667  0.397203  0
18.293333  0.397126  0
18.320000  0.397049  0
18.346667  0.396972  0
18.373333  0.396895  0
18.400000  0.396818  0
18.426667  0.396741  0
18.453333  0.396664  0
18.480000  0.396587  0
18.506667  0.396510  0
18.533333  0.396433  0
18.560000  0.396356  0
18.586667  0.396279  0
18.613333  0.396202  0
18.640000  0.396125  0
18.666667  0.396048  0
18.693333  0.395971  0
18.720000  0.395894  0
18.746667  0.395817  0
18.773333  0.395740  0
18.800000  0.395663  0
18.826667  0.395586  0
18.853333  0.395509  0
18.880000  0.395432  0
18.906667  0.395355  0
18.933333  0.395278  0
18.960000  0.395201  0
18.986667  0.395124  0
19.013333  0.395047  0
19.040000  0.394970  0
19.066667  0.394893  0
19.093333  0.394816  0
19.120000  0.394739  0
19.146667  0.394662  0
19.173333  0.394585  0
19.200000  0.394508  0
19.226667  0.394431  0
19.253333  0.394354  0
19.280000  0.394278  0
19.306667  0.394201  0
19.333333  0.394124  0
19.360000  0.394047  0
19.386667  0.393970  0
19.413333  0.393893  0
19.440000  0.393816  0
19.466667  0.393739  0
19.493333  0.393662  0
19.520000  0.393585  0
19.546667  0.393508  0
19.573333  0.393431  0
19.600000  0.393354  0
19.626667  0.393277  0
19.653333  0.393200  0
19.680000  0.393123  0
19.706667  0.393046  0
19.733333  0.392969  0
19.760000  0.392892  0
19.786667  0.392815  0
19.813333  0.392738  0
19.840000  0.392661  0
19.866667  0.392584  0
19.893333  0.392507  0
19.920000  0.392430  0
19.946667  0.392353  0
19.973333  0.392276  0
20.000000  0.392199  0
20.026667  0.392122  0
20.053333  0.392045  0
20.080000  0.391968  0
20.106667  0.391891  0
20.133333  0.391814  0
20.160000  0.391737  0
20.186667  0.391660  0
20.213333  0.391583  0
20.240000  0.391506  0
20.266667  0.391429  0
20.293333  0.391352  0
20.320000  0.391275  0
20.346667  0.391198  0
20.373333  0.391121  0
20.400000  0.391044  0
20.426667  0.390967  0
20.453333  0.390890  0
20.480000  0.390813  0
20.506667  0.390736  0
20.533333  0.390659  0
20.560000  0.390582  0
20.586667  0.390505  0
20.613333  0.390428  0
20.640000  0.390351  0
20.666667  0.390274  0
20.693333  0.390197  0
20.720000  0.390120  0
20.746667  0.390043  0
20.773333  0.389966  0
20.800000  0.389889  0
20.826667  0.389812  0
20.853333  0.389735  0
20.880000  0.389658  0
20.906667  0.389581  0
20.933333  0.389504  0
20.960000  0.389427  0
20.986667  0.389350  0
21.013333  0.389273  0
21.040000  0.389196  0
21.066667  0.389119  0
21.093333  0.389042  0
21.120000  0.388965  0
21.146667  0.388888  0
21.173333  0.388811  0
21.200000  0.388734  0
21.226667  0.388657  0
21.253333  0.388580  0
21.280000  0.388503  0
21.306667  0.388426  0
21.333333  0.388349  0
21.360000  0.388272  0
21.386667  0.388195  0
21.413333  0.388118  0
21.440000  0.388041  0
21.466667  0.387964  0
21.493333  0.387887  0
21.520000  0.387810  0
21.546667  0.387733  0
21.573333  0.387656  0
21.600000  0.387579  0
21.626667  0.387502  0
21.653333  0.387425  0
21.680000  0.387348  0
21.706667  0.387272  0
21.733333  0.387195  0
21.760000  0.387118  0
21.786667  0.387041  0
21.813333  0.386964  0
21.840000  0.386887  0
21.866667  0.386810  0
21.893333  0.386733  0
21.920000  0.386655  0
21.946667  0.386578  0
21.973333  0.386500  0
22.000000  0.386421  0
22.026667  0.386343  0
22.053333  0.386264  0
22.080000  0.386185  0
22.106667  0.386106  0
22.133333  0.386027  0
22.160000  0.385948  0
22.186667  0.385869  0
22.213333  0.385790  0
22.240000  0.385711  0
22.266667  0.385632  0
22.293333  0.385553  0
22.320000  0.385475  0
22.346667  0.385396  0
22.373333  0.385317  0
22.400000  0.385238  0
22.426667  0.385159  0
22.453333  0.385080  0
22.480000  0.385001  0
22.506667  0.384922  0
22.533333  0.384843  0
22.560000  0.384764  0
22.586667  0.384685  0
22.613333  0.384606  0
22.640000  0.384527  0
22.666667  0.384448  0
22.693333  0.384369  0
22.720000  0.384290  0
22.746667  0.384211  0
22.773333  0.384132  0
22.800000  0.384053  0
22.826667  0.383975  0
22.853333  0.383896  0
22.880000  0.383817  0
22.906667  0.383738  0
22.933333  0.383659  0
22.960000  0.383580  0
22.986667  0.383501  0
23.013333  0.383422  0
23.040000  0.383343  0
23.066667  0.383264  0
23.093333  0.383185  0
23.120000  0.383106  0
23.146667  0.383027  0
23.173333  0.382948  0
23.200000  0.382869  0
23.226667  0.382790  0
23.253333  0.382711  0
23.280000  0.382632  0
23.306667  0.382553  0
23.333333  0.382475  0
23.360000  0.382396  0
23.386667  0.382317  0
23.413333  0.382238  0
23.440000  0.382159  0
23.466667  0.382080  0
23.493333  0.382001  0
23.520000  0.381922  0
23.546667  0.381843  0
23.573333  0.381764  0
23.600000  0.381685  0
23.626667  0.381606  0
23.653333  0.381527  0
23.680000  0.381448  0
23.706667  0.381369  0
23.733333  0.381290  0
23.760000  0.381211  0
23.786667  0.381132  0
23.813333  0.381054  0
23.840000  0.380975  0
23.866667  0.380896  0
23.893333  0.380817  0
23.920000  0.380738  0
23.946667  0.380659  0
23.973333  0.380580  0
24.000000  0.380501  0
24.026667  0.380422  0
24.053333  0.380343  0
24.080000  0.380264  0
24.106667  0.380185  0
24.133333  0.380106  0
24.160000  0.380027  0
24.186667  0.379948  0
24.213333  0.379869  0
24.240000  0.379790  0
24.266667  0.379711  0
24.293333  0.379632  0
24.320000  0.379554  0
24.346667  0.379475  0
24.373333  0.379396  0
24.400000  0.379317  0
24.426667  0.379238  0
24.453333  0.379159  0
24.480000  0.379080  0
24.506667  0.379001  0
24.533333  0.378922  0
24.560000  0.378843  0
24.586667  0.378764  0
24.613333  0.378685  0
24.640000  0.378606  0
24.666667  0.378527  0
24.693333  0.378448  0
24.720000  0.378369  0
24.746667  0.378290  0
24.773333  0.378211  0
24.800000  0.378132  0
24.826667  0.378054  0
24.853333  0.377975  0
24.880000  0.377896  0
24.906667  0.377817  0
24.933333  0.377738  0
24.960000  0.377659  0
24.986667  0.377580  0
25.013333  0.377501  0
25.040000  0.377422  0
25.066667  0.377343  0
25.093333  0.377264  0
25.120000  0.377185  0
25.146667  0.377106  0
25.173333  0.377027  0
25.200000  0.376948  0
25.226667  0.376869  0
25.253333  0.376790  0
25.280000  0.376711  0
25.306667  0.376633  0
25.333333  0.376554  0
25.360000  0.376475  0
25.386667  0.376396  0
25.413333  0.376317  0
25.440000  0.376238  0
25.466667  0.376159  0
25.493333  0.376080  0
25.520000  0.376001  0
25.546667  0.375922  0
25.573333  0.375843  0
25.600000  0.375764  0
25.626667  0.375685  0
25.653333  0.375606  0
25.680000  0.375527  0
25.706667  0.375448  0
25.733333  0.375369  0
25.760000  0.375290  0
25.786667  0.375211  0
25.813333  0.375133  0
25.840000  0.375054  0
25.866667  0.374975  0
25.893333  0.374896  0
25.920000  0.374817  0
25.946667  0.374738  0
25.973333  0.374659  0
26.000000  0.374580  0
26.026667  0.374501  0
26.053333  0.374422  0
26.080000  0.374343  0
26.106667  0.374264  0
26.133333  0.374185  0
26.160000  0.374106  0
26.186667  0.374027  0
26.213333  0.373948  0
26.240000  0.373869  0
26.266667  0.373790  0
26.293333  0.373712  0
26.320000  0.373633  0
26.346667  0.373554  0
26.373333  0.373475  0
26.400000  0.373396  0
26.426667  0.373317  0
26.453333  0.373238  0
26.480000  0.373159  0
26.506667  0.373080  0
26.533333  0.373001  0
26.560000  0.372922  0
26.586667  0.372843  0
26.613333  0.372764  0
26.640000  0.372685  0
26.666667  0.372606  0
26.693333  0.372527  0
26.720000  0.372448  0
26.746667  0.372369  0
26.773333  0.372290  0
26.800000  0.372212  0
26.826667  0.372133  0
26.853333  0.372054  0
26.880000  0.371975  0
26.906667  0.371896  0
26.933333  0.371817  0
26.960000  0.371738  0
26.986667  0.371659  0
27.013333  0.371580  0
27.040000  0.371501  0
27.066667  0.371422  0
27.093333  0.371343  0
27.120000  0.371265  0
27.146667  0.371190  0
27.173333  0.371123  0
27.200000  0.371069  0
27.226667  0.371040  0
