2.293333  0.738284  0
2.320000  0.737305  0
2.346667  0.736326  0
2.373333  0.735347  0
2.400000  0.734368  0
2.426667  0.733389  0
2.453333  0.732410  0
2.480000  0.731431  0
2.506667  0.730452  0
2.533333  0.729473  0
2.560000  0.728494  0
2.586667  0.727515  0
2.613333  0.726536  0
2.640000  0.725557  0
2.666667  0.724578  0
2.693333  0.723599  0
2.720000  0.722620  0
2.746667  0.721641  0
2.773333  0.720662  0
2.800000  0.719683  0
2.826667  0.718704  0
2.853333  0.717725  0
2.880000  0.716746  0
2.906667  0.715767  0
2.933333  0.714788  0
2.960000  0.714569  0
2.986667  0.714144  0
3.013333  0.713536  0
3.040000  0.712773  0
3.066667  0.711887  0
3.093333  0.710910  0
3.120000  0.709868  0
3.146667  0.708783  0
3.173333  0.707671  0
3.200000  0.706543  0
3.226667  0.705406  0
3.253333  0.704264  0
3.280000  0.703119  0
3.306667  0.701973  0
3.333333  0.700826  0
3.360000  0.699677  0
3.386667  0.698526  0
3.413333  0.697371  0
3.440000  0.696211  0
3.466667  0.695043  0
3.493333  0.693866  0
3.520000  0.692675  0
3.546667  0.691469  0
3.573333  0.690245  0
3.600000  0.689003  0
3.626667  0.687742  0
3.653333  0.686462  0
3.680000  0.685167  0
3.706667  0.683859  0
3.733333  0.682539  0
3.760000  0.681212  0
3.786667  0.679878  0
3.813333  0.678541  0
3.840000  0.677202  0
3.866667  0.675863  0
3.893333  0.674524  0
3.920000  0.673187  0
3.946667  0.671853  0
3.973333  0.670526  0
4.000000  0.669206  0
4.026667  0.667898  0
4.053333  0.666604  0
4.080000  0.665327  0
4.106667  0.664068  0
4.133333  0.662830  0
4.160000  0.661611  0
4.186667  0.660411  0
4.213333  0.659225  0
4.240000  0.658051  0
4.266667  0.656882  0
4.293333  0.655711  0
4.320000  0.654529  0
4.346667  0.653328  0
4.373333  0.652095  0
4.400000  0.650819  0
4.426667  0.649487  0
4.453333  0.648089  0
4.480000  0.646618  0
4.506667  0.645070  0
4.533333  0.643445  0
4.560000  0.641748  0
4.586667  0.639989  0
4.613333  0.638177  0
4.640000  0.636325  0
4.666667  0.634443  0
4.693333  0.632542  0
4.720000  0.630629  0
4.746667  0.628712  0
4.773333  0.626794  0
4.800000  0.624880  0
4.826667  0.622972  0
4.853333  0.621072  0
4.880000  0.619180  0
4.906667  0.617296  0
4.933333  0.615419  0
4.960000  0.613549  0
4.986667  0.611686  0
5.013333  0.609827  0
5.040000  0.607974  0
5.066667  0.606125  0
5.093333  0.604284  0
5.120000  0.602453  0
5.146667  0.600636  0
5.173333  0.598841  0
5.200000  0.597076  0
5.226667  0.595348  0
5.253333  0.593667  0
5.280000  0.592040  0
5.306667  0.590471  0
5.333333  0.588963  0
5.360000  0.587514  0
5.386667  0.586117  0
5.413333  0.584766  0
5.440000  0.583449  0
5.466667  0.582155  0
5.493333  0.580873  0
5.520000  0.579590  0
5.546667  0.578293  0
5.573333  0.576969  0
5.600000  0.575604  0
5.626667  0.574187  0
5.653333  0.572704  0
5.680000  0.571147  0
5.706667  0.569512  0
5.733333  0.567799  0
5.760000  0.566011  0
5.786667  0.564158  0
5.813333  0.562253  0
5.840000  0.560307  0
5.866667  0.558337  0
5.893333  0.556356  0
5.920000  0.554377  0
5.946667  0.552413  0
5.973333  0.550475  0
6.000000  0.548572  0
6.026667  0.546709  0
6.053333  0.544891  0
6.080000  0.543118  0
6.106667  0.541389  0
6.133333  0.539697  0
6.160000  0.538039  0
6.186667  0.536406  0
6.213333  0.534793  0
6.240000  0.533193  0
6.266667  0.531601  0
6.293333  0.530012  0
6.320000  0.528423  0
6.346667  0.526828  0
6.373333  0.525224  0
6.400000  0.523603  0
6.426667  0.521961  0
6.453333  0.520289  0
6.480000  0.518583  0
6.506667  0.516835  0
6.533333  0.515042  0
6.560000  0.513205  0
6.586667  0.511325  0
6.613333  0.509409  0
6.640000  0.507465  0
6.666667  0.505507  0
6.693333  0.503551  0
6.720000  0.501615  0
6.746667  0.499723  0
6.773333  0.497898  0
6.800000  0.496165  0
6.826667  0.494549  0
6.853333  0.493069  0
6.880000  0.491738  0
6.906667  0.490560  0
6.933333  0.489528  0
6.960000  0.488627  0
6.986667  0.487835  0
7.013333  0.487123  0
7.040000  0.486465  0
7.066667  0.485831  0
7.093333  0.485199  0
7.120000  0.484550  0
7.146667  0.483871  0
7.173333  0.483155  0
7.200000  0.482400  0
7.226667  0.481606  0
7.253333  0.480779  0
7.280000  0.479926  0
7.306667  0.479053  0
7.333333  0.478167  0
7.360000  0.477275  0
7.386667  0.476383  0
7.413333  0.475497  0
7.440000  0.474621  0
7.466667  0.473761  0
7.493333  0.472920  0
7.520000  0.472101  0
7.546667  0.471305  0
7.573333  0.470533  0
7.600000  0.469783  0
7.626667  0.469053  0
7.653333  0.468340  0
7.680000  0.467640  0
7.706667  0.466950  0
7.733333  0.466267  0
7.760000  0.465589  0
7.786667  0.464914  0
7.813333  0.464241  0
7.840000  0.463570  0
7.866667  0.462899  0
7.893333  0.462230  0
7.920000  0.461563  0
7.946667  0.460899  0
7.973333  0.460237  0
8.000000  0.459580  0
8.026667  0.458927  0
8.053333  0.458280  0
8.080000  0.457638  0
8.106667  0.457002  0
8.133333  0.456371  0
8.160000  0.455744  0
8.186667  0.455121  0
8.213333  0.454501  0
8.240000  0.453882  0
8.266667  0.453263  0
8.293333  0.452643  0
8.320000  0.452020  0
8.346667  0.451392  0
8.373333  0.450759  0
8.400000  0.450119  0
8.426667  0.449471  0
8.453333  0.448814  0
8.480000  0.448147  0
8.506667  0.447464  0
8.533333  0.446757  0
8.560000  0.446013  0
8.586667  0.445211  0
8.613333  0.444323  0
8.640000  0.443320  0
8.666667  0.442176  0
8.693333  0.440879  0
8.720000  0.439438  0
8.746667  0.437890  0
8.773333  0.436296  0
8.800000  0.434737  0
8.826667  0.433288  0
8.853333  0.432006  0
8.880000  0.430911  0
8.906667  0.429982  0
8.933333  0.429165  0
8.960000  0.428390  0
8.986667  0.427599  0
9.013333  0.426760  0
9.040000  0.425876  0
9.066667  0.424981  0
9.093333  0.424123  0
9.120000  0.423347  0
9.146667  0.422679  0
9.173333  0.422123  0
9.200000  0.421660  0
9.226667  0.421257  0
9.253333  0.420880  0
9.280000  0.420495  0
9.306667  0.420084  0
9.333333  0.419639  0
9.360000  0.419168  0
9.386667  0.418689  0
9.413333  0.418228  0
9.440000  0.417811  0
9.466667  0.417455  0
9.493333  0.417171  0
9.520000  0.416953  0
9.546667  0.416786  0
9.573333  0.416650  0
9.600000  0.416522  0
9.626667  0.416386  0
9.653333  0.416233  0
9.680000  0.416060  0
9.706667  0.415872  0
9.733333  0.415672  0
9.760000  0.415461  0
9.786667  0.415237  0
9.813333  0.414992  0
9.840000  0.414711  0
9.866667  0.414378  0
9.893333  0.413972  0
9.920000  0.413480  0
9.946667  0.412889  0
9.973333  0.412202  0
10.000000  0.411429  0
10.026667  0.410594  0
10.053333  0.409725  0
10.080000  0.408856  0
10.106667  0.408020  0
10.133333  0.407243  0
10.160000  0.406542  0
10.186667  0.405927  0
10.213333  0.405398  0
10.240000  0.404949  0
10.266667  0.404568  0
10.293333  0.404239  0
10.320000  0.403946  0
10.346667  0.403673  0
10.373333  0.403409  0
10.400000  0.403144  0
10.426667  0.402874  0
10.453333  0.402599  0
10.480000  0.402320  0
10.506667  0.402043  0
10.533333  0.401771  0
10.560000  0.401508  0
10.586667  0.401257  0
10.613333  0.401018  0
10.640000  0.400791  0
10.666667  0.400575  0
10.693333  0.400369  0
10.720000  0.400171  0
10.746667  0.399979  0
10.773333  0.399794  0
10.800000  0.399616  0
10.826667  0.399446  0
10.853333  0.399286  0
10.880000  0.399137  0
10.906667  0.399004  0
10.933333  0.398892  0
10.960000  0.398805  0
10.986667  0.398747  0
11.013333  0.398721  0
11.040000  0.398726  0
11.066667  0.398757  0
11.093333  0.398808  0
11.120000  0.398869  0
11.146667  0.398931  0
11.173333  0.398986  0
11.200000  0.399027  0
11.226667  0.399052  0
11.253333  0.399065  0
11.280000  0.399071  0
11.306667  0.399079  0
11.333333  0.399093  0
11.360000  0.399116  0
11.386667  0.399145  0
11.413333  0.399169  0
11.440000  0.399177  0
11.466667  0.399152  0
11.493333  0.399083  0
11.520000  0.398965  0
11.546667  0.398798  0
11.573333  0.398593  0
11.600000  0.398364  0
11.626667  0.398129  0
11.653333  0.397907  0
11.680000  0.397710  0
11.706667  0.397546  0
11.733333  0.397415  0
11.760000  0.397313  0
11.786667  0.397230  0
11.813333  0.397153  0
11.840000  0.397073  0
11.866667  0.396981  0
11.893333  0.396875  0
11.920000  0.396755  0
11.946667  0.396624  0
11.973333  0.396490  0
12.000000  0.396357  0
12.026667  0.396231  0
12.053333  0.396115  0
12.080000  0.396011  0
12.106667  0.395919  0
12.133333  0.395838  0
12.160000  0.395765  0
12.186667  0.395694  0
12.213333  0.395617  0
12.240000  0.395526  0
12.266667  0.395413  0
12.293333  0.395272  0
12.320000  0.395102  0
12.346667  0.394904  0
12.373333  0.394683  0
12.400000  0.394446  0
12.426667  0.394199  0
12.453333  0.393946  0
12.480000  0.393692  0
12.506667  0.393439  0
12.533333  0.393190  0
12.560000  0.392948  0
12.586667  0.392719  0
12.613333  0.392509  0
12.640000  0.392322  0
12.666667  0.392164  0
12.693333  0.392038  0
12.720000  0.391943  0
12.746667  0.391879  0
12.773333  0.391842  0
12.800000  0.391827  0
12.826667  0.391827  0
12.853333  0.391833  0
12.880000  0.391836  0
12.906667  0.391826  0
12.933333  0.391799  0
12.960000  0.391754  0
12.986667  0.391698  0
13.013333  0.391642  0
13.040000  0.391605  0
13.066667  0.391605  0
13.093333  0.391655  0
13.120000  0.391765  0
13.146667  0.391931  0
13.173333  0.392142  0
13.200000  0.392377  0
13.226667  0.392610  0
13.253333  0.392814  0
13.280000  0.392964  0
13.306667  0.393044  0
13.333333  0.393041  0
13.360000  0.392953  0
13.386667  0.392786  0
13.413333  0.392554  0
13.440000  0.392276  0
13.466667  0.391977  0
13.493333  0.391680  0
13.520000  0.391406  0
13.546667  0.391170  0
13.573333  0.390977  0
13.600000  0.390823  0
13.626667  0.390698  0
13.653333  0.390587  0
13.680000  0.390477  0
13.706667  0.390356  0
13.733333  0.390219  0
13.760000  0.390068  0
13.786667  0.389909  0
13.813333  0.389749  0
13.840000  0.389594  0
13.866667  0.389449  0
13.893333  0.389310  0
13.920000  0.389174  0
13.946667  0.389032  0
13.973333  0.388877  0
14.000000  0.388704  0
14.026667  0.388514  0
14.053333  0.388312  0
14.080000  0.388109  0
14.106667  0.387919  0
14.133333  0.387756  0
14.160000  0.387632  0
14.186667  0.387555  0
14.213333  0.387525  0
14.240000  0.387539  0
14.266667  0.387588  0
14.293333  0.387662  0
14.320000  0.387750  0
14.346667  0.387843  0
14.373333  0.387936  0
14.400000  0.388025  0
14.426667  0.388109  0
14.453333  0.388187  0
14.480000  0.388256  0
14.506667  0.388311  0
14.533333  0.388347  0
14.560000  0.388356  0
14.586667  0.388332  0
14.613333  0.388271  0
14.640000  0.388171  0
14.666667  0.388040  0
14.693333  0.387891  0
14.720000  0.387742  0
14.746667  0.387615  0
14.773333  0.387532  0
14.800000  0.387509  0
14.826667  0.387551  0
14.853333  0.387654  0
14.880000  0.387805  0
14.906667  0.387983  0
14.933333  0.388166  0
14.960000  0.388331  0
14.986667  0.388464  0
15.013333  0.388553  0
15.040000  0.388595  0
15.066667  0.388593  0
15.093333  0.388552  0
15.120000  0.388480  0
15.146667  0.388386  0
15.173333  0.388276  0
15.200000  0.388156  0
15.226667  0.388030  0
15.253333  0.387901  0
15.280000  0.387769  0
15.306667  0.387637  0
15.333333  0.387504  0
15.360000  0.387371  0
15.386667  0.387237  0
15.413333  0.387104  0
15.440000  0.386971  0
15.466667  0.386837  0
15.493333  0.386704  0
15.520000  0.386571  0
15.546667  0.386437  0
15.573333  0.386304  0
15.600000  0.386171  0
15.626667  0.386037  0
15.653333  0.385904  0
15.680000  0.385771  0
15.706667  0.385638  0
15.733333  0.385504  0
15.760000  0.385371  0
15.786667  0.385238  0
15.813333  0.385104  0
15.840000  0.384971  0
15.866667  0.384838  0
15.893333  0.384704  0
15.920000  0.384571  0
15.946667  0.384438  0
15.973333  0.384304  0
16.000000  0.384171  0
16.026667  0.384038  0
16.053333  0.383904  0
16.080000  0.383771  0
16.106667  0.383638  0
16.133333  0.383504  0
16.160000  0.383371  0
16.186667  0.383238  0
16.213333  0.383105  0
16.240000  0.382971  0
16.266667  0.382838  0
16.293333  0.382705  0
16.320000  0.382571  0
16.346667  0.382438  0
16.373333  0.382305  0
16.400000  0.382171  0
16.426667  0.382038  0
16.453333  0.381905  0
16.480000  0.381771  0
16.506667  0.381638  0
16.533333  0.381505  0
16.560000  0.381371  0
16.586667  0.381238  0
16.613333  0.381105  0
16.640000  0.380971  0
16.666667  0.380838  0
16.693333  0.380705  0
16.720000  0.380572  0
16.746667  0.380438  0
16.773333  0.380305  0
16.800000  0.380172  0
16.826667  0.380038  0
16.853333  0.379905  0
16.880000  0.379772  0
16.906667  0.379638  0
16.933333  0.379505  0
16.960000  0.379372  0
16.986667  0.379238  0
17.013333  0.379105  0
17.040000  0.378972  0
17.066667  0.378838  0
17.093333  0.378705  0
17.120000  0.378572  0
17.146667  0.378439  0
17.173333  0.378305  0
17.200000  0.378172  0
17.226667  0.378039  0
17.253333  0.377905  0
17.280000  0.377772  0
17.306667  0.377639  0
17.333333  0.377505  0
17.360000  0.377372  0
17.386667  0.377239  0
17.413333  0.377105  0
17.440000  0.376972  0
17.466667  0.376839  0
17.493333  0.376705  0
17.520000  0.376572  0
17.546667  0.376439  0
17.573333  0.376305  0
17.600000  0.376172  0
17.626667  0.376039  0
17.653333  0.375906  0
17.680000  0.375772  0
17.706667  0.375639  0
17.733333  0.375506  0
17.760000  0.375372  0
17.786667  0.375239  0
17.813333  0.375106  0
17.840000  0.374972  0
17.866667  0.374839  0
17.893333  0.374706  0
17.920000  0.374572  0
17.946667  0.374439  0
17.973333  0.374306  0
18.000000  0.374172  0
18.026667  0.374039  0
18.053333  0.373906  0
18.080000  0.373772  0
18.106667  0.373639  0
18.133333  0.373506  0
18.160000  0.373373  0
18.186667  0.373239  0
18.213333  0.373106  0
18.240000  0.372973  0
18.266667  0.372839  0
18.293333  0.372706  0
18.320000  0.372573  0
18.346667  0.372439  0
18.373333  0.372306  0
18.400000  0.372173  0
18.426667  0.372039  0
18.453333  0.371906  0
18.480000  0.371773  0
18.506667  0.371639  0
18.533333  0.371506  0
18.560000  0.371373  0
18.586667  0.371240  0
18.613333  0.371106  0
18.640000  0.370973  0
18.666667  0.370840  0
18.693333  0.370706  0
18.720000  0.370573  0
18.746667  0.370440  0
18.773333  0.370306  0
18.800000  0.370173  0
18.826667  0.370040  0
18.853333  0.369906  0
18.880000  0.369773  0
18.906667  0.369640  0
18.933333  0.369506  0
18.960000  0.369373  0
18.986667  0.369240  0
19.013333  0.369106  0
19.040000  0.368973  0
19.066667  0.368840  0
19.093333  0.368707  0
19.120000  0.368573  0
19.146667  0.368440  0
19.173333  0.368307  0
19.200000  0.368173  0
19.226667  0.368040  0
19.253333  0.367907  0
19.280000  0.367773  0
19.306667  0.367640  0
19.333333  0.367507  0
19.360000  0.367373  0
19.386667  0.367240  0
19.413333  0.367107  0
19.440000  0.366973  0
19.466667  0.366840  0
19.493333  0.366707  0
19.520000  0.366573  0
19.546667  0.366440  0
19.573333  0.366307  0
19.600000  0.366174  0
19.626667  0.366040  0
19.653333  0.365907  0
19.680000  0.365774  0
19.706667  0.365640  0
19.733333  0.365507  0
19.760000  0.365374  0
19.786667  0.365240  0
19.813333  0.365107  0
19.840000  0.364974  0
19.866667  0.364840  0
19.893333  0.364707  0
19.920000  0.364574  0
19.946667  0.364440  0
19.973333  0.364307  0
20.000000  0.364174  0
20.026667  0.364041  0
20.053333  0.363907  0
20.080000  0.363774  0
20.106667  0.363641  0
20.133333  0.363507  0
20.160000  0.363374  0
20.186667  0.363241  0
20.213333  0.363107  0
20.240000  0.362974  0
20.266667  0.362841  0
20.293333  0.362707  0
20.320000  0.362574  0
20.346667  0.362441  0
20.373333  0.362307  0
20.400000  0.362174  0
20.426667  0.362041  0
20.453333  0.361907  0
20.480000  0.361774  0
20.506667  0.361641  0
20.533333  0.361508  0
20.560000  0.361374  0
20.586667  0.361241  0
20.613333  0.361108  0
20.640000  0.360974  0
20.666667  0.360841  0
20.693333  0.360708  0
20.720000  0.360574  0
20.746667  0.360441  0
20.773333  0.360308  0
20.800000  0.360174  0
20.826667  0.360041  0
20.853333  0.359908  0
20.880000  0.359774  0
20.906667  0.359641  0
20.933333  0.359508  0
20.960000  0.359374  0
20.986667  0.359241  0
21.013333  0.359108  0
21.040000  0.358975  0
21.066667  0.358841  0
21.093333  0.358708  0
21.120000  0.358575  0
21.146667  0.358441  0
21.173333  0.358308  0
21.200000  0.358175  0
21.226667  0.358041  0
21.253333  0.357908  0
21.280000  0.357775  0
21.306667  0.357641  0
21.333333  0.357508  0
21.360000  0.357375  0
21.386667  0.357241  0
21.413333  0.357108  0
21.440000  0.356975  0
21.466667  0.356842  0
21.493333  0.356708  0
21.520000  0.356575  0
21.546667  0.356442  0
21.573333  0.356308  0
21.600000  0.356175  0
21.626667  0.356042  0
21.653333  0.355908  0
21.680000  0.355775  0
21.706667  0.355642  0
21.733333  0.355508  0
21.760000  0.355375  0
21.786667  0.355242  0
21.813333  0.355108  0
21.840000  0.354975  0
21.866667  0.354842  0
21.893333  0.354708  0
21.920000  0.354575  0
21.946667  0.354442  0
21.973333  0.354309  0
22.000000  0.354175  0
22.026667  0.354042  0
22.053333  0.353909  0
22.080000  0.353775  0
22.106667  0.353642  0
22.133333  0.353509  0
22.160000  0.353375  0
22.186667  0.353242  0
22.213333  0.353109  0
22.240000  0.352975  0
22.266667  0.352842  0
22.293333  0.352709  0
22.320000  0.352575  0
22.346667  0.352442  0
22.373333  0.352309  0
22.400000  0.352175  0
22.426667  0.352042  0
22.453333  0.351909  0
22.480000  0.351776  0
22.506667  0.351642  0
22.533333  0.351509  0
22.560000  0.351376  0
22.586667  0.351242  0
22.613333  0.351109  0
22.640000  0.350976  0
22.666667  0.350842  0
22.693333  0.350709  0
22.720000  0.350576  0
22.746667  0.350442  0
22.773333  0.350309  0
22.800000  0.350176  0
22.826667  0.350042  0
22.853333  0.349909  0
22.880000  0.349776  0
22.906667  0.349643  0
22.933333  0.349509  0
22.960000  0.349376  0
22.986667  0.349243  0
23.013333  0.349109  0
23.040000  0.348976  0
23.066667  0.348843  0
23.093333  0.348709  0
23.120000  0.348576  0
23.146667  0.348443  0
23.173333  0.348309  0
23.200000  0.348176  0
23.226667  0.348043  0
23.253333  0.347910  0
23.280000  0.347778  0
23.306667  0.347647  0
23.333333  0.347517  0
23.360000  0.347391  0
23.386667  0.347270  0
23.413333  0.347157  0
23.440000  0.347054  0
23.466667  0.346965  0
23.493333  0.346894  0
23.520000  0.346845  0
23.546667  0.346819  0
