2.960000  0.864736  0
2.986667  0.861015  0
3.013333  0.857033  0
3.040000  0.852816  0
3.066667  0.848384  0
3.093333  0.843758  0
3.120000  0.838957  0
3.146667  0.834002  0
3.173333  0.828915  0
3.200000  0.823718  0
3.226667  0.818439  0
3.253333  0.813103  0
3.280000  0.807740  0
3.306667  0.802373  0
3.333333  0.797027  0
3.360000  0.791719  0
3.386667  0.786465  0
3.413333  0.781270  0
3.440000  0.776136  0
3.466667  0.771057  0
3.493333  0.766025  0
3.520000  0.761024  0
3.546667  0.756041  0
3.573333  0.751059  0
3.600000  0.746063  0
3.626667  0.741041  0
3.653333  0.735985  0
3.680000  0.730886  0
3.706667  0.725744  0
3.733333  0.720557  0
3.760000  0.715327  0
3.786667  0.710057  0
3.813333  0.704752  0
3.840000  0.699415  0
3.866667  0.694050  0
3.893333  0.688664  0
3.920000  0.683261  0
3.946667  0.677849  0
3.973333  0.672436  0
4.000000  0.667035  0
4.026667  0.661658  0
4.053333  0.656319  0
4.080000  0.651033  0
4.106667  0.645814  0
4.133333  0.640672  0
4.160000  0.635615  0
4.186667  0.630645  0
4.213333  0.625759  0
4.240000  0.620950  0
4.266667  0.616207  0
4.293333  0.611517  0
4.320000  0.606868  0
4.346667  0.602252  0
4.373333  0.597665  0
4.400000  0.593112  0
4.426667  0.588605  0
4.453333  0.584161  0
4.480000  0.579804  0
4.506667  0.575560  0
4.533333  0.571453  0
4.560000  0.567504  0
4.586667  0.563726  0
4.613333  0.560121  0
4.640000  0.556681  0
4.666667  0.553388  0
4.693333  0.550215  0
4.720000  0.547126  0
4.746667  0.544084  0
4.773333  0.541052  0
4.800000  0.537996  0
4.826667  0.534890  0
4.853333  0.531718  0
4.880000  0.528470  0
4.906667  0.525151  0
4.933333  0.521772  0
4.960000  0.518352  0
4.986667  0.514915  0
5.013333  0.511486  0
5.040000  0.508091  0
5.066667  0.504752  0
5.093333  0.501487  0
5.120000  0.498310  0
5.146667  0.495229  0
5.173333  0.492247  0
5.200000  0.489363  0
5.226667  0.486574  0
5.253333  0.483874  0
5.280000  0.481257  0
5.306667  0.478717  0
5.333333  0.476251  0
5.360000  0.473855  0
5.386667  0.471529  0
5.413333  0.469273  0
5.440000  0.467091  0
5.466667  0.464987  0
5.493333  0.462965  0
5.520000  0.461031  0
5.546667  0.459190  0
5.573333  0.457445  0
5.600000  0.455798  0
5.626667  0.454251  0
5.653333  0.452802  0
5.680000  0.451448  0
5.706667  0.450183  0
5.733333  0.449000  0
5.760000  0.447891  0
5.786667  0.446847  0
5.813333  0.445858  0
5.840000  0.444914  0
5.866667  0.444008  0
5.893333  0.443129  0
5.920000  0.442272  0
5.946667  0.441429  0
5.973333  0.440594  0
6.000000  0.439764  0
6.026667  0.438934  0
6.053333  0.438101  0
6.080000  0.437263  0
6.106667  0.436419  0
6.133333  0.435567  0
6.160000  0.434706  0
6.186667  0.433836  0
6.213333  0.432958  0
6.240000  0.432073  0
6.266667  0.431181  0
6.293333  0.430284  0
6.320000  0.429385  0
6.346667  0.428486  0
6.373333  0.427589  0
6.400000  0.426700  0
6.426667  0.425822  0
6.453333  0.424962  0
6.480000  0.424125  0
6.506667  0.423319  0
6.533333  0.422552  0
6.560000  0.421831  0
6.586667  0.421164  0
6.613333  0.420561  0
6.640000  0.420027  0
6.666667  0.419567  0
6.693333  0.419186  0
6.720000  0.418885  0
6.746667  0.418663  0
6.773333  0.418516  0
6.800000  0.418436  0
6.826667  0.418416  0
6.853333  0.418443  0
6.880000  0.418507  0
6.906667  0.418592  0
6.933333  0.418687  0
6.960000  0.418776  0
6.986667  0.418847  0
7.013333  0.418890  0
7.040000  0.418893  0
7.066667  0.418849  0
7.093333  0.418750  0
7.120000  0.418592  0
7.146667  0.418369  0
7.173333  0.418081  0
7.200000  0.417725  0
7.226667  0.417303  0
7.253333  0.416816  0
7.280000  0.416268  0
7.306667  0.415666  0
7.333333  0.415016  0
7.360000  0.414327  0
7.386667  0.413609  0
7.413333  0.412875  0
7.440000  0.412135  0
7.466667  0.411401  0
7.493333  0.410682  0
7.520000  0.409989  0
7.546667  0.409326  0
7.573333  0.408700  0
7.600000  0.408110  0
7.626667  0.407556  0
7.653333  0.407036  0
7.680000  0.406545  0
7.706667  0.406077  0
7.733333  0.405626  0
7.760000  0.405186  0
7.786667  0.404752  0
7.813333  0.404319  0
7.840000  0.403883  0
7.866667  0.403443  0
7.893333  0.402996  0
7.920000  0.402543  0
7.946667  0.402085  0
7.973333  0.401623  0
8.000000  0.401162  0
8.026667  0.400703  0
8.053333  0.400253  0
8.080000  0.399816  0
8.106667  0.399397  0
8.133333  0.399003  0
8.160000  0.398639  0
8.186667  0.398310  0
8.213333  0.398020  0
8.240000  0.397771  0
8.266667  0.397564  0
8.293333  0.397398  0
8.320000  0.397271  0
8.346667  0.397179  0
8.373333  0.397115  0
8.400000  0.397075  0
8.426667  0.397050  0
8.453333  0.397034  0
8.480000  0.397020  0
8.506667  0.397003  0
8.533333  0.396978  0
8.560000  0.396940  0
8.586667  0.396886  0
8.613333  0.396815  0
8.640000  0.396726  0
8.666667  0.396620  0
8.693333  0.396497  0
8.720000  0.396360  0
8.746667  0.396211  0
8.773333  0.396054  0
8.800000  0.395891  0
8.826667  0.395728  0
8.853333  0.395567  0
8.880000  0.395412  0
8.906667  0.395265  0
8.933333  0.395130  0
8.960000  0.395007  0
8.986667  0.394898  0
9.013333  0.394801  0
9.040000  0.394716  0
9.066667  0.394641  0
9.093333  0.394575  0
9.120000  0.394514  0
9.146667  0.394456  0
9.173333  0.394400  0
9.200000  0.394342  0
9.226667  0.394282  0
9.253333  0.394220  0
9.280000  0.394153  0
9.306667  0.394083  0
9.333333  0.394011  0
9.360000  0.393938  0
9.386667  0.393866  0
9.413333  0.393797  0
9.440000  0.393733  0
9.466667  0.393675  0
9.493333  0.393627  0
9.520000  0.393588  0
9.546667  0.393560  0
9.573333  0.393544  0
9.600000  0.393539  0
9.626667  0.393544  0
9.653333  0.393560  0
9.680000  0.393586  0
9.706667  0.393620  0
9.733333  0.393663  0
9.760000  0.393715  0
9.786667  0.393776  0
9.813333  0.393847  0
9.840000  0.393928  0
9.866667  0.394021  0
9.893333  0.394125  0
9.920000  0.394240  0
9.946667  0.394366  0
9.973333  0.394502  0
10.000000  0.394643  0
10.026667  0.394788  0
10.053333  0.394931  0
10.080000  0.395067  0
10.106667  0.395192  0
10.133333  0.395301  0
10.160000  0.395389  0
10.186667  0.395452  0
10.213333  0.395488  0
10.240000  0.395495  0
10.266667  0.395473  0
10.293333  0.395421  0
10.320000  0.395344  0
10.346667  0.395242  0
10.373333  0.395121  0
10.400000  0.394982  0
10.426667  0.394831  0
10.453333  0.394670  0
10.480000  0.394503  0
10.506667  0.394332  0
10.533333  0.394158  0
10.560000  0.393984  0
10.586667  0.393809  0
10.613333  0.393633  0
10.640000  0.393456  0
10.666667  0.393278  0
10.693333  0.393097  0
10.720000  0.392913  0
10.746667  0.392725  0
10.773333  0.392532  0
10.800000  0.392333  0
10.826667  0.392127  0
10.853333  0.391914  0
10.880000  0.391694  0
10.906667  0.391466  0
10.933333  0.391229  0
10.960000  0.390985  0
10.986667  0.390733  0
11.013333  0.390474  0
11.040000  0.390208  0
11.066667  0.389936  0
11.093333  0.389660  0
11.120000  0.389379  0
11.146667  0.389096  0
11.173333  0.388811  0
11.200000  0.388525  0
11.226667  0.388239  0
11.253333  0.387955  0
11.280000  0.387674  0
11.306667  0.387397  0
11.333333  0.387126  0
11.360000  0.386864  0
11.386667  0.386611  0
11.413333  0.386369  0
11.440000  0.386141  0
11.466667  0.385928  0
11.493333  0.385730  0
11.520000  0.385548  0
11.546667  0.385382  0
11.573333  0.385231  0
11.600000  0.385093  0
11.626667  0.384966  0
11.653333  0.384846  0
11.680000  0.384731  0
11.706667  0.384615  0
11.733333  0.384496  0
11.760000  0.384369  0
11.786667  0.384229  0
11.813333  0.384074  0
11.840000  0.383901  0
11.866667  0.383708  0
11.893333  0.383494  0
11.920000  0.383258  0
11.946667  0.383000  0
11.973333  0.382723  0
12.000000  0.382427  0
12.026667  0.382116  0
12.053333  0.381793  0
12.080000  0.381460  0
12.106667  0.381123  0
12.133333  0.380784  0
12.160000  0.380448  0
12.186667  0.380118  0
12.213333  0.379797  0
12.240000  0.379489  0
12.266667  0.379193  0
12.293333  0.378911  0
12.320000  0.378643  0
12.346667  0.378387  0
12.373333  0.378142  0
12.400000  0.377905  0
12.426667  0.377673  0
12.453333  0.377445  0
12.480000  0.377219  0
12.506667  0.376992  0
12.533333  0.376765  0
12.560000  0.376536  0
12.586667  0.376306  0
12.613333  0.376076  0
12.640000  0.375846  0
12.666667  0.375616  0
12.693333  0.375388  0
12.720000  0.375162  0
12.746667  0.374939  0
12.773333  0.374719  0
12.800000  0.374502  0
12.826667  0.374287  0
12.853333  0.374074  0
12.880000  0.373863  0
12.906667  0.373652  0
12.933333  0.373441  0
12.960000  0.373230  0
12.986667  0.373016  0
13.013333  0.372800  0
13.040000  0.372580  0
13.066667  0.372356  0
13.093333  0.372128  0
13.120000  0.371896  0
13.146667  0.371661  0
13.173333  0.371422  0
13.200000  0.371181  0
13.226667  0.370938  0
13.253333  0.370695  0
13.280000  0.370453  0
13.306667  0.370214  0
13.333333  0.369978  0
13.360000  0.369747  0
13.386667  0.369521  0
13.413333  0.369303  0
13.440000  0.369092  0
13.466667  0.368890  0
13.493333  0.368698  0
13.520000  0.368516  0
13.546667  0.368347  0
13.573333  0.368190  0
13.600000  0.368046  0
13.626667  0.367914  0
13.653333  0.367792  0
13.680000  0.367680  0
13.706667  0.367574  0
13.733333  0.367470  0
13.760000  0.367364  0
13.786667  0.367251  0
13.813333  0.367127  0
13.840000  0.366988  0
13.866667  0.366832  0
13.893333  0.366658  0
13.920000  0.366466  0
13.946667  0.366258  0
13.973333  0.366037  0
14.000000  0.365808  0
14.026667  0.365575  0
14.053333  0.365343  0
14.080000  0.365119  0
14.106667  0.364905  0
14.133333  0.364706  0
14.160000  0.364524  0
14.186667  0.364358  0
14.213333  0.364210  0
14.240000  0.364077  0
14.266667  0.363956  0
14.293333  0.363846  0
14.320000  0.363742  0
14.346667  0.363642  0
14.373333  0.363544  0
14.400000  0.363445  0
14.426667  0.363345  0
14.453333  0.363241  0
14.480000  0.363133  0
14.506667  0.363022  0
14.533333  0.362908  0
14.560000  0.362791  0
14.586667  0.362672  0
14.613333  0.362550  0
14.640000  0.362427  0
14.666667  0.362303  0
14.693333  0.362179  0
14.720000  0.362053  0
14.746667  0.361928  0
14.773333  0.361802  0
14.800000  0.361676  0
14.826667  0.361549  0
14.853333  0.361423  0
14.880000  0.361297  0
14.906667  0.361171  0
14.933333  0.361044  0
14.960000  0.360918  0
14.986667  0.360792  0
15.013333  0.360665  0
15.040000  0.360539  0
15.066667  0.360413  0
15.093333  0.360287  0
15.120000  0.360160  0
15.146667  0.360034  0
15.173333  0.359908  0
15.200000  0.359781  0
15.226667  0.359655  0
15.253333  0.359529  0
15.280000  0.359403  0
15.306667  0.359276  0
15.333333  0.359150  0
15.360000  0.359024  0
15.386667  0.358897  0
15.413333  0.358771  0
15.440000  0.358645  0
15.466667  0.358518  0
15.493333  0.358392  0
15.520000  0.358266  0
15.546667  0.358140  0
15.573333  0.358013  0
15.600000  0.357887  0
15.626667  0.357761  0
15.653333  0.357634  0
15.680000  0.357508  0
15.706667  0.357382  0
15.733333  0.357255  0
15.760000  0.357129  0
15.786667  0.357003  0
15.813333  0.356877  0
15.840000  0.356750  0
15.866667  0.356624  0
15.893333  0.356498  0
15.920000  0.356371  0
15.946667  0.356245  0
15.973333  0.356119  0
16.000000  0.355993  0
16.026667  0.355866  0
16.053333  0.355740  0
16.080000  0.355614  0
16.106667  0.355487  0
16.133333  0.355361  0
16.160000  0.355235  0
16.186667  0.355108  0
16.213333  0.354982  0
16.240000  0.354856  0
16.266667  0.354730  0
16.293333  0.354603  0
16.320000  0.354477  0
16.346667  0.354351  0
16.373333  0.354224  0
16.400000  0.354098  0
16.426667  0.353972  0
16.453333  0.353845  0
16.480000  0.353719  0
16.506667  0.353593  0
16.533333  0.353467  0
16.560000  0.353340  0
16.586667  0.353214  0
16.613333  0.353088  0
16.640000  0.352961  0
16.666667  0.352835  0
16.693333  0.352709  0
16.720000  0.352583  0
16.746667  0.352456  0
16.773333  0.352330  0
16.800000  0.352204  0
16.826667  0.352077  0
16.853333  0.351951  0
16.880000  0.351825  0
16.906667  0.351698  0
16.933333  0.351572  0
16.960000  0.351446  0
16.986667  0.351320  0
17.013333  0.351193  0
17.040000  0.351067  0
17.066667  0.350941  0
17.093333  0.350814  0
17.120000  0.350688  0
17.146667  0.350562  0
17.173333  0.350435  0
17.200000  0.350309  0
17.226667  0.350183  0
17.253333  0.350057  0
17.280000  0.349930  0
17.306667  0.349804  0
17.333333  0.349678  0
17.360000  0.349551  0
17.386667  0.349425  0
17.413333  0.349299  0
17.440000  0.349173  0
17.466667  0.349046  0
17.493333  0.348920  0
17.520000  0.348794  0
17.546667  0.348667  0
17.573333  0.348541  0
17.600000  0.348415  0
17.626667  0.348288  0
17.653333  0.348162  0
17.680000  0.348036  0
17.706667  0.347910  0
17.733333  0.347783  0
17.760000  0.347657  0
17.786667  0.347531  0
17.813333  0.347404  0
17.840000  0.347278  0
17.866667  0.347152  0
17.893333  0.347025  0
17.920000  0.346899  0
17.946667  0.346773  0
17.973333  0.346647  0
18.000000  0.346520  0
18.026667  0.346394  0
18.053333  0.346268  0
18.080000  0.346141  0
18.106667  0.346015  0
18.133333  0.345889  0
18.160000  0.345763  0
18.186667  0.345636  0
18.213333  0.345510  0
18.240000  0.345384  0
18.266667  0.345257  0
18.293333  0.345131  0
18.320000  0.345005  0
18.346667  0.344878  0
18.373333  0.344752  0
18.400000  0.344626  0
18.426667  0.344500  0
18.453333  0.344373  0
18.480000  0.344247  0
18.506667  0.344121  0
18.533333  0.343994  0
18.560000  0.343868  0
18.586667  0.343742  0
18.613333  0.343615  0
18.640000  0.343489  0
18.666667  0.343363  0
18.693333  0.343237  0
18.720000  0.343110  0
18.746667  0.342984  0
18.773333  0.342858  0
18.800000  0.342731  0
18.826667  0.342605  0
18.853333  0.342479  0
18.880000  0.342353  0
18.906667  0.342226  0
18.933333  0.342100  0
18.960000  0.341974  0
18.986667  0.341847  0
19.013333  0.341721  0
19.040000  0.341595  0
19.066667  0.341468  0
19.093333  0.341342  0
19.120000  0.341216  0
19.146667  0.341090  0
19.173333  0.340963  0
19.200000  0.340837  0
19.226667  0.340711  0
19.253333  0.340584  0
19.280000  0.340458  0
19.306667  0.340332  0
19.333333  0.340205  0
19.360000  0.340079  0
19.386667  0.339953  0
19.413333  0.339827  0
19.440000  0.339700  0
19.466667  0.339574  0
19.493333  0.339448  0
19.520000  0.339321  0
19.546667  0.339195  0
19.573333  0.339069  0
19.600000  0.338943  0
19.626667  0.338816  0
19.653333  0.338690  0
19.680000  0.338564  0
19.706667  0.338437  0
19.733333  0.338311  0
19.760000  0.338185  0
19.786667  0.338058  0
19.813333  0.337932  0
19.840000  0.337806  0
19.866667  0.337680  0
19.893333  0.337553  0
19.920000  0.337427  0
19.946667  0.337301  0
19.973333  0.337174  0
20.000000  0.337048  0
20.026667  0.336922  0
20.053333  0.336795  0
20.080000  0.336669  0
20.106667  0.336543  0
20.133333  0.336417  0
20.160000  0.336290  0
20.186667  0.336164  0
20.213333  0.336038  0
20.240000  0.335911  0
20.266667  0.335785  0
20.293333  0.335659  0
20.320000  0.335533  0
20.346667  0.335406  0
20.373333  0.335280  0
20.400000  0.335154  0
20.426667  0.335027  0
20.453333  0.334901  0
20.480000  0.334775  0
20.506667  0.334648  0
20.533333  0.334522  0
20.560000  0.334396  0
20.586667  0.334270  0
20.613333  0.334143  0
20.640000  0.334017  0
20.666667  0.333891  0
20.693333  0.333764  0
20.720000  0.333638  0
20.746667  0.333512  0
20.773333  0.333385  0
20.800000  0.333259  0
20.826667  0.333133  0
20.853333  0.333007  0
20.880000  0.332880  0
20.906667  0.332754  0
20.933333  0.332628  0
20.960000  0.332501  0
20.986667  0.332375  0
21.013333  0.332249  0
21.040000  0.332123  0
21.066667  0.331996  0
21.093333  0.331870  0
21.120000  0.331744  0
21.146667  0.331617  0
21.173333  0.331491  0
21.200000  0.331365  0
21.226667  0.331238  0
21.253333  0.331112  0
21.280000  0.330986  0
21.306667  0.330860  0
21.333333  0.330733  0
21.360000  0.330607  0
21.386667  0.330481  0
21.413333  0.330354  0
21.440000  0.330228  0
21.466667  0.330102  0
21.493333  0.329975  0
21.520000  0.329849  0
21.546667  0.329723  0
21.573333  0.329597  0
21.600000  0.329470  0
21.626667  0.329344  0
21.653333  0.329218  0
21.680000  0.329091  0
21.706667  0.328965  0
21.733333  0.328839  0
21.760000  0.328713  0
21.786667  0.328586  0
21.813333  0.328460  0
21.840000  0.328334  0
21.866667  0.328207  0
21.893333  0.328081  0
21.920000  0.327955  0
21.946667  0.327828  0
21.973333  0.327702  0
22.000000  0.327576  0
22.026667  0.327450  0
22.053333  0.327323  0
22.080000  0.327197  0
22.106667  0.327071  0
22.133333  0.326944  0
22.160000  0.326818  0
22.186667  0.326692  0
22.213333  0.326565  0
22.240000  0.326439  0
22.266667  0.326313  0
22.293333  0.326187  0
22.320000  0.326060  0
22.346667  0.325934  0
22.373333  0.325808  0
22.400000  0.325681  0
22.426667  0.325555  0
22.453333  0.325429  0
22.480000  0.325303  0
22.506667  0.325176  0
22.533333  0.325050  0
22.560000  0.324924  0
22.586667  0.324797  0
22.613333  0.324671  0
22.640000  0.324545  0
22.666667  0.324418  0
22.693333  0.324292  0
22.720000  0.324166  0
22.746667  0.324040  0
22.773333  0.323913  0
22.800000  0.323787  0
22.826667  0.323661  0
22.853333  0.323534  0
22.880000  0.323408  0
22.906667  0.323282  0
22.933333  0.323155  0
22.960000  0.323029  0
22.986667  0.322903  0
23.013333  0.322777  0
23.040000  0.322650  0
23.066667  0.322524  0
23.093333  0.322398  0
23.120000  0.322271  0
23.146667  0.322145  0
23.173333  0.322019  0
23.200000  0.321893  0
23.226667  0.321766  0
23.253333  0.321640  0
23.280000  0.321514  0
23.306667  0.321387  0
23.333333  0.321261  0
23.360000  0.321135  0
23.386667  0.321008  0
23.413333  0.320882  0
23.440000  0.320756  0
23.466667  0.320630  0
23.493333  0.320503  0
23.520000  0.320377  0
23.546667  0.320251  0
23.573333  0.320124  0
23.600000  0.319998  0
23.626667  0.319872  0
23.653333  0.319745  0
23.680000  0.319619  0
23.706667  0.319493  0
23.733333  0.319367  0
23.760000  0.319240  0
23.786667  0.319114  0
23.813333  0.318988  0
23.840000  0.318861  0
23.866667  0.318735  0
23.893333  0.318609  0
23.920000  0.318483  0
23.946667  0.318356  0
23.973333  0.318230  0
24.000000  0.318104  0
24.026667  0.317977  0
24.053333  0.317851  0
24.080000  0.317725  0
24.106667  0.317598  0
24.133333  0.317472  0
24.160000  0.317346  0
24.186667  0.317220  0
24.213333  0.317093  0
24.240000  0.316967  0
24.266667  0.316841  0
24.293333  0.316714  0
24.320000  0.316588  0
24.346667  0.316462  0
24.373333  0.316336  0
24.400000  0.316209  0
24.426667  0.316083  0
24.453333  0.315957  0
24.480000  0.315830  0
24.506667  0.315704  0
24.533333  0.315578  0
24.560000  0.315452  0
24.586667  0.315326  0
24.613333  0.315200  0
24.640000  0.315075  0
24.666667  0.314950  0
24.693333  0.314826  0
24.720000  0.314703  0
24.746667  0.314582  0
24.773333  0.314463  0
24.800000  0.314347  0
24.826667  0.314235  0
24.853333  0.314129  0
24.880000  0.314028  0
24.906667  0.313936  0
24.933333  0.313853  0
24.960000  0.313781  0
24.986667  0.313722  0
25.013333  0.313676  0
25.040000  0.313644  0
25.066667  0.313629  0
