2.773333  0.908193  0
2.800000  0.904313  0
2.826667  0.900434  0
2.853333  0.896554  0
2.880000  0.892675  0
2.906667  0.888795  0
2.933333  0.884915  0
2.960000  0.881036  0
2.986667  0.877156  0
3.013333  0.873276  0
3.040000  0.869397  0
3.066667  0.865517  0
3.093333  0.861637  0
3.120000  0.857758  0
3.146667  0.854005  0
3.173333  0.850647  0
3.200000  0.847290  0
3.226667  0.843933  0
3.253333  0.840575  0
3.280000  0.837218  0
3.306667  0.833860  0
3.333333  0.830503  0
3.360000  0.827146  0
3.386667  0.823788  0
3.413333  0.820038  0
3.440000  0.815277  0
3.466667  0.810515  0
3.493333  0.805754  0
3.520000  0.800993  0
3.546667  0.796231  0
3.573333  0.791470  0
3.600000  0.786708  0
3.626667  0.781947  0
3.653333  0.775875  0
3.680000  0.769570  0
3.706667  0.763266  0
3.733333  0.756961  0
3.760000  0.750657  0
3.786667  0.744352  0
3.813333  0.738048  0
3.840000  0.731744  0
3.866667  0.725439  0
3.893333  0.719293  0
3.920000  0.713231  0
3.946667  0.707169  0
3.973333  0.701107  0
4.000000  0.695045  0
4.026667  0.688983  0
4.053333  0.682921  0
4.080000  0.676859  0
4.106667  0.670798  0
4.133333  0.664642  0
4.160000  0.658375  0
4.186667  0.652108  0
4.213333  0.645840  0
4.240000  0.639573  0
4.266667  0.633306  0
4.293333  0.627039  0
4.320000  0.620772  0
4.346667  0.614505  0
4.373333  0.608238  0
4.400000  0.601872  0
4.426667  0.595406  0
4.453333  0.588940  0
4.480000  0.582474  0
4.506667  0.576008  0
4.533333  0.569542  0
4.560000  0.563076  0
4.586667  0.558574  0
4.613333  0.555400  0
4.640000  0.552155  0
4.666667  0.548730  0
4.693333  0.545381  0
4.720000  0.542302  0
4.746667  0.539275  0
4.773333  0.536540  0
4.800000  0.533834  0
4.826667  0.531428  0
4.853333  0.529027  0
4.880000  0.526921  0
4.906667  0.524816  0
4.933333  0.522967  0
4.960000  0.521130  0
4.986667  0.519501  0
5.013333  0.517899  0
5.040000  0.516462  0
5.066667  0.515060  0
5.093333  0.513785  0
5.120000  0.512549  0
5.146667  0.511404  0
5.173333  0.510298  0
5.200000  0.509248  0
5.226667  0.508233  0
5.253333  0.507242  0
5.280000  0.506271  0
5.306667  0.505296  0
5.333333  0.504319  0
5.360000  0.503316  0
5.386667  0.502278  0
5.413333  0.501197  0
5.440000  0.500042  0
5.466667  0.498836  0
5.493333  0.497511  0
5.520000  0.496135  0
5.546667  0.494597  0
5.573333  0.493017  0
5.600000  0.491236  0
5.626667  0.489430  0
5.653333  0.487400  0
5.680000  0.485361  0
5.706667  0.483099  0
5.733333  0.480837  0
5.760000  0.478388  0
5.786667  0.475935  0
5.813333  0.473365  0
5.840000  0.470784  0
5.866667  0.468159  0
5.893333  0.465526  0
5.920000  0.462917  0
5.946667  0.460315  0
5.973333  0.457790  0
6.000000  0.455297  0
6.026667  0.452917  0
6.053333  0.450598  0
6.080000  0.448406  0
6.106667  0.446306  0
6.133333  0.444331  0
6.160000  0.442473  0
6.186667  0.440726  0
6.213333  0.439113  0
6.240000  0.437589  0
6.266667  0.436205  0
6.293333  0.434887  0
6.320000  0.433707  0
6.346667  0.432571  0
6.373333  0.431562  0
6.400000  0.430581  0
6.426667  0.429713  0
6.453333  0.428860  0
6.480000  0.428106  0
6.506667  0.427357  0
6.533333  0.426695  0
6.560000  0.426032  0
6.586667  0.425444  0
6.613333  0.424856  0
6.640000  0.424327  0
6.666667  0.423803  0
6.693333  0.423324  0
6.720000  0.422853  0
6.746667  0.422418  0
6.773333  0.421992  0
6.800000  0.421591  0
6.826667  0.421200  0
6.853333  0.420824  0
6.880000  0.420456  0
6.906667  0.420094  0
6.933333  0.419737  0
6.960000  0.419379  0
6.986667  0.419019  0
7.013333  0.418653  0
7.040000  0.418279  0
7.066667  0.417894  0
7.093333  0.417495  0
7.120000  0.417085  0
7.146667  0.416655  0
7.173333  0.416215  0
7.200000  0.415752  0
7.226667  0.415282  0
7.253333  0.414788  0
7.280000  0.414291  0
7.306667  0.413774  0
7.333333  0.413255  0
7.360000  0.412725  0
7.386667  0.412195  0
7.413333  0.411663  0
7.440000  0.411131  0
7.466667  0.410608  0
7.493333  0.410085  0
7.520000  0.409579  0
7.546667  0.409076  0
7.573333  0.408594  0
7.600000  0.408116  0
7.626667  0.407662  0
7.653333  0.407214  0
7.680000  0.406789  0
7.706667  0.406373  0
7.733333  0.405977  0
7.760000  0.405592  0
7.786667  0.405223  0
7.813333  0.404867  0
7.840000  0.404523  0
7.866667  0.404192  0
7.893333  0.403872  0
7.920000  0.403564  0
7.946667  0.403263  0
7.973333  0.402976  0
8.000000  0.402695  0
8.026667  0.402428  0
8.053333  0.402164  0
8.080000  0.401915  0
8.106667  0.401670  0
8.133333  0.401440  0
8.160000  0.401211  0
8.186667  0.401000  0
8.213333  0.400789  0
8.240000  0.400596  0
8.266667  0.400403  0
8.293333  0.400227  0
8.320000  0.400050  0
8.346667  0.399887  0
8.373333  0.399725  0
8.400000  0.399572  0
8.426667  0.399420  0
8.453333  0.399272  0
8.480000  0.399125  0
8.506667  0.398979  0
8.533333  0.398832  0
8.560000  0.398682  0
8.586667  0.398529  0
8.613333  0.398372  0
8.640000  0.398210  0
8.666667  0.398042  0
8.693333  0.397868  0
8.720000  0.397688  0
8.746667  0.397502  0
8.773333  0.397311  0
8.800000  0.397115  0
8.826667  0.396916  0
8.853333  0.396713  0
8.880000  0.396509  0
8.906667  0.396305  0
8.933333  0.396102  0
8.960000  0.395902  0
8.986667  0.395704  0
9.013333  0.395515  0
9.040000  0.395326  0
9.066667  0.395151  0
9.093333  0.394976  0
9.120000  0.394817  0
9.146667  0.394658  0
9.173333  0.394515  0
9.200000  0.394373  0
9.226667  0.394244  0
9.253333  0.394118  0
9.280000  0.394000  0
9.306667  0.393885  0
9.333333  0.393776  0
9.360000  0.393670  0
9.386667  0.393565  0
9.413333  0.393463  0
9.440000  0.393361  0
9.466667  0.393259  0
9.493333  0.393157  0
9.520000  0.393054  0
9.546667  0.392951  0
9.573333  0.392847  0
9.600000  0.392743  0
9.626667  0.392639  0
9.653333  0.392535  0
9.680000  0.392431  0
9.706667  0.392328  0
9.733333  0.392226  0
9.760000  0.392125  0
9.786667  0.392027  0
9.813333  0.391928  0
9.840000  0.391833  0
9.866667  0.391737  0
9.893333  0.391643  0
9.920000  0.391549  0
9.946667  0.391455  0
9.973333  0.391361  0
10.000000  0.391264  0
10.026667  0.391167  0
10.053333  0.391066  0
10.080000  0.390964  0
10.106667  0.390857  0
10.133333  0.390749  0
10.160000  0.390635  0
10.186667  0.390520  0
10.213333  0.390400  0
10.240000  0.390277  0
10.266667  0.390152  0
10.293333  0.390024  0
10.320000  0.389895  0
10.346667  0.389763  0
10.373333  0.389631  0
10.400000  0.389499  0
10.426667  0.389366  0
10.453333  0.389234  0
10.480000  0.389103  0
10.506667  0.388973  0
10.533333  0.388843  0
10.560000  0.388715  0
10.586667  0.388588  0
10.613333  0.388463  0
10.640000  0.388338  0
10.666667  0.388215  0
10.693333  0.388092  0
10.720000  0.387970  0
10.746667  0.387848  0
10.773333  0.387725  0
10.800000  0.387603  0
10.826667  0.387479  0
10.853333  0.387356  0
10.880000  0.387231  0
10.906667  0.387106  0
10.933333  0.386979  0
10.960000  0.386852  0
10.986667  0.386724  0
11.013333  0.386596  0
11.040000  0.386468  0
11.066667  0.386341  0
11.093333  0.386214  0
11.120000  0.386089  0
11.146667  0.385965  0
11.173333  0.385844  0
11.200000  0.385725  0
11.226667  0.385609  0
11.253333  0.385495  0
11.280000  0.385386  0
11.306667  0.385279  0
11.333333  0.385176  0
11.360000  0.385076  0
11.386667  0.384979  0
11.413333  0.384884  0
11.440000  0.384792  0
11.466667  0.384701  0
11.493333  0.384611  0
11.520000  0.384522  0
11.546667  0.384434  0
11.573333  0.384345  0
11.600000  0.384255  0
11.626667  0.384166  0
11.653333  0.384073  0
11.680000  0.383980  0
11.706667  0.383882  0
11.733333  0.383784  0
11.760000  0.383680  0
11.786667  0.383576  0
11.813333  0.383465  0
11.840000  0.383352  0
11.866667  0.383231  0
11.893333  0.383108  0
11.920000  0.382976  0
11.946667  0.382840  0
11.973333  0.382695  0
12.000000  0.382544  0
12.026667  0.382385  0
12.053333  0.382218  0
12.080000  0.382043  0
12.106667  0.381858  0
12.133333  0.381667  0
12.160000  0.381466  0
12.186667  0.381259  0
12.213333  0.381042  0
12.240000  0.380821  0
12.266667  0.380591  0
12.293333  0.380358  0
12.320000  0.380116  0
12.346667  0.379873  0
12.373333  0.379623  0
12.400000  0.379373  0
12.426667  0.379116  0
12.453333  0.378860  0
12.480000  0.378598  0
12.506667  0.378336  0
12.533333  0.378069  0
12.560000  0.377802  0
12.586667  0.377530  0
12.613333  0.377257  0
12.640000  0.376980  0
12.666667  0.376701  0
12.693333  0.376419  0
12.720000  0.376135  0
12.746667  0.375849  0
12.773333  0.375562  0
12.800000  0.375274  0
12.826667  0.374985  0
12.853333  0.374698  0
12.880000  0.374411  0
12.906667  0.374127  0
12.933333  0.373846  0
12.960000  0.373568  0
12.986667  0.373295  0
13.013333  0.373027  0
13.040000  0.372765  0
13.066667  0.372508  0
13.093333  0.372259  0
13.120000  0.372014  0
13.146667  0.371779  0
13.173333  0.371547  0
13.200000  0.371325  0
13.226667  0.371104  0
13.253333  0.370895  0
13.280000  0.370686  0
13.306667  0.370487  0
13.333333  0.370288  0
13.360000  0.370097  0
13.386667  0.369907  0
13.413333  0.369722  0
13.440000  0.369539  0
13.466667  0.369359  0
13.493333  0.369180  0
13.520000  0.369003  0
13.546667  0.368826  0
13.573333  0.368650  0
13.600000  0.368473  0
13.626667  0.368295  0
13.653333  0.368117  0
13.680000  0.367936  0
13.706667  0.367754  0
13.733333  0.367569  0
13.760000  0.367381  0
13.786667  0.367191  0
13.813333  0.366997  0
13.840000  0.366800  0
13.866667  0.366600  0
13.893333  0.366397  0
13.920000  0.366191  0
13.946667  0.365983  0
13.973333  0.365771  0
14.000000  0.365559  0
14.026667  0.365342  0
14.053333  0.365126  0
14.080000  0.364906  0
14.106667  0.364686  0
14.133333  0.364464  0
14.160000  0.364241  0
14.186667  0.364017  0
14.213333  0.363793  0
14.240000  0.363568  0
14.266667  0.363343  0
14.293333  0.363119  0
14.320000  0.362894  0
14.346667  0.362673  0
14.373333  0.362451  0
14.400000  0.362235  0
14.426667  0.362019  0
14.453333  0.361810  0
14.480000  0.361604  0
14.506667  0.361406  0
14.533333  0.361213  0
14.560000  0.361028  0
14.586667  0.360851  0
14.613333  0.360683  0
14.640000  0.360526  0
14.666667  0.360376  0
14.693333  0.360240  0
14.720000  0.360111  0
14.746667  0.359997  0
14.773333  0.359889  0
14.800000  0.359799  0
14.826667  0.359712  0
14.853333  0.359645  0
14.880000  0.359580  0
14.906667  0.359536  0
14.933333  0.359493  0
14.960000  0.359470  0
14.986667  0.359448  0
15.013333  0.359336  0
15.040000  0.359224  0
15.066667  0.359112  0
15.093333  0.359000  0
15.120000  0.358887  0
15.146667  0.358775  0
15.173333  0.358663  0
15.200000  0.358551  0
15.226667  0.358439  0
15.253333  0.358327  0
15.280000  0.358215  0
15.306667  0.358102  0
15.333333  0.357990  0
15.360000  0.357878  0
15.386667  0.357766  0
15.413333  0.357654  0
15.440000  0.357542  0
15.466667  0.357430  0
15.493333  0.357318  0
15.520000  0.357205  0
15.546667  0.357093  0
15.573333  0.356981  0
15.600000  0.356869  0
15.626667  0.356757  0
15.653333  0.356645  0
15.680000  0.356533  0
15.706667  0.356420  0
15.733333  0.356308  0
15.760000  0.356196  0
15.786667  0.356084  0
15.813333  0.355972  0
15.840000  0.355860  0
15.866667  0.355748  0
15.893333  0.355636  0
15.920000  0.355523  0
15.946667  0.355411  0
15.973333  0.355299  0
16.000000  0.355187  0
16.026667  0.355075  0
16.053333  0.354963  0
16.080000  0.354851  0
16.106667  0.354738  0
16.133333  0.354626  0
16.160000  0.354514  0
16.186667  0.354402  0
16.213333  0.354290  0
16.240000  0.354178  0
16.266667  0.354066  0
16.293333  0.353953  0
16.320000  0.353841  0
16.346667  0.353729  0
16.373333  0.353617  0
16.400000  0.353505  0
16.426667  0.353393  0
16.453333  0.353281  0
16.480000  0.353169  0
16.506667  0.353056  0
16.533333  0.352944  0
16.560000  0.352832  0
16.586667  0.352720  0
16.613333  0.352608  0
16.640000  0.352496  0
16.666667  0.352384  0
16.693333  0.352271  0
16.720000  0.352159  0
16.746667  0.352047  0
16.773333  0.351935  0
16.800000  0.351823  0
16.826667  0.351711  0
16.853333  0.351599  0
16.880000  0.351487  0
16.906667  0.351374  0
16.933333  0.351262  0
16.960000  0.351150  0
16.986667  0.351038  0
17.013333  0.350926  0
17.040000  0.350814  0
17.066667  0.350702  0
17.093333  0.350589  0
17.120000  0.350477  0
17.146667  0.350365  0
17.173333  0.350253  0
17.200000  0.350141  0
17.226667  0.350029  0
17.253333  0.349917  0
17.280000  0.349805  0
17.306667  0.349692  0
17.333333  0.349580  0
17.360000  0.349468  0
17.386667  0.349356  0
17.413333  0.349244  0
17.440000  0.349132  0
17.466667  0.349020  0
17.493333  0.348907  0
17.520000  0.348795  0
17.546667  0.348683  0
17.573333  0.348571  0
17.600000  0.348459  0
17.626667  0.348347  0
17.653333  0.348235  0
17.680000  0.348123  0
17.706667  0.348010  0
17.733333  0.347898  0
17.760000  0.347786  0
17.786667  0.347674  0
17.813333  0.347562  0
17.840000  0.347450  0
17.866667  0.347338  0
17.893333  0.347225  0
17.920000  0.347113  0
17.946667  0.347001  0
17.973333  0.346889  0
18.000000  0.346777  0
18.026667  0.346665  0
18.053333  0.346553  0
18.080000  0.346440  0
18.106667  0.346328  0
18.133333  0.346216  0
18.160000  0.346104  0
18.186667  0.345992  0
18.213333  0.345880  0
18.240000  0.345768  0
18.266667  0.345656  0
18.293333  0.345543  0
18.320000  0.345431  0
18.346667  0.345319  0
18.373333  0.345207  0
18.400000  0.345095  0
18.426667  0.344983  0
18.453333  0.344871  0
18.480000  0.344758  0
18.506667  0.344646  0
18.533333  0.344534  0
18.560000  0.344422  0
18.586667  0.344310  0
18.613333  0.344198  0
18.640000  0.344086  0
18.666667  0.343974  0
18.693333  0.343861  0
18.720000  0.343749  0
18.746667  0.343637  0
18.773333  0.343525  0
18.800000  0.343413  0
18.826667  0.343301  0
18.853333  0.343189  0
18.880000  0.343076  0
18.906667  0.342964  0
18.933333  0.342852  0
18.960000  0.342740  0
18.986667  0.342628  0
19.013333  0.342516  0
19.040000  0.342404  0
19.066667  0.342292  0
19.093333  0.342179  0
19.120000  0.342067  0
19.146667  0.341955  0
19.173333  0.341843  0
19.200000  0.341731  0
19.226667  0.341619  0
19.253333  0.341507  0
19.280000  0.341394  0
19.306667  0.341282  0
19.333333  0.341170  0
19.360000  0.341058  0
19.386667  0.340946  0
19.413333  0.340834  0
19.440000  0.340722  0
19.466667  0.340610  0
19.493333  0.340497  0
19.520000  0.340385  0
19.546667  0.340273  0
19.573333  0.340161  0
19.600000  0.340049  0
19.626667  0.339937  0
19.653333  0.339825  0
19.680000  0.339712  0
19.706667  0.339600  0
19.733333  0.339488  0
19.760000  0.339376  0
19.786667  0.339264  0
19.813333  0.339152  0
19.840000  0.339040  0
19.866667  0.338927  0
19.893333  0.338815  0
19.920000  0.338703  0
19.946667  0.338591  0
19.973333  0.338479  0
20.000000  0.338367  0
20.026667  0.338255  0
20.053333  0.338143  0
20.080000  0.338030  0
20.106667  0.337918  0
20.133333  0.337806  0
20.160000  0.337694  0
20.186667  0.337582  0
20.213333  0.337470  0
20.240000  0.337358  0
20.266667  0.337245  0
20.293333  0.337133  0
20.320000  0.337021  0
20.346667  0.336909  0
20.373333  0.336797  0
20.400000  0.336685  0
20.426667  0.336573  0
20.453333  0.336461  0
20.480000  0.336348  0
20.506667  0.336236  0
20.533333  0.336124  0
20.560000  0.336012  0
20.586667  0.335900  0
20.613333  0.335788  0
20.640000  0.335676  0
20.666667  0.335563  0
20.693333  0.335451  0
20.720000  0.335339  0
20.746667  0.335227  0
20.773333  0.335115  0
20.800000  0.335003  0
20.826667  0.334891  0
20.853333  0.334779  0
20.880000  0.334666  0
20.906667  0.334554  0
20.933333  0.334442  0
20.960000  0.334330  0
20.986667  0.334218  0
21.013333  0.334106  0
21.040000  0.333994  0
21.066667  0.333881  0
21.093333  0.333769  0
21.120000  0.333657  0
21.146667  0.333545  0
21.173333  0.333433  0
21.200000  0.333321  0
21.226667  0.333209  0
21.253333  0.333096  0
21.280000  0.332984  0
21.306667  0.332872  0
21.333333  0.332760  0
21.360000  0.332648  0
21.386667  0.332536  0
21.413333  0.332424  0
21.440000  0.332312  0
21.466667  0.332199  0
21.493333  0.332087  0
21.520000  0.331975  0
21.546667  0.331863  0
21.573333  0.331751  0
21.600000  0.331639  0
21.626667  0.331527  0
21.653333  0.331414  0
21.680000  0.331302  0
21.706667  0.331190  0
21.733333  0.331078  0
21.760000  0.330966  0
21.786667  0.330854  0
21.813333  0.330742  0
21.840000  0.330630  0
21.866667  0.330517  0
21.893333  0.330405  0
21.920000  0.330293  0
21.946667  0.330181  0
21.973333  0.330069  0
22.000000  0.329957  0
22.026667  0.329845  0
22.053333  0.329732  0
22.080000  0.329620  0
22.106667  0.329508  0
22.133333  0.329396  0
22.160000  0.329284  0
22.186667  0.329172  0
22.213333  0.329060  0
22.240000  0.328948  0
22.266667  0.328835  0
22.293333  0.328723  0
22.320000  0.328611  0
22.346667  0.328499  0
22.373333  0.328387  0
22.400000  0.328275  0
22.426667  0.328163  0
22.453333  0.328050  0
22.480000  0.327938  0
22.506667  0.327826  0
22.533333  0.327714  0
22.560000  0.327602  0
22.586667  0.327490  0
22.613333  0.327378  0
22.640000  0.327266  0
22.666667  0.327153  0
22.693333  0.327041  0
22.720000  0.326929  0
22.746667  0.326817  0
22.773333  0.326705  0
22.800000  0.326593  0
22.826667  0.326481  0
22.853333  0.326368  0
22.880000  0.326256  0
22.906667  0.326144  0
22.933333  0.326032  0
22.960000  0.325920  0
22.986667  0.325808  0
23.013333  0.325696  0
23.040000  0.325583  0
23.066667  0.325471  0
23.093333  0.325359  0
23.120000  0.325247  0
23.146667  0.325135  0
23.173333  0.325023  0
23.200000  0.324911  0
23.226667  0.324799  0
23.253333  0.324686  0
23.280000  0.324574  0
23.306667  0.324462  0
23.333333  0.324350  0
23.360000  0.324238  0
23.386667  0.324126  0
23.413333  0.324014  0
23.440000  0.323901  0
23.466667  0.323789  0
23.493333  0.323677  0
23.520000  0.323565  0
23.546667  0.323453  0
23.573333  0.323341  0
23.600000  0.323229  0
23.626667  0.323117  0
23.653333  0.323004  0
23.680000  0.322892  0
23.706667  0.322780  0
23.733333  0.322668  0
23.760000  0.322556  0
23.786667  0.322444  0
23.813333  0.322332  0
23.840000  0.322219  0
23.866667  0.322107  0
23.893333  0.321995  0
23.920000  0.321883  0
