2.906667  0.913254  0
2.933333  0.911357  0
2.960000  0.908062  0
2.986667  0.904010  0
3.013333  0.899657  0
3.040000  0.895217  0
3.066667  0.890759  0
3.093333  0.886303  0
3.120000  0.881864  0
3.146667  0.877484  0
3.173333  0.873240  0
3.200000  0.869223  0
3.226667  0.865476  0
3.253333  0.861958  0
3.280000  0.858562  0
3.306667  0.855158  0
3.333333  0.851598  0
3.360000  0.847741  0
3.386667  0.843510  0
3.413333  0.838942  0
3.440000  0.834153  0
3.466667  0.829259  0
3.493333  0.824333  0
3.520000  0.819418  0
3.546667  0.814543  0
3.573333  0.809733  0
3.600000  0.804995  0
3.626667  0.800318  0
3.653333  0.795676  0
3.680000  0.791049  0
3.706667  0.786426  0
3.733333  0.781805  0
3.760000  0.777183  0
3.786667  0.772556  0
3.813333  0.767906  0
3.840000  0.763159  0
3.866667  0.758131  0
3.893333  0.752499  0
3.920000  0.745924  0
3.946667  0.738277  0
3.973333  0.729750  0
4.000000  0.720695  0
4.026667  0.711402  0
4.053333  0.702014  0
4.080000  0.692594  0
4.106667  0.683217  0
4.133333  0.674012  0
4.160000  0.665116  0
4.186667  0.656620  0
4.213333  0.648548  0
4.240000  0.640882  0
4.266667  0.633578  0
4.293333  0.626588  0
4.320000  0.619863  0
4.346667  0.613359  0
4.373333  0.607042  0
4.400000  0.600884  0
4.426667  0.594872  0
4.453333  0.589004  0
4.480000  0.583288  0
4.506667  0.577743  0
4.533333  0.572395  0
4.560000  0.567274  0
4.586667  0.562409  0
4.613333  0.557828  0
4.640000  0.553552  0
4.666667  0.549596  0
4.693333  0.545965  0
4.720000  0.542656  0
4.746667  0.539656  0
4.773333  0.536947  0
4.800000  0.534505  0
4.826667  0.532302  0
4.853333  0.530310  0
4.880000  0.528501  0
4.906667  0.526848  0
4.933333  0.525329  0
4.960000  0.523924  0
4.986667  0.522617  0
5.013333  0.521395  0
5.040000  0.520248  0
5.066667  0.519170  0
5.093333  0.518153  0
5.120000  0.517193  0
5.146667  0.516284  0
5.173333  0.515420  0
5.200000  0.514595  0
5.226667  0.513802  0
5.253333  0.513033  0
5.280000  0.512279  0
5.306667  0.511528  0
5.333333  0.510767  0
5.360000  0.509981  0
5.386667  0.509152  0
5.413333  0.508259  0
5.440000  0.507278  0
5.466667  0.506184  0
5.493333  0.504950  0
5.520000  0.503547  0
5.546667  0.501951  0
5.573333  0.500136  0
5.600000  0.498085  0
5.626667  0.495784  0
5.653333  0.493231  0
5.680000  0.490429  0
5.706667  0.487394  0
5.733333  0.484153  0
5.760000  0.480742  0
5.786667  0.477206  0
5.813333  0.473595  0
5.840000  0.469963  0
5.866667  0.466367  0
5.893333  0.462860  0
5.920000  0.459490  0
5.946667  0.456300  0
5.973333  0.453324  0
6.000000  0.450589  0
6.026667  0.448108  0
6.053333  0.445888  0
6.080000  0.443925  0
6.106667  0.442210  0
6.133333  0.440724  0
6.160000  0.439446  0
6.186667  0.438351  0
6.213333  0.437415  0
6.240000  0.436610  0
6.266667  0.435914  0
6.293333  0.435304  0
6.320000  0.434761  0
6.346667  0.434269  0
6.373333  0.433818  0
6.400000  0.433397  0
6.426667  0.433002  0
6.453333  0.432629  0
6.480000  0.432277  0
6.506667  0.431949  0
6.533333  0.431645  0
6.560000  0.431370  0
6.586667  0.431125  0
6.613333  0.430912  0
6.640000  0.430732  0
6.666667  0.430586  0
6.693333  0.430469  0
6.720000  0.430380  0
6.746667  0.430312  0
6.773333  0.430257  0
6.800000  0.430208  0
6.826667  0.430156  0
6.853333  0.430089  0
6.880000  0.430000  0
6.906667  0.429878  0
6.933333  0.429716  0
6.960000  0.429506  0
6.986667  0.429246  0
7.013333  0.428931  0
7.040000  0.428563  0
7.066667  0.428143  0
7.093333  0.427674  0
7.120000  0.427163  0
7.146667  0.426616  0
7.173333  0.426039  0
7.200000  0.425440  0
7.226667  0.424825  0
7.253333  0.424200  0
7.280000  0.423570  0
7.306667  0.422938  0
7.333333  0.422307  0
7.360000  0.421680  0
7.386667  0.421056  0
7.413333  0.420438  0
7.440000  0.419825  0
7.466667  0.419219  0
7.493333  0.418619  0
7.520000  0.418026  0
7.546667  0.417441  0
7.573333  0.416865  0
7.600000  0.416298  0
7.626667  0.415742  0
7.653333  0.415196  0
7.680000  0.414663  0
7.706667  0.414142  0
7.733333  0.413633  0
7.760000  0.413137  0
7.786667  0.412655  0
7.813333  0.412187  0
7.840000  0.411733  0
7.866667  0.411293  0
7.893333  0.410869  0
7.920000  0.410461  0
7.946667  0.410069  0
7.973333  0.409695  0
8.000000  0.409338  0
8.026667  0.408999  0
8.053333  0.408678  0
8.080000  0.408374  0
8.106667  0.408087  0
8.133333  0.407817  0
8.160000  0.407562  0
8.186667  0.407322  0
8.213333  0.407096  0
8.240000  0.406881  0
8.266667  0.406678  0
8.293333  0.406483  0
8.320000  0.406296  0
8.346667  0.406115  0
8.373333  0.405939  0
8.400000  0.405766  0
8.426667  0.405594  0
8.453333  0.405423  0
8.480000  0.405251  0
8.506667  0.405077  0
8.533333  0.404901  0
8.560000  0.404722  0
8.586667  0.404539  0
8.613333  0.404354  0
8.640000  0.404166  0
8.666667  0.403976  0
8.693333  0.403785  0
8.720000  0.403592  0
8.746667  0.403400  0
8.773333  0.403210  0
8.800000  0.403021  0
8.826667  0.402836  0
8.853333  0.402654  0
8.880000  0.402477  0
8.906667  0.402306  0
8.933333  0.402141  0
8.960000  0.401983  0
8.986667  0.401832  0
9.013333  0.401689  0
9.040000  0.401552  0
9.066667  0.401422  0
9.093333  0.401298  0
9.120000  0.401179  0
9.146667  0.401065  0
9.173333  0.400953  0
9.200000  0.400843  0
9.226667  0.400734  0
9.253333  0.400623  0
9.280000  0.400510  0
9.306667  0.400393  0
9.333333  0.400272  0
9.360000  0.400146  0
9.386667  0.400014  0
9.413333  0.399877  0
9.440000  0.399736  0
9.466667  0.399591  0
9.493333  0.399443  0
9.520000  0.399293  0
9.546667  0.399144  0
9.573333  0.398995  0
9.600000  0.398848  0
9.626667  0.398704  0
9.653333  0.398563  0
9.680000  0.398424  0
9.706667  0.398287  0
9.733333  0.398151  0
9.760000  0.398016  0
9.786667  0.397878  0
9.813333  0.397738  0
9.840000  0.397594  0
9.866667  0.397443  0
9.893333  0.397285  0
9.920000  0.397119  0
9.946667  0.396942  0
9.973333  0.396754  0
10.000000  0.396553  0
10.026667  0.396339  0
10.053333  0.396110  0
10.080000  0.395867  0
10.106667  0.395610  0
10.133333  0.395337  0
10.160000  0.395051  0
10.186667  0.394752  0
10.213333  0.394442  0
10.240000  0.394122  0
10.266667  0.393795  0
10.293333  0.393463  0
10.320000  0.393129  0
10.346667  0.392794  0
10.373333  0.392460  0
10.400000  0.392130  0
10.426667  0.391804  0
10.453333  0.391485  0
10.480000  0.391171  0
10.506667  0.390864  0
10.533333  0.390564  0
10.560000  0.390271  0
10.586667  0.389984  0
10.613333  0.389704  0
10.640000  0.389430  0
10.666667  0.389161  0
10.693333  0.388899  0
10.720000  0.388643  0
10.746667  0.388394  0
10.773333  0.388150  0
10.800000  0.387914  0
10.826667  0.387684  0
10.853333  0.387461  0
10.880000  0.387245  0
10.906667  0.387036  0
10.933333  0.386834  0
10.960000  0.386639  0
10.986667  0.386451  0
11.013333  0.386272  0
11.040000  0.386101  0
11.066667  0.385939  0
11.093333  0.385787  0
11.120000  0.385645  0
11.146667  0.385513  0
11.173333  0.385392  0
11.200000  0.385283  0
11.226667  0.385184  0
11.253333  0.385096  0
11.280000  0.385017  0
11.306667  0.384947  0
11.333333  0.384885  0
11.360000  0.384828  0
11.386667  0.384775  0
11.413333  0.384724  0
11.440000  0.384673  0
11.466667  0.384620  0
11.493333  0.384565  0
11.520000  0.384504  0
11.546667  0.384438  0
11.573333  0.384365  0
11.600000  0.384285  0
11.626667  0.384197  0
11.653333  0.384100  0
11.680000  0.383993  0
11.706667  0.383878  0
11.733333  0.383752  0
11.760000  0.383615  0
11.786667  0.383465  0
11.813333  0.383302  0
11.840000  0.383124  0
11.866667  0.382929  0
11.893333  0.382715  0
11.920000  0.382482  0
11.946667  0.382228  0
11.973333  0.381951  0
12.000000  0.381650  0
12.026667  0.381325  0
12.053333  0.380975  0
12.080000  0.380600  0
12.106667  0.380199  0
12.133333  0.379773  0
12.160000  0.379322  0
12.186667  0.378847  0
12.213333  0.378350  0
12.240000  0.377833  0
12.266667  0.377299  0
12.293333  0.376752  0
12.320000  0.376195  0
12.346667  0.375636  0
12.373333  0.375079  0
12.400000  0.374532  0
12.426667  0.374000  0
12.453333  0.373492  0
12.480000  0.373012  0
12.506667  0.372566  0
12.533333  0.372158  0
12.560000  0.371792  0
12.586667  0.371467  0
12.613333  0.371185  0
12.640000  0.370942  0
12.666667  0.370738  0
12.693333  0.370567  0
12.720000  0.370425  0
12.746667  0.370308  0
12.773333  0.370210  0
12.800000  0.370128  0
12.826667  0.370056  0
12.853333  0.369991  0
12.880000  0.369931  0
12.906667  0.369873  0
12.933333  0.369814  0
12.960000  0.369755  0
12.986667  0.369695  0
13.013333  0.369634  0
13.040000  0.369571  0
13.066667  0.369509  0
13.093333  0.369447  0
13.120000  0.369387  0
13.146667  0.369330  0
13.173333  0.369275  0
13.200000  0.369225  0
13.226667  0.369179  0
13.253333  0.369137  0
13.280000  0.369100  0
13.306667  0.369067  0
13.333333  0.369038  0
13.360000  0.369011  0
13.386667  0.368987  0
13.413333  0.368962  0
13.440000  0.368937  0
13.466667  0.368910  0
13.493333  0.368879  0
13.520000  0.368843  0
13.546667  0.368800  0
13.573333  0.368750  0
13.600000  0.368690  0
13.626667  0.368620  0
13.653333  0.368540  0
13.680000  0.368448  0
13.706667  0.368344  0
13.733333  0.368229  0
13.760000  0.368103  0
13.786667  0.367967  0
13.813333  0.367820  0
13.840000  0.367664  0
13.866667  0.367501  0
13.893333  0.367330  0
13.920000  0.367153  0
13.946667  0.366971  0
13.973333  0.366784  0
14.000000  0.366595  0
14.026667  0.366403  0
14.053333  0.366210  0
14.080000  0.366018  0
14.106667  0.365827  0
14.133333  0.365638  0
14.160000  0.365453  0
14.186667  0.365273  0
14.213333  0.365097  0
14.240000  0.364927  0
14.266667  0.364762  0
14.293333  0.364600  0
14.320000  0.364442  0
14.346667  0.364285  0
14.373333  0.364128  0
14.400000  0.363969  0
14.426667  0.363807  0
14.453333  0.363640  0
14.480000  0.363469  0
14.506667  0.363292  0
14.533333  0.363110  0
14.560000  0.362924  0
14.586667  0.362734  0
14.613333  0.362544  0
14.640000  0.362355  0
14.666667  0.362168  0
14.693333  0.361987  0
14.720000  0.361813  0
14.746667  0.361649  0
14.773333  0.361495  0
14.800000  0.361355  0
14.826667  0.361228  0
14.853333  0.361115  0
14.880000  0.361019  0
14.906667  0.360938  0
14.933333  0.360870  0
14.960000  0.360810  0
14.986667  0.360752  0
15.013333  0.360692  0
15.040000  0.360626  0
15.066667  0.360557  0
15.093333  0.360486  0
15.120000  0.360415  0
15.146667  0.360344  0
15.173333  0.360272  0
15.200000  0.360201  0
15.226667  0.360129  0
15.253333  0.360058  0
15.280000  0.359987  0
15.306667  0.359915  0
15.333333  0.359844  0
15.360000  0.359772  0
15.386667  0.359701  0
15.413333  0.359630  0
15.440000  0.359558  0
15.466667  0.359487  0
15.493333  0.359416  0
15.520000  0.359344  0
15.546667  0.359273  0
15.573333  0.359201  0
15.600000  0.359130  0
15.626667  0.359059  0
15.653333  0.358987  0
15.680000  0.358916  0
15.706667  0.358844  0
15.733333  0.358773  0
15.760000  0.358702  0
15.786667  0.358630  0
15.813333  0.358559  0
15.840000  0.358487  0
15.866667  0.358416  0
15.893333  0.358345  0
15.920000  0.358273  0
15.946667  0.358202  0
15.973333  0.358130  0
16.000000  0.358059  0
16.026667  0.357988  0
16.053333  0.357916  0
16.080000  0.357845  0
16.106667  0.357774  0
16.133333  0.357702  0
16.160000  0.357631  0
16.186667  0.357559  0
16.213333  0.357488  0
16.240000  0.357417  0
16.266667  0.357345  0
16.293333  0.357274  0
16.320000  0.357202  0
16.346667  0.357131  0
16.373333  0.357060  0
16.400000  0.356988  0
16.426667  0.356917  0
16.453333  0.356845  0
16.480000  0.356774  0
16.506667  0.356703  0
16.533333  0.356631  0
16.560000  0.356560  0
16.586667  0.356489  0
16.613333  0.356417  0
16.640000  0.356346  0
16.666667  0.356274  0
16.693333  0.356203  0
16.720000  0.356132  0
16.746667  0.356060  0
16.773333  0.355989  0
16.800000  0.355917  0
16.826667  0.355846  0
16.853333  0.355775  0
16.880000  0.355703  0
16.906667  0.355632  0
16.933333  0.355560  0
16.960000  0.355489  0
16.986667  0.355418  0
17.013333  0.355346  0
17.040000  0.355275  0
17.066667  0.355203  0
17.093333  0.355132  0
17.120000  0.355061  0
17.146667  0.354989  0
17.173333  0.354918  0
17.200000  0.354847  0
17.226667  0.354775  0
17.253333  0.354704  0
17.280000  0.354632  0
17.306667  0.354561  0
17.333333  0.354490  0
17.360000  0.354418  0
17.386667  0.354347  0
17.413333  0.354275  0
17.440000  0.354204  0
17.466667  0.354133  0
17.493333  0.354061  0
17.520000  0.353990  0
17.546667  0.353918  0
17.573333  0.353847  0
17.600000  0.353776  0
17.626667  0.353704  0
17.653333  0.353633  0
17.680000  0.353562  0
17.706667  0.353490  0
17.733333  0.353419  0
17.760000  0.353347  0
17.786667  0.353276  0
17.813333  0.353205  0
17.840000  0.353133  0
17.866667  0.353062  0
17.893333  0.352990  0
17.920000  0.352919  0
17.946667  0.352848  0
17.973333  0.352776  0
18.000000  0.352705  0
18.026667  0.352633  0
18.053333  0.352562  0
18.080000  0.352491  0
18.106667  0.352419  0
18.133333  0.352348  0
18.160000  0.352276  0
18.186667  0.352205  0
18.213333  0.352134  0
18.240000  0.352062  0
18.266667  0.351991  0
18.293333  0.351920  0
18.320000  0.351848  0
18.346667  0.351777  0
18.373333  0.351705  0
18.400000  0.351634  0
18.426667  0.351563  0
18.453333  0.351491  0
18.480000  0.351420  0
18.506667  0.351348  0
18.533333  0.351277  0
18.560000  0.351206  0
18.586667  0.351134  0
18.613333  0.351063  0
18.640000  0.350991  0
18.666667  0.350920  0
18.693333  0.350849  0
18.720000  0.350777  0
18.746667  0.350706  0
18.773333  0.350635  0
18.800000  0.350563  0
18.826667  0.350492  0
18.853333  0.350420  0
18.880000  0.350349  0
18.906667  0.350278  0
18.933333  0.350206  0
18.960000  0.350135  0
18.986667  0.350063  0
19.013333  0.349992  0
19.040000  0.349921  0
19.066667  0.349849  0
19.093333  0.349778  0
19.120000  0.349706  0
19.146667  0.349635  0
19.173333  0.349564  0
19.200000  0.349492  0
19.226667  0.349421  0
19.253333  0.349349  0
19.280000  0.349278  0
19.306667  0.349207  0
19.333333  0.349135  0
19.360000  0.349064  0
19.386667  0.348993  0
19.413333  0.348921  0
19.440000  0.348850  0
19.466667  0.348778  0
19.493333  0.348707  0
19.520000  0.348636  0
19.546667  0.348564  0
19.573333  0.348493  0
19.600000  0.348421  0
19.626667  0.348350  0
19.653333  0.348279  0
19.680000  0.348207  0
19.706667  0.348136  0
19.733333  0.348064  0
19.760000  0.347993  0
19.786667  0.347922  0
19.813333  0.347850  0
19.840000  0.347779  0
19.866667  0.347708  0
19.893333  0.347636  0
19.920000  0.347565  0
19.946667  0.347493  0
19.973333  0.347422  0
20.000000  0.347351  0
20.026667  0.347279  0
20.053333  0.347208  0
20.080000  0.347136  0
20.106667  0.347065  0
20.133333  0.346994  0
20.160000  0.346922  0
20.186667  0.346851  0
20.213333  0.346779  0
20.240000  0.346708  0
20.266667  0.346637  0
20.293333  0.346565  0
20.320000  0.346494  0
20.346667  0.346422  0
20.373333  0.346351  0
20.400000  0.346280  0
20.426667  0.346208  0
20.453333  0.346137  0
20.480000  0.346066  0
20.506667  0.345994  0
20.533333  0.345923  0
20.560000  0.345851  0
20.586667  0.345780  0
20.613333  0.345709  0
20.640000  0.345637  0
20.666667  0.345566  0
20.693333  0.345494  0
20.720000  0.345423  0
20.746667  0.345352  0
20.773333  0.345280  0
20.800000  0.345209  0
20.826667  0.345137  0
20.853333  0.345066  0
20.880000  0.344995  0
20.906667  0.344923  0
20.933333  0.344852  0
20.960000  0.344781  0
20.986667  0.344709  0
21.013333  0.344638  0
21.040000  0.344566  0
21.066667  0.344495  0
21.093333  0.344424  0
21.120000  0.344352  0
21.146667  0.344281  0
21.173333  0.344209  0
21.200000  0.344138  0
21.226667  0.344067  0
21.253333  0.343995  0
21.280000  0.343924  0
21.306667  0.343852  0
21.333333  0.343781  0
21.360000  0.343710  0
21.386667  0.343638  0
21.413333  0.343567  0
21.440000  0.343495  0
21.466667  0.343424  0
21.493333  0.343353  0
21.520000  0.343281  0
21.546667  0.343210  0
21.573333  0.343139  0
21.600000  0.343067  0
21.626667  0.342996  0
21.653333  0.342924  0
21.680000  0.342853  0
21.706667  0.342782  0
21.733333  0.342710  0
21.760000  0.342639  0
21.786667  0.342567  0
21.813333  0.342496  0
21.840000  0.342425  0
21.866667  0.342353  0
21.893333  0.342282  0
21.920000  0.342210  0
21.946667  0.342139  0
21.973333  0.342068  0
22.000000  0.341996  0
22.026667  0.341925  0
22.053333  0.341854  0
22.080000  0.341782  0
22.106667  0.341711  0
22.133333  0.341639  0
22.160000  0.341568  0
22.186667  0.341497  0
22.213333  0.341425  0
22.240000  0.341354  0
22.266667  0.341282  0
22.293333  0.341211  0
22.320000  0.341140  0
22.346667  0.341068  0
22.373333  0.340997  0
22.400000  0.340925  0
22.426667  0.340854  0
22.453333  0.340783  0
22.480000  0.340711  0
22.506667  0.340640  0
22.533333  0.340568  0
22.560000  0.340497  0
22.586667  0.340426  0
22.613333  0.340354  0
22.640000  0.340283  0
22.666667  0.340212  0
22.693333  0.340140  0
22.720000  0.340069  0
22.746667  0.339997  0
22.773333  0.339926  0
22.800000  0.339855  0
22.826667  0.339783  0
22.853333  0.339712  0
22.880000  0.339640  0
22.906667  0.339569  0
22.933333  0.339498  0
22.960000  0.339426  0
22.986667  0.339355  0
23.013333  0.339283  0
23.040000  0.339212  0
23.066667  0.339141  0
23.093333  0.339069  0
23.120000  0.338998  0
23.146667  0.338927  0
23.173333  0.338855  0
23.200000  0.338784  0
23.226667  0.338712  0
23.253333  0.338641  0
23.280000  0.338570  0
23.306667  0.338498  0
23.333333  0.338427  0
23.360000  0.338355  0
23.386667  0.338284  0
23.413333  0.338213  0
23.440000  0.338141  0
23.466667  0.338070  0
23.493333  0.337998  0
23.520000  0.337927  0
23.546667  0.337856  0
23.573333  0.337784  0
23.600000  0.337713  0
23.626667  0.337641  0
23.653333  0.337570  0
23.680000  0.337499  0
23.706667  0.337427  0
23.733333  0.337356  0
23.760000  0.337285  0
23.786667  0.337213  0
23.813333  0.337142  0
23.840000  0.337070  0
23.866667  0.336999  0
23.893333  0.336928  0
23.920000  0.336856  0
23.946667  0.336785  0
23.973333  0.336713  0
24.000000  0.336642  0
24.026667  0.336571  0
24.053333  0.336499  0
24.080000  0.336428  0
24.106667  0.336356  0
24.133333  0.336285  0
24.160000  0.336214  0
24.186667  0.336142  0
24.213333  0.336071  0
24.240000  0.336000  0
24.266667  0.335928  0
24.293333  0.335857  0
24.320000  0.335785  0
24.346667  0.335714  0
24.373333  0.335643  0
24.400000  0.335571  0
24.426667  0.335500  0
24.453333  0.335428  0
24.480000  0.335357  0
24.506667  0.335286  0
24.533333  0.335214  0
24.560000  0.335143  0
24.586667  0.335071  0
24.613333  0.335000  0
24.640000  0.334929  0
24.666667  0.334857  0
24.693333  0.334786  0
24.720000  0.334714  0
24.746667  0.334643  0
24.773333  0.334572  0
24.800000  0.334500  0
24.826667  0.334429  0
24.853333  0.334358  0
24.880000  0.334286  0
24.906667  0.334215  0
24.933333  0.334143  0
24.960000  0.334072  0
24.986667  0.334001  0
25.013333  0.333929  0
25.040000  0.333858  0
25.066667  0.333786  0
25.093333  0.333715  0
25.120000  0.333644  0
25.146667  0.333572  0
25.173333  0.333501  0
25.200000  0.333430  0
25.226667  0.333358  0
25.253333  0.333289  0
25.280000  0.333224  0
25.306667  0.333171  0
25.333333  0.333141  0
