2.933333  0.789442  0
2.960000  0.788383  0
2.986667  0.786643  0
3.013333  0.784620  0
3.040000  0.782525  0
3.066667  0.780417  0
3.093333  0.778308  0
3.120000  0.776199  0
3.146667  0.774089  0
3.173333  0.771980  0
3.200000  0.769871  0
3.226667  0.767762  0
3.253333  0.765653  0
3.280000  0.763544  0
3.306667  0.761435  0
3.333333  0.759326  0
3.360000  0.757217  0
3.386667  0.755107  0
3.413333  0.752998  0
3.440000  0.750889  0
3.466667  0.748780  0
3.493333  0.746671  0
3.520000  0.744562  0
3.546667  0.742453  0
3.573333  0.740344  0
3.600000  0.738234  0
3.626667  0.736125  0
3.653333  0.734016  0
3.680000  0.731907  0
3.706667  0.729798  0
3.733333  0.727689  0
3.760000  0.725580  0
3.786667  0.723471  0
3.813333  0.721361  0
3.840000  0.719252  0
3.866667  0.717143  0
3.893333  0.715034  0
3.920000  0.712925  0
3.946667  0.710816  0
3.973333  0.708707  0
4.000000  0.706598  0
4.026667  0.704489  0
4.053333  0.702377  0
4.080000  0.700255  0
4.106667  0.698094  0
4.133333  0.695854  0
4.160000  0.693524  0
4.186667  0.691157  0
4.213333  0.688827  0
4.240000  0.686573  0
4.266667  0.684393  0
4.293333  0.682277  0
4.320000  0.680218  0
4.346667  0.678220  0
4.373333  0.676287  0
4.400000  0.674427  0
4.426667  0.672641  0
4.453333  0.670926  0
4.480000  0.669272  0
4.506667  0.667661  0
4.533333  0.666073  0
4.560000  0.664485  0
4.586667  0.662873  0
4.613333  0.661217  0
4.640000  0.659499  0
4.666667  0.657704  0
4.693333  0.655822  0
4.720000  0.653844  0
4.746667  0.651768  0
4.773333  0.649593  0
4.800000  0.647321  0
4.826667  0.644959  0
4.853333  0.642518  0
4.880000  0.640011  0
4.906667  0.637458  0
4.933333  0.634882  0
4.960000  0.632309  0
4.986667  0.629771  0
5.013333  0.627301  0
5.040000  0.624933  0
5.066667  0.622693  0
5.093333  0.620580  0
5.120000  0.618550  0
5.146667  0.616551  0
5.173333  0.614557  0
5.200000  0.612563  0
5.226667  0.610570  0
5.253333  0.608577  0
5.280000  0.606583  0
5.306667  0.604590  0
5.333333  0.602597  0
5.360000  0.600603  0
5.386667  0.598610  0
5.413333  0.596617  0
5.440000  0.594623  0
5.466667  0.592630  0
5.493333  0.590636  0
5.520000  0.588640  0
5.546667  0.586613  0
5.573333  0.584433  0
5.600000  0.581958  0
5.626667  0.579231  0
5.653333  0.576404  0
5.680000  0.573558  0
5.706667  0.570711  0
5.733333  0.567864  0
5.760000  0.565017  0
5.786667  0.562170  0
5.813333  0.559323  0
5.840000  0.556476  0
5.866667  0.553630  0
5.893333  0.550783  0
5.920000  0.547936  0
5.946667  0.545089  0
5.973333  0.542242  0
6.000000  0.539395  0
6.026667  0.536549  0
6.053333  0.533719  0
6.080000  0.530999  0
6.106667  0.528620  0
6.133333  0.526718  0
6.160000  0.525085  0
6.186667  0.523510  0
6.213333  0.521940  0
6.240000  0.520370  0
6.266667  0.518800  0
6.293333  0.517230  0
6.320000  0.515660  0
6.346667  0.514090  0
6.373333  0.512520  0
6.400000  0.510953  0
6.426667  0.509419  0
6.453333  0.508039  0
6.480000  0.506921  0
6.506667  0.505976  0
6.533333  0.505080  0
6.560000  0.504190  0
6.586667  0.503301  0
6.613333  0.502411  0
6.640000  0.501521  0
6.666667  0.500632  0
6.693333  0.499742  0
6.720000  0.498852  0
6.746667  0.497963  0
6.773333  0.497073  0
6.800000  0.496183  0
6.826667  0.495294  0
6.853333  0.494404  0
6.880000  0.493514  0
6.906667  0.492625  0
6.933333  0.491735  0
6.960000  0.490845  0
6.986667  0.489956  0
7.013333  0.489068  0
7.040000  0.488202  0
7.066667  0.487446  0
7.093333  0.486926  0
7.120000  0.486638  0
7.146667  0.486456  0
7.173333  0.486294  0
7.200000  0.486133  0
7.226667  0.485973  0
7.253333  0.485813  0
7.280000  0.485653  0
7.306667  0.485492  0
7.333333  0.485332  0
7.360000  0.485172  0
7.386667  0.485011  0
7.413333  0.484851  0
7.440000  0.484691  0
7.466667  0.484530  0
7.493333  0.484370  0
7.520000  0.484210  0
7.546667  0.484050  0
7.573333  0.483889  0
7.600000  0.483729  0
7.626667  0.483569  0
7.653333  0.483408  0
7.680000  0.483248  0
7.706667  0.483088  0
7.733333  0.482927  0
7.760000  0.482767  0
7.786667  0.482603  0
7.813333  0.482397  0
7.840000  0.481986  0
7.866667  0.481182  0
7.893333  0.480043  0
7.920000  0.478771  0
7.946667  0.477475  0
7.973333  0.476178  0
8.000000  0.474881  0
8.026667  0.473583  0
8.053333  0.472286  0
8.080000  0.470988  0
8.106667  0.469691  0
8.133333  0.468393  0
8.160000  0.467096  0
8.186667  0.465799  0
8.213333  0.464501  0
8.240000  0.463204  0
8.266667  0.461906  0
8.293333  0.460609  0
8.320000  0.459311  0
8.346667  0.458014  0
8.373333  0.456717  0
8.400000  0.455419  0
8.426667  0.454122  0
8.453333  0.452823  0
8.480000  0.451514  0
8.506667  0.450154  0
8.533333  0.448697  0
8.560000  0.447161  0
8.586667  0.445597  0
8.613333  0.444027  0
8.640000  0.442457  0
8.666667  0.440887  0
8.693333  0.439317  0
8.720000  0.437747  0
8.746667  0.436177  0
8.773333  0.434607  0
8.800000  0.433039  0
8.826667  0.431492  0
8.853333  0.430054  0
8.880000  0.428860  0
8.906667  0.427922  0
8.933333  0.427105  0
8.960000  0.426312  0
8.986667  0.425521  0
9.013333  0.424730  0
9.040000  0.423939  0
9.066667  0.423148  0
9.093333  0.422357  0
9.120000  0.421567  0
9.146667  0.420776  0
9.173333  0.419985  0
9.200000  0.419194  0
9.226667  0.418403  0
9.253333  0.417612  0
9.280000  0.416822  0
9.306667  0.416031  0
9.333333  0.415239  0
9.360000  0.414444  0
9.386667  0.413657  0
9.413333  0.412901  0
9.440000  0.412189  0
9.466667  0.411519  0
9.493333  0.410885  0
9.520000  0.410283  0
9.546667  0.409709  0
9.573333  0.409162  0
9.600000  0.408640  0
9.626667  0.408142  0
9.653333  0.407667  0
9.680000  0.407216  0
9.706667  0.406790  0
9.733333  0.406389  0
9.760000  0.406016  0
9.786667  0.405671  0
9.813333  0.405358  0
9.840000  0.405080  0
9.866667  0.404841  0
9.893333  0.404644  0
9.920000  0.404495  0
9.946667  0.404395  0
9.973333  0.404348  0
10.000000  0.404351  0
10.026667  0.404400  0
10.053333  0.404488  0
10.080000  0.404603  0
10.106667  0.404731  0
10.133333  0.404858  0
10.160000  0.404969  0
10.186667  0.405049  0
10.213333  0.405088  0
10.240000  0.405077  0
10.266667  0.405011  0
10.293333  0.404887  0
10.320000  0.404703  0
10.346667  0.404458  0
10.373333  0.404152  0
10.400000  0.403787  0
10.426667  0.403363  0
10.453333  0.402884  0
10.480000  0.402353  0
10.506667  0.401776  0
10.533333  0.401160  0
10.560000  0.400515  0
10.586667  0.399852  0
10.613333  0.399179  0
10.640000  0.398507  0
10.666667  0.397846  0
10.693333  0.397202  0
10.720000  0.396580  0
10.746667  0.395986  0
10.773333  0.395419  0
10.800000  0.394881  0
10.826667  0.394371  0
10.853333  0.393886  0
10.880000  0.393424  0
10.906667  0.392984  0
10.933333  0.392562  0
10.960000  0.392157  0
10.986667  0.391768  0
11.013333  0.391393  0
11.040000  0.391029  0
11.066667  0.390675  0
11.093333  0.390329  0
11.120000  0.389988  0
11.146667  0.389650  0
11.173333  0.389313  0
11.200000  0.388977  0
11.226667  0.388639  0
11.253333  0.388301  0
11.280000  0.387962  0
11.306667  0.387624  0
11.333333  0.387288  0
11.360000  0.386956  0
11.386667  0.386629  0
11.413333  0.386310  0
11.440000  0.385999  0
11.466667  0.385698  0
11.493333  0.385409  0
11.520000  0.385130  0
11.546667  0.384863  0
11.573333  0.384607  0
11.600000  0.384362  0
11.626667  0.384128  0
11.653333  0.383903  0
11.680000  0.383684  0
11.706667  0.383467  0
11.733333  0.383247  0
11.760000  0.383020  0
11.786667  0.382782  0
11.813333  0.382528  0
11.840000  0.382258  0
11.866667  0.381971  0
11.893333  0.381672  0
11.920000  0.381364  0
11.946667  0.381055  0
11.973333  0.380753  0
12.000000  0.380464  0
12.026667  0.380195  0
12.053333  0.379949  0
12.080000  0.379730  0
12.106667  0.379536  0
12.133333  0.379365  0
12.160000  0.379216  0
12.186667  0.379083  0
12.213333  0.378964  0
12.240000  0.378857  0
12.266667  0.378759  0
12.293333  0.378671  0
12.320000  0.378594  0
12.346667  0.378528  0
12.373333  0.378474  0
12.400000  0.378433  0
12.426667  0.378403  0
12.453333  0.378382  0
12.480000  0.378366  0
12.506667  0.378351  0
12.533333  0.378330  0
12.560000  0.378284  0
12.586667  0.378197  0
12.613333  0.378084  0
12.640000  0.377965  0
12.666667  0.377845  0
12.693333  0.377726  0
12.720000  0.377606  0
12.746667  0.377487  0
12.773333  0.377367  0
12.800000  0.377248  0
12.826667  0.377128  0
12.853333  0.377009  0
12.880000  0.376889  0
12.906667  0.376770  0
12.933333  0.376650  0
12.960000  0.376531  0
12.986667  0.376411  0
13.013333  0.376292  0
13.040000  0.376172  0
13.066667  0.376053  0
13.093333  0.375934  0
13.120000  0.375814  0
13.146667  0.375695  0
13.173333  0.375575  0
13.200000  0.375456  0
13.226667  0.375336  0
13.253333  0.375217  0
13.280000  0.375097  0
13.306667  0.374978  0
13.333333  0.374858  0
13.360000  0.374739  0
13.386667  0.374619  0
13.413333  0.374500  0
13.440000  0.374380  0
13.466667  0.374261  0
13.493333  0.374141  0
13.520000  0.374022  0
13.546667  0.373902  0
13.573333  0.373783  0
13.600000  0.373664  0
13.626667  0.373544  0
13.653333  0.373425  0
13.680000  0.373305  0
13.706667  0.373186  0
13.733333  0.373066  0
13.760000  0.372947  0
13.786667  0.372827  0
13.813333  0.372708  0
13.840000  0.372588  0
13.866667  0.372469  0
13.893333  0.372349  0
13.920000  0.372230  0
13.946667  0.372110  0
13.973333  0.371991  0
14.000000  0.371871  0
14.026667  0.371752  0
14.053333  0.371633  0
14.080000  0.371513  0
14.106667  0.371394  0
14.133333  0.371274  0
14.160000  0.371155  0
14.186667  0.371035  0
14.213333  0.370916  0
14.240000  0.370796  0
14.266667  0.370677  0
14.293333  0.370557  0
14.320000  0.370438  0
14.346667  0.370318  0
14.373333  0.370199  0
14.400000  0.370079  0
14.426667  0.369960  0
14.453333  0.369840  0
14.480000  0.369721  0
14.506667  0.369602  0
14.533333  0.369482  0
14.560000  0.369363  0
14.586667  0.369243  0
14.613333  0.369124  0
14.640000  0.369004  0
14.666667  0.368885  0
14.693333  0.368765  0
14.720000  0.368646  0
14.746667  0.368526  0
14.773333  0.368407  0
14.800000  0.368287  0
14.826667  0.368168  0
14.853333  0.368048  0
14.880000  0.367929  0
14.906667  0.367809  0
14.933333  0.367690  0
14.960000  0.367571  0
14.986667  0.367451  0
15.013333  0.367332  0
15.040000  0.367212  0
15.066667  0.367093  0
15.093333  0.366973  0
15.120000  0.366854  0
15.146667  0.366734  0
15.173333  0.366615  0
15.200000  0.366495  0
15.226667  0.366376  0
15.253333  0.366256  0
15.280000  0.366137  0
15.306667  0.366017  0
15.333333  0.365898  0
15.360000  0.365778  0
15.386667  0.365659  0
15.413333  0.365540  0
15.440000  0.365420  0
15.466667  0.365301  0
15.493333  0.365181  0
15.520000  0.365062  0
15.546667  0.364942  0
15.573333  0.364823  0
15.600000  0.364703  0
15.626667  0.364584  0
15.653333  0.364464  0
15.680000  0.364345  0
15.706667  0.364225  0
15.733333  0.364106  0
15.760000  0.363986  0
15.786667  0.363867  0
15.813333  0.363747  0
15.840000  0.363628  0
15.866667  0.363509  0
15.893333  0.363389  0
15.920000  0.363270  0
15.946667  0.363150  0
15.973333  0.363031  0
16.000000  0.362911  0
16.026667  0.362792  0
16.053333  0.362672  0
16.080000  0.362553  0
16.106667  0.362433  0
16.133333  0.362314  0
16.160000  0.362194  0
16.186667  0.362075  0
16.213333  0.361955  0
16.240000  0.361836  0
16.266667  0.361716  0
16.293333  0.361597  0
16.320000  0.361477  0
16.346667  0.361358  0
16.373333  0.361239  0
16.400000  0.361119  0
16.426667  0.361000  0
16.453333  0.360880  0
16.480000  0.360761  0
16.506667  0.360641  0
16.533333  0.360522  0
16.560000  0.360402  0
16.586667  0.360283  0
16.613333  0.360163  0
16.640000  0.360044  0
16.666667  0.359924  0
16.693333  0.359805  0
16.720000  0.359685  0
16.746667  0.359566  0
16.773333  0.359446  0
16.800000  0.359327  0
16.826667  0.359208  0
16.853333  0.359088  0
16.880000  0.358969  0
16.906667  0.358849  0
16.933333  0.358730  0
16.960000  0.358610  0
16.986667  0.358491  0
17.013333  0.358371  0
17.040000  0.358252  0
17.066667  0.358132  0
17.093333  0.358013  0
17.120000  0.357893  0
17.146667  0.357774  0
17.173333  0.357654  0
17.200000  0.357535  0
17.226667  0.357415  0
17.253333  0.357296  0
17.280000  0.357177  0
17.306667  0.357057  0
17.333333  0.356938  0
17.360000  0.356818  0
17.386667  0.356699  0
17.413333  0.356579  0
17.440000  0.356460  0
17.466667  0.356340  0
17.493333  0.356221  0
17.520000  0.356101  0
17.546667  0.355982  0
17.573333  0.355862  0
17.600000  0.355743  0
17.626667  0.355623  0
17.653333  0.355504  0
17.680000  0.355384  0
17.706667  0.355265  0
17.733333  0.355146  0
17.760000  0.355026  0
17.786667  0.354907  0
17.813333  0.354787  0
17.840000  0.354668  0
17.866667  0.354548  0
17.893333  0.354429  0
17.920000  0.354309  0
17.946667  0.354190  0
17.973333  0.354070  0
18.000000  0.353951  0
18.026667  0.353831  0
18.053333  0.353712  0
18.080000  0.353592  0
18.106667  0.353473  0
18.133333  0.353353  0
18.160000  0.353234  0
18.186667  0.353115  0
18.213333  0.352995  0
18.240000  0.352876  0
18.266667  0.352756  0
18.293333  0.352637  0
18.320000  0.352517  0
18.346667  0.352398  0
18.373333  0.352278  0
18.400000  0.352159  0
18.426667  0.352039  0
18.453333  0.351920  0
18.480000  0.351800  0
18.506667  0.351681  0
18.533333  0.351561  0
18.560000  0.351442  0
18.586667  0.351322  0
18.613333  0.351203  0
18.640000  0.351083  0
18.666667  0.350964  0
18.693333  0.350845  0
18.720000  0.350725  0
18.746667  0.350606  0
18.773333  0.350486  0
18.800000  0.350367  0
18.826667  0.350247  0
18.853333  0.350128  0
18.880000  0.350008  0
18.906667  0.349889  0
18.933333  0.349769  0
18.960000  0.349650  0
18.986667  0.349530  0
19.013333  0.349411  0
19.040000  0.349291  0
19.066667  0.349172  0
19.093333  0.349052  0
19.120000  0.348933  0
19.146667  0.348814  0
19.173333  0.348694  0
19.200000  0.348575  0
19.226667  0.348455  0
19.253333  0.348336  0
19.280000  0.348216  0
19.306667  0.348097  0
19.333333  0.347977  0
19.360000  0.347858  0
19.386667  0.347738  0
19.413333  0.347619  0
19.440000  0.347499  0
19.466667  0.347380  0
19.493333  0.347260  0
19.520000  0.347141  0
19.546667  0.347021  0
19.573333  0.346902  0
19.600000  0.346783  0
19.626667  0.346663  0
19.653333  0.346544  0
19.680000  0.346424  0
19.706667  0.346305  0
19.733333  0.346185  0
19.760000  0.346066  0
19.786667  0.345946  0
19.813333  0.345827  0
19.840000  0.345707  0
19.866667  0.345588  0
19.893333  0.345468  0
19.920000  0.345349  0
19.946667  0.345229  0
19.973333  0.345110  0
20.000000  0.344990  0
20.026667  0.344871  0
20.053333  0.344752  0
20.080000  0.344632  0
20.106667  0.344513  0
20.133333  0.344401  0
20.160000  0.344325  0
