2.746667  0.943327  0
2.773333  0.938204  0
2.800000  0.933081  0
2.826667  0.927958  0
2.853333  0.922835  0
2.880000  0.917712  0
2.906667  0.912590  0
2.933333  0.907467  0
2.960000  0.902344  0
2.986667  0.897221  0
3.013333  0.892098  0
3.040000  0.886975  0
3.066667  0.881853  0
3.093333  0.876730  0
3.120000  0.871607  0
3.146667  0.866484  0
3.173333  0.861361  0
3.200000  0.856238  0
3.226667  0.851116  0
3.253333  0.845993  0
3.280000  0.840870  0
3.306667  0.835747  0
3.333333  0.830624  0
3.360000  0.825501  0
3.386667  0.820378  0
3.413333  0.815256  0
3.440000  0.810133  0
3.466667  0.805010  0
3.493333  0.799887  0
3.520000  0.794764  0
3.546667  0.789641  0
3.573333  0.784519  0
3.600000  0.779396  0
3.626667  0.774273  0
3.653333  0.769150  0
3.680000  0.764027  0
3.706667  0.758904  0
3.733333  0.753782  0
3.760000  0.748659  0
3.786667  0.743536  0
3.813333  0.738413  0
3.840000  0.733290  0
3.866667  0.728167  0
3.893333  0.723045  0
3.920000  0.717922  0
3.946667  0.712799  0
3.973333  0.707676  0
4.000000  0.702553  0
4.026667  0.697430  0
4.053333  0.692308  0
4.080000  0.687185  0
4.106667  0.682062  0
4.133333  0.676939  0
4.160000  0.671816  0
4.186667  0.666693  0
4.213333  0.661571  0
4.240000  0.656448  0
4.266667  0.651325  0
4.293333  0.646202  0
4.320000  0.641079  0
4.346667  0.635956  0
4.373333  0.631369  0
4.400000  0.626712  0
4.426667  0.621951  0
4.453333  0.617050  0
4.480000  0.611979  0
4.506667  0.606725  0
4.533333  0.601298  0
4.560000  0.595731  0
4.586667  0.590080  0
4.613333  0.584416  0
4.640000  0.578824  0
4.666667  0.573391  0
4.693333  0.568204  0
4.720000  0.563341  0
4.746667  0.558869  0
4.773333  0.554842  0
4.800000  0.551296  0
4.826667  0.548248  0
4.853333  0.545695  0
4.880000  0.543611  0
4.906667  0.541950  0
4.933333  0.540649  0
4.960000  0.539629  0
4.986667  0.538809  0
5.013333  0.538107  0
5.040000  0.537450  0
5.066667  0.536785  0
5.093333  0.536076  0
5.120000  0.535313  0
5.146667  0.534503  0
5.173333  0.533668  0
5.200000  0.532837  0
5.226667  0.532040  0
5.253333  0.531301  0
5.280000  0.530630  0
5.306667  0.530028  0
5.333333  0.529481  0
5.360000  0.528966  0
5.386667  0.528454  0
5.413333  0.527912  0
5.440000  0.527311  0
5.466667  0.526629  0
5.493333  0.525854  0
5.520000  0.524984  0
5.546667  0.524032  0
5.573333  0.523011  0
5.600000  0.521941  0
5.626667  0.520829  0
5.653333  0.519674  0
5.680000  0.518457  0
5.706667  0.517143  0
5.733333  0.515685  0
5.760000  0.514030  0
5.786667  0.512128  0
5.813333  0.509939  0
5.840000  0.507438  0
5.866667  0.504622  0
5.893333  0.501510  0
5.920000  0.498136  0
5.946667  0.494555  0
5.973333  0.490831  0
6.000000  0.487035  0
6.026667  0.483242  0
6.053333  0.479525  0
6.080000  0.475951  0
6.106667  0.472579  0
6.133333  0.469457  0
6.160000  0.466620  0
6.186667  0.464086  0
6.213333  0.461860  0
6.240000  0.459932  0
6.266667  0.458279  0
6.293333  0.456869  0
6.320000  0.455665  0
6.346667  0.454623  0
6.373333  0.453704  0
6.400000  0.452871  0
6.426667  0.452094  0
6.453333  0.451351  0
6.480000  0.450628  0
6.506667  0.449916  0
6.533333  0.449214  0
6.560000  0.448523  0
6.586667  0.447848  0
6.613333  0.447193  0
6.640000  0.446560  0
6.666667  0.445952  0
6.693333  0.445371  0
6.720000  0.444818  0
6.746667  0.444289  0
6.773333  0.443784  0
6.800000  0.443294  0
6.826667  0.442810  0
6.853333  0.442320  0
6.880000  0.441806  0
6.906667  0.441253  0
6.933333  0.440647  0
6.960000  0.439978  0
6.986667  0.439245  0
7.013333  0.438453  0
7.040000  0.437617  0
7.066667  0.436758  0
7.093333  0.435897  0
7.120000  0.435055  0
7.146667  0.434251  0
7.173333  0.433495  0
7.200000  0.432791  0
7.226667  0.432140  0
7.253333  0.431535  0
7.280000  0.430969  0
7.306667  0.430432  0
7.333333  0.429916  0
7.360000  0.429412  0
7.386667  0.428912  0
7.413333  0.428413  0
7.440000  0.427909  0
7.466667  0.427400  0
7.493333  0.426886  0
7.520000  0.426366  0
7.546667  0.425844  0
7.573333  0.425320  0
7.600000  0.424796  0
7.626667  0.424273  0
7.653333  0.423749  0
7.680000  0.423225  0
7.706667  0.422700  0
7.733333  0.422174  0
7.760000  0.421648  0
7.786667  0.421122  0
7.813333  0.420600  0
7.840000  0.420082  0
7.866667  0.419571  0
7.893333  0.419067  0
7.920000  0.418570  0
7.946667  0.418081  0
7.973333  0.417599  0
8.000000  0.417124  0
8.026667  0.416659  0
8.053333  0.416205  0
8.080000  0.415766  0
8.106667  0.415344  0
8.133333  0.414942  0
8.160000  0.414561  0
8.186667  0.414199  0
8.213333  0.413855  0
8.240000  0.413526  0
8.266667  0.413209  0
8.293333  0.412905  0
8.320000  0.412613  0
8.346667  0.412334  0
8.373333  0.412072  0
8.400000  0.411829  0
8.426667  0.411607  0
8.453333  0.411406  0
8.480000  0.411226  0
8.506667  0.411064  0
8.533333  0.410915  0
8.560000  0.410773  0
8.586667  0.410634  0
8.613333  0.410490  0
8.640000  0.410336  0
8.666667  0.410170  0
8.693333  0.409989  0
8.720000  0.409793  0
8.746667  0.409584  0
8.773333  0.409366  0
8.800000  0.409144  0
8.826667  0.408923  0
8.853333  0.408712  0
8.880000  0.408513  0
8.906667  0.408330  0
8.933333  0.408164  0
8.960000  0.408014  0
8.986667  0.407876  0
9.013333  0.407745  0
9.040000  0.407615  0
9.066667  0.407481  0
9.093333  0.407337  0
9.120000  0.407177  0
9.146667  0.406997  0
9.173333  0.406796  0
9.200000  0.406572  0
9.226667  0.406325  0
9.253333  0.406060  0
9.280000  0.405781  0
9.306667  0.405495  0
9.333333  0.405208  0
9.360000  0.404928  0
9.386667  0.404660  0
9.413333  0.404405  0
9.440000  0.404163  0
9.466667  0.403932  0
9.493333  0.403704  0
9.520000  0.403475  0
9.546667  0.403238  0
9.573333  0.402989  0
9.600000  0.402727  0
9.626667  0.402455  0
9.653333  0.402176  0
9.680000  0.401899  0
9.706667  0.401631  0
9.733333  0.401376  0
9.760000  0.401139  0
9.786667  0.400919  0
9.813333  0.400714  0
9.840000  0.400516  0
9.866667  0.400321  0
9.893333  0.400120  0
9.920000  0.399908  0
9.946667  0.399682  0
9.973333  0.399441  0
10.000000  0.399188  0
10.026667  0.398924  0
10.053333  0.398654  0
10.080000  0.398381  0
10.106667  0.398107  0
10.133333  0.397834  0
10.160000  0.397563  0
10.186667  0.397295  0
10.213333  0.397028  0
10.240000  0.396765  0
10.266667  0.396506  0
10.293333  0.396254  0
10.320000  0.396008  0
10.346667  0.395769  0
10.373333  0.395536  0
10.400000  0.395307  0
10.426667  0.395078  0
10.453333  0.394846  0
10.480000  0.394607  0
10.506667  0.394360  0
10.533333  0.394103  0
10.560000  0.393837  0
10.586667  0.393566  0
10.613333  0.393293  0
10.640000  0.393023  0
10.666667  0.392762  0
10.693333  0.392516  0
10.720000  0.392289  0
10.746667  0.392084  0
10.773333  0.391902  0
10.800000  0.391741  0
10.826667  0.391596  0
10.853333  0.391462  0
10.880000  0.391330  0
10.906667  0.391191  0
10.933333  0.391034  0
10.960000  0.390851  0
10.986667  0.390634  0
11.013333  0.390377  0
11.040000  0.390078  0
11.066667  0.389740  0
11.093333  0.389366  0
11.120000  0.388963  0
11.146667  0.388542  0
11.173333  0.388109  0
11.200000  0.387675  0
11.226667  0.387244  0
11.253333  0.386823  0
11.280000  0.386414  0
11.306667  0.386017  0
11.333333  0.385632  0
11.360000  0.385256  0
11.386667  0.384887  0
11.413333  0.384522  0
11.440000  0.384162  0
11.466667  0.383804  0
11.493333  0.383450  0
11.520000  0.383101  0
11.546667  0.382758  0
11.573333  0.382420  0
11.600000  0.382086  0
11.626667  0.381753  0
11.653333  0.381419  0
11.680000  0.381080  0
11.706667  0.380735  0
11.733333  0.380386  0
11.760000  0.380036  0
11.786667  0.379693  0
11.813333  0.379364  0
11.840000  0.379058  0
11.866667  0.378779  0
11.893333  0.378532  0
11.920000  0.378315  0
11.946667  0.378124  0
11.973333  0.377953  0
12.000000  0.377794  0
12.026667  0.377640  0
12.053333  0.377483  0
12.080000  0.377320  0
12.106667  0.377146  0
12.133333  0.376960  0
12.160000  0.376762  0
12.186667  0.376555  0
12.213333  0.376340  0
12.240000  0.376119  0
12.266667  0.375896  0
12.293333  0.375673  0
12.320000  0.375450  0
12.346667  0.375228  0
12.373333  0.375006  0
12.400000  0.374782  0
12.426667  0.374552  0
12.453333  0.374316  0
12.480000  0.374069  0
12.506667  0.373810  0
12.533333  0.373538  0
12.560000  0.373253  0
12.586667  0.372957  0
12.613333  0.372650  0
12.640000  0.372335  0
12.666667  0.372015  0
12.693333  0.371693  0
12.720000  0.371372  0
12.746667  0.371055  0
12.773333  0.370745  0
12.800000  0.370447  0
12.826667  0.370165  0
12.853333  0.369902  0
12.880000  0.369662  0
12.906667  0.369444  0
12.933333  0.369246  0
12.960000  0.369065  0
12.986667  0.368893  0
13.013333  0.368725  0
13.040000  0.368551  0
13.066667  0.368367  0
13.093333  0.368169  0
13.120000  0.367956  0
13.146667  0.367731  0
13.173333  0.367496  0
13.200000  0.367257  0
13.226667  0.367019  0
13.253333  0.366787  0
13.280000  0.366567  0
13.306667  0.366364  0
13.333333  0.366180  0
13.360000  0.366019  0
13.386667  0.365882  0
13.413333  0.365768  0
13.440000  0.365674  0
13.466667  0.365595  0
13.493333  0.365525  0
13.520000  0.365459  0
13.546667  0.365392  0
13.573333  0.365319  0
13.600000  0.365240  0
13.626667  0.365153  0
13.653333  0.365059  0
13.680000  0.364958  0
13.706667  0.364849  0
13.733333  0.364729  0
13.760000  0.364597  0
13.786667  0.364448  0
13.813333  0.364281  0
13.840000  0.364095  0
13.866667  0.363889  0
13.893333  0.363667  0
13.920000  0.363432  0
13.946667  0.363188  0
13.973333  0.362939  0
14.000000  0.362687  0
14.026667  0.362434  0
14.053333  0.362178  0
14.080000  0.361919  0
14.106667  0.361658  0
14.133333  0.361395  0
14.160000  0.361139  0
14.186667  0.360900  0
14.213333  0.360691  0
14.240000  0.360529  0
14.266667  0.360430  0
14.293333  0.360403  0
14.320000  0.360453  0
14.346667  0.360574  0
14.373333  0.360752  0
14.400000  0.360964  0
14.426667  0.361184  0
14.453333  0.361387  0
14.480000  0.361553  0
14.506667  0.361667  0
14.533333  0.361728  0
14.560000  0.361741  0
14.586667  0.361716  0
14.613333  0.361670  0
14.640000  0.361615  0
14.666667  0.361563  0
14.693333  0.361518  0
14.720000  0.361481  0
14.746667  0.361447  0
14.773333  0.361410  0
14.800000  0.361364  0
14.826667  0.361304  0
14.853333  0.361232  0
14.880000  0.361150  0
14.906667  0.361067  0
14.933333  0.360992  0
14.960000  0.360935  0
14.986667  0.360904  0
15.013333  0.360781  0
15.040000  0.360658  0
15.066667  0.360535  0
15.093333  0.360412  0
15.120000  0.360289  0
15.146667  0.360165  0
15.173333  0.360042  0
15.200000  0.359919  0
15.226667  0.359796  0
15.253333  0.359673  0
15.280000  0.359550  0
15.306667  0.359427  0
15.333333  0.359304  0
15.360000  0.359181  0
15.386667  0.359058  0
15.413333  0.358934  0
15.440000  0.358811  0
15.466667  0.358688  0
15.493333  0.358565  0
15.520000  0.358442  0
15.546667  0.358319  0
15.573333  0.358196  0
15.600000  0.358073  0
15.626667  0.357950  0
15.653333  0.357826  0
15.680000  0.357703  0
15.706667  0.357580  0
15.733333  0.357457  0
15.760000  0.357334  0
15.786667  0.357211  0
15.813333  0.357088  0
15.840000  0.356965  0
15.866667  0.356842  0
15.893333  0.356718  0
15.920000  0.356595  0
15.946667  0.356472  0
15.973333  0.356349  0
16.000000  0.356226  0
16.026667  0.356103  0
16.053333  0.355980  0
16.080000  0.355857  0
16.106667  0.355734  0
16.133333  0.355611  0
16.160000  0.355487  0
16.186667  0.355364  0
16.213333  0.355241  0
16.240000  0.355118  0
16.266667  0.354995  0
16.293333  0.354872  0
16.320000  0.354749  0
16.346667  0.354626  0
16.373333  0.354503  0
16.400000  0.354379  0
16.426667  0.354256  0
16.453333  0.354133  0
16.480000  0.354010  0
16.506667  0.353887  0
16.533333  0.353764  0
16.560000  0.353641  0
16.586667  0.353518  0
16.613333  0.353395  0
16.640000  0.353272  0
16.666667  0.353148  0
16.693333  0.353025  0
16.720000  0.352902  0
16.746667  0.352779  0
16.773333  0.352656  0
16.800000  0.352533  0
16.826667  0.352410  0
16.853333  0.352287  0
16.880000  0.352164  0
16.906667  0.352040  0
16.933333  0.351917  0
16.960000  0.351794  0
16.986667  0.351671  0
17.013333  0.351548  0
17.040000  0.351425  0
17.066667  0.351302  0
17.093333  0.351179  0
17.120000  0.351056  0
17.146667  0.350932  0
17.173333  0.350809  0
17.200000  0.350686  0
17.226667  0.350563  0
17.253333  0.350440  0
17.280000  0.350317  0
17.306667  0.350194  0
17.333333  0.350071  0
17.360000  0.349948  0
17.386667  0.349825  0
17.413333  0.349701  0
17.440000  0.349578  0
17.466667  0.349455  0
17.493333  0.349332  0
17.520000  0.349209  0
17.546667  0.349086  0
17.573333  0.348963  0
17.600000  0.348840  0
17.626667  0.348717  0
17.653333  0.348593  0
17.680000  0.348470  0
17.706667  0.348347  0
17.733333  0.348224  0
17.760000  0.348101  0
17.786667  0.347978  0
17.813333  0.347855  0
17.840000  0.347732  0
17.866667  0.347609  0
17.893333  0.347486  0
17.920000  0.347362  0
17.946667  0.347239  0
17.973333  0.347116  0
18.000000  0.346993  0
18.026667  0.346870  0
18.053333  0.346747  0
18.080000  0.346624  0
18.106667  0.346501  0
18.133333  0.346378  0
18.160000  0.346254  0
18.186667  0.346131  0
18.213333  0.346008  0
18.240000  0.345885  0
18.266667  0.345762  0
18.293333  0.345639  0
18.320000  0.345516  0
18.346667  0.345393  0
18.373333  0.345270  0
18.400000  0.345146  0
18.426667  0.345023  0
18.453333  0.344900  0
18.480000  0.344777  0
18.506667  0.344654  0
18.533333  0.344531  0
18.560000  0.344408  0
18.586667  0.344285  0
18.613333  0.344162  0
18.640000  0.344039  0
18.666667  0.343915  0
18.693333  0.343792  0
18.720000  0.343669  0
18.746667  0.343546  0
18.773333  0.343423  0
18.800000  0.343300  0
18.826667  0.343177  0
18.853333  0.343054  0
18.880000  0.342931  0
18.906667  0.342807  0
18.933333  0.342684  0
18.960000  0.342561  0
18.986667  0.342438  0
19.013333  0.342315  0
19.040000  0.342192  0
19.066667  0.342069  0
19.093333  0.341946  0
19.120000  0.341823  0
19.146667  0.341700  0
19.173333  0.341576  0
19.200000  0.341453  0
19.226667  0.341330  0
19.253333  0.341207  0
19.280000  0.341084  0
19.306667  0.340961  0
19.333333  0.340838  0
19.360000  0.340715  0
19.386667  0.340592  0
19.413333  0.340468  0
19.440000  0.340345  0
19.466667  0.340222  0
19.493333  0.340099  0
19.520000  0.339976  0
19.546667  0.339853  0
19.573333  0.339730  0
19.600000  0.339607  0
19.626667  0.339484  0
19.653333  0.339361  0
19.680000  0.339237  0
19.706667  0.339114  0
19.733333  0.338991  0
19.760000  0.338868  0
19.786667  0.338745  0
19.813333  0.338622  0
19.840000  0.338499  0
19.866667  0.338376  0
19.893333  0.338253  0
19.920000  0.338129  0
19.946667  0.338006  0
19.973333  0.337883  0
20.000000  0.337760  0
20.026667  0.337637  0
20.053333  0.337514  0
20.080000  0.337391  0
20.106667  0.337268  0
20.133333  0.337145  0
20.160000  0.337021  0
20.186667  0.336898  0
20.213333  0.336775  0
20.240000  0.336652  0
20.266667  0.336529  0
20.293333  0.336406  0
20.320000  0.336283  0
20.346667  0.336160  0
20.373333  0.336037  0
20.400000  0.335914  0
20.426667  0.335790  0
20.453333  0.335667  0
20.480000  0.335544  0
20.506667  0.335421  0
20.533333  0.335298  0
20.560000  0.335175  0
20.586667  0.335052  0
20.613333  0.334929  0
20.640000  0.334806  0
20.666667  0.334682  0
20.693333  0.334559  0
20.720000  0.334436  0
20.746667  0.334313  0
20.773333  0.334190  0
20.800000  0.334067  0
20.826667  0.333944  0
20.853333  0.333821  0
20.880000  0.333698  0
20.906667  0.333575  0
20.933333  0.333451  0
20.960000  0.333328  0
20.986667  0.333205  0
21.013333  0.333082  0
21.040000  0.332959  0
21.066667  0.332836  0
21.093333  0.332713  0
21.120000  0.332590  0
21.146667  0.332467  0
21.173333  0.332343  0
21.200000  0.332220  0
21.226667  0.332097  0
21.253333  0.331974  0
21.280000  0.331851  0
21.306667  0.331728  0
21.333333  0.331605  0
21.360000  0.331482  0
21.386667  0.331359  0
21.413333  0.331235  0
21.440000  0.331112  0
21.466667  0.330989  0
21.493333  0.330866  0
21.520000  0.330743  0
21.546667  0.330620  0
21.573333  0.330497  0
21.600000  0.330374  0
21.626667  0.330251  0
21.653333  0.330128  0
21.680000  0.330004  0
21.706667  0.329881  0
21.733333  0.329758  0
21.760000  0.329635  0
21.786667  0.329512  0
21.813333  0.329389  0
21.840000  0.329266  0
21.866667  0.329143  0
21.893333  0.329020  0
21.920000  0.328896  0
21.946667  0.328773  0
21.973333  0.328650  0
22.000000  0.328527  0
22.026667  0.328404  0
22.053333  0.328281  0
22.080000  0.328158  0
22.106667  0.328035  0
22.133333  0.327912  0
22.160000  0.327789  0
22.186667  0.327665  0
22.213333  0.327542  0
22.240000  0.327419  0
22.266667  0.327296  0
22.293333  0.327173  0
22.320000  0.327050  0
22.346667  0.326927  0
22.373333  0.326804  0
22.400000  0.326681  0
22.426667  0.326557  0
22.453333  0.326434  0
22.480000  0.326311  0
22.506667  0.326188  0
22.533333  0.326065  0
22.560000  0.325942  0
22.586667  0.325819  0
22.613333  0.325696  0
22.640000  0.325573  0
22.666667  0.325450  0
22.693333  0.325326  0
22.720000  0.325203  0
22.746667  0.325080  0
22.773333  0.324957  0
22.800000  0.324834  0
22.826667  0.324711  0
22.853333  0.324588  0
22.880000  0.324465  0
22.906667  0.324342  0
22.933333  0.324218  0
22.960000  0.324095  0
22.986667  0.323972  0
23.013333  0.323849  0
23.040000  0.323726  0
23.066667  0.323603  0
23.093333  0.323480  0
23.120000  0.323357  0
23.146667  0.323234  0
23.173333  0.323110  0
23.200000  0.322987  0
23.226667  0.322864  0
23.253333  0.322741  0
23.280000  0.322618  0
23.306667  0.322495  0
23.333333  0.322372  0
23.360000  0.322249  0
23.386667  0.322126  0
23.413333  0.322003  0
23.440000  0.321879  0
23.466667  0.321756  0
23.493333  0.321633  0
23.520000  0.321510  0
23.546667  0.321387  0
23.573333  0.321264  0
23.600000  0.321141  0
23.626667  0.321018  0
23.653333  0.320895  0
23.680000  0.320771  0
23.706667  0.320648  0
23.733333  0.320525  0
23.760000  0.320402  0
23.786667  0.320279  0
23.813333  0.320156  0
23.840000  0.320033  0
23.866667  0.319910  0
23.893333  0.319787  0
23.920000  0.319664  0
23.946667  0.319540  0
23.973333  0.319417  0
24.000000  0.319294  0
24.026667  0.319171  0
24.053333  0.319048  0
24.080000  0.318925  0
24.106667  0.318802  0
24.133333  0.318679  0
24.160000  0.318556  0
24.186667  0.318432  0
24.213333  0.318309  0
24.240000  0.318186  0
24.266667  0.318063  0
24.293333  0.317940  0
24.320000  0.317817  0
24.346667  0.317694  0
24.373333  0.317571  0
24.400000  0.317448  0
24.426667  0.317324  0
24.453333  0.317201  0
24.480000  0.317078  0
24.506667  0.316955  0
24.533333  0.316832  0
24.560000  0.316709  0
24.586667  0.316586  0
24.613333  0.316463  0
24.640000  0.316340  0
24.666667  0.316217  0
24.693333  0.316093  0
24.720000  0.315970  0
24.746667  0.315847  0
24.773333  0.315724  0
24.800000  0.315601  0
24.826667  0.315478  0
24.853333  0.315355  0
24.880000  0.315232  0
24.906667  0.315109  0
24.933333  0.314985  0
24.960000  0.314862  0
24.986667  0.314739  0
25.013333  0.314616  0
25.040000  0.314493  0
25.066667  0.314370  0
25.093333  0.314247  0
25.120000  0.314124  0
25.146667  0.314001  0
25.173333  0.313878  0
25.200000  0.313754  0
25.226667  0.313631  0
25.253333  0.313508  0
25.280000  0.313385  0
25.306667  0.313262  0
25.333333  0.313139  0
25.360000  0.313016  0
