3.680000  0.689517  0
3.706667  0.688766  0
3.733333  0.688015  0
3.760000  0.687263  0
3.786667  0.686510  0
3.813333  0.685757  0
3.840000  0.685004  0
3.866667  0.684250  0
3.893333  0.683496  0
3.920000  0.682740  0
3.946667  0.681982  0
3.973333  0.681220  0
4.000000  0.680452  0
4.026667  0.679675  0
4.053333  0.678886  0
4.080000  0.678081  0
4.106667  0.677256  0
4.133333  0.676408  0
4.160000  0.675535  0
4.186667  0.674636  0
4.213333  0.673711  0
4.240000  0.672763  0
4.266667  0.671795  0
4.293333  0.670810  0
4.320000  0.669812  0
4.346667  0.668805  0
4.373333  0.667792  0
4.400000  0.666774  0
4.426667  0.665754  0
4.453333  0.664733  0
4.480000  0.663711  0
4.506667  0.662689  0
4.533333  0.661669  0
4.560000  0.660650  0
4.586667  0.659634  0
4.613333  0.658622  0
4.640000  0.657615  0
4.666667  0.656615  0
4.693333  0.655623  0
4.720000  0.654639  0
4.746667  0.653665  0
4.773333  0.652701  0
4.800000  0.651745  0
4.826667  0.650798  0
4.853333  0.649857  0
4.880000  0.648922  0
4.906667  0.647990  0
4.933333  0.647062  0
4.960000  0.646135  0
4.986667  0.645209  0
5.013333  0.644284  0
5.040000  0.643360  0
5.066667  0.642435  0
5.093333  0.641510  0
5.120000  0.640583  0
5.146667  0.639655  0
5.173333  0.638723  0
5.200000  0.637784  0
5.226667  0.636836  0
5.253333  0.635874  0
5.280000  0.634891  0
5.306667  0.633883  0
5.333333  0.632843  0
5.360000  0.631766  0
5.386667  0.630649  0
5.413333  0.629489  0
5.440000  0.628289  0
5.466667  0.627051  0
5.493333  0.625781  0
5.520000  0.624484  0
5.546667  0.623166  0
5.573333  0.621834  0
5.600000  0.620491  0
5.626667  0.619142  0
5.653333  0.617788  0
5.680000  0.616432  0
5.706667  0.615074  0
5.733333  0.613714  0
5.760000  0.612353  0
5.786667  0.610990  0
5.813333  0.609626  0
5.840000  0.608260  0
5.866667  0.606892  0
5.893333  0.605523  0
5.920000  0.604153  0
5.946667  0.602781  0
5.973333  0.601409  0
6.000000  0.600037  0
6.026667  0.598665  0
6.053333  0.597296  0
6.080000  0.595932  0
6.106667  0.594575  0
6.133333  0.593230  0
6.160000  0.591902  0
6.186667  0.590597  0
6.213333  0.589321  0
6.240000  0.588082  0
6.266667  0.586883  0
6.293333  0.585728  0
6.320000  0.584619  0
6.346667  0.583552  0
6.373333  0.582524  0
6.400000  0.581530  0
6.426667  0.580562  0
6.453333  0.579615  0
6.480000  0.578682  0
6.506667  0.577759  0
6.533333  0.576841  0
6.560000  0.575926  0
6.586667  0.575011  0
6.613333  0.574092  0
6.640000  0.573164  0
6.666667  0.572220  0
6.693333  0.571246  0
6.720000  0.570226  0
6.746667  0.569135  0
6.773333  0.567944  0
6.800000  0.566621  0
6.826667  0.565133  0
6.853333  0.563454  0
6.880000  0.561573  0
6.906667  0.559496  0
6.933333  0.557251  0
6.960000  0.554889  0
6.986667  0.552477  0
7.013333  0.550095  0
7.040000  0.547818  0
7.066667  0.545716  0
7.093333  0.543838  0
7.120000  0.542212  0
7.146667  0.540844  0
7.173333  0.539720  0
7.200000  0.538807  0
7.226667  0.538065  0
7.253333  0.537449  0
7.280000  0.536912  0
7.306667  0.536416  0
7.333333  0.535927  0
7.360000  0.535421  0
7.386667  0.534881  0
7.413333  0.534301  0
7.440000  0.533680  0
7.466667  0.533024  0
7.493333  0.532345  0
7.520000  0.531657  0
7.546667  0.530977  0
7.573333  0.530325  0
7.600000  0.529721  0
7.626667  0.529183  0
7.653333  0.528728  0
7.680000  0.528370  0
7.706667  0.528117  0
7.733333  0.527974  0
7.760000  0.527940  0
7.786667  0.528010  0
7.813333  0.528172  0
7.840000  0.528415  0
7.866667  0.528724  0
7.893333  0.529082  0
7.920000  0.529473  0
7.946667  0.529882  0
7.973333  0.530293  0
8.000000  0.530694  0
8.026667  0.531073  0
8.053333  0.531421  0
8.080000  0.531731  0
8.106667  0.532000  0
8.133333  0.532225  0
8.160000  0.532406  0
8.186667  0.532544  0
8.213333  0.532641  0
8.240000  0.532697  0
8.266667  0.532714  0
8.293333  0.532692  0
8.320000  0.532634  0
8.346667  0.532540  0
8.373333  0.532413  0
8.400000  0.532257  0
8.426667  0.532076  0
8.453333  0.531878  0
8.480000  0.531669  0
8.506667  0.531457  0
8.533333  0.531250  0
8.560000  0.531055  0
8.586667  0.530876  0
8.613333  0.530717  0
8.640000  0.530578  0
8.666667  0.530457  0
8.693333  0.530349  0
8.720000  0.530251  0
8.746667  0.530157  0
8.773333  0.530060  0
8.800000  0.529957  0
8.826667  0.529844  0
8.853333  0.529718  0
8.880000  0.529578  0
8.906667  0.529424  0
8.933333  0.529253  0
8.960000  0.529067  0
8.986667  0.528866  0
9.013333  0.528653  0
9.040000  0.528431  0
9.066667  0.528208  0
9.093333  0.527989  0
9.120000  0.527783  0
9.146667  0.527599  0
9.173333  0.527442  0
9.200000  0.527317  0
9.226667  0.527225  0
9.253333  0.527162  0
9.280000  0.527121  0
9.306667  0.527091  0
9.333333  0.527061  0
9.360000  0.527017  0
9.386667  0.526948  0
9.413333  0.526844  0
9.440000  0.526699  0
9.466667  0.526515  0
9.493333  0.526294  0
9.520000  0.526045  0
9.546667  0.525777  0
9.573333  0.525502  0
9.600000  0.525230  0
9.626667  0.524968  0
9.653333  0.524719  0
9.680000  0.524485  0
9.706667  0.524262  0
9.733333  0.524044  0
9.760000  0.523823  0
9.786667  0.523588  0
9.813333  0.523329  0
9.840000  0.523038  0
9.866667  0.522706  0
9.893333  0.522330  0
9.920000  0.521908  0
9.946667  0.521445  0
9.973333  0.520952  0
10.000000  0.520444  0
10.026667  0.519941  0
10.053333  0.519467  0
10.080000  0.519041  0
10.106667  0.518682  0
10.133333  0.518402  0
10.160000  0.518205  0
10.186667  0.518087  0
10.213333  0.518039  0
10.240000  0.518043  0
10.266667  0.518082  0
10.293333  0.518134  0
10.320000  0.518183  0
10.346667  0.518214  0
10.373333  0.518217  0
10.400000  0.518184  0
10.426667  0.518113  0
10.453333  0.518003  0
10.480000  0.517856  0
10.506667  0.517674  0
10.533333  0.517460  0
10.560000  0.517217  0
10.586667  0.516947  0
10.613333  0.516653  0
10.640000  0.516334  0
10.666667  0.515990  0
10.693333  0.515621  0
10.720000  0.515226  0
10.746667  0.514805  0
10.773333  0.514358  0
10.800000  0.513890  0
10.826667  0.513403  0
10.853333  0.512906  0
10.880000  0.512409  0
10.906667  0.511922  0
10.933333  0.511459  0
10.960000  0.511030  0
10.986667  0.510643  0
11.013333  0.510299  0
11.040000  0.509996  0
11.066667  0.509720  0
11.093333  0.509453  0
11.120000  0.509172  0
11.146667  0.508852  0
11.173333  0.508471  0
11.200000  0.508011  0
11.226667  0.507459  0
11.253333  0.506809  0
11.280000  0.506064  0
11.306667  0.505228  0
11.333333  0.504311  0
11.360000  0.503326  0
11.386667  0.502285  0
11.413333  0.501202  0
11.440000  0.500093  0
11.466667  0.498974  0
11.493333  0.497859  0
11.520000  0.496763  0
11.546667  0.495697  0
11.573333  0.494668  0
11.600000  0.493681  0
11.626667  0.492734  0
11.653333  0.491826  0
11.680000  0.490950  0
11.706667  0.490103  0
11.733333  0.489283  0
11.760000  0.488488  0
11.786667  0.487720  0
11.813333  0.486980  0
11.840000  0.486271  0
11.866667  0.485592  0
11.893333  0.484940  0
11.920000  0.484310  0
11.946667  0.483696  0
11.973333  0.483090  0
12.000000  0.482486  0
12.026667  0.481880  0
12.053333  0.481271  0
12.080000  0.480662  0
12.106667  0.480058  0
12.133333  0.479467  0
12.160000  0.478898  0
12.186667  0.478359  0
12.213333  0.477860  0
12.240000  0.477408  0
12.266667  0.477007  0
12.293333  0.476658  0
12.320000  0.476361  0
12.346667  0.476111  0
12.373333  0.475899  0
12.400000  0.475716  0
12.426667  0.475548  0
12.453333  0.475380  0
12.480000  0.475198  0
12.506667  0.474987  0
12.533333  0.474733  0
12.560000  0.474425  0
12.586667  0.474055  0
12.613333  0.473621  0
12.640000  0.473122  0
12.666667  0.472564  0
12.693333  0.471958  0
12.720000  0.471316  0
12.746667  0.470655  0
12.773333  0.469991  0
12.800000  0.469337  0
12.826667  0.468705  0
12.853333  0.468097  0
12.880000  0.467509  0
12.906667  0.466928  0
12.933333  0.466333  0
12.960000  0.465700  0
12.986667  0.465003  0
13.013333  0.464223  0
13.040000  0.463354  0
13.066667  0.462404  0
13.093333  0.461403  0
13.120000  0.460396  0
13.146667  0.459444  0
13.173333  0.458612  0
13.200000  0.457961  0
13.226667  0.457535  0
13.253333  0.457354  0
13.280000  0.457408  0
13.306667  0.457654  0
13.333333  0.458026  0
13.360000  0.458441  0
13.386667  0.458812  0
13.413333  0.459066  0
13.440000  0.459148  0
13.466667  0.459036  0
13.493333  0.458732  0
13.520000  0.458265  0
13.546667  0.457676  0
13.573333  0.457010  0
13.600000  0.456309  0
13.626667  0.455600  0
13.653333  0.454902  0
13.680000  0.454221  0
13.706667  0.453562  0
13.733333  0.452924  0
13.760000  0.452310  0
13.786667  0.451726  0
13.813333  0.451174  0
13.840000  0.450654  0
13.866667  0.450162  0
13.893333  0.449685  0
13.920000  0.449208  0
13.946667  0.448713  0
13.973333  0.448188  0
14.000000  0.447624  0
14.026667  0.447025  0
14.053333  0.446400  0
14.080000  0.445767  0
14.106667  0.445146  0
14.133333  0.444558  0
14.160000  0.444016  0
14.186667  0.443531  0
14.213333  0.443103  0
14.240000  0.442730  0
14.266667  0.442405  0
14.293333  0.442120  0
14.320000  0.441869  0
14.346667  0.441646  0
14.373333  0.441449  0
14.400000  0.441277  0
14.426667  0.441128  0
14.453333  0.441003  0
14.480000  0.440899  0
14.506667  0.440816  0
14.533333  0.440754  0
14.560000  0.440714  0
14.586667  0.440698  0
14.613333  0.440711  0
14.640000  0.440756  0
14.666667  0.440839  0
14.693333  0.440961  0
14.720000  0.441123  0
14.746667  0.441323  0
14.773333  0.441554  0
14.800000  0.441809  0
14.826667  0.442076  0
14.853333  0.442342  0
14.880000  0.442595  0
14.906667  0.442818  0
14.933333  0.443000  0
14.960000  0.443128  0
14.986667  0.443194  0
15.013333  0.443007  0
15.040000  0.442820  0
15.066667  0.442634  0
15.093333  0.442447  0
15.120000  0.442260  0
15.146667  0.442074  0
15.173333  0.441887  0
15.200000  0.441700  0
15.226667  0.441514  0
15.253333  0.441327  0
15.280000  0.441140  0
15.306667  0.440954  0
15.333333  0.440767  0
15.360000  0.440580  0
15.386667  0.440393  0
15.413333  0.440207  0
15.440000  0.440020  0
15.466667  0.439833  0
15.493333  0.439647  0
15.520000  0.439460  0
15.546667  0.439273  0
15.573333  0.439087  0
15.600000  0.438900  0
15.626667  0.438713  0
15.653333  0.438527  0
15.680000  0.438340  0
15.706667  0.438153  0
15.733333  0.437966  0
15.760000  0.437780  0
15.786667  0.437593  0
15.813333  0.437406  0
15.840000  0.437220  0
15.866667  0.437033  0
15.893333  0.436846  0
15.920000  0.436660  0
15.946667  0.436473  0
15.973333  0.436286  0
16.000000  0.436099  0
16.026667  0.435913  0
16.053333  0.435726  0
16.080000  0.435539  0
16.106667  0.435353  0
16.133333  0.435166  0
16.160000  0.434979  0
16.186667  0.434793  0
16.213333  0.434606  0
16.240000  0.434419  0
16.266667  0.434233  0
16.293333  0.434046  0
16.320000  0.433859  0
16.346667  0.433672  0
16.373333  0.433486  0
16.400000  0.433299  0
16.426667  0.433112  0
16.453333  0.432926  0
16.480000  0.432739  0
16.506667  0.432552  0
16.533333  0.432366  0
16.560000  0.432179  0
16.586667  0.431992  0
16.613333  0.431806  0
16.640000  0.431619  0
16.666667  0.431432  0
16.693333  0.431245  0
16.720000  0.431059  0
16.746667  0.430872  0
16.773333  0.430685  0
16.800000  0.430499  0
16.826667  0.430312  0
16.853333  0.430125  0
16.880000  0.429939  0
16.906667  0.429752  0
16.933333  0.429565  0
16.960000  0.429378  0
16.986667  0.429192  0
17.013333  0.429005  0
17.040000  0.428818  0
17.066667  0.428632  0
17.093333  0.428445  0
17.120000  0.428258  0
17.146667  0.428072  0
17.173333  0.427885  0
17.200000  0.427698  0
17.226667  0.427512  0
17.253333  0.427325  0
17.280000  0.427138  0
17.306667  0.426951  0
17.333333  0.426765  0
17.360000  0.426578  0
17.386667  0.426391  0
17.413333  0.426205  0
17.440000  0.426018  0
17.466667  0.425831  0
17.493333  0.425645  0
17.520000  0.425458  0
17.546667  0.425271  0
17.573333  0.425085  0
17.600000  0.424898  0
17.626667  0.424711  0
17.653333  0.424524  0
17.680000  0.424338  0
17.706667  0.424151  0
17.733333  0.423964  0
17.760000  0.423778  0
17.786667  0.423591  0
17.813333  0.423404  0
17.840000  0.423218  0
17.866667  0.423031  0
17.893333  0.422844  0
17.920000  0.422658  0
17.946667  0.422471  0
17.973333  0.422284  0
18.000000  0.422097  0
18.026667  0.421911  0
18.053333  0.421724  0
18.080000  0.421537  0
18.106667  0.421351  0
18.133333  0.421164  0
18.160000  0.420977  0
18.186667  0.420791  0
18.213333  0.420604  0
18.240000  0.420417  0
18.266667  0.420230  0
18.293333  0.420044  0
18.320000  0.419857  0
18.346667  0.419670  0
18.373333  0.419484  0
18.400000  0.419297  0
18.426667  0.419110  0
18.453333  0.418924  0
18.480000  0.418737  0
18.506667  0.418550  0
18.533333  0.418364  0
18.560000  0.418177  0
18.586667  0.417990  0
18.613333  0.417803  0
18.640000  0.417617  0
18.666667  0.417430  0
18.693333  0.417243  0
18.720000  0.417057  0
18.746667  0.416870  0
18.773333  0.416683  0
18.800000  0.416497  0
18.826667  0.416310  0
18.853333  0.416123  0
18.880000  0.415937  0
18.906667  0.415750  0
18.933333  0.415563  0
18.960000  0.415376  0
18.986667  0.415190  0
19.013333  0.415003  0
19.040000  0.414816  0
19.066667  0.414630  0
19.093333  0.414443  0
19.120000  0.414256  0
19.146667  0.414070  0
19.173333  0.413883  0
19.200000  0.413696  0
19.226667  0.413509  0
19.253333  0.413323  0
19.280000  0.413136  0
19.306667  0.412949  0
19.333333  0.412763  0
19.360000  0.412576  0
19.386667  0.412389  0
19.413333  0.412203  0
19.440000  0.412016  0
19.466667  0.411829  0
19.493333  0.411643  0
19.520000  0.411456  0
19.546667  0.411269  0
19.573333  0.411082  0
19.600000  0.410896  0
19.626667  0.410709  0
19.653333  0.410522  0
19.680000  0.410336  0
19.706667  0.410149  0
19.733333  0.409962  0
19.760000  0.409776  0
19.786667  0.409589  0
19.813333  0.409402  0
19.840000  0.409216  0
19.866667  0.409029  0
19.893333  0.408842  0
19.920000  0.408655  0
19.946667  0.408469  0
19.973333  0.408282  0
20.000000  0.408095  0
20.026667  0.407909  0
20.053333  0.407722  0
20.080000  0.407535  0
20.106667  0.407349  0
20.133333  0.407162  0
20.160000  0.406975  0
20.186667  0.406788  0
20.213333  0.406602  0
20.240000  0.406415  0
20.266667  0.406228  0
20.293333  0.406042  0
20.320000  0.405855  0
20.346667  0.405668  0
20.373333  0.405482  0
20.400000  0.405295  0
20.426667  0.405108  0
20.453333  0.404922  0
20.480000  0.404735  0
20.506667  0.404548  0
20.533333  0.404373  0
20.560000  0.404373  0
20.586667  0.404373  0
20.613333  0.404373  0
20.640000  0.404373  0
20.666667  0.404373  0
20.693333  0.404373  0
20.720000  0.404373  0
20.746667  0.404373  0
20.773333  0.404373  0
20.800000  0.404373  0
20.826667  0.404373  0
20.853333  0.404373  0
20.880000  0.404373  0
20.906667  0.404373  0
20.933333  0.404373  0
20.960000  0.404373  0
20.986667  0.404373  0
21.013333  0.404373  0
21.040000  0.404373  0
21.066667  0.404373  0
21.093333  0.404373  0
21.120000  0.404373  0
21.146667  0.404373  0
21.173333  0.404373  0
21.200000  0.404373  0
21.226667  0.404373  0
21.253333  0.404373  0
21.280000  0.404373  0
21.306667  0.404373  0
21.333333  0.404373  0
21.360000  0.404373  0
21.386667  0.404373  0
21.413333  0.404373  0
21.440000  0.404373  0
21.466667  0.404373  0
21.493333  0.404373  0
21.520000  0.404373  0
21.546667  0.404373  0
21.573333  0.404373  0
21.600000  0.404373  0
21.626667  0.404373  0
21.653333  0.404373  0
21.680000  0.404373  0
21.706667  0.404373  0
21.733333  0.404373  0
21.760000  0.404373  0
21.786667  0.404373  0
21.813333  0.404373  0
21.840000  0.404373  0
21.866667  0.404373  0
21.893333  0.404373  0
21.920000  0.404373  0
21.946667  0.404373  0
21.973333  0.404373  0
22.000000  0.404373  0
22.026667  0.404373  0
22.053333  0.404373  0
22.080000  0.404373  0
22.106667  0.404373  0
22.133333  0.404373  0
22.160000  0.404373  0
22.186667  0.404373  0
22.213333  0.404373  0
22.240000  0.404373  0
22.266667  0.404373  0
22.293333  0.404373  0
22.320000  0.404373  0
22.346667  0.404373  0
22.373333  0.404373  0
22.400000  0.404373  0
22.426667  0.404373  0
22.453333  0.404373  0
22.480000  0.404373  0
22.506667  0.404373  0
22.533333  0.404373  0
22.560000  0.404373  0
22.586667  0.404373  0
22.613333  0.404373  0
22.640000  0.404373  0
22.666667  0.404373  0
22.693333  0.404373  0
22.720000  0.404373  0
22.746667  0.404373  0
22.773333  0.404373  0
22.800000  0.404373  0
22.826667  0.404373  0
22.853333  0.404373  0
22.880000  0.404373  0
22.906667  0.404373  0
22.933333  0.404373  0
22.960000  0.404373  0
22.986667  0.404373  0
23.013333  0.404373  0
23.040000  0.404373  0
23.066667  0.404373  0
23.093333  0.404373  0
23.120000  0.404373  0
23.146667  0.404373  0
23.173333  0.404373  0
23.200000  0.404373  0
23.226667  0.404373  0
23.253333  0.404373  0
23.280000  0.404373  0
23.306667  0.404373  0
23.333333  0.404373  0
23.360000  0.404373  0
23.386667  0.404373  0
23.413333  0.404373  0
23.440000  0.404373  0
23.466667  0.404373  0
23.493333  0.404373  0
23.520000  0.404373  0
23.546667  0.404373  0
23.573333  0.404373  0
23.600000  0.404373  0
23.626667  0.404373  0
23.653333  0.404373  0
23.680000  0.404373  0
23.706667  0.404373  0
23.733333  0.404373  0
23.760000  0.404373  0
23.786667  0.404373  0
23.813333  0.404373  0
23.840000  0.404373  0
23.866667  0.404373  0
23.893333  0.404373  0
23.920000  0.404373  0
23.946667  0.404373  0
23.973333  0.404373  0
24.000000  0.404373  0
24.026667  0.404373  0
24.053333  0.404373  0
24.080000  0.404373  0
24.106667  0.404373  0
24.133333  0.404373  0
24.160000  0.404373  0
24.186667  0.404373  0
24.213333  0.404373  0
24.240000  0.404373  0
24.266667  0.404373  0
24.293333  0.404373  0
24.320000  0.404373  0
24.346667  0.404373  0
24.373333  0.404373  0
24.400000  0.404373  0
24.426667  0.404373  0
24.453333  0.404373  0
24.480000  0.404373  0
24.506667  0.404373  0
24.533333  0.404373  0
24.560000  0.404373  0
24.586667  0.404373  0
24.613333  0.404373  0
24.640000  0.404373  0
24.666667  0.404373  0
24.693333  0.404373  0
24.720000  0.404373  0
24.746667  0.404373  0
24.773333  0.404373  0
24.800000  0.404373  0
