2.533333  0.823095  0
2.560000  0.821255  0
2.586667  0.818230  0
2.613333  0.814715  0
2.640000  0.811072  0
2.666667  0.807408  0
2.693333  0.803742  0
2.720000  0.800076  0
2.746667  0.796410  0
2.773333  0.792744  0
2.800000  0.789078  0
2.826667  0.785413  0
2.853333  0.781759  0
2.880000  0.778168  0
2.906667  0.774793  0
2.933333  0.771875  0
2.960000  0.769540  0
2.986667  0.767647  0
3.013333  0.765941  0
3.040000  0.764256  0
3.066667  0.762527  0
3.093333  0.760731  0
3.120000  0.758856  0
3.146667  0.756895  0
3.173333  0.754846  0
3.200000  0.752716  0
3.226667  0.750515  0
3.253333  0.748261  0
3.280000  0.745975  0
3.306667  0.743679  0
3.333333  0.741393  0
3.360000  0.739133  0
3.386667  0.736911  0
3.413333  0.734731  0
3.440000  0.732593  0
3.466667  0.730488  0
3.493333  0.728406  0
3.520000  0.726334  0
3.546667  0.724259  0
3.573333  0.722172  0
3.600000  0.720063  0
3.626667  0.717932  0
3.653333  0.715780  0
3.680000  0.713613  0
3.706667  0.711441  0
3.733333  0.709276  0
3.760000  0.707131  0
3.786667  0.705020  0
3.813333  0.702959  0
3.840000  0.700964  0
3.866667  0.699049  0
3.893333  0.697229  0
3.920000  0.695512  0
3.946667  0.693891  0
3.973333  0.692349  0
4.000000  0.690858  0
4.026667  0.689392  0
4.053333  0.687936  0
4.080000  0.686482  0
4.106667  0.685029  0
4.133333  0.683576  0
4.160000  0.682123  0
4.186667  0.680671  0
4.213333  0.679218  0
4.240000  0.677765  0
4.266667  0.676312  0
4.293333  0.674859  0
4.320000  0.673406  0
4.346667  0.671953  0
4.373333  0.670500  0
4.400000  0.669047  0
4.426667  0.667595  0
4.453333  0.666141  0
4.480000  0.664684  0
4.506667  0.663212  0
4.533333  0.661694  0
4.560000  0.660072  0
4.586667  0.658293  0
4.613333  0.656355  0
4.640000  0.654332  0
4.666667  0.652326  0
4.693333  0.650409  0
4.720000  0.648609  0
4.746667  0.646925  0
4.773333  0.645349  0
4.800000  0.643878  0
4.826667  0.642511  0
4.853333  0.641254  0
4.880000  0.640109  0
4.906667  0.639077  0
4.933333  0.638147  0
4.960000  0.637302  0
4.986667  0.636512  0
5.013333  0.635741  0
5.040000  0.634949  0
5.066667  0.634095  0
5.093333  0.633150  0
5.120000  0.632090  0
5.146667  0.630912  0
5.173333  0.629623  0
5.200000  0.628247  0
5.226667  0.626822  0
5.253333  0.625390  0
5.280000  0.623997  0
5.306667  0.622682  0
5.333333  0.621477  0
5.360000  0.620395  0
5.386667  0.619437  0
5.413333  0.618583  0
5.440000  0.617802  0
5.466667  0.617052  0
5.493333  0.616292  0
5.520000  0.615483  0
5.546667  0.614599  0
5.573333  0.613628  0
5.600000  0.612575  0
5.626667  0.611457  0
5.653333  0.610307  0
5.680000  0.609160  0
5.706667  0.608053  0
5.733333  0.607018  0
5.760000  0.606078  0
5.786667  0.605248  0
5.813333  0.604529  0
5.840000  0.603916  0
5.866667  0.603395  0
5.893333  0.602949  0
5.920000  0.602556  0
5.946667  0.602198  0
5.973333  0.601857  0
6.000000  0.601518  0
6.026667  0.601169  0
6.053333  0.600801  0
6.080000  0.600409  0
6.106667  0.599989  0
6.133333  0.599540  0
6.160000  0.599062  0
6.186667  0.598556  0
6.213333  0.598025  0
6.240000  0.597474  0
6.266667  0.596909  0
6.293333  0.596336  0
6.320000  0.595763  0
6.346667  0.595200  0
6.373333  0.594655  0
6.400000  0.594134  0
6.426667  0.593641  0
6.453333  0.593179  0
6.480000  0.592745  0
6.506667  0.592333  0
6.533333  0.591935  0
6.560000  0.591538  0
6.586667  0.591131  0
6.613333  0.590703  0
6.640000  0.590245  0
6.666667  0.589752  0
6.693333  0.589226  0
6.720000  0.588670  0
6.746667  0.588094  0
6.773333  0.587509  0
6.800000  0.586924  0
6.826667  0.586348  0
6.853333  0.585788  0
6.880000  0.585245  0
6.906667  0.584716  0
6.933333  0.584194  0
6.960000  0.583674  0
6.986667  0.583146  0
7.013333  0.582604  0
7.040000  0.582046  0
7.066667  0.581472  0
7.093333  0.580885  0
7.120000  0.580291  0
7.146667  0.579699  0
7.173333  0.579117  0
7.200000  0.578551  0
7.226667  0.578005  0
7.253333  0.577477  0
7.280000  0.576961  0
7.306667  0.576447  0
7.333333  0.575920  0
7.360000  0.575363  0
7.386667  0.574760  0
7.413333  0.574094  0
7.440000  0.573352  0
7.466667  0.572524  0
7.493333  0.571607  0
7.520000  0.570601  0
7.546667  0.569513  0
7.573333  0.568352  0
7.600000  0.567132  0
7.626667  0.565868  0
7.653333  0.564578  0
7.680000  0.563277  0
7.706667  0.561982  0
7.733333  0.560705  0
7.760000  0.559460  0
7.786667  0.558257  0
7.813333  0.557105  0
7.840000  0.556013  0
7.866667  0.554987  0
7.893333  0.554035  0
7.920000  0.553161  0
7.946667  0.552369  0
7.973333  0.551656  0
8.000000  0.551020  0
8.026667  0.550451  0
8.053333  0.549938  0
8.080000  0.549465  0
8.106667  0.549016  0
8.133333  0.548574  0
8.160000  0.548124  0
8.186667  0.547655  0
8.213333  0.547160  0
8.240000  0.546633  0
8.266667  0.546078  0
8.293333  0.545496  0
8.320000  0.544892  0
8.346667  0.544274  0
8.373333  0.543644  0
8.400000  0.543009  0
8.426667  0.542372  0
8.453333  0.541735  0
8.480000  0.541101  0
8.506667  0.540473  0
8.533333  0.539855  0
8.560000  0.539254  0
8.586667  0.538677  0
8.613333  0.538130  0
8.640000  0.537623  0
8.666667  0.537163  0
8.693333  0.536755  0
8.720000  0.536402  0
8.746667  0.536104  0
8.773333  0.535854  0
8.800000  0.535641  0
8.826667  0.535451  0
8.853333  0.535266  0
8.880000  0.535066  0
8.906667  0.534833  0
8.933333  0.534550  0
8.960000  0.534207  0
8.986667  0.533799  0
9.013333  0.533328  0
9.040000  0.532803  0
9.066667  0.532235  0
9.093333  0.531640  0
9.120000  0.531034  0
9.146667  0.530430  0
9.173333  0.529838  0
9.200000  0.529267  0
9.226667  0.528721  0
9.253333  0.528201  0
9.280000  0.527708  0
9.306667  0.527243  0
9.333333  0.526806  0
9.360000  0.526396  0
9.386667  0.526016  0
9.413333  0.525667  0
9.440000  0.525350  0
9.466667  0.525064  0
9.493333  0.524810  0
9.520000  0.524585  0
9.546667  0.524387  0
9.573333  0.524211  0
9.600000  0.524053  0
9.626667  0.523908  0
9.653333  0.523771  0
9.680000  0.523636  0
9.706667  0.523500  0
9.733333  0.523356  0
9.760000  0.523200  0
9.786667  0.523026  0
9.813333  0.522831  0
9.840000  0.522609  0
9.866667  0.522358  0
9.893333  0.522076  0
9.920000  0.521764  0
9.946667  0.521428  0
9.973333  0.521075  0
10.000000  0.520715  0
10.026667  0.520362  0
10.053333  0.520027  0
10.080000  0.519724  0
10.106667  0.519459  0
10.133333  0.519236  0
10.160000  0.519053  0
10.186667  0.518904  0
10.213333  0.518777  0
10.240000  0.518656  0
10.266667  0.518528  0
10.293333  0.518377  0
10.320000  0.518192  0
10.346667  0.517967  0
10.373333  0.517699  0
10.400000  0.517389  0
10.426667  0.517044  0
10.453333  0.516672  0
10.480000  0.516281  0
10.506667  0.515882  0
10.533333  0.515481  0
10.560000  0.515084  0
10.586667  0.514693  0
10.613333  0.514311  0
10.640000  0.513935  0
10.666667  0.513564  0
10.693333  0.513197  0
10.720000  0.512832  0
10.746667  0.512468  0
10.773333  0.512105  0
10.800000  0.511744  0
10.826667  0.511386  0
10.853333  0.511033  0
10.880000  0.510686  0
10.906667  0.510346  0
10.933333  0.510014  0
10.960000  0.509690  0
10.986667  0.509376  0
11.013333  0.509072  0
11.040000  0.508777  0
11.066667  0.508492  0
11.093333  0.508217  0
11.120000  0.507952  0
11.146667  0.507697  0
11.173333  0.507452  0
11.200000  0.507215  0
11.226667  0.506985  0
11.253333  0.506761  0
11.280000  0.506543  0
11.306667  0.506328  0
11.333333  0.506119  0
11.360000  0.505916  0
11.386667  0.505724  0
11.413333  0.505545  0
11.440000  0.505384  0
11.466667  0.505246  0
11.493333  0.505134  0
11.520000  0.505047  0
11.546667  0.504984  0
11.573333  0.504938  0
11.600000  0.504902  0
11.626667  0.504865  0
11.653333  0.504814  0
11.680000  0.504735  0
11.706667  0.504619  0
11.733333  0.504454  0
11.760000  0.504234  0
11.786667  0.503956  0
11.813333  0.503622  0
11.840000  0.503237  0
11.866667  0.502811  0
11.893333  0.502357  0
11.920000  0.501889  0
11.946667  0.501424  0
11.973333  0.500978  0
12.000000  0.500564  0
12.026667  0.500197  0
12.053333  0.499885  0
12.080000  0.499633  0
12.106667  0.499443  0
12.133333  0.499311  0
12.160000  0.499230  0
12.186667  0.499188  0
12.213333  0.499172  0
12.240000  0.499171  0
12.266667  0.499170  0
12.293333  0.499161  0
12.320000  0.499136  0
12.346667  0.499092  0
12.373333  0.499028  0
12.400000  0.498948  0
12.426667  0.498855  0
12.453333  0.498755  0
12.480000  0.498650  0
12.506667  0.498545  0
12.533333  0.498440  0
12.560000  0.498332  0
12.586667  0.498220  0
12.613333  0.498098  0
12.640000  0.497962  0
12.666667  0.497808  0
12.693333  0.497631  0
12.720000  0.497429  0
12.746667  0.497203  0
12.773333  0.496955  0
12.800000  0.496686  0
12.826667  0.496401  0
12.853333  0.496105  0
12.880000  0.495800  0
12.906667  0.495490  0
12.933333  0.495179  0
12.960000  0.494867  0
12.986667  0.494555  0
13.013333  0.494244  0
13.040000  0.493932  0
13.066667  0.493619  0
13.093333  0.493304  0
13.120000  0.492987  0
13.146667  0.492668  0
13.173333  0.492345  0
13.200000  0.492021  0
13.226667  0.491694  0
13.253333  0.491365  0
13.280000  0.491034  0
13.306667  0.490701  0
13.333333  0.490367  0
13.360000  0.490031  0
13.386667  0.489696  0
13.413333  0.489360  0
13.440000  0.489026  0
13.466667  0.488692  0
13.493333  0.488360  0
13.520000  0.488027  0
13.546667  0.487694  0
13.573333  0.487357  0
13.600000  0.487016  0
13.626667  0.486667  0
13.653333  0.486311  0
13.680000  0.485947  0
13.706667  0.485575  0
13.733333  0.485198  0
13.760000  0.484820  0
13.786667  0.484444  0
13.813333  0.484075  0
13.840000  0.483718  0
13.866667  0.483378  0
13.893333  0.483058  0
13.920000  0.482761  0
13.946667  0.482486  0
13.973333  0.482233  0
14.000000  0.482000  0
14.026667  0.481783  0
14.053333  0.481578  0
14.080000  0.481379  0
14.106667  0.481183  0
14.133333  0.480984  0
14.160000  0.480779  0
14.186667  0.480566  0
14.213333  0.480344  0
14.240000  0.480115  0
14.266667  0.479881  0
14.293333  0.479644  0
14.320000  0.479409  0
14.346667  0.479177  0
14.373333  0.478952  0
14.400000  0.478734  0
14.426667  0.478524  0
14.453333  0.478324  0
14.480000  0.478133  0
14.506667  0.477952  0
14.533333  0.477782  0
14.560000  0.477623  0
14.586667  0.477475  0
14.613333  0.477338  0
14.640000  0.477211  0
14.666667  0.477091  0
14.693333  0.476978  0
14.720000  0.476868  0
14.746667  0.476761  0
14.773333  0.476656  0
14.800000  0.476553  0
14.826667  0.476454  0
14.853333  0.476360  0
14.880000  0.476271  0
14.906667  0.476189  0
14.933333  0.476110  0
14.960000  0.476033  0
14.986667  0.475953  0
15.013333  0.475866  0
15.040000  0.475767  0
15.066667  0.475653  0
15.093333  0.475518  0
15.120000  0.475363  0
15.146667  0.475187  0
15.173333  0.474990  0
15.200000  0.474776  0
15.226667  0.474546  0
15.253333  0.474303  0
15.280000  0.474051  0
15.306667  0.473792  0
15.333333  0.473528  0
15.360000  0.473260  0
15.386667  0.472990  0
15.413333  0.472718  0
15.440000  0.472446  0
15.466667  0.472173  0
15.493333  0.471900  0
15.520000  0.471627  0
15.546667  0.471353  0
15.573333  0.471080  0
15.600000  0.470807  0
15.626667  0.470533  0
15.653333  0.470260  0
15.680000  0.469986  0
15.706667  0.469713  0
15.733333  0.469439  0
15.760000  0.469166  0
15.786667  0.468892  0
15.813333  0.468619  0
15.840000  0.468346  0
15.866667  0.468072  0
15.893333  0.467799  0
15.920000  0.467525  0
15.946667  0.467252  0
15.973333  0.466978  0
16.000000  0.466705  0
16.026667  0.466431  0
16.053333  0.466158  0
16.080000  0.465884  0
16.106667  0.465611  0
16.133333  0.465338  0
16.160000  0.465064  0
16.186667  0.464791  0
16.213333  0.464517  0
16.240000  0.464244  0
16.266667  0.463970  0
16.293333  0.463697  0
16.320000  0.463423  0
16.346667  0.463150  0
16.373333  0.462876  0
16.400000  0.462603  0
16.426667  0.462330  0
16.453333  0.462056  0
16.480000  0.461783  0
16.506667  0.461509  0
16.533333  0.461236  0
16.560000  0.460962  0
16.586667  0.460689  0
16.613333  0.460415  0
16.640000  0.460142  0
16.666667  0.459868  0
16.693333  0.459595  0
16.720000  0.459322  0
16.746667  0.459048  0
16.773333  0.458775  0
16.800000  0.458501  0
16.826667  0.458228  0
16.853333  0.457954  0
16.880000  0.457681  0
16.906667  0.457407  0
16.933333  0.457134  0
16.960000  0.456860  0
16.986667  0.456587  0
17.013333  0.456314  0
17.040000  0.456040  0
17.066667  0.455767  0
17.093333  0.455493  0
17.120000  0.455220  0
17.146667  0.454946  0
17.173333  0.454673  0
17.200000  0.454399  0
17.226667  0.454126  0
17.253333  0.453853  0
17.280000  0.453579  0
17.306667  0.453306  0
17.333333  0.453032  0
17.360000  0.452759  0
17.386667  0.452485  0
17.413333  0.452212  0
17.440000  0.451938  0
17.466667  0.451665  0
17.493333  0.451391  0
17.520000  0.451118  0
17.546667  0.450845  0
17.573333  0.450571  0
17.600000  0.450298  0
17.626667  0.450024  0
17.653333  0.449751  0
17.680000  0.449477  0
17.706667  0.449204  0
17.733333  0.448930  0
17.760000  0.448657  0
17.786667  0.448383  0
17.813333  0.448110  0
17.840000  0.447837  0
17.866667  0.447563  0
17.893333  0.447290  0
17.920000  0.447016  0
17.946667  0.446743  0
17.973333  0.446469  0
18.000000  0.446196  0
18.026667  0.445922  0
18.053333  0.445649  0
18.080000  0.445375  0
18.106667  0.445102  0
18.133333  0.444829  0
18.160000  0.444555  0
18.186667  0.444282  0
18.213333  0.444008  0
18.240000  0.443735  0
18.266667  0.443461  0
18.293333  0.443188  0
18.320000  0.442914  0
18.346667  0.442641  0
18.373333  0.442367  0
18.400000  0.442094  0
18.426667  0.441821  0
18.453333  0.441547  0
18.480000  0.441274  0
18.506667  0.441000  0
18.533333  0.440727  0
18.560000  0.440453  0
18.586667  0.440180  0
18.613333  0.439906  0
18.640000  0.439633  0
18.666667  0.439359  0
18.693333  0.439086  0
18.720000  0.438813  0
18.746667  0.438539  0
18.773333  0.438266  0
18.800000  0.437992  0
18.826667  0.437719  0
18.853333  0.437445  0
18.880000  0.437172  0
18.906667  0.436898  0
18.933333  0.436625  0
18.960000  0.436352  0
18.986667  0.436078  0
19.013333  0.435805  0
19.040000  0.435531  0
19.066667  0.435258  0
19.093333  0.434985  0
19.120000  0.434713  0
19.146667  0.434441  0
19.173333  0.434170  0
19.200000  0.433901  0
19.226667  0.433635  0
19.253333  0.433371  0
19.280000  0.433111  0
19.306667  0.432857  0
19.333333  0.432610  0
19.360000  0.432371  0
19.386667  0.432141  0
19.413333  0.431923  0
19.440000  0.431717  0
19.466667  0.431523  0
19.493333  0.431343  0
19.520000  0.431175  0
19.546667  0.431019  0
19.573333  0.430874  0
19.600000  0.430740  0
19.626667  0.430613  0
19.653333  0.430494  0
19.680000  0.430381  0
19.706667  0.430272  0
19.733333  0.430167  0
19.760000  0.430063  0
19.786667  0.429962  0
19.813333  0.429861  0
19.840000  0.429761  0
19.866667  0.429662  0
19.893333  0.429563  0
19.920000  0.429464  0
19.946667  0.429365  0
19.973333  0.429267  0
20.000000  0.429168  0
20.026667  0.429069  0
20.053333  0.428971  0
20.080000  0.428872  0
20.106667  0.428774  0
20.133333  0.428675  0
20.160000  0.428576  0
20.186667  0.428478  0
20.213333  0.428379  0
20.240000  0.428280  0
20.266667  0.428182  0
20.293333  0.428083  0
20.320000  0.427984  0
20.346667  0.427886  0
20.373333  0.427787  0
20.400000  0.427689  0
20.426667  0.427590  0
20.453333  0.427491  0
20.480000  0.427393  0
20.506667  0.427294  0
20.533333  0.427195  0
20.560000  0.427097  0
20.586667  0.426998  0
20.613333  0.426900  0
20.640000  0.426801  0
20.666667  0.426702  0
20.693333  0.426604  0
20.720000  0.426505  0
20.746667  0.426406  0
20.773333  0.426308  0
20.800000  0.426209  0
20.826667  0.426110  0
20.853333  0.426012  0
20.880000  0.425913  0
20.906667  0.425815  0
20.933333  0.425716  0
20.960000  0.425617  0
20.986667  0.425519  0
21.013333  0.425420  0
21.040000  0.425321  0
21.066667  0.425223  0
21.093333  0.425124  0
21.120000  0.425025  0
21.146667  0.424927  0
21.173333  0.424828  0
21.200000  0.424730  0
21.226667  0.424631  0
21.253333  0.424532  0
21.280000  0.424434  0
21.306667  0.424335  0
21.333333  0.424236  0
21.360000  0.424138  0
21.386667  0.424039  0
21.413333  0.423940  0
21.440000  0.423842  0
21.466667  0.423743  0
21.493333  0.423645  0
21.520000  0.423546  0
21.546667  0.423447  0
21.573333  0.423349  0
21.600000  0.423250  0
21.626667  0.423151  0
21.653333  0.423053  0
21.680000  0.422954  0
21.706667  0.422855  0
21.733333  0.422757  0
21.760000  0.422658  0
21.786667  0.422560  0
21.813333  0.422461  0
21.840000  0.422362  0
21.866667  0.422264  0
21.893333  0.422165  0
21.920000  0.422066  0
21.946667  0.421968  0
21.973333  0.421869  0
22.000000  0.421770  0
22.026667  0.421672  0
22.053333  0.421573  0
22.080000  0.421475  0
22.106667  0.421376  0
22.133333  0.421277  0
22.160000  0.421179  0
22.186667  0.421080  0
22.213333  0.420981  0
22.240000  0.420883  0
22.266667  0.420784  0
22.293333  0.420686  0
22.320000  0.420587  0
22.346667  0.420488  0
22.373333  0.420390  0
22.400000  0.420291  0
22.426667  0.420192  0
22.453333  0.420094  0
22.480000  0.419995  0
22.506667  0.419896  0
22.533333  0.419798  0
22.560000  0.419699  0
22.586667  0.419601  0
22.613333  0.419502  0
22.640000  0.419403  0
22.666667  0.419305  0
22.693333  0.419206  0
22.720000  0.419107  0
22.746667  0.419009  0
22.773333  0.418910  0
22.800000  0.418811  0
22.826667  0.418713  0
22.853333  0.418614  0
22.880000  0.418516  0
22.906667  0.418417  0
22.933333  0.418318  0
22.960000  0.418220  0
22.986667  0.418121  0
23.013333  0.418022  0
23.040000  0.417924  0
23.066667  0.417825  0
23.093333  0.417726  0
23.120000  0.417628  0
23.146667  0.417529  0
23.173333  0.417431  0
23.200000  0.417332  0
23.226667  0.417233  0
23.253333  0.417135  0
23.280000  0.417036  0
23.306667  0.416937  0
23.333333  0.416839  0
23.360000  0.416740  0
23.386667  0.416641  0
23.413333  0.416543  0
23.440000  0.416444  0
23.466667  0.416346  0
23.493333  0.416247  0
23.520000  0.416148  0
23.546667  0.416050  0
23.573333  0.415951  0
23.600000  0.415852  0
23.626667  0.415754  0
23.653333  0.415655  0
23.680000  0.415556  0
23.706667  0.415458  0
23.733333  0.415359  0
23.760000  0.415261  0
23.786667  0.415162  0
23.813333  0.415063  0
23.840000  0.414965  0
23.866667  0.414866  0
23.893333  0.414767  0
23.920000  0.414669  0
23.946667  0.414570  0
23.973333  0.414471  0
24.000000  0.414373  0
24.026667  0.414274  0
24.053333  0.414176  0
24.080000  0.414077  0
24.106667  0.413978  0
24.133333  0.413880  0
24.160000  0.413781  0
24.186667  0.413682  0
24.213333  0.413584  0
24.240000  0.413485  0
24.266667  0.413387  0
24.293333  0.413288  0
24.320000  0.413189  0
24.346667  0.413091  0
24.373333  0.412992  0
24.400000  0.412893  0
24.426667  0.412795  0
24.453333  0.412696  0
24.480000  0.412597  0
24.506667  0.412499  0
24.533333  0.412400  0
24.560000  0.412302  0
24.586667  0.412203  0
24.613333  0.412104  0
24.640000  0.412006  0
24.666667  0.411907  0
24.693333  0.411808  0
24.720000  0.411710  0
24.746667  0.411611  0
24.773333  0.411512  0
24.800000  0.411414  0
24.826667  0.411315  0
24.853333  0.411217  0
24.880000  0.411118  0
24.906667  0.411019  0
24.933333  0.410921  0
24.960000  0.410822  0
24.986667  0.410723  0
25.013333  0.410625  0
25.040000  0.410526  0
25.066667  0.410427  0
25.093333  0.410329  0
25.120000  0.410230  0
25.146667  0.410132  0
25.173333  0.410033  0
25.200000  0.409934  0
25.226667  0.409836  0
25.253333  0.409737  0
25.280000  0.409638  0
25.306667  0.409540  0
25.333333  0.409441  0
25.360000  0.409342  0
25.386667  0.409244  0
25.413333  0.409145  0
25.440000  0.409047  0
25.466667  0.408948  0
25.493333  0.408849  0
25.520000  0.408751  0
25.546667  0.408652  0
25.573333  0.408553  0
25.600000  0.408455  0
25.626667  0.408356  0
25.653333  0.408257  0
25.680000  0.408159  0
25.706667  0.408060  0
25.733333  0.407962  0
25.760000  0.407863  0
25.786667  0.407764  0
25.813333  0.407666  0
25.840000  0.407567  0
25.866667  0.407468  0
25.893333  0.407370  0
25.920000  0.407271  0
25.946667  0.407172  0
25.973333  0.407074  0
26.000000  0.406975  0
26.026667  0.406877  0
26.053333  0.406778  0
26.080000  0.406679  0
26.106667  0.406581  0
26.133333  0.406482  0
26.160000  0.406383  0
26.186667  0.406285  0
26.213333  0.406186  0
26.240000  0.406088  0
26.266667  0.405989  0
26.293333  0.405891  0
26.320000  0.405793  0
26.346667  0.405695  0
26.373333  0.405598  0
26.400000  0.405502  0
26.426667  0.405407  0
26.453333  0.405315  0
26.480000  0.405226  0
26.506667  0.405141  0
26.533333  0.405062  0
26.560000  0.404989  0
26.586667  0.404926  0
26.613333  0.404873  0
26.640000  0.404834  0
26.666667  0.404813  0
