2.320000  0.727613  0
2.346667  0.727403  0
2.373333  0.727006  0
2.400000  0.726463  0
2.426667  0.725819  0
2.453333  0.725111  0
2.480000  0.724370  0
2.506667  0.723612  0
2.533333  0.722847  0
2.560000  0.722080  0
2.586667  0.721311  0
2.613333  0.720542  0
2.640000  0.719773  0
2.666667  0.719003  0
2.693333  0.718230  0
2.720000  0.717453  0
2.746667  0.716665  0
2.773333  0.715858  0
2.800000  0.715022  0
2.826667  0.714145  0
2.853333  0.713218  0
2.880000  0.712236  0
2.906667  0.711202  0
2.933333  0.710123  0
2.960000  0.709010  0
2.986667  0.707875  0
3.013333  0.706727  0
3.040000  0.705571  0
3.066667  0.704413  0
3.093333  0.703253  0
3.120000  0.702091  0
3.146667  0.700927  0
3.173333  0.699755  0
3.200000  0.698567  0
3.226667  0.697348  0
3.253333  0.696071  0
3.280000  0.694705  0
3.306667  0.693216  0
3.333333  0.691576  0
3.360000  0.689774  0
3.386667  0.687817  0
3.413333  0.685729  0
3.440000  0.683544  0
3.466667  0.681294  0
3.493333  0.679007  0
3.520000  0.676700  0
3.546667  0.674385  0
3.573333  0.672066  0
3.600000  0.669747  0
3.626667  0.667430  0
3.653333  0.665118  0
3.680000  0.662820  0
3.706667  0.660548  0
3.733333  0.658323  0
3.760000  0.656171  0
3.786667  0.654119  0
3.813333  0.652188  0
3.840000  0.650387  0
3.866667  0.648710  0
3.893333  0.647135  0
3.920000  0.645636  0
3.946667  0.644185  0
3.973333  0.642760  0
4.000000  0.641340  0
4.026667  0.639909  0
4.053333  0.638440  0
4.080000  0.636902  0
4.106667  0.635253  0
4.133333  0.633445  0
4.160000  0.631441  0
4.186667  0.629221  0
4.213333  0.626789  0
4.240000  0.624177  0
4.266667  0.621433  0
4.293333  0.618612  0
4.320000  0.615768  0
4.346667  0.612950  0
4.373333  0.610201  0
4.400000  0.607555  0
4.426667  0.605034  0
4.453333  0.602640  0
4.480000  0.600362  0
4.506667  0.598178  0
4.533333  0.596060  0
4.560000  0.593984  0
4.586667  0.591933  0
4.613333  0.589897  0
4.640000  0.587874  0
4.666667  0.585867  0
4.693333  0.583881  0
4.720000  0.581924  0
4.746667  0.580005  0
4.773333  0.578127  0
4.800000  0.576293  0
4.826667  0.574501  0
4.853333  0.572744  0
4.880000  0.571015  0
4.906667  0.569307  0
4.933333  0.567614  0
4.960000  0.565930  0
4.986667  0.564252  0
5.013333  0.562578  0
5.040000  0.560908  0
5.066667  0.559242  0
5.093333  0.557581  0
5.120000  0.555927  0
5.146667  0.554281  0
5.173333  0.552647  0
5.200000  0.551025  0
5.226667  0.549419  0
5.253333  0.547828  0
5.280000  0.546253  0
5.306667  0.544694  0
5.333333  0.543148  0
5.360000  0.541614  0
5.386667  0.540090  0
5.413333  0.538573  0
5.440000  0.537062  0
5.466667  0.535554  0
5.493333  0.534050  0
5.520000  0.532548  0
5.546667  0.531049  0
5.573333  0.529553  0
5.600000  0.528064  0
5.626667  0.526584  0
5.653333  0.525119  0
5.680000  0.523674  0
5.706667  0.522258  0
5.733333  0.520878  0
5.760000  0.519542  0
5.786667  0.518258  0
5.813333  0.517031  0
5.840000  0.515863  0
5.866667  0.514752  0
5.893333  0.513694  0
5.920000  0.512683  0
5.946667  0.511711  0
5.973333  0.510770  0
6.000000  0.509852  0
6.026667  0.508950  0
6.053333  0.508058  0
6.080000  0.507174  0
6.106667  0.506293  0
6.133333  0.505415  0
6.160000  0.504538  0
6.186667  0.503661  0
6.213333  0.502785  0
6.240000  0.501909  0
6.266667  0.501033  0
6.293333  0.500157  0
6.320000  0.499281  0
6.346667  0.498405  0
6.373333  0.497529  0
6.400000  0.496652  0
6.426667  0.495776  0
6.453333  0.494899  0
6.480000  0.494021  0
6.506667  0.493142  0
6.533333  0.492261  0
6.560000  0.491378  0
6.586667  0.490493  0
6.613333  0.489604  0
6.640000  0.488713  0
6.666667  0.487817  0
6.693333  0.486918  0
6.720000  0.486015  0
6.746667  0.485110  0
6.773333  0.484201  0
6.800000  0.483290  0
6.826667  0.482378  0
6.853333  0.481465  0
6.880000  0.480550  0
6.906667  0.479636  0
6.933333  0.478720  0
6.960000  0.477805  0
6.986667  0.476890  0
7.013333  0.475974  0
7.040000  0.475058  0
7.066667  0.474143  0
7.093333  0.473228  0
7.120000  0.472312  0
7.146667  0.471397  0
7.173333  0.470483  0
7.200000  0.469570  0
7.226667  0.468657  0
7.253333  0.467747  0
7.280000  0.466839  0
7.306667  0.465934  0
7.333333  0.465033  0
7.360000  0.464137  0
7.386667  0.463246  0
7.413333  0.462360  0
7.440000  0.461479  0
7.466667  0.460603  0
7.493333  0.459731  0
7.520000  0.458862  0
7.546667  0.457996  0
7.573333  0.457132  0
7.600000  0.456270  0
7.626667  0.455408  0
7.653333  0.454547  0
7.680000  0.453687  0
7.706667  0.452826  0
7.733333  0.451966  0
7.760000  0.451106  0
7.786667  0.450246  0
7.813333  0.449386  0
7.840000  0.448526  0
7.866667  0.447665  0
7.893333  0.446805  0
7.920000  0.445944  0
7.946667  0.445082  0
7.973333  0.444220  0
8.000000  0.443357  0
8.026667  0.442493  0
8.053333  0.441627  0
8.080000  0.440759  0
8.106667  0.439890  0
8.133333  0.439018  0
8.160000  0.438145  0
8.186667  0.437270  0
8.213333  0.436393  0
8.240000  0.435514  0
8.266667  0.434633  0
8.293333  0.433750  0
8.320000  0.432862  0
8.346667  0.431969  0
8.373333  0.431066  0
8.400000  0.430149  0
8.426667  0.429214  0
8.453333  0.428257  0
8.480000  0.427276  0
8.506667  0.426275  0
8.533333  0.425261  0
8.560000  0.424252  0
8.586667  0.423269  0
8.613333  0.422341  0
8.640000  0.421491  0
8.666667  0.420741  0
8.693333  0.420097  0
8.720000  0.419555  0
8.746667  0.419092  0
8.773333  0.418678  0
8.800000  0.418275  0
8.826667  0.417850  0
8.853333  0.417381  0
8.880000  0.416860  0
8.906667  0.416299  0
8.933333  0.415725  0
8.960000  0.415172  0
8.986667  0.414679  0
9.013333  0.414276  0
9.040000  0.413983  0
9.066667  0.413805  0
9.093333  0.413733  0
9.120000  0.413747  0
9.146667  0.413823  0
9.173333  0.413933  0
9.200000  0.414054  0
9.226667  0.414165  0
9.253333  0.414251  0
9.280000  0.414302  0
9.306667  0.414313  0
9.333333  0.414280  0
9.360000  0.414205  0
9.386667  0.414090  0
9.413333  0.413942  0
9.440000  0.413769  0
9.466667  0.413579  0
9.493333  0.413381  0
9.520000  0.413182  0
9.546667  0.412990  0
9.573333  0.412808  0
9.600000  0.412638  0
9.626667  0.412479  0
9.653333  0.412329  0
9.680000  0.412183  0
9.706667  0.412035  0
9.733333  0.411878  0
9.760000  0.411705  0
9.786667  0.411507  0
9.813333  0.411275  0
9.840000  0.411003  0
9.866667  0.410685  0
9.893333  0.410318  0
9.920000  0.409902  0
9.946667  0.409443  0
9.973333  0.408951  0
10.000000  0.408441  0
10.026667  0.407930  0
10.053333  0.407438  0
10.080000  0.406987  0
10.106667  0.406592  0
10.133333  0.406265  0
10.160000  0.406009  0
10.186667  0.405820  0
10.213333  0.405683  0
10.240000  0.405582  0
10.266667  0.405492  0
10.293333  0.405395  0
10.320000  0.405271  0
10.346667  0.405109  0
10.373333  0.404907  0
10.400000  0.404665  0
10.426667  0.404390  0
10.453333  0.404093  0
10.480000  0.403783  0
10.506667  0.403468  0
10.533333  0.403155  0
10.560000  0.402850  0
10.586667  0.402554  0
10.613333  0.402271  0
10.640000  0.402002  0
10.666667  0.401748  0
10.693333  0.401513  0
10.720000  0.401296  0
10.746667  0.401099  0
10.773333  0.400921  0
10.800000  0.400759  0
10.826667  0.400609  0
10.853333  0.400466  0
10.880000  0.400326  0
10.906667  0.400183  0
10.933333  0.400033  0
10.960000  0.399875  0
10.986667  0.399709  0
11.013333  0.399537  0
11.040000  0.399363  0
11.066667  0.399191  0
11.093333  0.399026  0
11.120000  0.398875  0
11.146667  0.398739  0
11.173333  0.398623  0
11.200000  0.398526  0
11.226667  0.398448  0
11.253333  0.398388  0
11.280000  0.398343  0
11.306667  0.398310  0
11.333333  0.398287  0
11.360000  0.398272  0
11.386667  0.398261  0
11.413333  0.398255  0
11.440000  0.398250  0
11.466667  0.398246  0
11.493333  0.398243  0
11.520000  0.398239  0
11.546667  0.398235  0
11.573333  0.398230  0
11.600000  0.398225  0
11.626667  0.398220  0
11.653333  0.398215  0
11.680000  0.398210  0
11.706667  0.398207  0
11.733333  0.398204  0
11.760000  0.398203  0
11.786667  0.398202  0
11.813333  0.398200  0
11.840000  0.398195  0
11.866667  0.398185  0
11.893333  0.398167  0
11.920000  0.398138  0
11.946667  0.398095  0
11.973333  0.398034  0
12.000000  0.397955  0
12.026667  0.397854  0
12.053333  0.397733  0
12.080000  0.397593  0
12.106667  0.397437  0
12.133333  0.397268  0
12.160000  0.397091  0
12.186667  0.396910  0
12.213333  0.396729  0
12.240000  0.396549  0
12.266667  0.396371  0
12.293333  0.396195  0
12.320000  0.396019  0
12.346667  0.395841  0
12.373333  0.395657  0
12.400000  0.395468  0
12.426667  0.395274  0
12.453333  0.395075  0
12.480000  0.394875  0
12.506667  0.394676  0
12.533333  0.394482  0
12.560000  0.394296  0
12.586667  0.394120  0
12.613333  0.393954  0
12.640000  0.393797  0
12.666667  0.393647  0
12.693333  0.393502  0
12.720000  0.393358  0
12.746667  0.393213  0
12.773333  0.393064  0
12.800000  0.392910  0
12.826667  0.392750  0
12.853333  0.392584  0
12.880000  0.392413  0
12.906667  0.392240  0
12.933333  0.392069  0
12.960000  0.391902  0
12.986667  0.391745  0
13.013333  0.391602  0
13.040000  0.391476  0
13.066667  0.391370  0
13.093333  0.391283  0
13.120000  0.391214  0
13.146667  0.391161  0
13.173333  0.391119  0
13.200000  0.391082  0
13.226667  0.391046  0
13.253333  0.391006  0
13.280000  0.390958  0
13.306667  0.390900  0
13.333333  0.390831  0
13.360000  0.390751  0
13.386667  0.390662  0
13.413333  0.390565  0
13.440000  0.390460  0
13.466667  0.390348  0
13.493333  0.390231  0
13.520000  0.390108  0
13.546667  0.389980  0
13.573333  0.389847  0
13.600000  0.389711  0
13.626667  0.389572  0
13.653333  0.389432  0
13.680000  0.389293  0
13.706667  0.389158  0
13.733333  0.389029  0
13.760000  0.388908  0
13.786667  0.388797  0
13.813333  0.388698  0
13.840000  0.388609  0
13.866667  0.388529  0
13.893333  0.388454  0
13.920000  0.388380  0
13.946667  0.388301  0
13.973333  0.388212  0
14.000000  0.388107  0
14.026667  0.387984  0
14.053333  0.387839  0
14.080000  0.387674  0
14.106667  0.387491  0
14.133333  0.387291  0
14.160000  0.387078  0
14.186667  0.386854  0
14.213333  0.386617  0
14.240000  0.386368  0
14.266667  0.386101  0
14.293333  0.385813  0
14.320000  0.385500  0
14.346667  0.385159  0
14.373333  0.384792  0
14.400000  0.384402  0
14.426667  0.384000  0
14.453333  0.383595  0
14.480000  0.383201  0
14.506667  0.382831  0
14.533333  0.382494  0
14.560000  0.382195  0
14.586667  0.381937  0
14.613333  0.381716  0
14.640000  0.381524  0
14.666667  0.381354  0
14.693333  0.381198  0
14.720000  0.381049  0
14.746667  0.380904  0
14.773333  0.380763  0
14.800000  0.380629  0
14.826667  0.380504  0
14.853333  0.380393  0
14.880000  0.380295  0
14.906667  0.380212  0
14.933333  0.380139  0
14.960000  0.380072  0
14.986667  0.380006  0
15.013333  0.379937  0
15.040000  0.379863  0
15.066667  0.379783  0
15.093333  0.379698  0
15.120000  0.379609  0
15.146667  0.379518  0
15.173333  0.379425  0
15.200000  0.379332  0
15.226667  0.379238  0
15.253333  0.379145  0
15.280000  0.379051  0
15.306667  0.378957  0
15.333333  0.378863  0
15.360000  0.378769  0
15.386667  0.378675  0
15.413333  0.378581  0
15.440000  0.378488  0
15.466667  0.378394  0
15.493333  0.378300  0
15.520000  0.378206  0
15.546667  0.378112  0
15.573333  0.378018  0
15.600000  0.377924  0
15.626667  0.377831  0
15.653333  0.377737  0
15.680000  0.377643  0
15.706667  0.377549  0
15.733333  0.377455  0
15.760000  0.377361  0
15.786667  0.377267  0
15.813333  0.377174  0
15.840000  0.377080  0
15.866667  0.376986  0
15.893333  0.376892  0
15.920000  0.376798  0
15.946667  0.376704  0
15.973333  0.376610  0
16.000000  0.376516  0
16.026667  0.376423  0
16.053333  0.376329  0
16.080000  0.376235  0
16.106667  0.376141  0
16.133333  0.376047  0
16.160000  0.375953  0
16.186667  0.375859  0
16.213333  0.375766  0
16.240000  0.375672  0
16.266667  0.375578  0
16.293333  0.375484  0
16.320000  0.375390  0
16.346667  0.375296  0
16.373333  0.375202  0
16.400000  0.375109  0
16.426667  0.375015  0
16.453333  0.374921  0
16.480000  0.374827  0
16.506667  0.374733  0
16.533333  0.374639  0
16.560000  0.374545  0
16.586667  0.374452  0
16.613333  0.374358  0
16.640000  0.374264  0
16.666667  0.374170  0
16.693333  0.374076  0
16.720000  0.373982  0
16.746667  0.373888  0
16.773333  0.373794  0
16.800000  0.373701  0
16.826667  0.373607  0
16.853333  0.373513  0
16.880000  0.373419  0
16.906667  0.373325  0
16.933333  0.373231  0
16.960000  0.373137  0
16.986667  0.373044  0
17.013333  0.372950  0
17.040000  0.372856  0
17.066667  0.372762  0
17.093333  0.372668  0
17.120000  0.372574  0
17.146667  0.372480  0
17.173333  0.372387  0
17.200000  0.372293  0
17.226667  0.372199  0
17.253333  0.372105  0
17.280000  0.372011  0
17.306667  0.371917  0
17.333333  0.371823  0
17.360000  0.371730  0
17.386667  0.371636  0
17.413333  0.371542  0
17.440000  0.371448  0
17.466667  0.371354  0
17.493333  0.371260  0
17.520000  0.371166  0
17.546667  0.371072  0
17.573333  0.370979  0
17.600000  0.370885  0
17.626667  0.370791  0
17.653333  0.370697  0
17.680000  0.370603  0
17.706667  0.370509  0
17.733333  0.370415  0
17.760000  0.370322  0
17.786667  0.370228  0
17.813333  0.370134  0
17.840000  0.370040  0
17.866667  0.369946  0
17.893333  0.369852  0
17.920000  0.369758  0
17.946667  0.369665  0
17.973333  0.369571  0
18.000000  0.369477  0
18.026667  0.369383  0
18.053333  0.369289  0
18.080000  0.369195  0
18.106667  0.369101  0
18.133333  0.369007  0
18.160000  0.368914  0
18.186667  0.368820  0
18.213333  0.368726  0
18.240000  0.368632  0
18.266667  0.368538  0
18.293333  0.368444  0
18.320000  0.368350  0
18.346667  0.368257  0
18.373333  0.368163  0
18.400000  0.368069  0
18.426667  0.367975  0
18.453333  0.367881  0
18.480000  0.367787  0
18.506667  0.367693  0
18.533333  0.367600  0
18.560000  0.367506  0
18.586667  0.367412  0
18.613333  0.367318  0
18.640000  0.367224  0
18.666667  0.367130  0
18.693333  0.367036  0
18.720000  0.366943  0
18.746667  0.366849  0
18.773333  0.366755  0
18.800000  0.366661  0
18.826667  0.366567  0
18.853333  0.366473  0
18.880000  0.366379  0
18.906667  0.366285  0
18.933333  0.366192  0
18.960000  0.366098  0
18.986667  0.366004  0
19.013333  0.365910  0
19.040000  0.365816  0
19.066667  0.365722  0
19.093333  0.365628  0
19.120000  0.365535  0
19.146667  0.365441  0
19.173333  0.365347  0
19.200000  0.365253  0
19.226667  0.365159  0
19.253333  0.365065  0
19.280000  0.364971  0
19.306667  0.364878  0
19.333333  0.364784  0
19.360000  0.364690  0
19.386667  0.364596  0
19.413333  0.364502  0
19.440000  0.364408  0
19.466667  0.364314  0
19.493333  0.364221  0
19.520000  0.364127  0
19.546667  0.364033  0
19.573333  0.363939  0
19.600000  0.363845  0
19.626667  0.363751  0
19.653333  0.363657  0
19.680000  0.363563  0
19.706667  0.363470  0
19.733333  0.363376  0
19.760000  0.363282  0
19.786667  0.363188  0
19.813333  0.363094  0
19.840000  0.363000  0
19.866667  0.362906  0
19.893333  0.362813  0
19.920000  0.362719  0
19.946667  0.362625  0
19.973333  0.362531  0
20.000000  0.362437  0
20.026667  0.362343  0
20.053333  0.362249  0
20.080000  0.362156  0
20.106667  0.362062  0
20.133333  0.361968  0
20.160000  0.361874  0
20.186667  0.361780  0
20.213333  0.361686  0
20.240000  0.361592  0
20.266667  0.361499  0
20.293333  0.361405  0
20.320000  0.361311  0
20.346667  0.361217  0
20.373333  0.361123  0
20.400000  0.361029  0
20.426667  0.360935  0
20.453333  0.360841  0
20.480000  0.360748  0
20.506667  0.360654  0
20.533333  0.360560  0
20.560000  0.360466  0
20.586667  0.360372  0
20.613333  0.360278  0
20.640000  0.360184  0
20.666667  0.360091  0
20.693333  0.359997  0
20.720000  0.359903  0
20.746667  0.359809  0
20.773333  0.359715  0
20.800000  0.359621  0
20.826667  0.359527  0
20.853333  0.359434  0
20.880000  0.359340  0
20.906667  0.359246  0
20.933333  0.359152  0
20.960000  0.359058  0
20.986667  0.358964  0
21.013333  0.358870  0
21.040000  0.358777  0
21.066667  0.358683  0
21.093333  0.358589  0
21.120000  0.358495  0
21.146667  0.358401  0
21.173333  0.358307  0
21.200000  0.358213  0
21.226667  0.358119  0
21.253333  0.358026  0
21.280000  0.357932  0
21.306667  0.357838  0
21.333333  0.357744  0
21.360000  0.357650  0
21.386667  0.357556  0
21.413333  0.357462  0
21.440000  0.357369  0
21.466667  0.357275  0
21.493333  0.357181  0
21.520000  0.357087  0
21.546667  0.356993  0
21.573333  0.356899  0
21.600000  0.356805  0
21.626667  0.356712  0
21.653333  0.356618  0
21.680000  0.356524  0
21.706667  0.356430  0
21.733333  0.356336  0
21.760000  0.356242  0
21.786667  0.356148  0
21.813333  0.356055  0
21.840000  0.355961  0
21.866667  0.355867  0
21.893333  0.355773  0
21.920000  0.355679  0
21.946667  0.355585  0
21.973333  0.355491  0
22.000000  0.355397  0
22.026667  0.355304  0
22.053333  0.355210  0
22.080000  0.355116  0
22.106667  0.355022  0
22.133333  0.354928  0
22.160000  0.354834  0
22.186667  0.354740  0
22.213333  0.354647  0
22.240000  0.354553  0
22.266667  0.354459  0
22.293333  0.354365  0
22.320000  0.354271  0
22.346667  0.354177  0
22.373333  0.354083  0
22.400000  0.353990  0
22.426667  0.353896  0
22.453333  0.353802  0
22.480000  0.353708  0
22.506667  0.353614  0
22.533333  0.353520  0
22.560000  0.353426  0
22.586667  0.353333  0
22.613333  0.353239  0
22.640000  0.353145  0
22.666667  0.353051  0
22.693333  0.352957  0
22.720000  0.352863  0
22.746667  0.352769  0
22.773333  0.352675  0
22.800000  0.352582  0
22.826667  0.352488  0
22.853333  0.352394  0
22.880000  0.352300  0
22.906667  0.352206  0
22.933333  0.352112  0
22.960000  0.352018  0
22.986667  0.351925  0
23.013333  0.351831  0
23.040000  0.351737  0
23.066667  0.351643  0
23.093333  0.351549  0
23.120000  0.351455  0
23.146667  0.351361  0
23.173333  0.351268  0
23.200000  0.351174  0
23.226667  0.351080  0
23.253333  0.350986  0
23.280000  0.350892  0
23.306667  0.350798  0
23.333333  0.350704  0
23.360000  0.350611  0
23.386667  0.350517  0
23.413333  0.350423  0
23.440000  0.350329  0
23.466667  0.350235  0
23.493333  0.350141  0
23.520000  0.350047  0
23.546667  0.349953  0
23.573333  0.349860  0
23.600000  0.349766  0
23.626667  0.349672  0
23.653333  0.349578  0
23.680000  0.349484  0
23.706667  0.349391  0
23.733333  0.349298  0
23.760000  0.349206  0
23.786667  0.349116  0
23.813333  0.349032  0
23.840000  0.348955  0
23.866667  0.348892  0
23.893333  0.348846  0
23.920000  0.348821  0
