2.666667  0.787898  0
2.693333  0.787632  0
2.720000  0.787112  0
2.746667  0.786356  0
2.773333  0.785393  0
2.800000  0.784253  0
2.826667  0.782971  0
2.853333  0.781576  0
2.880000  0.780097  0
2.906667  0.778558  0
2.933333  0.776975  0
2.960000  0.775363  0
2.986667  0.773729  0
3.013333  0.772080  0
3.040000  0.770415  0
3.066667  0.768735  0
3.093333  0.767036  0
3.120000  0.765313  0
3.146667  0.763561  0
3.173333  0.761774  0
3.200000  0.759945  0
3.226667  0.758070  0
3.253333  0.756145  0
3.280000  0.754168  0
3.306667  0.752140  0
3.333333  0.750063  0
3.360000  0.747940  0
3.386667  0.745778  0
3.413333  0.743583  0
3.440000  0.741361  0
3.466667  0.739118  0
3.493333  0.736860  0
3.520000  0.734590  0
3.546667  0.732313  0
3.573333  0.730032  0
3.600000  0.727748  0
3.626667  0.725464  0
3.653333  0.723182  0
3.680000  0.720905  0
3.706667  0.718637  0
3.733333  0.716385  0
3.760000  0.714159  0
3.786667  0.711970  0
3.813333  0.709835  0
3.840000  0.707772  0
3.866667  0.705802  0
3.893333  0.703943  0
3.920000  0.702211  0
3.946667  0.700610  0
3.973333  0.699136  0
4.000000  0.697770  0
4.026667  0.696481  0
4.053333  0.695229  0
4.080000  0.693974  0
4.106667  0.692680  0
4.133333  0.691326  0
4.160000  0.689908  0
4.186667  0.688443  0
4.213333  0.686959  0
4.240000  0.685493  0
4.266667  0.684076  0
4.293333  0.682725  0
4.320000  0.681432  0
4.346667  0.680168  0
4.373333  0.678880  0
4.400000  0.677502  0
4.426667  0.675965  0
4.453333  0.674208  0
4.480000  0.672186  0
4.506667  0.669874  0
4.533333  0.667271  0
4.560000  0.664398  0
4.586667  0.661292  0
4.613333  0.658002  0
4.640000  0.654589  0
4.666667  0.651115  0
4.693333  0.647641  0
4.720000  0.644227  0
4.746667  0.640925  0
4.773333  0.637780  0
4.800000  0.634827  0
4.826667  0.632096  0
4.853333  0.629610  0
4.880000  0.627384  0
4.906667  0.625431  0
4.933333  0.623758  0
4.960000  0.622368  0
4.986667  0.621253  0
5.013333  0.620398  0
5.040000  0.619779  0
5.066667  0.619362  0
5.093333  0.619102  0
5.120000  0.618951  0
5.146667  0.618857  0
5.173333  0.618767  0
5.200000  0.618632  0
5.226667  0.618408  0
5.253333  0.618063  0
5.280000  0.617575  0
5.306667  0.616933  0
5.333333  0.616140  0
5.360000  0.615213  0
5.386667  0.614178  0
5.413333  0.613071  0
5.440000  0.611935  0
5.466667  0.610814  0
5.493333  0.609749  0
5.520000  0.608774  0
5.546667  0.607915  0
5.573333  0.607183  0
5.600000  0.606578  0
5.626667  0.606090  0
5.653333  0.605701  0
5.680000  0.605386  0
5.706667  0.605123  0
5.733333  0.604889  0
5.760000  0.604666  0
5.786667  0.604443  0
5.813333  0.604208  0
5.840000  0.603957  0
5.866667  0.603684  0
5.893333  0.603385  0
5.920000  0.603056  0
5.946667  0.602691  0
5.973333  0.602286  0
6.000000  0.601838  0
6.026667  0.601348  0
6.053333  0.600819  0
6.080000  0.600260  0
6.106667  0.599677  0
6.133333  0.599083  0
6.160000  0.598484  0
6.186667  0.597886  0
6.213333  0.597292  0
6.240000  0.596699  0
6.266667  0.596101  0
6.293333  0.595491  0
6.320000  0.594862  0
6.346667  0.594205  0
6.373333  0.593514  0
6.400000  0.592784  0
6.426667  0.592014  0
6.453333  0.591202  0
6.480000  0.590352  0
6.506667  0.589469  0
6.533333  0.588562  0
6.560000  0.587641  0
6.586667  0.586720  0
6.613333  0.585814  0
6.640000  0.584938  0
6.666667  0.584105  0
6.693333  0.583326  0
6.720000  0.582604  0
6.746667  0.581941  0
6.773333  0.581330  0
6.800000  0.580761  0
6.826667  0.580220  0
6.853333  0.579692  0
6.880000  0.579162  0
6.906667  0.578621  0
6.933333  0.578065  0
6.960000  0.577496  0
6.986667  0.576924  0
7.013333  0.576366  0
7.040000  0.575839  0
7.066667  0.575362  0
7.093333  0.574948  0
7.120000  0.574606  0
7.146667  0.574337  0
7.173333  0.574135  0
7.200000  0.573986  0
7.226667  0.573874  0
7.253333  0.573782  0
7.280000  0.573692  0
7.306667  0.573586  0
7.333333  0.573453  0
7.360000  0.573283  0
7.386667  0.573069  0
7.413333  0.572809  0
7.440000  0.572503  0
7.466667  0.572153  0
7.493333  0.571761  0
7.520000  0.571330  0
7.546667  0.570860  0
7.573333  0.570349  0
7.600000  0.569795  0
7.626667  0.569197  0
7.653333  0.568551  0
7.680000  0.567860  0
7.706667  0.567127  0
7.733333  0.566359  0
7.760000  0.565566  0
7.786667  0.564759  0
7.813333  0.563948  0
7.840000  0.563140  0
7.866667  0.562340  0
7.893333  0.561548  0
7.920000  0.560762  0
7.946667  0.559977  0
7.973333  0.559187  0
8.000000  0.558388  0
8.026667  0.557578  0
8.053333  0.556757  0
8.080000  0.555927  0
8.106667  0.555095  0
8.133333  0.554265  0
8.160000  0.553445  0
8.186667  0.552638  0
8.213333  0.551847  0
8.240000  0.551074  0
8.266667  0.550316  0
8.293333  0.549570  0
8.320000  0.548832  0
8.346667  0.548098  0
8.373333  0.547365  0
8.400000  0.546630  0
8.426667  0.545892  0
8.453333  0.545151  0
8.480000  0.544410  0
8.506667  0.543669  0
8.533333  0.542930  0
8.560000  0.542195  0
8.586667  0.541467  0
8.613333  0.540747  0
8.640000  0.540041  0
8.666667  0.539354  0
8.693333  0.538690  0
8.720000  0.538055  0
8.746667  0.537451  0
8.773333  0.536881  0
8.800000  0.536341  0
8.826667  0.535826  0
8.853333  0.535329  0
8.880000  0.534842  0
8.906667  0.534354  0
8.933333  0.533860  0
8.960000  0.533355  0
8.986667  0.532837  0
9.013333  0.532307  0
9.040000  0.531770  0
9.066667  0.531230  0
9.093333  0.530691  0
9.120000  0.530159  0
9.146667  0.529637  0
9.173333  0.529127  0
9.200000  0.528629  0
9.226667  0.528147  0
9.253333  0.527679  0
9.280000  0.527228  0
9.306667  0.526798  0
9.333333  0.526389  0
9.360000  0.526008  0
9.386667  0.525655  0
9.413333  0.525332  0
9.440000  0.525036  0
9.466667  0.524765  0
9.493333  0.524511  0
9.520000  0.524267  0
9.546667  0.524023  0
9.573333  0.523773  0
9.600000  0.523510  0
9.626667  0.523231  0
9.653333  0.522934  0
9.680000  0.522620  0
9.706667  0.522292  0
9.733333  0.521953  0
9.760000  0.521609  0
9.786667  0.521264  0
9.813333  0.520923  0
9.840000  0.520590  0
9.866667  0.520269  0
9.893333  0.519961  0
9.920000  0.519664  0
9.946667  0.519376  0
9.973333  0.519092  0
10.000000  0.518806  0
10.026667  0.518512  0
10.053333  0.518204  0
10.080000  0.517879  0
10.106667  0.517533  0
10.133333  0.517165  0
10.160000  0.516775  0
10.186667  0.516363  0
10.213333  0.515929  0
10.240000  0.515474  0
10.266667  0.515000  0
10.293333  0.514510  0
10.320000  0.514007  0
10.346667  0.513499  0
10.373333  0.512992  0
10.400000  0.512496  0
10.426667  0.512018  0
10.453333  0.511567  0
10.480000  0.511148  0
10.506667  0.510765  0
10.533333  0.510417  0
10.560000  0.510100  0
10.586667  0.509811  0
10.613333  0.509541  0
10.640000  0.509284  0
10.666667  0.509034  0
10.693333  0.508788  0
10.720000  0.508543  0
10.746667  0.508300  0
10.773333  0.508062  0
10.800000  0.507831  0
10.826667  0.507613  0
10.853333  0.507413  0
10.880000  0.507234  0
10.906667  0.507081  0
10.933333  0.506959  0
10.960000  0.506868  0
10.986667  0.506808  0
11.013333  0.506776  0
11.040000  0.506766  0
11.066667  0.506770  0
11.093333  0.506780  0
11.120000  0.506787  0
11.146667  0.506782  0
11.173333  0.506760  0
11.200000  0.506719  0
11.226667  0.506658  0
11.253333  0.506579  0
11.280000  0.506485  0
11.306667  0.506378  0
11.333333  0.506263  0
11.360000  0.506141  0
11.386667  0.506013  0
11.413333  0.505878  0
11.440000  0.505736  0
11.466667  0.505585  0
11.493333  0.505427  0
11.520000  0.505262  0
11.546667  0.505094  0
11.573333  0.504928  0
11.600000  0.504769  0
11.626667  0.504621  0
11.653333  0.504484  0
11.680000  0.504357  0
11.706667  0.504231  0
11.733333  0.504095  0
11.760000  0.503934  0
11.786667  0.503731  0
11.813333  0.503473  0
11.840000  0.503146  0
11.866667  0.502747  0
11.893333  0.502275  0
11.920000  0.501737  0
11.946667  0.501145  0
11.973333  0.500516  0
12.000000  0.499865  0
12.026667  0.499209  0
12.053333  0.498562  0
12.080000  0.497934  0
12.106667  0.497332  0
12.133333  0.496759  0
12.160000  0.496219  0
12.186667  0.495709  0
12.213333  0.495230  0
12.240000  0.494779  0
12.266667  0.494356  0
12.293333  0.493959  0
12.320000  0.493589  0
12.346667  0.493248  0
12.373333  0.492935  0
12.400000  0.492654  0
12.426667  0.492407  0
12.453333  0.492196  0
12.480000  0.492022  0
12.506667  0.491885  0
12.533333  0.491783  0
12.560000  0.491711  0
12.586667  0.491661  0
12.613333  0.491624  0
12.640000  0.491592  0
12.666667  0.491556  0
12.693333  0.491507  0
12.720000  0.491442  0
12.746667  0.491357  0
12.773333  0.491252  0
12.800000  0.491127  0
12.826667  0.490981  0
12.853333  0.490814  0
12.880000  0.490622  0
12.906667  0.490404  0
12.933333  0.490158  0
12.960000  0.489883  0
12.986667  0.489581  0
13.013333  0.489258  0
13.040000  0.488921  0
13.066667  0.488579  0
13.093333  0.488239  0
13.120000  0.487908  0
13.146667  0.487590  0
13.173333  0.487282  0
13.200000  0.486981  0
13.226667  0.486677  0
13.253333  0.486362  0
13.280000  0.486029  0
13.306667  0.485670  0
13.333333  0.485283  0
13.360000  0.484870  0
13.386667  0.484436  0
13.413333  0.483990  0
13.440000  0.483541  0
13.466667  0.483100  0
13.493333  0.482676  0
13.520000  0.482276  0
13.546667  0.481906  0
13.573333  0.481566  0
13.600000  0.481258  0
13.626667  0.480978  0
13.653333  0.480720  0
13.680000  0.480476  0
13.706667  0.480236  0
13.733333  0.479987  0
13.760000  0.479719  0
13.786667  0.479425  0
13.813333  0.479100  0
13.840000  0.478748  0
13.866667  0.478378  0
13.893333  0.478005  0
13.920000  0.477647  0
13.946667  0.477325  0
13.973333  0.477054  0
14.000000  0.476848  0
14.026667  0.476713  0
14.053333  0.476646  0
14.080000  0.476642  0
14.106667  0.476685  0
14.133333  0.476761  0
14.160000  0.476850  0
14.186667  0.476934  0
14.213333  0.476993  0
14.240000  0.477012  0
14.266667  0.476976  0
14.293333  0.476876  0
14.320000  0.476708  0
14.346667  0.476472  0
14.373333  0.476174  0
14.400000  0.475823  0
14.426667  0.475431  0
14.453333  0.475011  0
14.480000  0.474576  0
14.506667  0.474138  0
14.533333  0.473708  0
14.560000  0.473293  0
14.586667  0.472898  0
14.613333  0.472528  0
14.640000  0.472185  0
14.666667  0.471874  0
14.693333  0.471599  0
14.720000  0.471366  0
14.746667  0.471181  0
14.773333  0.471050  0
14.800000  0.470976  0
14.826667  0.470956  0
14.853333  0.470985  0
14.880000  0.471051  0
14.906667  0.471137  0
14.933333  0.471223  0
14.960000  0.471293  0
14.986667  0.471332  0
15.013333  0.471213  0
15.040000  0.471095  0
15.066667  0.470977  0
15.093333  0.470859  0
15.120000  0.470740  0
15.146667  0.470622  0
15.173333  0.470504  0
15.200000  0.470386  0
15.226667  0.470267  0
15.253333  0.470149  0
15.280000  0.470031  0
15.306667  0.469913  0
15.333333  0.469794  0
15.360000  0.469676  0
15.386667  0.469558  0
15.413333  0.469439  0
15.440000  0.469321  0
15.466667  0.469203  0
15.493333  0.469085  0
15.520000  0.468966  0
15.546667  0.468848  0
15.573333  0.468730  0
15.600000  0.468612  0
15.626667  0.468493  0
15.653333  0.468375  0
15.680000  0.468257  0
15.706667  0.468139  0
15.733333  0.468020  0
15.760000  0.467902  0
15.786667  0.467784  0
15.813333  0.467666  0
15.840000  0.467547  0
15.866667  0.467429  0
15.893333  0.467311  0
15.920000  0.467193  0
15.946667  0.467074  0
15.973333  0.466956  0
16.000000  0.466838  0
16.026667  0.466720  0
16.053333  0.466601  0
16.080000  0.466483  0
16.106667  0.466365  0
16.133333  0.466247  0
16.160000  0.466128  0
16.186667  0.466010  0
16.213333  0.465892  0
16.240000  0.465774  0
16.266667  0.465655  0
16.293333  0.465537  0
16.320000  0.465419  0
16.346667  0.465301  0
16.373333  0.465182  0
16.400000  0.465064  0
16.426667  0.464946  0
16.453333  0.464828  0
16.480000  0.464709  0
16.506667  0.464591  0
16.533333  0.464473  0
16.560000  0.464354  0
16.586667  0.464236  0
16.613333  0.464118  0
16.640000  0.464000  0
16.666667  0.463881  0
16.693333  0.463763  0
16.720000  0.463645  0
16.746667  0.463527  0
16.773333  0.463408  0
16.800000  0.463290  0
16.826667  0.463172  0
16.853333  0.463054  0
16.880000  0.462935  0
16.906667  0.462817  0
16.933333  0.462699  0
16.960000  0.462581  0
16.986667  0.462462  0
17.013333  0.462344  0
17.040000  0.462226  0
17.066667  0.462108  0
17.093333  0.461989  0
17.120000  0.461871  0
17.146667  0.461753  0
17.173333  0.461635  0
17.200000  0.461516  0
17.226667  0.461398  0
17.253333  0.461280  0
17.280000  0.461162  0
17.306667  0.461043  0
17.333333  0.460925  0
17.360000  0.460807  0
17.386667  0.460689  0
17.413333  0.460570  0
17.440000  0.460452  0
17.466667  0.460334  0
17.493333  0.460216  0
17.520000  0.460097  0
17.546667  0.459979  0
17.573333  0.459861  0
17.600000  0.459743  0
17.626667  0.459624  0
17.653333  0.459506  0
17.680000  0.459388  0
17.706667  0.459270  0
17.733333  0.459151  0
17.760000  0.459033  0
17.786667  0.458915  0
17.813333  0.458796  0
17.840000  0.458678  0
17.866667  0.458560  0
17.893333  0.458442  0
17.920000  0.458323  0
17.946667  0.458205  0
17.973333  0.458087  0
18.000000  0.457969  0
18.026667  0.457850  0
18.053333  0.457732  0
18.080000  0.457614  0
18.106667  0.457496  0
18.133333  0.457377  0
18.160000  0.457259  0
18.186667  0.457141  0
18.213333  0.457023  0
18.240000  0.456904  0
18.266667  0.456786  0
18.293333  0.456668  0
18.320000  0.456550  0
18.346667  0.456431  0
18.373333  0.456313  0
18.400000  0.456195  0
18.426667  0.456077  0
18.453333  0.455958  0
18.480000  0.455840  0
18.506667  0.455722  0
18.533333  0.455604  0
18.560000  0.455485  0
18.586667  0.455367  0
18.613333  0.455249  0
18.640000  0.455131  0
18.666667  0.455012  0
18.693333  0.454894  0
18.720000  0.454776  0
18.746667  0.454658  0
18.773333  0.454539  0
18.800000  0.454421  0
18.826667  0.454303  0
18.853333  0.454185  0
18.880000  0.454066  0
18.906667  0.453948  0
18.933333  0.453830  0
18.960000  0.453712  0
18.986667  0.453593  0
19.013333  0.453475  0
19.040000  0.453357  0
19.066667  0.453238  0
19.093333  0.453120  0
19.120000  0.453002  0
19.146667  0.452884  0
19.173333  0.452765  0
19.200000  0.452647  0
19.226667  0.452529  0
19.253333  0.452411  0
19.280000  0.452292  0
19.306667  0.452174  0
19.333333  0.452056  0
19.360000  0.451938  0
19.386667  0.451819  0
19.413333  0.451701  0
19.440000  0.451583  0
19.466667  0.451465  0
19.493333  0.451346  0
19.520000  0.451228  0
19.546667  0.451110  0
19.573333  0.450992  0
19.600000  0.450873  0
19.626667  0.450755  0
19.653333  0.450637  0
19.680000  0.450519  0
19.706667  0.450400  0
19.733333  0.450282  0
19.760000  0.450164  0
19.786667  0.450046  0
19.813333  0.449927  0
19.840000  0.449809  0
19.866667  0.449691  0
19.893333  0.449573  0
19.920000  0.449454  0
19.946667  0.449336  0
19.973333  0.449218  0
20.000000  0.449100  0
20.026667  0.448981  0
20.053333  0.448863  0
20.080000  0.448745  0
20.106667  0.448627  0
20.133333  0.448508  0
20.160000  0.448390  0
20.186667  0.448272  0
20.213333  0.448153  0
20.240000  0.448035  0
20.266667  0.447917  0
20.293333  0.447799  0
20.320000  0.447680  0
20.346667  0.447562  0
20.373333  0.447444  0
20.400000  0.447326  0
20.426667  0.447207  0
20.453333  0.447089  0
20.480000  0.446971  0
20.506667  0.446853  0
