2.986667  0.900620  0
3.013333  0.897316  0
3.040000  0.893829  0
3.066667  0.890174  0
3.093333  0.886363  0
3.120000  0.882408  0
3.146667  0.878320  0
3.173333  0.874112  0
3.200000  0.869796  0
3.226667  0.865384  0
3.253333  0.860884  0
3.280000  0.856303  0
3.306667  0.851647  0
3.333333  0.846915  0
3.360000  0.842102  0
3.386667  0.837199  0
3.413333  0.832193  0
3.440000  0.827064  0
3.466667  0.821791  0
3.493333  0.816348  0
3.520000  0.810710  0
3.546667  0.804856  0
3.573333  0.798771  0
3.600000  0.792449  0
3.626667  0.785898  0
3.653333  0.779140  0
3.680000  0.772213  0
3.706667  0.765166  0
3.733333  0.758057  0
3.760000  0.750946  0
3.786667  0.743888  0
3.813333  0.736922  0
3.840000  0.730073  0
3.866667  0.723341  0
3.893333  0.716706  0
3.920000  0.710132  0
3.946667  0.703571  0
3.973333  0.696973  0
4.000000  0.690300  0
4.026667  0.683526  0
4.053333  0.676649  0
4.080000  0.669688  0
4.106667  0.662686  0
4.133333  0.655701  0
4.160000  0.648798  0
4.186667  0.642047  0
4.213333  0.635509  0
4.240000  0.629237  0
4.266667  0.623270  0
4.293333  0.617635  0
4.320000  0.612347  0
4.346667  0.607414  0
4.373333  0.605205  0
4.400000  0.602997  0
4.426667  0.600788  0
4.453333  0.598579  0
4.480000  0.596370  0
4.506667  0.594162  0
4.533333  0.591953  0
4.560000  0.589744  0
4.586667  0.587536  0
4.613333  0.585327  0
4.640000  0.583118  0
4.666667  0.580909  0
4.693333  0.578701  0
4.720000  0.576492  0
4.746667  0.574283  0
4.773333  0.572075  0
4.800000  0.569866  0
4.826667  0.567657  0
4.853333  0.565448  0
4.880000  0.563240  0
4.906667  0.561031  0
4.933333  0.558822  0
4.960000  0.556614  0
4.986667  0.554405  0
5.013333  0.552196  0
5.040000  0.549987  0
5.066667  0.547779  0
5.093333  0.545570  0
5.120000  0.543361  0
5.146667  0.541153  0
5.173333  0.538944  0
5.200000  0.536735  0
5.226667  0.534526  0
5.253333  0.532318  0
5.280000  0.530109  0
5.306667  0.527900  0
5.333333  0.525691  0
5.360000  0.523483  0
5.386667  0.521274  0
5.413333  0.519065  0
5.440000  0.516857  0
5.466667  0.514648  0
5.493333  0.512439  0
5.520000  0.510230  0
5.546667  0.508022  0
5.573333  0.505813  0
5.600000  0.503604  0
5.626667  0.501396  0
5.653333  0.499187  0
5.680000  0.496978  0
5.706667  0.494769  0
5.733333  0.492561  0
5.760000  0.490352  0
5.786667  0.488143  0
5.813333  0.485935  0
5.840000  0.483726  0
5.866667  0.481517  0
5.893333  0.479308  0
5.920000  0.477100  0
5.946667  0.474891  0
5.973333  0.472682  0
6.000000  0.470474  0
6.026667  0.468265  0
6.053333  0.466056  0
6.080000  0.463847  0
6.106667  0.461639  0
6.133333  0.459430  0
6.160000  0.458233  0
6.186667  0.457063  0
6.213333  0.455906  0
6.240000  0.454755  0
6.266667  0.453608  0
6.293333  0.452474  0
6.320000  0.451369  0
6.346667  0.450315  0
6.373333  0.449336  0
6.400000  0.448456  0
6.426667  0.447692  0
6.453333  0.447050  0
6.480000  0.446526  0
6.506667  0.446101  0
6.533333  0.445746  0
6.560000  0.445424  0
6.586667  0.445093  0
6.613333  0.444712  0
6.640000  0.444242  0
6.666667  0.443653  0
6.693333  0.442925  0
6.720000  0.442048  0
6.746667  0.441023  0
6.773333  0.439861  0
6.800000  0.438583  0
6.826667  0.437217  0
6.853333  0.435795  0
6.880000  0.434352  0
6.906667  0.432923  0
6.933333  0.431538  0
6.960000  0.430222  0
6.986667  0.428993  0
7.013333  0.427857  0
7.040000  0.426811  0
7.066667  0.425847  0
7.093333  0.424949  0
7.120000  0.424100  0
7.146667  0.423284  0
7.173333  0.422488  0
7.200000  0.421703  0
7.226667  0.420926  0
7.253333  0.420157  0
7.280000  0.419401  0
7.306667  0.418665  0
7.333333  0.417958  0
7.360000  0.417293  0
7.386667  0.416680  0
7.413333  0.416130  0
7.440000  0.415653  0
7.466667  0.415253  0
7.493333  0.414935  0
7.520000  0.414695  0
7.546667  0.414528  0
7.573333  0.414423  0
7.600000  0.414368  0
7.626667  0.414346  0
7.653333  0.414341  0
7.680000  0.414339  0
7.706667  0.414327  0
7.733333  0.414292  0
7.760000  0.414227  0
7.786667  0.414128  0
7.813333  0.413993  0
7.840000  0.413823  0
7.866667  0.413622  0
7.893333  0.413394  0
7.920000  0.413147  0
7.946667  0.412886  0
7.973333  0.412618  0
8.000000  0.412349  0
8.026667  0.412084  0
8.053333  0.411828  0
8.080000  0.411584  0
8.106667  0.411352  0
8.133333  0.411133  0
8.160000  0.410929  0
8.186667  0.410738  0
8.213333  0.410559  0
8.240000  0.410391  0
8.266667  0.410235  0
8.293333  0.410088  0
8.320000  0.409950  0
8.346667  0.409818  0
8.373333  0.409691  0
8.400000  0.409566  0
8.426667  0.409439  0
8.453333  0.409306  0
8.480000  0.409162  0
8.506667  0.409001  0
8.533333  0.408820  0
8.560000  0.408615  0
8.586667  0.408382  0
8.613333  0.408122  0
8.640000  0.407837  0
8.666667  0.407530  0
8.693333  0.407210  0
8.720000  0.406885  0
8.746667  0.406567  0
8.773333  0.406264  0
8.800000  0.405988  0
8.826667  0.405743  0
8.853333  0.405534  0
8.880000  0.405359  0
8.906667  0.405213  0
8.933333  0.405088  0
8.960000  0.404972  0
8.986667  0.404855  0
9.013333  0.404725  0
9.040000  0.404576  0
9.066667  0.404401  0
9.093333  0.404198  0
9.120000  0.403969  0
9.146667  0.403717  0
9.173333  0.403448  0
9.200000  0.403168  0
9.226667  0.402885  0
9.253333  0.402604  0
9.280000  0.402332  0
9.306667  0.402073  0
9.333333  0.401828  0
9.360000  0.401601  0
9.386667  0.401389  0
9.413333  0.401191  0
9.440000  0.401003  0
9.466667  0.400821  0
9.493333  0.400640  0
9.520000  0.400453  0
9.546667  0.400257  0
9.573333  0.400045  0
9.600000  0.399813  0
9.626667  0.399561  0
9.653333  0.399286  0
9.680000  0.398990  0
9.706667  0.398678  0
9.733333  0.398355  0
9.760000  0.398029  0
9.786667  0.397708  0
9.813333  0.397401  0
9.840000  0.397116  0
9.866667  0.396859  0
9.893333  0.396632  0
9.920000  0.396436  0
9.946667  0.396269  0
9.973333  0.396125  0
10.000000  0.395996  0
10.026667  0.395876  0
10.053333  0.395757  0
10.080000  0.395633  0
10.106667  0.395499  0
10.133333  0.395356  0
10.160000  0.395205  0
10.186667  0.395048  0
10.213333  0.394892  0
10.240000  0.394743  0
10.266667  0.394607  0
10.293333  0.394490  0
10.320000  0.394393  0
10.346667  0.394319  0
10.373333  0.394264  0
10.400000  0.394225  0
10.426667  0.394194  0
10.453333  0.394166  0
10.480000  0.394133  0
10.506667  0.394091  0
10.533333  0.394037  0
10.560000  0.393970  0
10.586667  0.393891  0
10.613333  0.393804  0
10.640000  0.393713  0
10.666667  0.393622  0
10.693333  0.393535  0
10.720000  0.393454  0
10.746667  0.393380  0
10.773333  0.393310  0
10.800000  0.393242  0
10.826667  0.393170  0
10.853333  0.393089  0
10.880000  0.392994  0
10.906667  0.392880  0
10.933333  0.392747  0
10.960000  0.392592  0
10.986667  0.392417  0
11.013333  0.392223  0
11.040000  0.392013  0
11.066667  0.391789  0
11.093333  0.391553  0
11.120000  0.391309  0
11.146667  0.391058  0
11.173333  0.390803  0
11.200000  0.390547  0
11.226667  0.390295  0
11.253333  0.390050  0
11.280000  0.389815  0
11.306667  0.389595  0
11.333333  0.389392  0
11.360000  0.389207  0
11.386667  0.389041  0
11.413333  0.388893  0
11.440000  0.388759  0
11.466667  0.388639  0
11.493333  0.388530  0
11.520000  0.388428  0
11.546667  0.388334  0
11.573333  0.388245  0
11.600000  0.388161  0
11.626667  0.388081  0
11.653333  0.388004  0
11.680000  0.387929  0
11.706667  0.387855  0
11.733333  0.387781  0
11.760000  0.387704  0
11.786667  0.387623  0
11.813333  0.387534  0
11.840000  0.387438  0
11.866667  0.387332  0
11.893333  0.387216  0
11.920000  0.387092  0
11.946667  0.386961  0
11.973333  0.386827  0
12.000000  0.386693  0
12.026667  0.386562  0
12.053333  0.386436  0
12.080000  0.386318  0
12.106667  0.386207  0
12.133333  0.386102  0
12.160000  0.386002  0
12.186667  0.385903  0
12.213333  0.385804  0
12.240000  0.385703  0
12.266667  0.385601  0
12.293333  0.385498  0
12.320000  0.385397  0
12.346667  0.385301  0
12.373333  0.385213  0
12.400000  0.385138  0
12.426667  0.385078  0
12.453333  0.385035  0
12.480000  0.385009  0
12.506667  0.385001  0
12.533333  0.385009  0
12.560000  0.385029  0
12.586667  0.385059  0
12.613333  0.385091  0
12.640000  0.385122  0
12.666667  0.385143  0
12.693333  0.385149  0
12.720000  0.385135  0
12.746667  0.385096  0
12.773333  0.385032  0
12.800000  0.384941  0
12.826667  0.384827  0
12.853333  0.384695  0
12.880000  0.384550  0
12.906667  0.384399  0
12.933333  0.384247  0
12.960000  0.384100  0
12.986667  0.383961  0
13.013333  0.383832  0
13.040000  0.383713  0
13.066667  0.383603  0
13.093333  0.383499  0
13.120000  0.383398  0
13.146667  0.383295  0
13.173333  0.383183  0
13.200000  0.383056  0
13.226667  0.382904  0
13.253333  0.382715  0
13.280000  0.382477  0
13.306667  0.382178  0
13.333333  0.381807  0
13.360000  0.381355  0
13.386667  0.380820  0
13.413333  0.380205  0
13.440000  0.379518  0
13.466667  0.378774  0
13.493333  0.377991  0
13.520000  0.377186  0
13.546667  0.376376  0
13.573333  0.375572  0
13.600000  0.374778  0
13.626667  0.373996  0
13.653333  0.373220  0
13.680000  0.372445  0
13.706667  0.371668  0
13.733333  0.370889  0
13.760000  0.370115  0
13.786667  0.369355  0
13.813333  0.368624  0
13.840000  0.367940  0
13.866667  0.367318  0
13.893333  0.366771  0
13.920000  0.366312  0
13.946667  0.365947  0
13.973333  0.365678  0
14.000000  0.365502  0
14.026667  0.365414  0
14.053333  0.365403  0
14.080000  0.365459  0
14.106667  0.365566  0
14.133333  0.365710  0
14.160000  0.365878  0
14.186667  0.366056  0
14.213333  0.366236  0
14.240000  0.366410  0
14.266667  0.366576  0
14.293333  0.366733  0
14.320000  0.366887  0
14.346667  0.367041  0
14.373333  0.367205  0
14.400000  0.367384  0
14.426667  0.367586  0
14.453333  0.367813  0
14.480000  0.368066  0
14.506667  0.368339  0
14.533333  0.368623  0
14.560000  0.368906  0
14.586667  0.369175  0
14.613333  0.369414  0
14.640000  0.369612  0
14.666667  0.369758  0
14.693333  0.369848  0
14.720000  0.369882  0
14.746667  0.369862  0
14.773333  0.369797  0
14.800000  0.369695  0
14.826667  0.369569  0
14.853333  0.369429  0
14.880000  0.369283  0
14.906667  0.369141  0
14.933333  0.369007  0
14.960000  0.368885  0
14.986667  0.368776  0
15.013333  0.368678  0
15.040000  0.368591  0
15.066667  0.368511  0
15.093333  0.368435  0
15.120000  0.368361  0
15.146667  0.368286  0
15.173333  0.368209  0
15.200000  0.368129  0
15.226667  0.368045  0
15.253333  0.367958  0
15.280000  0.367868  0
15.306667  0.367776  0
15.333333  0.367682  0
15.360000  0.367586  0
15.386667  0.367490  0
15.413333  0.367393  0
15.440000  0.367295  0
15.466667  0.367198  0
15.493333  0.367100  0
15.520000  0.367002  0
15.546667  0.366904  0
15.573333  0.366806  0
15.600000  0.366708  0
15.626667  0.366610  0
15.653333  0.366513  0
15.680000  0.366415  0
15.706667  0.366317  0
15.733333  0.366219  0
15.760000  0.366121  0
15.786667  0.366023  0
15.813333  0.365925  0
15.840000  0.365827  0
15.866667  0.365729  0
15.893333  0.365631  0
15.920000  0.365533  0
15.946667  0.365435  0
15.973333  0.365337  0
16.000000  0.365239  0
16.026667  0.365141  0
16.053333  0.365043  0
16.080000  0.364946  0
16.106667  0.364848  0
16.133333  0.364750  0
16.160000  0.364652  0
16.186667  0.364554  0
16.213333  0.364456  0
16.240000  0.364358  0
16.266667  0.364260  0
16.293333  0.364162  0
16.320000  0.364064  0
16.346667  0.363966  0
16.373333  0.363868  0
16.400000  0.363770  0
16.426667  0.363672  0
16.453333  0.363574  0
16.480000  0.363476  0
16.506667  0.363378  0
16.533333  0.363281  0
16.560000  0.363183  0
16.586667  0.363085  0
16.613333  0.362987  0
16.640000  0.362889  0
16.666667  0.362791  0
16.693333  0.362693  0
16.720000  0.362595  0
16.746667  0.362497  0
16.773333  0.362399  0
16.800000  0.362301  0
16.826667  0.362203  0
16.853333  0.362105  0
16.880000  0.362007  0
16.906667  0.361909  0
16.933333  0.361811  0
16.960000  0.361714  0
16.986667  0.361616  0
17.013333  0.361518  0
17.040000  0.361420  0
17.066667  0.361322  0
17.093333  0.361224  0
17.120000  0.361126  0
17.146667  0.361028  0
17.173333  0.360930  0
17.200000  0.360832  0
17.226667  0.360734  0
17.253333  0.360636  0
17.280000  0.360538  0
17.306667  0.360440  0
17.333333  0.360342  0
17.360000  0.360244  0
17.386667  0.360146  0
17.413333  0.360049  0
17.440000  0.359951  0
17.466667  0.359853  0
17.493333  0.359755  0
17.520000  0.359657  0
17.546667  0.359559  0
17.573333  0.359461  0
17.600000  0.359363  0
17.626667  0.359265  0
17.653333  0.359167  0
17.680000  0.359069  0
17.706667  0.358971  0
17.733333  0.358873  0
17.760000  0.358775  0
17.786667  0.358677  0
17.813333  0.358579  0
17.840000  0.358482  0
17.866667  0.358384  0
17.893333  0.358286  0
17.920000  0.358188  0
17.946667  0.358090  0
17.973333  0.357992  0
18.000000  0.357894  0
18.026667  0.357796  0
18.053333  0.357698  0
18.080000  0.357600  0
18.106667  0.357502  0
18.133333  0.357404  0
18.160000  0.357306  0
18.186667  0.357208  0
18.213333  0.357110  0
18.240000  0.357012  0
18.266667  0.356915  0
18.293333  0.356817  0
18.320000  0.356719  0
18.346667  0.356621  0
18.373333  0.356523  0
18.400000  0.356425  0
18.426667  0.356327  0
18.453333  0.356229  0
18.480000  0.356131  0
18.506667  0.356033  0
18.533333  0.355935  0
18.560000  0.355837  0
18.586667  0.355739  0
18.613333  0.355641  0
18.640000  0.355543  0
18.666667  0.355445  0
18.693333  0.355347  0
18.720000  0.355250  0
18.746667  0.355152  0
18.773333  0.355054  0
18.800000  0.354956  0
18.826667  0.354858  0
18.853333  0.354760  0
18.880000  0.354662  0
18.906667  0.354564  0
18.933333  0.354466  0
18.960000  0.354368  0
18.986667  0.354270  0
19.013333  0.354172  0
19.040000  0.354074  0
19.066667  0.353976  0
19.093333  0.353878  0
19.120000  0.353780  0
19.146667  0.353683  0
19.173333  0.353585  0
19.200000  0.353487  0
19.226667  0.353389  0
19.253333  0.353291  0
19.280000  0.353193  0
19.306667  0.353095  0
19.333333  0.352997  0
19.360000  0.352899  0
19.386667  0.352801  0
19.413333  0.352703  0
19.440000  0.352605  0
19.466667  0.352507  0
19.493333  0.352409  0
19.520000  0.352311  0
19.546667  0.352213  0
19.573333  0.352116  0
19.600000  0.352018  0
19.626667  0.351920  0
19.653333  0.351822  0
19.680000  0.351724  0
19.706667  0.351626  0
19.733333  0.351528  0
19.760000  0.351430  0
19.786667  0.351332  0
19.813333  0.351234  0
19.840000  0.351136  0
19.866667  0.351038  0
19.893333  0.350940  0
19.920000  0.350842  0
19.946667  0.350744  0
19.973333  0.350646  0
20.000000  0.350548  0
20.026667  0.350451  0
20.053333  0.350353  0
20.080000  0.350255  0
20.106667  0.350157  0
20.133333  0.350059  0
20.160000  0.349961  0
20.186667  0.349863  0
20.213333  0.349765  0
20.240000  0.349667  0
20.266667  0.349569  0
20.293333  0.349471  0
20.320000  0.349373  0
20.346667  0.349275  0
20.373333  0.349177  0
20.400000  0.349079  0
20.426667  0.348981  0
20.453333  0.348884  0
20.480000  0.348786  0
20.506667  0.348688  0
20.533333  0.348590  0
20.560000  0.348492  0
20.586667  0.348394  0
20.613333  0.348296  0
20.640000  0.348198  0
20.666667  0.348100  0
20.693333  0.348002  0
20.720000  0.347904  0
20.746667  0.347806  0
20.773333  0.347708  0
20.800000  0.347610  0
20.826667  0.347512  0
20.853333  0.347414  0
20.880000  0.347316  0
20.906667  0.347219  0
20.933333  0.347121  0
20.960000  0.347023  0
20.986667  0.346925  0
21.013333  0.346827  0
21.040000  0.346729  0
21.066667  0.346631  0
21.093333  0.346533  0
21.120000  0.346435  0
21.146667  0.346337  0
21.173333  0.346239  0
21.200000  0.346141  0
21.226667  0.346043  0
21.253333  0.345945  0
21.280000  0.345847  0
21.306667  0.345749  0
21.333333  0.345652  0
21.360000  0.345554  0
21.386667  0.345456  0
21.413333  0.345358  0
21.440000  0.345260  0
21.466667  0.345162  0
21.493333  0.345064  0
21.520000  0.344966  0
21.546667  0.344868  0
21.573333  0.344770  0
21.600000  0.344672  0
21.626667  0.344574  0
21.653333  0.344476  0
21.680000  0.344378  0
21.706667  0.344280  0
21.733333  0.344182  0
21.760000  0.344085  0
21.786667  0.343987  0
21.813333  0.343889  0
21.840000  0.343791  0
21.866667  0.343693  0
21.893333  0.343595  0
21.920000  0.343497  0
21.946667  0.343399  0
21.973333  0.343301  0
22.000000  0.343203  0
22.026667  0.343105  0
22.053333  0.343007  0
22.080000  0.342909  0
22.106667  0.342811  0
22.133333  0.342713  0
22.160000  0.342615  0
22.186667  0.342517  0
22.213333  0.342420  0
22.240000  0.342322  0
22.266667  0.342224  0
22.293333  0.342126  0
22.320000  0.342028  0
22.346667  0.341930  0
22.373333  0.341832  0
22.400000  0.341734  0
22.426667  0.341636  0
22.453333  0.341538  0
22.480000  0.341440  0
22.506667  0.341342  0
22.533333  0.341244  0
22.560000  0.341146  0
22.586667  0.341048  0
22.613333  0.340950  0
22.640000  0.340853  0
22.666667  0.340755  0
22.693333  0.340657  0
22.720000  0.340559  0
22.746667  0.340461  0
22.773333  0.340363  0
22.800000  0.340265  0
22.826667  0.340167  0
22.853333  0.340069  0
22.880000  0.339971  0
22.906667  0.339873  0
22.933333  0.339775  0
22.960000  0.339677  0
22.986667  0.339579  0
23.013333  0.339481  0
23.040000  0.339383  0
23.066667  0.339285  0
23.093333  0.339188  0
23.120000  0.339090  0
23.146667  0.338992  0
23.173333  0.338894  0
23.200000  0.338796  0
23.226667  0.338698  0
23.253333  0.338600  0
23.280000  0.338502  0
23.306667  0.338404  0
23.333333  0.338306  0
23.360000  0.338208  0
23.386667  0.338110  0
23.413333  0.338012  0
23.440000  0.337914  0
23.466667  0.337816  0
23.493333  0.337718  0
23.520000  0.337621  0
23.546667  0.337523  0
23.573333  0.337425  0
23.600000  0.337327  0
23.626667  0.337229  0
23.653333  0.337131  0
23.680000  0.337033  0
23.706667  0.336935  0
23.733333  0.336837  0
23.760000  0.336739  0
23.786667  0.336641  0
23.813333  0.336543  0
23.840000  0.336445  0
23.866667  0.336347  0
23.893333  0.336249  0
23.920000  0.336151  0
23.946667  0.336054  0
23.973333  0.335956  0
24.000000  0.335858  0
24.026667  0.335760  0
24.053333  0.335662  0
24.080000  0.335564  0
24.106667  0.335466  0
24.133333  0.335368  0
24.160000  0.335270  0
24.186667  0.335172  0
24.213333  0.335074  0
24.240000  0.334976  0
24.266667  0.334878  0
24.293333  0.334780  0
24.320000  0.334682  0
24.346667  0.334584  0
24.373333  0.334486  0
24.400000  0.334389  0
24.426667  0.334291  0
24.453333  0.334193  0
24.480000  0.334095  0
24.506667  0.333997  0
24.533333  0.333899  0
24.560000  0.333801  0
24.586667  0.333703  0
24.613333  0.333605  0
24.640000  0.333507  0
24.666667  0.333409  0
24.693333  0.333311  0
24.720000  0.333213  0
24.746667  0.333115  0
24.773333  0.333017  0
24.800000  0.332919  0
24.826667  0.332822  0
24.853333  0.332724  0
24.880000  0.332626  0
24.906667  0.332528  0
24.933333  0.332430  0
24.960000  0.332332  0
24.986667  0.332234  0
25.013333  0.332136  0
25.040000  0.332038  0
25.066667  0.331940  0
25.093333  0.331842  0
25.120000  0.331744  0
25.146667  0.331646  0
25.173333  0.331548  0
25.200000  0.331450  0
25.226667  0.331352  0
25.253333  0.331255  0
25.280000  0.331157  0
25.306667  0.331059  0
25.333333  0.330961  0
25.360000  0.330863  0
25.386667  0.330765  0
25.413333  0.330667  0
25.440000  0.330569  0
25.466667  0.330471  0
25.493333  0.330373  0
25.520000  0.330275  0
25.546667  0.330177  0
25.573333  0.330080  0
25.600000  0.329982  0
25.626667  0.329885  0
25.653333  0.329789  0
25.680000  0.329693  0
25.706667  0.329599  0
25.733333  0.329507  0
25.760000  0.329418  0
25.786667  0.329333  0
25.813333  0.329253  0
25.840000  0.329180  0
25.866667  0.329116  0
25.893333  0.329062  0
25.920000  0.329021  0
25.946667  0.328992  0
