2.773333  0.727154  0
2.800000  0.727043  0
2.826667  0.726827  0
2.853333  0.726514  0
2.880000  0.726115  0
2.906667  0.725645  0
2.933333  0.725117  0
2.960000  0.724544  0
2.986667  0.723937  0
3.013333  0.723308  0
3.040000  0.722662  0
3.066667  0.722006  0
3.093333  0.721344  0
3.120000  0.720678  0
3.146667  0.720009  0
3.173333  0.719339  0
3.200000  0.718669  0
3.226667  0.717999  0
3.253333  0.717328  0
3.280000  0.716657  0
3.306667  0.715986  0
3.333333  0.715315  0
3.360000  0.714644  0
3.386667  0.713973  0
3.413333  0.713303  0
3.440000  0.712632  0
3.466667  0.711961  0
3.493333  0.711290  0
3.520000  0.710619  0
3.546667  0.709948  0
3.573333  0.709277  0
3.600000  0.708606  0
3.626667  0.707935  0
3.653333  0.707264  0
3.680000  0.706592  0
3.706667  0.705920  0
3.733333  0.705248  0
3.760000  0.704574  0
3.786667  0.703899  0
3.813333  0.703221  0
3.840000  0.702541  0
3.866667  0.701858  0
3.893333  0.701170  0
3.920000  0.700479  0
3.946667  0.699782  0
3.973333  0.699079  0
4.000000  0.698368  0
4.026667  0.697646  0
4.053333  0.696907  0
4.080000  0.696144  0
4.106667  0.695343  0
4.133333  0.694489  0
4.160000  0.693785  0
4.186667  0.693081  0
4.213333  0.692377  0
4.240000  0.691673  0
4.266667  0.690970  0
4.293333  0.690266  0
4.320000  0.689562  0
4.346667  0.688858  0
4.373333  0.688154  0
4.400000  0.687450  0
4.426667  0.686746  0
4.453333  0.686043  0
4.480000  0.685339  0
4.506667  0.684635  0
4.533333  0.683931  0
4.560000  0.683227  0
4.586667  0.682523  0
4.613333  0.681819  0
4.640000  0.681116  0
4.666667  0.680412  0
4.693333  0.679708  0
4.720000  0.679004  0
4.746667  0.678300  0
4.773333  0.677596  0
4.800000  0.676893  0
4.826667  0.676189  0
4.853333  0.675485  0
4.880000  0.674781  0
4.906667  0.674077  0
4.933333  0.673373  0
4.960000  0.672669  0
4.986667  0.671966  0
5.013333  0.671262  0
5.040000  0.670558  0
5.066667  0.669854  0
5.093333  0.669150  0
5.120000  0.668458  0
5.146667  0.667750  0
5.173333  0.667028  0
5.200000  0.666298  0
5.226667  0.665561  0
5.253333  0.664818  0
5.280000  0.664073  0
5.306667  0.663325  0
5.333333  0.662577  0
5.360000  0.661829  0
5.386667  0.661082  0
5.413333  0.660337  0
5.440000  0.659596  0
5.466667  0.658861  0
5.493333  0.658132  0
5.520000  0.657413  0
5.546667  0.656702  0
5.573333  0.656002  0
5.600000  0.655310  0
5.626667  0.654624  0
5.653333  0.653941  0
5.680000  0.653258  0
5.706667  0.652570  0
5.733333  0.651874  0
5.760000  0.651167  0
5.786667  0.650445  0
5.813333  0.649705  0
5.840000  0.648943  0
5.866667  0.648151  0
5.893333  0.647320  0
5.920000  0.646437  0
5.946667  0.645486  0
5.973333  0.644448  0
6.000000  0.643302  0
6.026667  0.642030  0
6.053333  0.640616  0
6.080000  0.639048  0
6.106667  0.637324  0
6.133333  0.635445  0
6.160000  0.633424  0
6.186667  0.631273  0
6.213333  0.629010  0
6.240000  0.626651  0
6.266667  0.624207  0
6.293333  0.621688  0
6.320000  0.619097  0
6.346667  0.616435  0
6.373333  0.613702  0
6.400000  0.610900  0
6.426667  0.608040  0
6.453333  0.605139  0
6.480000  0.602226  0
6.506667  0.599337  0
6.533333  0.596518  0
6.560000  0.593816  0
6.586667  0.591272  0
6.613333  0.588921  0
6.640000  0.586779  0
6.666667  0.584849  0
6.693333  0.583116  0
6.720000  0.581550  0
6.746667  0.580116  0
6.773333  0.578773  0
6.800000  0.577487  0
6.826667  0.576231  0
6.853333  0.574989  0
6.880000  0.573761  0
6.906667  0.572553  0
6.933333  0.571381  0
6.960000  0.570265  0
6.986667  0.569222  0
7.013333  0.568265  0
7.040000  0.567401  0
7.066667  0.566629  0
7.093333  0.565940  0
7.120000  0.565322  0
7.146667  0.564761  0
7.173333  0.564241  0
7.200000  0.563751  0
7.226667  0.563280  0
7.253333  0.562818  0
7.280000  0.562361  0
7.306667  0.561902  0
7.333333  0.561437  0
7.360000  0.560964  0
7.386667  0.560481  0
7.413333  0.559990  0
7.440000  0.559495  0
7.466667  0.559002  0
7.493333  0.558522  0
7.520000  0.558065  0
7.546667  0.557640  0
7.573333  0.557256  0
7.600000  0.556915  0
7.626667  0.556618  0
7.653333  0.556361  0
7.680000  0.556135  0
7.706667  0.555928  0
7.733333  0.555730  0
7.760000  0.555525  0
7.786667  0.555302  0
7.813333  0.555050  0
7.840000  0.554761  0
7.866667  0.554429  0
7.893333  0.554052  0
7.920000  0.553635  0
7.946667  0.553182  0
7.973333  0.552704  0
8.000000  0.552213  0
8.026667  0.551723  0
8.053333  0.551245  0
8.080000  0.550788  0
8.106667  0.550357  0
8.133333  0.549950  0
8.160000  0.549562  0
8.186667  0.549184  0
8.213333  0.548805  0
8.240000  0.548412  0
8.266667  0.547992  0
8.293333  0.547536  0
8.320000  0.547036  0
8.346667  0.546488  0
8.373333  0.545892  0
8.400000  0.545251  0
8.426667  0.544572  0
8.453333  0.543865  0
8.480000  0.543138  0
8.506667  0.542403  0
8.533333  0.541666  0
8.560000  0.540933  0
8.586667  0.540208  0
8.613333  0.539491  0
8.640000  0.538783  0
8.666667  0.538085  0
8.693333  0.537398  0
8.720000  0.536725  0
8.746667  0.536069  0
8.773333  0.535434  0
8.800000  0.534821  0
8.826667  0.534230  0
8.853333  0.533656  0
8.880000  0.533093  0
8.906667  0.532532  0
8.933333  0.531964  0
8.960000  0.531382  0
8.986667  0.530786  0
9.013333  0.530179  0
9.040000  0.529569  0
9.066667  0.528969  0
9.093333  0.528390  0
9.120000  0.527843  0
9.146667  0.527332  0
9.173333  0.526859  0
9.200000  0.526421  0
9.226667  0.526010  0
9.253333  0.525620  0
9.280000  0.525244  0
9.306667  0.524878  0
9.333333  0.524521  0
9.360000  0.524176  0
9.386667  0.523846  0
9.413333  0.523538  0
9.440000  0.523258  0
9.466667  0.523012  0
9.493333  0.522801  0
9.520000  0.522626  0
9.546667  0.522481  0
9.573333  0.522357  0
9.600000  0.522242  0
9.626667  0.522123  0
9.653333  0.521984  0
9.680000  0.521813  0
9.706667  0.521602  0
9.733333  0.521345  0
9.760000  0.521041  0
9.786667  0.520690  0
9.813333  0.520295  0
9.840000  0.519860  0
9.866667  0.519387  0
9.893333  0.518878  0
9.920000  0.518334  0
9.946667  0.517759  0
9.973333  0.517158  0
10.000000  0.516539  0
10.026667  0.515915  0
10.053333  0.515300  0
10.080000  0.514710  0
10.106667  0.514158  0
10.133333  0.513653  0
10.160000  0.513193  0
10.186667  0.512770  0
10.213333  0.512366  0
10.240000  0.511959  0
10.266667  0.511524  0
10.293333  0.511042  0
10.320000  0.510499  0
10.346667  0.509890  0
10.373333  0.509220  0
10.400000  0.508498  0
10.426667  0.507740  0
10.453333  0.506958  0
10.480000  0.506166  0
10.506667  0.505370  0
10.533333  0.504574  0
10.560000  0.503778  0
10.586667  0.502982  0
10.613333  0.502187  0
10.640000  0.501396  0
10.666667  0.500619  0
10.693333  0.499864  0
10.720000  0.499143  0
10.746667  0.498469  0
10.773333  0.497849  0
10.800000  0.497286  0
10.826667  0.496779  0
10.853333  0.496322  0
10.880000  0.495902  0
10.906667  0.495509  0
10.933333  0.495130  0
10.960000  0.494754  0
10.986667  0.494377  0
11.013333  0.493994  0
11.040000  0.493608  0
11.066667  0.493221  0
11.093333  0.492840  0
11.120000  0.492470  0
11.146667  0.492118  0
11.173333  0.491791  0
11.200000  0.491495  0
11.226667  0.491232  0
11.253333  0.491006  0
11.280000  0.490815  0
11.306667  0.490654  0
11.333333  0.490517  0
11.360000  0.490396  0
11.386667  0.490284  0
11.413333  0.490173  0
11.440000  0.490059  0
11.466667  0.489940  0
11.493333  0.489817  0
11.520000  0.489692  0
11.546667  0.489570  0
11.573333  0.489456  0
11.600000  0.489356  0
11.626667  0.489271  0
11.653333  0.489202  0
11.680000  0.489148  0
11.706667  0.489100  0
11.733333  0.489051  0
11.760000  0.488990  0
11.786667  0.488904  0
11.813333  0.488785  0
11.840000  0.488625  0
11.866667  0.488423  0
11.893333  0.488183  0
11.920000  0.487912  0
11.946667  0.487624  0
11.973333  0.487331  0
12.000000  0.487048  0
12.026667  0.486785  0
12.053333  0.486549  0
12.080000  0.486343  0
12.106667  0.486164  0
12.133333  0.486005  0
12.160000  0.485858  0
12.186667  0.485713  0
12.213333  0.485562  0
12.240000  0.485397  0
12.266667  0.485214  0
12.293333  0.485014  0
12.320000  0.484796  0
12.346667  0.484563  0
12.373333  0.484321  0
12.400000  0.484071  0
12.426667  0.483819  0
12.453333  0.483566  0
12.480000  0.483315  0
12.506667  0.483070  0
12.533333  0.482831  0
12.560000  0.482602  0
12.586667  0.482385  0
12.613333  0.482183  0
12.640000  0.481999  0
12.666667  0.481838  0
12.693333  0.481703  0
12.720000  0.481595  0
12.746667  0.481516  0
12.773333  0.481464  0
12.800000  0.481432  0
12.826667  0.481411  0
12.853333  0.481392  0
12.880000  0.481360  0
12.906667  0.481303  0
12.933333  0.481212  0
12.960000  0.481079  0
12.986667  0.480898  0
13.013333  0.480668  0
13.040000  0.480386  0
13.066667  0.480052  0
13.093333  0.479665  0
13.120000  0.479227  0
13.146667  0.478741  0
13.173333  0.478212  0
13.200000  0.477652  0
13.226667  0.477075  0
13.253333  0.476496  0
13.280000  0.475932  0
13.306667  0.475396  0
13.333333  0.474892  0
13.360000  0.474420  0
13.386667  0.473971  0
13.413333  0.473531  0
13.440000  0.473084  0
13.466667  0.472612  0
13.493333  0.472104  0
13.520000  0.471554  0
13.546667  0.470963  0
13.573333  0.470338  0
13.600000  0.469691  0
13.626667  0.469038  0
13.653333  0.468397  0
13.680000  0.467781  0
13.706667  0.467204  0
13.733333  0.466674  0
13.760000  0.466193  0
13.786667  0.465760  0
13.813333  0.465368  0
13.840000  0.465006  0
13.866667  0.464657  0
13.893333  0.464306  0
13.920000  0.463935  0
13.946667  0.463526  0
13.973333  0.463063  0
14.000000  0.462535  0
14.026667  0.461932  0
14.053333  0.461253  0
14.080000  0.460503  0
14.106667  0.459696  0
14.133333  0.458854  0
14.160000  0.458005  0
14.186667  0.457179  0
14.213333  0.456408  0
14.240000  0.455715  0
14.266667  0.455116  0
14.293333  0.454619  0
14.320000  0.454220  0
14.346667  0.453908  0
14.373333  0.453667  0
14.400000  0.453477  0
14.426667  0.453322  0
14.453333  0.453182  0
14.480000  0.453043  0
14.506667  0.452892  0
14.533333  0.452721  0
14.560000  0.452527  0
14.586667  0.452312  0
14.613333  0.452082  0
14.640000  0.451850  0
14.666667  0.451630  0
14.693333  0.451437  0
14.720000  0.451279  0
14.746667  0.451163  0
14.773333  0.451085  0
14.800000  0.451037  0
14.826667  0.451004  0
14.853333  0.450972  0
14.880000  0.450926  0
14.906667  0.450853  0
14.933333  0.450748  0
14.960000  0.450610  0
14.986667  0.450442  0
15.013333  0.450251  0
15.040000  0.450044  0
15.066667  0.449830  0
15.093333  0.449616  0
15.120000  0.449407  0
15.146667  0.449205  0
15.173333  0.449012  0
15.200000  0.448827  0
15.226667  0.448650  0
15.253333  0.448478  0
15.280000  0.448310  0
15.306667  0.448145  0
15.333333  0.447982  0
15.360000  0.447820  0
15.386667  0.447659  0
15.413333  0.447499  0
15.440000  0.447338  0
15.466667  0.447178  0
15.493333  0.447017  0
15.520000  0.446857  0
15.546667  0.446697  0
15.573333  0.446537  0
15.600000  0.446376  0
15.626667  0.446216  0
15.653333  0.446056  0
15.680000  0.445895  0
15.706667  0.445735  0
15.733333  0.445575  0
15.760000  0.445415  0
15.786667  0.445254  0
15.813333  0.445094  0
15.840000  0.444934  0
15.866667  0.444773  0
15.893333  0.444613  0
15.920000  0.444453  0
15.946667  0.444293  0
15.973333  0.444132  0
16.000000  0.443972  0
16.026667  0.443812  0
16.053333  0.443651  0
16.080000  0.443491  0
16.106667  0.443331  0
16.133333  0.443170  0
16.160000  0.443010  0
16.186667  0.442850  0
16.213333  0.442690  0
16.240000  0.442529  0
16.266667  0.442369  0
16.293333  0.442209  0
16.320000  0.442048  0
16.346667  0.441888  0
16.373333  0.441728  0
16.400000  0.441568  0
16.426667  0.441407  0
16.453333  0.441247  0
16.480000  0.441087  0
16.506667  0.440926  0
16.533333  0.440766  0
16.560000  0.440606  0
16.586667  0.440446  0
16.613333  0.440285  0
16.640000  0.440125  0
16.666667  0.439965  0
16.693333  0.439804  0
16.720000  0.439644  0
16.746667  0.439484  0
16.773333  0.439323  0
16.800000  0.439163  0
16.826667  0.439003  0
16.853333  0.438843  0
16.880000  0.438682  0
16.906667  0.438522  0
16.933333  0.438362  0
16.960000  0.438201  0
16.986667  0.438041  0
17.013333  0.437881  0
17.040000  0.437721  0
17.066667  0.437560  0
17.093333  0.437400  0
17.120000  0.437240  0
17.146667  0.437079  0
17.173333  0.436919  0
17.200000  0.436759  0
17.226667  0.436599  0
17.253333  0.436438  0
17.280000  0.436278  0
17.306667  0.436118  0
17.333333  0.435957  0
17.360000  0.435797  0
17.386667  0.435637  0
17.413333  0.435477  0
17.440000  0.435316  0
17.466667  0.435156  0
17.493333  0.434996  0
17.520000  0.434835  0
17.546667  0.434675  0
17.573333  0.434515  0
17.600000  0.434354  0
17.626667  0.434194  0
17.653333  0.434034  0
17.680000  0.433874  0
17.706667  0.433713  0
17.733333  0.433553  0
17.760000  0.433393  0
17.786667  0.433232  0
17.813333  0.433072  0
17.840000  0.432912  0
17.866667  0.432752  0
17.893333  0.432591  0
17.920000  0.432431  0
17.946667  0.432271  0
17.973333  0.432110  0
18.000000  0.431950  0
18.026667  0.431790  0
18.053333  0.431630  0
18.080000  0.431469  0
18.106667  0.431309  0
18.133333  0.431149  0
18.160000  0.430988  0
18.186667  0.430828  0
18.213333  0.430668  0
18.240000  0.430507  0
18.266667  0.430347  0
18.293333  0.430187  0
18.320000  0.430027  0
18.346667  0.429866  0
18.373333  0.429706  0
18.400000  0.429546  0
18.426667  0.429385  0
18.453333  0.429225  0
18.480000  0.429065  0
18.506667  0.428905  0
18.533333  0.428744  0
18.560000  0.428584  0
18.586667  0.428424  0
18.613333  0.428263  0
18.640000  0.428103  0
18.666667  0.427943  0
18.693333  0.427783  0
18.720000  0.427622  0
18.746667  0.427462  0
18.773333  0.427302  0
18.800000  0.427141  0
18.826667  0.426981  0
18.853333  0.426821  0
18.880000  0.426660  0
18.906667  0.426500  0
18.933333  0.426340  0
18.960000  0.426180  0
18.986667  0.426019  0
19.013333  0.425859  0
19.040000  0.425699  0
19.066667  0.425538  0
19.093333  0.425378  0
19.120000  0.425218  0
19.146667  0.425058  0
19.173333  0.424897  0
19.200000  0.424737  0
19.226667  0.424577  0
19.253333  0.424416  0
19.280000  0.424256  0
19.306667  0.424096  0
19.333333  0.423936  0
19.360000  0.423775  0
19.386667  0.423615  0
19.413333  0.423455  0
19.440000  0.423294  0
19.466667  0.423134  0
19.493333  0.422974  0
19.520000  0.422813  0
19.546667  0.422653  0
19.573333  0.422493  0
19.600000  0.422333  0
19.626667  0.422172  0
19.653333  0.422012  0
19.680000  0.421852  0
19.706667  0.421691  0
19.733333  0.421531  0
19.760000  0.421371  0
19.786667  0.421211  0
19.813333  0.421050  0
19.840000  0.420890  0
19.866667  0.420730  0
19.893333  0.420569  0
19.920000  0.420409  0
19.946667  0.420249  0
19.973333  0.420089  0
20.000000  0.419928  0
20.026667  0.419768  0
20.053333  0.419608  0
20.080000  0.419447  0
20.106667  0.419287  0
20.133333  0.419127  0
20.160000  0.418967  0
20.186667  0.418806  0
20.213333  0.418646  0
20.240000  0.418486  0
20.266667  0.418325  0
20.293333  0.418165  0
20.320000  0.418005  0
20.346667  0.417844  0
20.373333  0.417684  0
20.400000  0.417524  0
20.426667  0.417364  0
20.453333  0.417203  0
20.480000  0.417043  0
20.506667  0.416883  0
20.533333  0.416722  0
20.560000  0.416562  0
20.586667  0.416402  0
20.613333  0.416242  0
20.640000  0.416081  0
20.666667  0.415921  0
20.693333  0.415761  0
20.720000  0.415601  0
20.746667  0.415440  0
20.773333  0.415280  0
20.800000  0.415121  0
20.826667  0.414961  0
20.853333  0.414803  0
20.880000  0.414645  0
20.906667  0.414489  0
20.933333  0.414335  0
20.960000  0.414184  0
20.986667  0.414036  0
21.013333  0.413893  0
21.040000  0.413756  0
21.066667  0.413624  0
21.093333  0.413499  0
21.120000  0.413381  0
21.146667  0.413270  0
21.173333  0.413165  0
21.200000  0.413066  0
21.226667  0.412972  0
21.253333  0.412883  0
21.280000  0.412797  0
21.306667  0.412713  0
21.333333  0.412632  0
21.360000  0.412552  0
21.386667  0.412473  0
21.413333  0.412395  0
21.440000  0.412317  0
21.466667  0.412239  0
21.493333  0.412161  0
21.520000  0.412084  0
21.546667  0.412006  0
21.573333  0.411929  0
21.600000  0.411851  0
21.626667  0.411774  0
21.653333  0.411696  0
21.680000  0.411619  0
21.706667  0.411542  0
21.733333  0.411464  0
21.760000  0.411387  0
21.786667  0.411309  0
21.813333  0.411232  0
21.840000  0.411154  0
21.866667  0.411077  0
21.893333  0.410999  0
21.920000  0.410922  0
21.946667  0.410844  0
21.973333  0.410767  0
22.000000  0.410689  0
22.026667  0.410612  0
22.053333  0.410534  0
22.080000  0.410457  0
22.106667  0.410379  0
22.133333  0.410302  0
22.160000  0.410224  0
22.186667  0.410147  0
22.213333  0.410069  0
22.240000  0.409992  0
22.266667  0.409914  0
22.293333  0.409837  0
22.320000  0.409760  0
22.346667  0.409682  0
22.373333  0.409605  0
22.400000  0.409527  0
22.426667  0.409450  0
22.453333  0.409372  0
22.480000  0.409295  0
22.506667  0.409217  0
22.533333  0.409140  0
22.560000  0.409062  0
22.586667  0.408985  0
22.613333  0.408907  0
22.640000  0.408830  0
22.666667  0.408752  0
22.693333  0.408675  0
22.720000  0.408597  0
22.746667  0.408520  0
22.773333  0.408442  0
22.800000  0.408365  0
22.826667  0.408287  0
22.853333  0.408210  0
22.880000  0.408132  0
22.906667  0.408055  0
22.933333  0.407978  0
22.960000  0.407900  0
22.986667  0.407823  0
23.013333  0.407745  0
23.040000  0.407668  0
23.066667  0.407590  0
23.093333  0.407513  0
23.120000  0.407435  0
23.146667  0.407358  0
23.173333  0.407280  0
23.200000  0.407203  0
23.226667  0.407125  0
23.253333  0.407048  0
23.280000  0.406970  0
23.306667  0.406893  0
23.333333  0.406815  0
23.360000  0.406738  0
23.386667  0.406660  0
23.413333  0.406583  0
23.440000  0.406505  0
23.466667  0.406428  0
23.493333  0.406350  0
23.520000  0.406273  0
23.546667  0.406196  0
23.573333  0.406118  0
23.600000  0.406041  0
23.626667  0.405963  0
23.653333  0.405886  0
23.680000  0.405808  0
23.706667  0.405731  0
23.733333  0.405653  0
23.760000  0.405576  0
23.786667  0.405498  0
23.813333  0.405421  0
23.840000  0.405343  0
23.866667  0.405266  0
23.893333  0.405188  0
23.920000  0.405111  0
23.946667  0.405033  0
23.973333  0.404956  0
24.000000  0.404878  0
24.026667  0.404801  0
24.053333  0.404723  0
24.080000  0.404646  0
24.106667  0.404569  0
24.133333  0.404491  0
24.160000  0.404414  0
24.186667  0.404336  0
24.213333  0.404259  0
24.240000  0.404181  0
24.266667  0.404104  0
24.293333  0.404026  0
24.320000  0.403949  0
24.346667  0.403871  0
24.373333  0.403794  0
24.400000  0.403716  0
24.426667  0.403639  0
24.453333  0.403561  0
24.480000  0.403484  0
24.506667  0.403406  0
24.533333  0.403329  0
24.560000  0.403251  0
24.586667  0.403174  0
24.613333  0.403096  0
24.640000  0.403019  0
24.666667  0.402941  0
24.693333  0.402864  0
24.720000  0.402787  0
24.746667  0.402709  0
24.773333  0.402632  0
24.800000  0.402554  0
24.826667  0.402477  0
24.853333  0.402399  0
24.880000  0.402322  0
24.906667  0.402244  0
24.933333  0.402167  0
24.960000  0.402089  0
24.986667  0.402012  0
25.013333  0.401934  0
25.040000  0.401857  0
25.066667  0.401779  0
25.093333  0.401702  0
25.120000  0.401624  0
25.146667  0.401547  0
25.173333  0.401469  0
25.200000  0.401392  0
25.226667  0.401314  0
25.253333  0.401237  0
25.280000  0.401159  0
25.306667  0.401082  0
25.333333  0.401005  0
25.360000  0.400927  0
25.386667  0.400850  0
25.413333  0.400772  0
25.440000  0.400695  0
25.466667  0.400617  0
25.493333  0.400540  0
25.520000  0.400462  0
25.546667  0.400385  0
25.573333  0.400307  0
25.600000  0.400230  0
25.626667  0.400152  0
25.653333  0.400075  0
25.680000  0.399997  0
25.706667  0.399920  0
25.733333  0.399842  0
25.760000  0.399765  0
25.786667  0.399687  0
25.813333  0.399610  0
25.840000  0.399532  0
25.866667  0.399455  0
25.893333  0.399377  0
25.920000  0.399300  0
25.946667  0.399223  0
25.973333  0.399145  0
26.000000  0.399068  0
26.026667  0.398990  0
26.053333  0.398913  0
26.080000  0.398835  0
26.106667  0.398758  0
26.133333  0.398680  0
26.160000  0.398603  0
26.186667  0.398525  0
26.213333  0.398448  0
26.240000  0.398370  0
26.266667  0.398293  0
26.293333  0.398215  0
26.320000  0.398138  0
26.346667  0.398060  0
26.373333  0.397983  0
26.400000  0.397905  0
26.426667  0.397828  0
26.453333  0.397750  0
26.480000  0.397673  0
26.506667  0.397595  0
26.533333  0.397518  0
26.560000  0.397441  0
26.586667  0.397363  0
26.613333  0.397286  0
26.640000  0.397208  0
26.666667  0.397131  0
26.693333  0.397053  0
26.720000  0.396976  0
26.746667  0.396898  0
26.773333  0.396821  0
26.800000  0.396743  0
26.826667  0.396666  0
26.853333  0.396588  0
26.880000  0.396511  0
26.906667  0.396433  0
26.933333  0.396356  0
26.960000  0.396278  0
26.986667  0.396201  0
27.013333  0.396123  0
27.040000  0.396046  0
27.066667  0.395968  0
27.093333  0.395891  0
27.120000  0.395813  0
27.146667  0.395736  0
27.173333  0.395659  0
27.200000  0.395581  0
27.226667  0.395504  0
27.253333  0.395426  0
27.280000  0.395349  0
27.306667  0.395271  0
27.333333  0.395194  0
27.360000  0.395116  0
27.386667  0.395039  0
27.413333  0.394961  0
27.440000  0.394884  0
27.466667  0.394806  0
27.493333  0.394729  0
27.520000  0.394651  0
27.546667  0.394574  0
27.573333  0.394496  0
27.600000  0.394419  0
27.626667  0.394342  0
27.653333  0.394264  0
27.680000  0.394188  0
27.706667  0.394111  0
27.733333  0.394035  0
27.760000  0.393961  0
27.786667  0.393888  0
27.813333  0.393818  0
27.840000  0.393752  0
27.866667  0.393691  0
27.893333  0.393636  0
27.920000  0.393590  0
27.946667  0.393554  0
27.973333  0.393529  0
28.000000  0.393517  0
