2.506667  0.699454  0
2.533333  0.697200  0
2.560000  0.694947  0
2.586667  0.692693  0
2.613333  0.690439  0
2.640000  0.688185  0
2.666667  0.685931  0
2.693333  0.683677  0
2.720000  0.681424  0
2.746667  0.679170  0
2.773333  0.676916  0
2.800000  0.674662  0
2.826667  0.672408  0
2.853333  0.670154  0
2.880000  0.667901  0
2.906667  0.665647  0
2.933333  0.663393  0
2.960000  0.661139  0
2.986667  0.658885  0
3.013333  0.656631  0
3.040000  0.655462  0
3.066667  0.655106  0
3.093333  0.654750  0
3.120000  0.654395  0
3.146667  0.654039  0
3.173333  0.653683  0
3.200000  0.653327  0
3.226667  0.652971  0
3.253333  0.652615  0
3.280000  0.652259  0
3.306667  0.651903  0
3.333333  0.651548  0
3.360000  0.651192  0
3.386667  0.650836  0
3.413333  0.650480  0
3.440000  0.650124  0
3.466667  0.649768  0
3.493333  0.649412  0
3.520000  0.649056  0
3.546667  0.648780  0
3.573333  0.649450  0
3.600000  0.650119  0
3.626667  0.650789  0
3.653333  0.651459  0
3.680000  0.652128  0
3.706667  0.652798  0
3.733333  0.653467  0
3.760000  0.654137  0
3.786667  0.654807  0
3.813333  0.655476  0
3.840000  0.656146  0
3.866667  0.656816  0
3.893333  0.657485  0
3.920000  0.658155  0
3.946667  0.658825  0
3.973333  0.659494  0
4.000000  0.660164  0
4.026667  0.660834  0
4.053333  0.661503  0
4.080000  0.662173  0
4.106667  0.662843  0
4.133333  0.663512  0
4.160000  0.664182  0
4.186667  0.664851  0
4.213333  0.665018  0
4.240000  0.665132  0
4.266667  0.665247  0
4.293333  0.665361  0
4.320000  0.665475  0
4.346667  0.665589  0
4.373333  0.665703  0
4.400000  0.665817  0
4.426667  0.665931  0
4.453333  0.666045  0
4.480000  0.666159  0
4.506667  0.666273  0
4.533333  0.666387  0
4.560000  0.666501  0
4.586667  0.666615  0
4.613333  0.666729  0
4.640000  0.666843  0
4.666667  0.666957  0
4.693333  0.667071  0
4.720000  0.667186  0
4.746667  0.666805  0
4.773333  0.666135  0
4.800000  0.665466  0
4.826667  0.664796  0
4.853333  0.664127  0
4.880000  0.663457  0
4.906667  0.662787  0
4.933333  0.662118  0
4.960000  0.661448  0
4.986667  0.660778  0
5.013333  0.660109  0
5.040000  0.659439  0
5.066667  0.658769  0
5.093333  0.658100  0
5.120000  0.657430  0
5.146667  0.656760  0
5.173333  0.656091  0
5.200000  0.655421  0
5.226667  0.654752  0
5.253333  0.654082  0
5.280000  0.653412  0
5.306667  0.652743  0
5.333333  0.652073  0
5.360000  0.651403  0
5.386667  0.650383  0
5.413333  0.648948  0
5.440000  0.647513  0
5.466667  0.646078  0
5.493333  0.644643  0
5.520000  0.643208  0
5.546667  0.641773  0
5.573333  0.640338  0
5.600000  0.638903  0
5.626667  0.637468  0
5.653333  0.636033  0
5.680000  0.634598  0
5.706667  0.633163  0
5.733333  0.631729  0
5.760000  0.630294  0
5.786667  0.628859  0
5.813333  0.627424  0
5.840000  0.625989  0
5.866667  0.624554  0
5.893333  0.623119  0
5.920000  0.621684  0
5.946667  0.620249  0
5.973333  0.618814  0
6.000000  0.617379  0
6.026667  0.615776  0
6.053333  0.613754  0
6.080000  0.611732  0
6.106667  0.609710  0
6.133333  0.607688  0
6.160000  0.605666  0
6.186667  0.603644  0
6.213333  0.601623  0
6.240000  0.599601  0
6.266667  0.597579  0
6.293333  0.595557  0
6.320000  0.593535  0
6.346667  0.591513  0
6.373333  0.589491  0
6.400000  0.587469  0
6.426667  0.585447  0
6.453333  0.583425  0
6.480000  0.581481  0
6.506667  0.580058  0
6.533333  0.578634  0
6.560000  0.577211  0
6.586667  0.575787  0
6.613333  0.574364  0
6.640000  0.572940  0
6.666667  0.571517  0
6.693333  0.570093  0
6.720000  0.568670  0
6.746667  0.567246  0
6.773333  0.565823  0
6.800000  0.564399  0
6.826667  0.562976  0
6.853333  0.561553  0
6.880000  0.560129  0
6.906667  0.558706  0
6.933333  0.557282  0
6.960000  0.555859  0
6.986667  0.554435  0
7.013333  0.553264  0
7.040000  0.552238  0
7.066667  0.551211  0
7.093333  0.550185  0
7.120000  0.549158  0
7.146667  0.548132  0
7.173333  0.547105  0
7.200000  0.546079  0
7.226667  0.545052  0
7.253333  0.544026  0
7.280000  0.542999  0
7.306667  0.541973  0
7.333333  0.540946  0
7.360000  0.539919  0
7.386667  0.538893  0
7.413333  0.537866  0
7.440000  0.536840  0
7.466667  0.535813  0
7.493333  0.534787  0
7.520000  0.533760  0
7.546667  0.532844  0
7.573333  0.532123  0
7.600000  0.531402  0
7.626667  0.530680  0
7.653333  0.529959  0
7.680000  0.529238  0
7.706667  0.528516  0
7.733333  0.527795  0
7.760000  0.527074  0
7.786667  0.526352  0
7.813333  0.525631  0
7.840000  0.524910  0
7.866667  0.524188  0
7.893333  0.523467  0
7.920000  0.522745  0
7.946667  0.522024  0
7.973333  0.521303  0
8.000000  0.520581  0
8.026667  0.519860  0
8.053333  0.519139  0
8.080000  0.518417  0
8.106667  0.517696  0
8.133333  0.516975  0
8.160000  0.516253  0
8.186667  0.515532  0
8.213333  0.514811  0
8.240000  0.514089  0
8.266667  0.513368  0
8.293333  0.512647  0
8.320000  0.511882  0
8.346667  0.511077  0
8.373333  0.510273  0
8.400000  0.509468  0
8.426667  0.508663  0
8.453333  0.507858  0
8.480000  0.507053  0
8.506667  0.506248  0
8.533333  0.505443  0
8.560000  0.504638  0
8.586667  0.503833  0
8.613333  0.503028  0
8.640000  0.502223  0
8.666667  0.501418  0
8.693333  0.500613  0
8.720000  0.499808  0
8.746667  0.499003  0
8.773333  0.498198  0
8.800000  0.497393  0
8.826667  0.496589  0
8.853333  0.495784  0
8.880000  0.494979  0
8.906667  0.494174  0
8.933333  0.493369  0
8.960000  0.492564  0
8.986667  0.491759  0
9.013333  0.490954  0
9.040000  0.490149  0
9.066667  0.489344  0
9.093333  0.488539  0
9.120000  0.487734  0
9.146667  0.486929  0
9.173333  0.486124  0
9.200000  0.485319  0
9.226667  0.484514  0
9.253333  0.483710  0
9.280000  0.482905  0
9.306667  0.482100  0
9.333333  0.481295  0
9.360000  0.480490  0
9.386667  0.479685  0
9.413333  0.478880  0
9.440000  0.478075  0
9.466667  0.477270  0
9.493333  0.476465  0
9.520000  0.475660  0
9.546667  0.474855  0
9.573333  0.474050  0
9.600000  0.473245  0
9.626667  0.472440  0
9.653333  0.471635  0
9.680000  0.470830  0
9.706667  0.470026  0
9.733333  0.469221  0
9.760000  0.468416  0
9.786667  0.467933  0
9.813333  0.467475  0
9.840000  0.467018  0
9.866667  0.466560  0
9.893333  0.466102  0
9.920000  0.465644  0
9.946667  0.465186  0
9.973333  0.464729  0
10.000000  0.464271  0
10.026667  0.463813  0
10.053333  0.463355  0
10.080000  0.462898  0
10.106667  0.462440  0
10.133333  0.461982  0
10.160000  0.461524  0
10.186667  0.461067  0
10.213333  0.460609  0
10.240000  0.460151  0
10.266667  0.459693  0
10.293333  0.459235  0
10.320000  0.458778  0
10.346667  0.458320  0
10.373333  0.457862  0
10.400000  0.457404  0
10.426667  0.456947  0
10.453333  0.456489  0
10.480000  0.456031  0
10.506667  0.455573  0
10.533333  0.455115  0
10.560000  0.454658  0
10.586667  0.454200  0
10.613333  0.453742  0
10.640000  0.453284  0
10.666667  0.452827  0
10.693333  0.452369  0
10.720000  0.451911  0
10.746667  0.451453  0
10.773333  0.450996  0
10.800000  0.450538  0
10.826667  0.450080  0
10.853333  0.449622  0
10.880000  0.449164  0
10.906667  0.448707  0
10.933333  0.448249  0
10.960000  0.447791  0
10.986667  0.447333  0
11.013333  0.446876  0
11.040000  0.446418  0
11.066667  0.445960  0
11.093333  0.445502  0
11.120000  0.445044  0
11.146667  0.444587  0
11.173333  0.444129  0
11.200000  0.443671  0
11.226667  0.443213  0
11.253333  0.442756  0
11.280000  0.442298  0
11.306667  0.441840  0
11.333333  0.441382  0
11.360000  0.440925  0
11.386667  0.440467  0
11.413333  0.440009  0
11.440000  0.439551  0
11.466667  0.439093  0
11.493333  0.438636  0
11.520000  0.438178  0
11.546667  0.437720  0
11.573333  0.437262  0
11.600000  0.436805  0
11.626667  0.436347  0
11.653333  0.435889  0
11.680000  0.435431  0
11.706667  0.434974  0
11.733333  0.434516  0
11.760000  0.434058  0
11.786667  0.433600  0
11.813333  0.433142  0
11.840000  0.432685  0
11.866667  0.432227  0
11.893333  0.431769  0
11.920000  0.431311  0
11.946667  0.430854  0
11.973333  0.430396  0
12.000000  0.429938  0
12.026667  0.429480  0
12.053333  0.429022  0
12.080000  0.428565  0
12.106667  0.428107  0
12.133333  0.427649  0
12.160000  0.427191  0
12.186667  0.426734  0
12.213333  0.426276  0
12.240000  0.425818  0
12.266667  0.425360  0
12.293333  0.424903  0
12.320000  0.424445  0
12.346667  0.423987  0
12.373333  0.423529  0
12.400000  0.423071  0
12.426667  0.422614  0
12.453333  0.422156  0
12.480000  0.421698  0
12.506667  0.421240  0
12.533333  0.420783  0
12.560000  0.420325  0
12.586667  0.419867  0
12.613333  0.419409  0
12.640000  0.418951  0
12.666667  0.418494  0
12.693333  0.418036  0
12.720000  0.417578  0
12.746667  0.417120  0
12.773333  0.416663  0
12.800000  0.416205  0
12.826667  0.415747  0
12.853333  0.415289  0
12.880000  0.415062  0
12.906667  0.414914  0
12.933333  0.414765  0
12.960000  0.414617  0
12.986667  0.414469  0
13.013333  0.414320  0
13.040000  0.414172  0
13.066667  0.414024  0
13.093333  0.413876  0
13.120000  0.413727  0
13.146667  0.413579  0
13.173333  0.413431  0
13.200000  0.413282  0
13.226667  0.413134  0
13.253333  0.412986  0
13.280000  0.412838  0
13.306667  0.412689  0
13.333333  0.412541  0
13.360000  0.412393  0
13.386667  0.412245  0
13.413333  0.412096  0
13.440000  0.411948  0
13.466667  0.411800  0
13.493333  0.411651  0
13.520000  0.411503  0
13.546667  0.411355  0
13.573333  0.411207  0
13.600000  0.411058  0
13.626667  0.410910  0
13.653333  0.410762  0
13.680000  0.410613  0
13.706667  0.410465  0
13.733333  0.410317  0
13.760000  0.410169  0
13.786667  0.410020  0
13.813333  0.409872  0
13.840000  0.409724  0
13.866667  0.409576  0
13.893333  0.409427  0
13.920000  0.409279  0
13.946667  0.409131  0
13.973333  0.408982  0
14.000000  0.408834  0
14.026667  0.408686  0
14.053333  0.408538  0
14.080000  0.408389  0
14.106667  0.408241  0
14.133333  0.408093  0
14.160000  0.407944  0
14.186667  0.407796  0
14.213333  0.407648  0
14.240000  0.407500  0
14.266667  0.407351  0
14.293333  0.407203  0
14.320000  0.407055  0
14.346667  0.406907  0
14.373333  0.406758  0
14.400000  0.406610  0
14.426667  0.406462  0
14.453333  0.406313  0
14.480000  0.406165  0
14.506667  0.406017  0
14.533333  0.405869  0
14.560000  0.405720  0
14.586667  0.405572  0
14.613333  0.405424  0
14.640000  0.405275  0
14.666667  0.405127  0
14.693333  0.404979  0
14.720000  0.404831  0
14.746667  0.404682  0
14.773333  0.404534  0
14.800000  0.404386  0
14.826667  0.404238  0
14.853333  0.404089  0
14.880000  0.403941  0
14.906667  0.403793  0
14.933333  0.403644  0
14.960000  0.403496  0
14.986667  0.403348  0
15.013333  0.403200  0
15.040000  0.403051  0
15.066667  0.402903  0
15.093333  0.402755  0
15.120000  0.402606  0
15.146667  0.402458  0
15.173333  0.402310  0
15.200000  0.402162  0
15.226667  0.402013  0
15.253333  0.401865  0
15.280000  0.401717  0
15.306667  0.401568  0
15.333333  0.401420  0
15.360000  0.401272  0
15.386667  0.401124  0
15.413333  0.400975  0
15.440000  0.400827  0
15.466667  0.400679  0
15.493333  0.400531  0
15.520000  0.400382  0
15.546667  0.400234  0
15.573333  0.400086  0
15.600000  0.399937  0
15.626667  0.399789  0
15.653333  0.399641  0
15.680000  0.399493  0
15.706667  0.399344  0
15.733333  0.399196  0
15.760000  0.399048  0
15.786667  0.398899  0
15.813333  0.398751  0
15.840000  0.398603  0
15.866667  0.398455  0
15.893333  0.398306  0
15.920000  0.398158  0
15.946667  0.398010  0
15.973333  0.397862  0
16.000000  0.397713  0
16.026667  0.397565  0
16.053333  0.397417  0
16.080000  0.397268  0
16.106667  0.397120  0
16.133333  0.396972  0
16.160000  0.396824  0
16.186667  0.396675  0
16.213333  0.396527  0
16.240000  0.396379  0
16.266667  0.396230  0
16.293333  0.396082  0
16.320000  0.395934  0
16.346667  0.395786  0
16.373333  0.395637  0
16.400000  0.395489  0
16.426667  0.395341  0
16.453333  0.395193  0
16.480000  0.395044  0
16.506667  0.394896  0
16.533333  0.394748  0
16.560000  0.394599  0
16.586667  0.394451  0
16.613333  0.394303  0
16.640000  0.394155  0
16.666667  0.394006  0
16.693333  0.393858  0
16.720000  0.393710  0
16.746667  0.393561  0
16.773333  0.393413  0
16.800000  0.393265  0
16.826667  0.393117  0
16.853333  0.392968  0
16.880000  0.392820  0
16.906667  0.392672  0
16.933333  0.392524  0
16.960000  0.392375  0
16.986667  0.392227  0
17.013333  0.392079  0
17.040000  0.391930  0
17.066667  0.391782  0
17.093333  0.391634  0
17.120000  0.391486  0
17.146667  0.391337  0
17.173333  0.391189  0
17.200000  0.391041  0
17.226667  0.390892  0
17.253333  0.390744  0
17.280000  0.390596  0
17.306667  0.390448  0
17.333333  0.390299  0
17.360000  0.390151  0
17.386667  0.390003  0
17.413333  0.389855  0
17.440000  0.389706  0
17.466667  0.389558  0
17.493333  0.389410  0
17.520000  0.389261  0
17.546667  0.389113  0
17.573333  0.388965  0
17.600000  0.388817  0
17.626667  0.388668  0
17.653333  0.388520  0
17.680000  0.388372  0
17.706667  0.388223  0
17.733333  0.388075  0
17.760000  0.387927  0
17.786667  0.387779  0
17.813333  0.387630  0
17.840000  0.387482  0
17.866667  0.387334  0
17.893333  0.387185  0
17.920000  0.387037  0
17.946667  0.386889  0
17.973333  0.386741  0
18.000000  0.386592  0
18.026667  0.386444  0
18.053333  0.386296  0
18.080000  0.386148  0
18.106667  0.385999  0
18.133333  0.385851  0
18.160000  0.385703  0
18.186667  0.385554  0
18.213333  0.385406  0
18.240000  0.385258  0
18.266667  0.385110  0
18.293333  0.384961  0
18.320000  0.384813  0
18.346667  0.384665  0
18.373333  0.384516  0
18.400000  0.384368  0
18.426667  0.384220  0
18.453333  0.384072  0
18.480000  0.383923  0
18.506667  0.383775  0
18.533333  0.383627  0
18.560000  0.383479  0
18.586667  0.383330  0
18.613333  0.383182  0
18.640000  0.383034  0
18.666667  0.382885  0
18.693333  0.382737  0
18.720000  0.382589  0
18.746667  0.382441  0
18.773333  0.382292  0
18.800000  0.382144  0
18.826667  0.381996  0
18.853333  0.381847  0
18.880000  0.381699  0
18.906667  0.381551  0
18.933333  0.381403  0
18.960000  0.381254  0
18.986667  0.381106  0
19.013333  0.380958  0
19.040000  0.380810  0
19.066667  0.380661  0
19.093333  0.380513  0
19.120000  0.380365  0
19.146667  0.380216  0
19.173333  0.380068  0
19.200000  0.379920  0
19.226667  0.379772  0
19.253333  0.379623  0
19.280000  0.379475  0
19.306667  0.379327  0
19.333333  0.379178  0
19.360000  0.379030  0
19.386667  0.378882  0
19.413333  0.378734  0
19.440000  0.378585  0
19.466667  0.378437  0
19.493333  0.378289  0
19.520000  0.378141  0
19.546667  0.377992  0
19.573333  0.377844  0
19.600000  0.377696  0
19.626667  0.377547  0
19.653333  0.377399  0
19.680000  0.377251  0
19.706667  0.377103  0
19.733333  0.376954  0
19.760000  0.376806  0
19.786667  0.376658  0
19.813333  0.376509  0
19.840000  0.376361  0
19.866667  0.376213  0
19.893333  0.376065  0
19.920000  0.375916  0
19.946667  0.375768  0
19.973333  0.375620  0
20.000000  0.375472  0
20.026667  0.375323  0
20.053333  0.375175  0
20.080000  0.375027  0
20.106667  0.374878  0
20.133333  0.374730  0
20.160000  0.374582  0
20.186667  0.374434  0
20.213333  0.374285  0
20.240000  0.374137  0
20.266667  0.373989  0
20.293333  0.373840  0
20.320000  0.373692  0
20.346667  0.373544  0
20.373333  0.373396  0
20.400000  0.373247  0
20.426667  0.373099  0
20.453333  0.372951  0
20.480000  0.372802  0
20.506667  0.372654  0
20.533333  0.372506  0
20.560000  0.372358  0
20.586667  0.372209  0
20.613333  0.372061  0
20.640000  0.371913  0
20.666667  0.371765  0
20.693333  0.371616  0
20.720000  0.371468  0
20.746667  0.371320  0
20.773333  0.371171  0
20.800000  0.371023  0
20.826667  0.370875  0
20.853333  0.370727  0
20.880000  0.370578  0
20.906667  0.370430  0
20.933333  0.370282  0
20.960000  0.370133  0
20.986667  0.369985  0
21.013333  0.369837  0
21.040000  0.369689  0
21.066667  0.369540  0
21.093333  0.369392  0
21.120000  0.369244  0
21.146667  0.369096  0
21.173333  0.368947  0
21.200000  0.368799  0
21.226667  0.368651  0
21.253333  0.368502  0
21.280000  0.368354  0
21.306667  0.368206  0
21.333333  0.368058  0
21.360000  0.367909  0
21.386667  0.367761  0
21.413333  0.367613  0
21.440000  0.367464  0
21.466667  0.367316  0
21.493333  0.367168  0
21.520000  0.367020  0
21.546667  0.366871  0
21.573333  0.366723  0
21.600000  0.366575  0
21.626667  0.366427  0
21.653333  0.366278  0
21.680000  0.366130  0
21.706667  0.365982  0
21.733333  0.365833  0
21.760000  0.365685  0
21.786667  0.365537  0
21.813333  0.365389  0
21.840000  0.365240  0
21.866667  0.365092  0
21.893333  0.364944  0
21.920000  0.364795  0
21.946667  0.364647  0
21.973333  0.364499  0
22.000000  0.364351  0
22.026667  0.364202  0
22.053333  0.364054  0
22.080000  0.363906  0
22.106667  0.363758  0
22.133333  0.363609  0
22.160000  0.363461  0
22.186667  0.363313  0
22.213333  0.363164  0
22.240000  0.363016  0
22.266667  0.362868  0
22.293333  0.362720  0
22.320000  0.362571  0
22.346667  0.362423  0
22.373333  0.362275  0
22.400000  0.362126  0
22.426667  0.361978  0
22.453333  0.361830  0
22.480000  0.361682  0
22.506667  0.361533  0
22.533333  0.361385  0
22.560000  0.361237  0
22.586667  0.361089  0
22.613333  0.360940  0
22.640000  0.360792  0
22.666667  0.360644  0
22.693333  0.360495  0
22.720000  0.360347  0
22.746667  0.360199  0
22.773333  0.360051  0
22.800000  0.359902  0
22.826667  0.359754  0
22.853333  0.359606  0
22.880000  0.359457  0
22.906667  0.359309  0
22.933333  0.359161  0
22.960000  0.359013  0
22.986667  0.358864  0
23.013333  0.358716  0
23.040000  0.358568  0
23.066667  0.358420  0
23.093333  0.358271  0
23.120000  0.358123  0
23.146667  0.357975  0
23.173333  0.357826  0
23.200000  0.357678  0
23.226667  0.357530  0
23.253333  0.357382  0
23.280000  0.357233  0
23.306667  0.357085  0
23.333333  0.356937  0
23.360000  0.356788  0
23.386667  0.356640  0
23.413333  0.356492  0
23.440000  0.356344  0
23.466667  0.356195  0
23.493333  0.356047  0
23.520000  0.355899  0
23.546667  0.355750  0
23.573333  0.355602  0
23.600000  0.355454  0
23.626667  0.355306  0
23.653333  0.355157  0
23.680000  0.355009  0
23.706667  0.354861  0
23.733333  0.354713  0
23.760000  0.354564  0
23.786667  0.354416  0
23.813333  0.354268  0
23.840000  0.354119  0
23.866667  0.353971  0
23.893333  0.353823  0
23.920000  0.353675  0
23.946667  0.353526  0
23.973333  0.353378  0
24.000000  0.353230  0
24.026667  0.353081  0
24.053333  0.352933  0
24.080000  0.352785  0
