6.773333  0.548902  0
6.800000  0.547077  0
6.826667  0.545252  0
6.853333  0.543427  0
6.880000  0.541603  0
6.906667  0.539778  0
6.933333  0.537953  0
6.960000  0.536128  0
6.986667  0.534303  0
7.013333  0.532478  0
7.040000  0.530653  0
7.066667  0.528828  0
7.093333  0.527003  0
7.120000  0.525178  0
7.146667  0.523353  0
7.173333  0.521528  0
7.200000  0.519703  0
7.226667  0.517878  0
7.253333  0.516053  0
7.280000  0.514228  0
7.306667  0.512403  0
7.333333  0.511407  0
7.360000  0.510463  0
7.386667  0.509520  0
7.413333  0.508576  0
7.440000  0.507633  0
7.466667  0.506689  0
7.493333  0.505745  0
7.520000  0.504802  0
7.546667  0.503858  0
7.573333  0.502915  0
7.600000  0.501971  0
7.626667  0.501028  0
7.653333  0.500084  0
7.680000  0.499140  0
7.706667  0.498197  0
7.733333  0.497253  0
7.760000  0.496310  0
7.786667  0.495220  0
7.813333  0.494090  0
7.840000  0.492960  0
7.866667  0.491831  0
7.893333  0.490701  0
7.920000  0.489571  0
7.946667  0.488441  0
7.973333  0.487312  0
8.000000  0.486182  0
8.026667  0.485052  0
8.053333  0.483922  0
8.080000  0.482793  0
8.106667  0.481663  0
8.133333  0.480533  0
8.160000  0.479403  0
8.186667  0.478274  0
8.213333  0.477287  0
8.240000  0.476507  0
8.266667  0.475727  0
8.293333  0.474946  0
8.320000  0.474166  0
8.346667  0.473385  0
8.373333  0.472605  0
8.400000  0.471825  0
8.426667  0.471044  0
8.453333  0.470264  0
8.480000  0.469483  0
8.506667  0.468703  0
8.533333  0.467922  0
8.560000  0.467142  0
8.586667  0.466362  0
8.613333  0.465581  0
8.640000  0.464801  0
8.666667  0.464020  0
8.693333  0.463240  0
8.720000  0.462460  0
8.746667  0.461679  0
8.773333  0.460899  0
8.800000  0.460118  0
8.826667  0.459338  0
8.853333  0.458557  0
8.880000  0.457777  0
8.906667  0.456997  0
8.933333  0.456216  0
8.960000  0.455436  0
8.986667  0.454655  0
9.013333  0.454314  0
9.040000  0.454097  0
9.066667  0.453880  0
9.093333  0.453663  0
9.120000  0.453446  0
9.146667  0.453229  0
9.173333  0.453012  0
9.200000  0.452795  0
9.226667  0.452578  0
9.253333  0.452361  0
9.280000  0.452144  0
9.306667  0.451927  0
9.333333  0.451710  0
9.360000  0.451493  0
9.386667  0.451276  0
9.413333  0.451059  0
9.440000  0.450842  0
9.466667  0.450625  0
9.493333  0.450408  0
9.520000  0.450191  0
9.546667  0.449975  0
9.573333  0.449758  0
9.600000  0.449541  0
9.626667  0.449324  0
9.653333  0.449107  0
9.680000  0.448890  0
9.706667  0.448673  0
9.733333  0.448456  0
9.760000  0.448239  0
9.786667  0.448022  0
9.813333  0.447805  0
9.840000  0.447588  0
9.866667  0.447375  0
9.893333  0.447163  0
9.920000  0.446951  0
9.946667  0.446739  0
9.973333  0.446527  0
10.000000  0.446316  0
10.026667  0.446104  0
10.053333  0.445892  0
10.080000  0.445680  0
10.106667  0.445468  0
10.133333  0.445257  0
10.160000  0.445045  0
10.186667  0.444833  0
10.213333  0.444621  0
10.240000  0.444409  0
10.266667  0.444197  0
10.293333  0.443986  0
10.320000  0.443774  0
10.346667  0.443562  0
10.373333  0.443350  0
10.400000  0.443138  0
10.426667  0.442926  0
10.453333  0.442715  0
10.480000  0.442503  0
10.506667  0.442291  0
10.533333  0.442079  0
10.560000  0.441867  0
10.586667  0.441655  0
10.613333  0.441444  0
10.640000  0.441232  0
10.666667  0.441020  0
10.693333  0.440808  0
10.720000  0.440596  0
10.746667  0.440385  0
10.773333  0.440173  0
10.800000  0.439961  0
10.826667  0.439749  0
10.853333  0.439537  0
10.880000  0.439325  0
10.906667  0.439114  0
10.933333  0.438902  0
10.960000  0.438690  0
10.986667  0.438478  0
11.013333  0.438287  0
11.040000  0.438221  0
11.066667  0.438155  0
11.093333  0.438089  0
11.120000  0.438023  0
11.146667  0.437958  0
11.173333  0.437892  0
11.200000  0.437826  0
11.226667  0.437760  0
11.253333  0.437694  0
11.280000  0.437628  0
11.306667  0.437562  0
11.333333  0.437496  0
11.360000  0.437430  0
11.386667  0.437364  0
11.413333  0.437299  0
11.440000  0.437233  0
11.466667  0.437167  0
11.493333  0.437101  0
11.520000  0.437035  0
11.546667  0.436969  0
11.573333  0.436903  0
11.600000  0.436837  0
11.626667  0.436771  0
11.653333  0.436705  0
11.680000  0.436640  0
11.706667  0.436574  0
11.733333  0.436508  0
11.760000  0.436442  0
11.786667  0.436376  0
11.813333  0.436310  0
11.840000  0.436244  0
11.866667  0.436178  0
11.893333  0.436112  0
11.920000  0.436046  0
11.946667  0.435997  0
11.973333  0.436244  0
12.000000  0.436492  0
12.026667  0.436739  0
12.053333  0.436986  0
12.080000  0.437233  0
12.106667  0.437480  0
12.133333  0.437727  0
12.160000  0.437974  0
12.186667  0.438221  0
12.213333  0.438469  0
12.240000  0.438716  0
12.266667  0.438963  0
12.293333  0.439210  0
12.320000  0.439457  0
12.346667  0.439704  0
12.373333  0.439951  0
12.400000  0.440199  0
12.426667  0.440446  0
12.453333  0.440693  0
12.480000  0.440940  0
12.506667  0.441187  0
12.533333  0.441434  0
12.560000  0.441681  0
12.586667  0.441928  0
12.613333  0.442176  0
12.640000  0.442423  0
12.666667  0.442670  0
12.693333  0.442917  0
12.720000  0.443164  0
12.746667  0.443411  0
12.773333  0.443658  0
12.800000  0.443905  0
12.826667  0.444153  0
12.853333  0.444400  0
12.880000  0.444647  0
12.906667  0.444894  0
12.933333  0.445141  0
12.960000  0.445149  0
12.986667  0.445013  0
13.013333  0.444877  0
13.040000  0.444741  0
13.066667  0.444605  0
13.093333  0.444469  0
13.120000  0.444333  0
13.146667  0.444197  0
13.173333  0.444061  0
13.200000  0.443924  0
13.226667  0.443788  0
13.253333  0.443652  0
13.280000  0.443516  0
13.306667  0.443380  0
13.333333  0.443244  0
13.360000  0.443108  0
13.386667  0.442972  0
13.413333  0.442836  0
13.440000  0.442700  0
13.466667  0.442564  0
13.493333  0.442428  0
13.520000  0.442292  0
13.546667  0.442156  0
13.573333  0.442020  0
13.600000  0.441884  0
13.626667  0.441748  0
13.653333  0.441612  0
13.680000  0.441476  0
13.706667  0.441340  0
13.733333  0.441204  0
13.760000  0.441068  0
13.786667  0.440932  0
13.813333  0.440796  0
13.840000  0.440660  0
13.866667  0.440524  0
13.893333  0.440388  0
13.920000  0.440252  0
13.946667  0.440115  0
13.973333  0.439979  0
14.000000  0.439843  0
14.026667  0.439707  0
14.053333  0.439571  0
14.080000  0.439435  0
14.106667  0.439299  0
14.133333  0.439163  0
14.160000  0.439027  0
14.186667  0.438891  0
14.213333  0.438755  0
14.240000  0.438619  0
14.266667  0.438483  0
14.293333  0.438347  0
14.320000  0.438211  0
14.346667  0.438075  0
14.373333  0.437939  0
14.400000  0.437803  0
14.426667  0.437667  0
14.453333  0.437531  0
14.480000  0.437395  0
14.506667  0.437259  0
14.533333  0.437123  0
14.560000  0.436987  0
14.586667  0.436851  0
14.613333  0.436715  0
14.640000  0.436579  0
14.666667  0.436443  0
14.693333  0.436307  0
14.720000  0.436170  0
14.746667  0.436034  0
14.773333  0.435898  0
14.800000  0.435762  0
14.826667  0.435626  0
14.853333  0.435490  0
14.880000  0.435354  0
14.906667  0.435218  0
14.933333  0.435082  0
14.960000  0.434946  0
14.986667  0.434810  0
15.013333  0.434674  0
15.040000  0.434538  0
15.066667  0.434402  0
15.093333  0.434266  0
15.120000  0.434130  0
15.146667  0.433994  0
15.173333  0.433858  0
15.200000  0.433722  0
15.226667  0.433544  0
15.253333  0.433343  0
15.280000  0.433141  0
15.306667  0.432939  0
15.333333  0.432737  0
15.360000  0.432536  0
15.386667  0.432334  0
15.413333  0.432132  0
15.440000  0.431930  0
15.466667  0.431729  0
15.493333  0.431527  0
15.520000  0.431325  0
15.546667  0.431123  0
15.573333  0.430922  0
15.600000  0.430720  0
15.626667  0.430518  0
15.653333  0.430317  0
15.680000  0.430115  0
15.706667  0.429913  0
15.733333  0.429711  0
15.760000  0.429510  0
15.786667  0.429308  0
15.813333  0.429106  0
15.840000  0.428904  0
15.866667  0.428703  0
15.893333  0.428501  0
15.920000  0.428299  0
15.946667  0.428097  0
15.973333  0.427896  0
16.000000  0.427694  0
16.026667  0.427492  0
16.053333  0.427290  0
16.080000  0.427089  0
16.106667  0.426887  0
16.133333  0.426685  0
16.160000  0.426483  0
16.186667  0.426282  0
16.213333  0.426080  0
16.240000  0.425878  0
16.266667  0.425677  0
16.293333  0.425475  0
16.320000  0.425273  0
16.346667  0.425071  0
16.373333  0.424870  0
16.400000  0.424668  0
16.426667  0.424466  0
16.453333  0.424264  0
16.480000  0.424063  0
16.506667  0.423861  0
16.533333  0.423659  0
16.560000  0.423457  0
16.586667  0.423256  0
16.613333  0.423054  0
16.640000  0.422852  0
16.666667  0.422650  0
16.693333  0.422449  0
16.720000  0.422247  0
16.746667  0.422045  0
16.773333  0.421843  0
16.800000  0.421642  0
16.826667  0.421440  0
16.853333  0.421238  0
16.880000  0.421037  0
16.906667  0.420835  0
16.933333  0.420633  0
16.960000  0.420431  0
16.986667  0.420230  0
17.013333  0.420028  0
17.040000  0.419826  0
17.066667  0.419624  0
17.093333  0.419423  0
17.120000  0.419221  0
17.146667  0.419019  0
17.173333  0.418817  0
17.200000  0.418616  0
17.226667  0.418414  0
17.253333  0.418212  0
17.280000  0.418010  0
17.306667  0.417809  0
17.333333  0.417607  0
17.360000  0.417405  0
17.386667  0.417203  0
17.413333  0.417002  0
17.440000  0.416800  0
17.466667  0.416598  0
17.493333  0.416397  0
17.520000  0.416195  0
17.546667  0.415993  0
17.573333  0.415791  0
17.600000  0.415590  0
17.626667  0.415388  0
17.653333  0.415186  0
17.680000  0.414984  0
17.706667  0.414783  0
17.733333  0.414581  0
17.760000  0.414379  0
17.786667  0.414177  0
17.813333  0.413976  0
17.840000  0.413774  0
17.866667  0.413572  0
17.893333  0.413370  0
17.920000  0.413169  0
17.946667  0.412967  0
17.973333  0.412765  0
18.000000  0.412563  0
18.026667  0.412362  0
18.053333  0.412160  0
18.080000  0.411958  0
18.106667  0.411757  0
18.133333  0.411555  0
18.160000  0.411353  0
18.186667  0.411151  0
18.213333  0.410950  0
18.240000  0.410748  0
18.266667  0.410546  0
18.293333  0.410328  0
18.320000  0.410110  0
18.346667  0.409892  0
18.373333  0.409674  0
18.400000  0.409456  0
18.426667  0.409238  0
18.453333  0.409020  0
18.480000  0.408802  0
18.506667  0.408583  0
18.533333  0.408365  0
18.560000  0.408147  0
18.586667  0.407929  0
18.613333  0.407711  0
18.640000  0.407493  0
18.666667  0.407275  0
18.693333  0.407057  0
18.720000  0.406839  0
18.746667  0.406621  0
18.773333  0.406403  0
18.800000  0.406185  0
18.826667  0.405967  0
18.853333  0.405749  0
18.880000  0.405531  0
18.906667  0.405313  0
18.933333  0.405095  0
18.960000  0.404877  0
18.986667  0.404658  0
19.013333  0.404440  0
19.040000  0.404222  0
19.066667  0.404004  0
19.093333  0.403786  0
19.120000  0.403568  0
19.146667  0.403350  0
19.173333  0.403132  0
19.200000  0.402914  0
19.226667  0.402696  0
19.253333  0.402478  0
19.280000  0.402260  0
19.306667  0.402042  0
19.333333  0.401824  0
19.360000  0.401606  0
19.386667  0.401388  0
19.413333  0.401170  0
19.440000  0.400951  0
19.466667  0.400733  0
19.493333  0.400515  0
19.520000  0.400297  0
19.546667  0.400079  0
19.573333  0.399861  0
19.600000  0.399643  0
19.626667  0.399425  0
19.653333  0.399207  0
19.680000  0.398989  0
19.706667  0.398771  0
19.733333  0.398553  0
19.760000  0.398335  0
19.786667  0.398117  0
19.813333  0.397899  0
19.840000  0.397681  0
19.866667  0.397463  0
19.893333  0.397245  0
19.920000  0.397026  0
19.946667  0.396808  0
19.973333  0.396590  0
20.000000  0.396372  0
20.026667  0.396154  0
20.053333  0.395936  0
20.080000  0.395718  0
20.106667  0.395500  0
20.133333  0.395282  0
20.160000  0.395064  0
20.186667  0.394846  0
20.213333  0.394628  0
20.240000  0.394410  0
20.266667  0.394192  0
20.293333  0.393974  0
20.320000  0.393756  0
20.346667  0.393538  0
20.373333  0.393320  0
20.400000  0.393101  0
20.426667  0.392883  0
20.453333  0.392665  0
20.480000  0.392447  0
20.506667  0.392229  0
20.533333  0.392011  0
20.560000  0.391793  0
20.586667  0.391575  0
20.613333  0.391357  0
20.640000  0.391139  0
20.666667  0.390921  0
20.693333  0.390703  0
20.720000  0.390485  0
20.746667  0.390267  0
20.773333  0.390049  0
20.800000  0.389831  0
20.826667  0.389613  0
20.853333  0.389395  0
20.880000  0.389176  0
20.906667  0.388958  0
20.933333  0.388740  0
20.960000  0.388522  0
20.986667  0.388304  0
21.013333  0.388086  0
21.040000  0.387868  0
21.066667  0.387650  0
21.093333  0.387432  0
21.120000  0.387336  0
21.146667  0.387245  0
21.173333  0.387154  0
21.200000  0.387063  0
21.226667  0.386972  0
21.253333  0.386882  0
21.280000  0.386791  0
21.306667  0.386700  0
21.333333  0.386609  0
21.360000  0.386518  0
21.386667  0.386427  0
21.413333  0.386336  0
21.440000  0.386245  0
21.466667  0.386155  0
21.493333  0.386064  0
21.520000  0.385973  0
21.546667  0.385882  0
21.573333  0.385791  0
21.600000  0.385700  0
21.626667  0.385609  0
21.653333  0.385518  0
21.680000  0.385428  0
21.706667  0.385337  0
21.733333  0.385246  0
21.760000  0.385155  0
21.786667  0.385064  0
21.813333  0.384973  0
21.840000  0.384882  0
21.866667  0.384792  0
21.893333  0.384701  0
21.920000  0.384610  0
21.946667  0.384519  0
21.973333  0.384428  0
22.000000  0.384337  0
22.026667  0.384246  0
22.053333  0.384155  0
22.080000  0.384065  0
22.106667  0.383974  0
22.133333  0.383883  0
22.160000  0.383792  0
22.186667  0.383701  0
22.213333  0.383610  0
22.240000  0.383519  0
22.266667  0.383429  0
22.293333  0.383338  0
22.320000  0.383247  0
22.346667  0.383156  0
22.373333  0.383065  0
22.400000  0.382974  0
22.426667  0.382883  0
22.453333  0.382792  0
22.480000  0.382702  0
22.506667  0.382611  0
22.533333  0.382520  0
22.560000  0.382429  0
22.586667  0.382338  0
22.613333  0.382247  0
22.640000  0.382156  0
22.666667  0.382066  0
22.693333  0.381975  0
22.720000  0.381884  0
22.746667  0.381793  0
22.773333  0.381702  0
22.800000  0.381611  0
22.826667  0.381520  0
22.853333  0.381429  0
22.880000  0.381339  0
22.906667  0.381248  0
22.933333  0.381157  0
22.960000  0.381066  0
22.986667  0.380975  0
23.013333  0.380884  0
23.040000  0.380793  0
23.066667  0.380703  0
23.093333  0.380612  0
23.120000  0.380521  0
23.146667  0.380430  0
23.173333  0.380339  0
23.200000  0.380248  0
23.226667  0.380157  0
23.253333  0.380066  0
23.280000  0.379976  0
23.306667  0.379885  0
23.333333  0.379794  0
23.360000  0.379703  0
23.386667  0.379612  0
23.413333  0.379521  0
23.440000  0.379430  0
23.466667  0.379340  0
23.493333  0.379249  0
23.520000  0.379158  0
23.546667  0.379067  0
23.573333  0.378976  0
23.600000  0.378885  0
23.626667  0.378794  0
23.653333  0.378703  0
23.680000  0.378613  0
23.706667  0.378522  0
23.733333  0.378431  0
23.760000  0.378340  0
23.786667  0.378249  0
23.813333  0.378158  0
23.840000  0.378067  0
23.866667  0.377977  0
23.893333  0.377886  0
23.920000  0.377795  0
23.946667  0.377704  0
23.973333  0.377613  0
24.000000  0.377522  0
24.026667  0.377431  0
24.053333  0.377340  0
24.080000  0.377250  0
24.106667  0.377159  0
24.133333  0.377068  0
24.160000  0.376977  0
24.186667  0.376886  0
24.213333  0.376795  0
24.240000  0.376704  0
24.266667  0.376614  0
24.293333  0.376523  0
24.320000  0.376432  0
24.346667  0.376341  0
24.373333  0.376250  0
24.400000  0.376159  0
24.426667  0.376068  0
24.453333  0.375977  0
24.480000  0.375887  0
24.506667  0.375796  0
24.533333  0.375705  0
24.560000  0.375614  0
24.586667  0.375523  0
24.613333  0.375432  0
24.640000  0.375341  0
24.666667  0.375251  0
24.693333  0.375160  0
24.720000  0.375069  0
24.746667  0.374978  0
24.773333  0.374887  0
24.800000  0.374796  0
24.826667  0.374705  0
24.853333  0.374614  0
24.880000  0.374524  0
24.906667  0.374433  0
24.933333  0.374342  0
24.960000  0.374251  0
24.986667  0.374160  0
25.013333  0.374069  0
25.040000  0.373978  0
25.066667  0.373888  0
25.093333  0.373797  0
25.120000  0.373706  0
25.146667  0.373615  0
25.173333  0.373524  0
25.200000  0.373433  0
25.226667  0.373342  0
25.253333  0.373251  0
25.280000  0.373161  0
25.306667  0.373070  0
25.333333  0.372979  0
25.360000  0.372888  0
25.386667  0.372797  0
25.413333  0.372706  0
25.440000  0.372615  0
25.466667  0.372525  0
25.493333  0.372434  0
25.520000  0.372343  0
25.546667  0.372252  0
25.573333  0.372161  0
25.600000  0.372070  0
25.626667  0.371979  0
25.653333  0.371888  0
25.680000  0.371798  0
25.706667  0.371707  0
25.733333  0.371616  0
25.760000  0.371525  0
25.786667  0.371434  0
25.813333  0.371343  0
25.840000  0.371252  0
25.866667  0.371162  0
25.893333  0.371071  0
25.920000  0.370980  0
25.946667  0.370889  0
25.973333  0.370798  0
26.000000  0.370707  0
26.026667  0.370616  0
26.053333  0.370525  0
26.080000  0.370435  0
26.106667  0.370344  0
26.133333  0.370253  0
26.160000  0.370162  0
26.186667  0.370071  0
26.213333  0.369980  0
26.240000  0.369889  0
26.266667  0.369799  0
26.293333  0.369708  0
26.320000  0.369617  0
26.346667  0.369526  0
26.373333  0.369435  0
26.400000  0.369344  0
26.426667  0.369253  0
26.453333  0.369162  0
26.480000  0.369072  0
26.506667  0.368981  0
26.533333  0.368890  0
26.560000  0.368799  0
26.586667  0.368708  0
26.613333  0.368617  0
26.640000  0.368526  0
26.666667  0.368436  0
26.693333  0.368345  0
26.720000  0.368254  0
26.746667  0.368163  0
26.773333  0.368072  0
26.800000  0.367981  0
26.826667  0.367890  0
26.853333  0.367799  0
26.880000  0.367709  0
26.906667  0.367618  0
26.933333  0.367527  0
26.960000  0.367436  0
26.986667  0.367345  0
27.013333  0.367254  0
27.040000  0.367163  0
27.066667  0.367073  0
27.093333  0.366982  0
27.120000  0.366891  0
27.146667  0.366800  0
27.173333  0.366709  0
27.200000  0.366618  0
27.226667  0.366527  0
27.253333  0.366436  0
27.280000  0.366346  0
27.306667  0.366255  0
27.333333  0.366164  0
27.360000  0.366073  0
27.386667  0.365982  0
27.413333  0.365891  0
27.440000  0.365800  0
27.466667  0.365710  0
27.493333  0.365619  0
27.520000  0.365528  0
27.546667  0.365437  0
27.573333  0.365346  0
27.600000  0.365255  0
27.626667  0.365164  0
27.653333  0.365073  0
27.680000  0.364983  0
27.706667  0.364892  0
27.733333  0.364801  0
27.760000  0.364710  0
27.786667  0.364619  0
27.813333  0.364528  0
27.840000  0.364437  0
27.866667  0.364347  0
27.893333  0.364256  0
27.920000  0.364165  0
27.946667  0.364074  0
27.973333  0.363983  0
28.000000  0.363892  0
28.026667  0.363801  0
28.053333  0.363710  0
28.080000  0.363620  0
28.106667  0.363529  0
28.133333  0.363438  0
28.160000  0.363347  0
28.186667  0.363256  0
28.213333  0.363165  0
28.240000  0.363074  0
28.266667  0.362983  0
28.293333  0.362893  0
28.320000  0.362802  0
28.346667  0.362711  0
28.373333  0.362620  0
28.400000  0.362529  0
28.426667  0.362438  0
28.453333  0.362347  0
28.480000  0.362257  0
28.506667  0.362166  0
28.533333  0.362075  0
