2.773333  0.694299  0
2.800000  0.694089  0
2.826667  0.693680  0
2.853333  0.693092  0
2.880000  0.692350  0
2.906667  0.691483  0
2.933333  0.690520  0
2.960000  0.689486  0
2.986667  0.688404  0
3.013333  0.687289  0
3.040000  0.686154  0
3.066667  0.685007  0
3.093333  0.683853  0
3.120000  0.682696  0
3.146667  0.681536  0
3.173333  0.680376  0
3.200000  0.679215  0
3.226667  0.678055  0
3.253333  0.676894  0
3.280000  0.675733  0
3.306667  0.674572  0
3.333333  0.673411  0
3.360000  0.672250  0
3.386667  0.671089  0
3.413333  0.669928  0
3.440000  0.668767  0
3.466667  0.667606  0
3.493333  0.666445  0
3.520000  0.665284  0
3.546667  0.664123  0
3.573333  0.662962  0
3.600000  0.661801  0
3.626667  0.660640  0
3.653333  0.659479  0
3.680000  0.658318  0
3.706667  0.657157  0
3.733333  0.655996  0
3.760000  0.654835  0
3.786667  0.653674  0
3.813333  0.652514  0
3.840000  0.651353  0
3.866667  0.650192  0
3.893333  0.649031  0
3.920000  0.647870  0
3.946667  0.646709  0
3.973333  0.645548  0
4.000000  0.644387  0
4.026667  0.643226  0
4.053333  0.642065  0
4.080000  0.640904  0
4.106667  0.639743  0
4.133333  0.638582  0
4.160000  0.637421  0
4.186667  0.636260  0
4.213333  0.635099  0
4.240000  0.633938  0
4.266667  0.632777  0
4.293333  0.631616  0
4.320000  0.630455  0
4.346667  0.629294  0
4.373333  0.628133  0
4.400000  0.626972  0
4.426667  0.625811  0
4.453333  0.624650  0
4.480000  0.623489  0
4.506667  0.622329  0
4.533333  0.621168  0
4.560000  0.620007  0
4.586667  0.618846  0
4.613333  0.617685  0
4.640000  0.616524  0
4.666667  0.615363  0
4.693333  0.614202  0
4.720000  0.613041  0
4.746667  0.611880  0
4.773333  0.610719  0
4.800000  0.609558  0
4.826667  0.608397  0
4.853333  0.607236  0
4.880000  0.606075  0
4.906667  0.604914  0
4.933333  0.603753  0
4.960000  0.602592  0
4.986667  0.601431  0
5.013333  0.600270  0
5.040000  0.599109  0
5.066667  0.597948  0
5.093333  0.596787  0
5.120000  0.595626  0
5.146667  0.594465  0
5.173333  0.593304  0
5.200000  0.592143  0
5.226667  0.590983  0
5.253333  0.589822  0
5.280000  0.588661  0
5.306667  0.587500  0
5.333333  0.586339  0
5.360000  0.585178  0
5.386667  0.584017  0
5.413333  0.582856  0
5.440000  0.581695  0
5.466667  0.580534  0
5.493333  0.579373  0
5.520000  0.578212  0
5.546667  0.577051  0
5.573333  0.575890  0
5.600000  0.574729  0
5.626667  0.573568  0
5.653333  0.572407  0
5.680000  0.571246  0
5.706667  0.570085  0
5.733333  0.568924  0
5.760000  0.567763  0
5.786667  0.566601  0
5.813333  0.565438  0
5.840000  0.564274  0
5.866667  0.563108  0
5.893333  0.561938  0
5.920000  0.560762  0
5.946667  0.559577  0
5.973333  0.558383  0
6.000000  0.557177  0
6.026667  0.555958  0
6.053333  0.554728  0
6.080000  0.553489  0
6.106667  0.552250  0
6.133333  0.551020  0
6.160000  0.549810  0
6.186667  0.548636  0
6.213333  0.547514  0
6.240000  0.546460  0
6.266667  0.545487  0
6.293333  0.544607  0
6.320000  0.543822  0
6.346667  0.543130  0
6.373333  0.542515  0
6.400000  0.541957  0
6.426667  0.541426  0
6.453333  0.540892  0
6.480000  0.540326  0
6.506667  0.539705  0
6.533333  0.539015  0
6.560000  0.538248  0
6.586667  0.537400  0
6.613333  0.536470  0
6.640000  0.535459  0
6.666667  0.534364  0
6.693333  0.533186  0
6.720000  0.531925  0
6.746667  0.530584  0
6.773333  0.529166  0
6.800000  0.527680  0
6.826667  0.526133  0
6.853333  0.524535  0
6.880000  0.522893  0
6.906667  0.521216  0
6.933333  0.519510  0
6.960000  0.517782  0
6.986667  0.516037  0
7.013333  0.514281  0
7.040000  0.512516  0
7.066667  0.510745  0
7.093333  0.508971  0
7.120000  0.507196  0
7.146667  0.505419  0
7.173333  0.503641  0
7.200000  0.501864  0
7.226667  0.500086  0
7.253333  0.498308  0
7.280000  0.496530  0
7.306667  0.494752  0
7.333333  0.492974  0
7.360000  0.491196  0
7.386667  0.489418  0
7.413333  0.487641  0
7.440000  0.485863  0
7.466667  0.484085  0
7.493333  0.482307  0
7.520000  0.480529  0
7.546667  0.478751  0
7.573333  0.476973  0
7.600000  0.475195  0
7.626667  0.473417  0
7.653333  0.471639  0
7.680000  0.469861  0
7.706667  0.468083  0
7.733333  0.466305  0
7.760000  0.464527  0
7.786667  0.462749  0
7.813333  0.460971  0
7.840000  0.459194  0
7.866667  0.457419  0
7.893333  0.455647  0
7.920000  0.453883  0
7.946667  0.452133  0
7.973333  0.450406  0
8.000000  0.448716  0
8.026667  0.447078  0
8.053333  0.445511  0
8.080000  0.444035  0
8.106667  0.442666  0
8.133333  0.441416  0
8.160000  0.440292  0
8.186667  0.439291  0
8.213333  0.438406  0
8.240000  0.437625  0
8.266667  0.436936  0
8.293333  0.436331  0
8.320000  0.435807  0
8.346667  0.435363  0
8.373333  0.435003  0
8.400000  0.434728  0
8.426667  0.434537  0
8.453333  0.434421  0
8.480000  0.434368  0
8.506667  0.434359  0
8.533333  0.434374  0
8.560000  0.434394  0
8.586667  0.434404  0
8.613333  0.434394  0
8.640000  0.434359  0
8.666667  0.434300  0
8.693333  0.434222  0
8.720000  0.434132  0
8.746667  0.434040  0
8.773333  0.433957  0
8.800000  0.433890  0
8.826667  0.433840  0
8.853333  0.433797  0
8.880000  0.433741  0
8.906667  0.433639  0
8.933333  0.433454  0
8.960000  0.433146  0
8.986667  0.432686  0
9.013333  0.432062  0
9.040000  0.431279  0
9.066667  0.430359  0
9.093333  0.429336  0
9.120000  0.428248  0
9.146667  0.427131  0
9.173333  0.426015  0
9.200000  0.424922  0
9.226667  0.423867  0
9.253333  0.422861  0
9.280000  0.421913  0
9.306667  0.421028  0
9.333333  0.420209  0
9.360000  0.419454  0
9.386667  0.418759  0
9.413333  0.418115  0
9.440000  0.417511  0
9.466667  0.416938  0
9.493333  0.416388  0
9.520000  0.415861  0
9.546667  0.415360  0
9.573333  0.414894  0
9.600000  0.414472  0
9.626667  0.414107  0
9.653333  0.413807  0
9.680000  0.413576  0
9.706667  0.413415  0
9.733333  0.413317  0
9.760000  0.413272  0
9.786667  0.413265  0
9.813333  0.413275  0
9.840000  0.413284  0
9.866667  0.413273  0
9.893333  0.413227  0
9.920000  0.413134  0
9.946667  0.412991  0
9.973333  0.412801  0
10.000000  0.412571  0
10.026667  0.412315  0
10.053333  0.412049  0
10.080000  0.411788  0
10.106667  0.411545  0
10.133333  0.411330  0
10.160000  0.411149  0
10.186667  0.411002  0
10.213333  0.410885  0
10.240000  0.410792  0
10.266667  0.410717  0
10.293333  0.410651  0
10.320000  0.410589  0
10.346667  0.410526  0
10.373333  0.410459  0
10.400000  0.410387  0
10.426667  0.410309  0
10.453333  0.410225  0
10.480000  0.410137  0
10.506667  0.410043  0
10.533333  0.409943  0
10.560000  0.409837  0
10.586667  0.409722  0
10.613333  0.409596  0
10.640000  0.409457  0
10.666667  0.409305  0
10.693333  0.409140  0
10.720000  0.408966  0
10.746667  0.408789  0
10.773333  0.408614  0
10.800000  0.408447  0
10.826667  0.408292  0
10.853333  0.408149  0
10.880000  0.408016  0
10.906667  0.407888  0
10.933333  0.407758  0
10.960000  0.407620  0
10.986667  0.407470  0
11.013333  0.407304  0
11.040000  0.407118  0
11.066667  0.406911  0
11.093333  0.406682  0
11.120000  0.406429  0
11.146667  0.406151  0
11.173333  0.405845  0
11.200000  0.405513  0
11.226667  0.405155  0
11.253333  0.404775  0
11.280000  0.404375  0
11.306667  0.403960  0
11.333333  0.403536  0
11.360000  0.403107  0
11.386667  0.402677  0
11.413333  0.402250  0
11.440000  0.401827  0
11.466667  0.401409  0
11.493333  0.400998  0
11.520000  0.400593  0
11.546667  0.400195  0
11.573333  0.399803  0
11.600000  0.399418  0
11.626667  0.399042  0
11.653333  0.398677  0
11.680000  0.398327  0
11.706667  0.397994  0
11.733333  0.397682  0
11.760000  0.397392  0
11.786667  0.397124  0
11.813333  0.396877  0
11.840000  0.396647  0
11.866667  0.396431  0
11.893333  0.396224  0
11.920000  0.396023  0
11.946667  0.395825  0
11.973333  0.395631  0
12.000000  0.395442  0
12.026667  0.395258  0
12.053333  0.395081  0
12.080000  0.394912  0
12.106667  0.394749  0
12.133333  0.394592  0
12.160000  0.394440  0
12.186667  0.394293  0
12.213333  0.394152  0
12.240000  0.394015  0
12.266667  0.393885  0
12.293333  0.393761  0
12.320000  0.393646  0
12.346667  0.393542  0
12.373333  0.393453  0
12.400000  0.393384  0
12.426667  0.393338  0
12.453333  0.393317  0
12.480000  0.393324  0
12.506667  0.393355  0
12.533333  0.393406  0
12.560000  0.393471  0
12.586667  0.393546  0
12.613333  0.393626  0
12.640000  0.393709  0
12.666667  0.393795  0
12.693333  0.393884  0
12.720000  0.393977  0
12.746667  0.394070  0
12.773333  0.394162  0
12.800000  0.394247  0
12.826667  0.394320  0
12.853333  0.394374  0
12.880000  0.394409  0
12.906667  0.394425  0
12.933333  0.394426  0
12.960000  0.394423  0
12.986667  0.394424  0
13.013333  0.394441  0
13.040000  0.394479  0
13.066667  0.394543  0
13.093333  0.394629  0
13.120000  0.394729  0
13.146667  0.394832  0
13.173333  0.394922  0
13.200000  0.394988  0
13.226667  0.395020  0
13.253333  0.395014  0
13.280000  0.394971  0
13.306667  0.394899  0
13.333333  0.394804  0
13.360000  0.394696  0
13.386667  0.394579  0
13.413333  0.394457  0
13.440000  0.394329  0
13.466667  0.394190  0
13.493333  0.394037  0
13.520000  0.393864  0
13.546667  0.393669  0
13.573333  0.393453  0
13.600000  0.393218  0
13.626667  0.392968  0
13.653333  0.392711  0
13.680000  0.392453  0
13.706667  0.392199  0
13.733333  0.391953  0
13.760000  0.391715  0
13.786667  0.391483  0
13.813333  0.391256  0
13.840000  0.391032  0
13.866667  0.390810  0
13.893333  0.390594  0
13.920000  0.390389  0
13.946667  0.390204  0
13.973333  0.390044  0
14.000000  0.389914  0
14.026667  0.389814  0
14.053333  0.389740  0
14.080000  0.389681  0
14.106667  0.389626  0
14.133333  0.389561  0
14.160000  0.389477  0
14.186667  0.389367  0
14.213333  0.389230  0
14.240000  0.389072  0
14.266667  0.388899  0
14.293333  0.388722  0
14.320000  0.388548  0
14.346667  0.388382  0
14.373333  0.388226  0
14.400000  0.388081  0
14.426667  0.387943  0
14.453333  0.387812  0
14.480000  0.387689  0
14.506667  0.387576  0
14.533333  0.387477  0
14.560000  0.387395  0
14.586667  0.387332  0
14.613333  0.387287  0
14.640000  0.387256  0
14.666667  0.387232  0
14.693333  0.387206  0
14.720000  0.387171  0
14.746667  0.387122  0
14.773333  0.387057  0
14.800000  0.386981  0
14.826667  0.386898  0
14.853333  0.386818  0
14.880000  0.386747  0
14.906667  0.386690  0
14.933333  0.386650  0
14.960000  0.386625  0
14.986667  0.386613  0
15.013333  0.386546  0
15.040000  0.386480  0
15.066667  0.386414  0
15.093333  0.386348  0
15.120000  0.386281  0
15.146667  0.386215  0
15.173333  0.386149  0
15.200000  0.386083  0
15.226667  0.386016  0
15.253333  0.385950  0
15.280000  0.385884  0
15.306667  0.385818  0
15.333333  0.385751  0
15.360000  0.385685  0
15.386667  0.385619  0
15.413333  0.385553  0
15.440000  0.385486  0
15.466667  0.385420  0
15.493333  0.385354  0
15.520000  0.385288  0
15.546667  0.385221  0
15.573333  0.385155  0
15.600000  0.385089  0
15.626667  0.385022  0
15.653333  0.384956  0
15.680000  0.384890  0
15.706667  0.384824  0
15.733333  0.384757  0
15.760000  0.384691  0
15.786667  0.384625  0
15.813333  0.384559  0
15.840000  0.384492  0
15.866667  0.384426  0
15.893333  0.384360  0
15.920000  0.384294  0
15.946667  0.384227  0
15.973333  0.384161  0
16.000000  0.384095  0
16.026667  0.384029  0
16.053333  0.383962  0
16.080000  0.383896  0
16.106667  0.383830  0
16.133333  0.383763  0
16.160000  0.383697  0
16.186667  0.383631  0
16.213333  0.383565  0
16.240000  0.383498  0
16.266667  0.383432  0
16.293333  0.383366  0
16.320000  0.383300  0
16.346667  0.383233  0
16.373333  0.383167  0
16.400000  0.383101  0
16.426667  0.383035  0
16.453333  0.382968  0
16.480000  0.382902  0
16.506667  0.382836  0
16.533333  0.382770  0
16.560000  0.382703  0
16.586667  0.382637  0
16.613333  0.382571  0
16.640000  0.382504  0
16.666667  0.382438  0
16.693333  0.382372  0
16.720000  0.382306  0
16.746667  0.382239  0
16.773333  0.382173  0
16.800000  0.382107  0
16.826667  0.382041  0
16.853333  0.381974  0
16.880000  0.381908  0
16.906667  0.381842  0
16.933333  0.381776  0
16.960000  0.381709  0
16.986667  0.381643  0
17.013333  0.381577  0
17.040000  0.381511  0
17.066667  0.381444  0
17.093333  0.381378  0
17.120000  0.381312  0
17.146667  0.381245  0
17.173333  0.381179  0
17.200000  0.381113  0
17.226667  0.381047  0
17.253333  0.380980  0
17.280000  0.380914  0
17.306667  0.380848  0
17.333333  0.380782  0
17.360000  0.380715  0
17.386667  0.380649  0
17.413333  0.380583  0
17.440000  0.380517  0
17.466667  0.380450  0
17.493333  0.380384  0
17.520000  0.380318  0
17.546667  0.380252  0
17.573333  0.380185  0
17.600000  0.380119  0
17.626667  0.380053  0
17.653333  0.379987  0
17.680000  0.379920  0
17.706667  0.379854  0
17.733333  0.379788  0
17.760000  0.379721  0
17.786667  0.379655  0
17.813333  0.379589  0
17.840000  0.379523  0
17.866667  0.379456  0
17.893333  0.379390  0
17.920000  0.379324  0
17.946667  0.379258  0
17.973333  0.379191  0
18.000000  0.379125  0
18.026667  0.379059  0
18.053333  0.378993  0
18.080000  0.378926  0
18.106667  0.378860  0
18.133333  0.378794  0
18.160000  0.378728  0
18.186667  0.378661  0
18.213333  0.378595  0
18.240000  0.378529  0
18.266667  0.378462  0
18.293333  0.378396  0
18.320000  0.378330  0
18.346667  0.378264  0
18.373333  0.378197  0
18.400000  0.378131  0
18.426667  0.378065  0
18.453333  0.377999  0
18.480000  0.377932  0
18.506667  0.377866  0
18.533333  0.377800  0
18.560000  0.377734  0
18.586667  0.377667  0
18.613333  0.377601  0
18.640000  0.377535  0
18.666667  0.377469  0
18.693333  0.377402  0
18.720000  0.377336  0
18.746667  0.377270  0
18.773333  0.377203  0
18.800000  0.377137  0
18.826667  0.377071  0
18.853333  0.377005  0
18.880000  0.376938  0
18.906667  0.376872  0
18.933333  0.376806  0
18.960000  0.376740  0
18.986667  0.376673  0
19.013333  0.376607  0
19.040000  0.376541  0
19.066667  0.376475  0
19.093333  0.376408  0
19.120000  0.376342  0
19.146667  0.376276  0
19.173333  0.376210  0
19.200000  0.376143  0
19.226667  0.376077  0
19.253333  0.376011  0
19.280000  0.375944  0
19.306667  0.375878  0
19.333333  0.375812  0
19.360000  0.375746  0
19.386667  0.375679  0
19.413333  0.375613  0
19.440000  0.375547  0
19.466667  0.375481  0
19.493333  0.375414  0
19.520000  0.375348  0
19.546667  0.375282  0
19.573333  0.375216  0
19.600000  0.375149  0
19.626667  0.375083  0
19.653333  0.375017  0
19.680000  0.374951  0
19.706667  0.374884  0
19.733333  0.374818  0
19.760000  0.374752  0
19.786667  0.374686  0
19.813333  0.374619  0
19.840000  0.374553  0
19.866667  0.374487  0
19.893333  0.374420  0
19.920000  0.374354  0
19.946667  0.374288  0
19.973333  0.374222  0
20.000000  0.374155  0
20.026667  0.374089  0
20.053333  0.374023  0
20.080000  0.373957  0
20.106667  0.373890  0
20.133333  0.373824  0
20.160000  0.373758  0
20.186667  0.373692  0
20.213333  0.373625  0
20.240000  0.373559  0
20.266667  0.373493  0
20.293333  0.373427  0
20.320000  0.373360  0
20.346667  0.373294  0
20.373333  0.373228  0
20.400000  0.373161  0
20.426667  0.373095  0
20.453333  0.373029  0
20.480000  0.372963  0
20.506667  0.372896  0
20.533333  0.372830  0
20.560000  0.372764  0
20.586667  0.372698  0
20.613333  0.372631  0
20.640000  0.372565  0
20.666667  0.372499  0
20.693333  0.372433  0
20.720000  0.372366  0
20.746667  0.372300  0
20.773333  0.372234  0
20.800000  0.372168  0
20.826667  0.372101  0
20.853333  0.372035  0
20.880000  0.371969  0
20.906667  0.371902  0
20.933333  0.371836  0
20.960000  0.371770  0
20.986667  0.371704  0
21.013333  0.371637  0
21.040000  0.371571  0
21.066667  0.371505  0
21.093333  0.371439  0
21.120000  0.371372  0
21.146667  0.371306  0
21.173333  0.371240  0
21.200000  0.371174  0
21.226667  0.371107  0
21.253333  0.371041  0
21.280000  0.370975  0
21.306667  0.370909  0
21.333333  0.370842  0
21.360000  0.370776  0
21.386667  0.370710  0
21.413333  0.370643  0
21.440000  0.370577  0
21.466667  0.370511  0
21.493333  0.370445  0
21.520000  0.370378  0
21.546667  0.370312  0
21.573333  0.370246  0
21.600000  0.370180  0
21.626667  0.370113  0
21.653333  0.370047  0
21.680000  0.369981  0
21.706667  0.369915  0
21.733333  0.369848  0
21.760000  0.369782  0
21.786667  0.369716  0
21.813333  0.369650  0
21.840000  0.369583  0
21.866667  0.369517  0
21.893333  0.369451  0
21.920000  0.369385  0
21.946667  0.369318  0
21.973333  0.369252  0
22.000000  0.369186  0
22.026667  0.369119  0
22.053333  0.369053  0
22.080000  0.368987  0
22.106667  0.368921  0
22.133333  0.368854  0
22.160000  0.368788  0
22.186667  0.368722  0
22.213333  0.368656  0
22.240000  0.368589  0
22.266667  0.368523  0
22.293333  0.368457  0
22.320000  0.368391  0
22.346667  0.368324  0
22.373333  0.368258  0
22.400000  0.368192  0
22.426667  0.368126  0
22.453333  0.368059  0
22.480000  0.367993  0
22.506667  0.367927  0
22.533333  0.367860  0
22.560000  0.367794  0
22.586667  0.367728  0
22.613333  0.367662  0
22.640000  0.367595  0
22.666667  0.367529  0
22.693333  0.367463  0
22.720000  0.367397  0
22.746667  0.367330  0
22.773333  0.367264  0
22.800000  0.367198  0
22.826667  0.367132  0
22.853333  0.367065  0
22.880000  0.366999  0
22.906667  0.366933  0
22.933333  0.366867  0
22.960000  0.366800  0
22.986667  0.366734  0
23.013333  0.366668  0
23.040000  0.366601  0
23.066667  0.366535  0
23.093333  0.366469  0
23.120000  0.366403  0
23.146667  0.366336  0
23.173333  0.366270  0
23.200000  0.366204  0
23.226667  0.366138  0
23.253333  0.366071  0
23.280000  0.366005  0
23.306667  0.365939  0
23.333333  0.365873  0
23.360000  0.365806  0
23.386667  0.365740  0
23.413333  0.365674  0
23.440000  0.365608  0
23.466667  0.365541  0
23.493333  0.365475  0
23.520000  0.365409  0
23.546667  0.365342  0
23.573333  0.365276  0
23.600000  0.365210  0
23.626667  0.365144  0
23.653333  0.365077  0
23.680000  0.365011  0
23.706667  0.364945  0
23.733333  0.364879  0
23.760000  0.364812  0
23.786667  0.364746  0
23.813333  0.364680  0
23.840000  0.364614  0
23.866667  0.364547  0
23.893333  0.364481  0
23.920000  0.364415  0
23.946667  0.364349  0
23.973333  0.364282  0
24.000000  0.364216  0
24.026667  0.364150  0
24.053333  0.364084  0
24.080000  0.364017  0
24.106667  0.363951  0
24.133333  0.363885  0
24.160000  0.363818  0
24.186667  0.363752  0
24.213333  0.363686  0
24.240000  0.363620  0
24.266667  0.363553  0
24.293333  0.363487  0
24.320000  0.363421  0
24.346667  0.363355  0
24.373333  0.363288  0
24.400000  0.363222  0
24.426667  0.363156  0
24.453333  0.363090  0
24.480000  0.363023  0
24.506667  0.362957  0
24.533333  0.362891  0
24.560000  0.362825  0
24.586667  0.362758  0
24.613333  0.362692  0
24.640000  0.362626  0
24.666667  0.362559  0
24.693333  0.362493  0
24.720000  0.362427  0
24.746667  0.362361  0
24.773333  0.362294  0
24.800000  0.362228  0
24.826667  0.362162  0
24.853333  0.362096  0
24.880000  0.362029  0
24.906667  0.361963  0
24.933333  0.361897  0
24.960000  0.361831  0
24.986667  0.361764  0
25.013333  0.361698  0
25.040000  0.361632  0
25.066667  0.361566  0
25.093333  0.361499  0
25.120000  0.361433  0
25.146667  0.361367  0
25.173333  0.361300  0
25.200000  0.361234  0
25.226667  0.361168  0
25.253333  0.361102  0
25.280000  0.361035  0
25.306667  0.360969  0
25.333333  0.360903  0
25.360000  0.360837  0
25.386667  0.360770  0
25.413333  0.360704  0
25.440000  0.360638  0
25.466667  0.360572  0
25.493333  0.360505  0
25.520000  0.360439  0
25.546667  0.360373  0
25.573333  0.360307  0
25.600000  0.360240  0
25.626667  0.360174  0
25.653333  0.360108  0
25.680000  0.360041  0
25.706667  0.359975  0
25.733333  0.359909  0
25.760000  0.359843  0
25.786667  0.359776  0
25.813333  0.359710  0
25.840000  0.359644  0
25.866667  0.359578  0
25.893333  0.359511  0
25.920000  0.359445  0
25.946667  0.359379  0
25.973333  0.359313  0
26.000000  0.359246  0
26.026667  0.359180  0
26.053333  0.359114  0
26.080000  0.359048  0
26.106667  0.358981  0
26.133333  0.358915  0
26.160000  0.358849  0
26.186667  0.358783  0
26.213333  0.358716  0
26.240000  0.358650  0
26.266667  0.358584  0
26.293333  0.358517  0
26.320000  0.358451  0
26.346667  0.358385  0
26.373333  0.358319  0
26.400000  0.358252  0
26.426667  0.358186  0
26.453333  0.358120  0
26.480000  0.358054  0
26.506667  0.357987  0
26.533333  0.357921  0
26.560000  0.357855  0
26.586667  0.357789  0
26.613333  0.357722  0
26.640000  0.357656  0
26.666667  0.357590  0
26.693333  0.357524  0
26.720000  0.357457  0
26.746667  0.357391  0
26.773333  0.357325  0
26.800000  0.357258  0
26.826667  0.357192  0
26.853333  0.357126  0
26.880000  0.357060  0
26.906667  0.356993  0
26.933333  0.356927  0
26.960000  0.356861  0
26.986667  0.356795  0
27.013333  0.356728  0
27.040000  0.356662  0
27.066667  0.356596  0
27.093333  0.356530  0
27.120000  0.356463  0
27.146667  0.356397  0
27.173333  0.356331  0
27.200000  0.356265  0
27.226667  0.356198  0
27.253333  0.356132  0
27.280000  0.356066  0
27.306667  0.355999  0
27.333333  0.355933  0
27.360000  0.355867  0
27.386667  0.355801  0
27.413333  0.355734  0
27.440000  0.355668  0
27.466667  0.355602  0
27.493333  0.355536  0
27.520000  0.355469  0
27.546667  0.355403  0
27.573333  0.355337  0
