3.360000  0.782563  0
3.386667  0.780844  0
3.413333  0.779124  0
3.440000  0.777405  0
3.466667  0.775686  0
3.493333  0.773966  0
3.520000  0.772247  0
3.546667  0.770527  0
3.573333  0.768808  0
3.600000  0.767089  0
3.626667  0.765369  0
3.653333  0.763650  0
3.680000  0.761930  0
3.706667  0.760211  0
3.733333  0.758492  0
3.760000  0.756772  0
3.786667  0.755053  0
3.813333  0.753334  0
3.840000  0.751614  0
3.866667  0.749895  0
3.893333  0.748175  0
3.920000  0.746456  0
3.946667  0.744737  0
3.973333  0.743017  0
4.000000  0.741298  0
4.026667  0.739398  0
4.053333  0.736413  0
4.080000  0.733428  0
4.106667  0.730443  0
4.133333  0.727459  0
4.160000  0.724474  0
4.186667  0.721489  0
4.213333  0.718504  0
4.240000  0.715520  0
4.266667  0.712535  0
4.293333  0.709550  0
4.320000  0.706565  0
4.346667  0.703581  0
4.373333  0.700596  0
4.400000  0.697611  0
4.426667  0.694626  0
4.453333  0.691642  0
4.480000  0.688657  0
4.506667  0.685672  0
4.533333  0.682688  0
4.560000  0.679703  0
4.586667  0.676718  0
4.613333  0.673674  0
4.640000  0.670497  0
4.666667  0.667319  0
4.693333  0.664142  0
4.720000  0.660965  0
4.746667  0.657788  0
4.773333  0.654611  0
4.800000  0.651434  0
4.826667  0.648257  0
4.853333  0.645079  0
4.880000  0.641902  0
4.906667  0.638725  0
4.933333  0.635548  0
4.960000  0.632303  0
4.986667  0.627854  0
5.013333  0.623406  0
5.040000  0.618958  0
5.066667  0.614509  0
5.093333  0.610061  0
5.120000  0.605613  0
5.146667  0.601164  0
5.173333  0.596621  0
5.200000  0.591802  0
5.226667  0.586983  0
5.253333  0.582164  0
5.280000  0.577345  0
5.306667  0.572526  0
5.333333  0.567755  0
5.360000  0.565620  0
5.386667  0.563484  0
5.413333  0.561349  0
5.440000  0.559214  0
5.466667  0.557079  0
5.493333  0.554944  0
5.520000  0.552808  0
5.546667  0.550673  0
5.573333  0.548538  0
5.600000  0.546403  0
5.626667  0.544267  0
5.653333  0.542132  0
5.680000  0.539997  0
5.706667  0.537862  0
5.733333  0.535727  0
5.760000  0.533591  0
5.786667  0.531456  0
5.813333  0.529321  0
5.840000  0.527186  0
5.866667  0.525273  0
5.893333  0.523562  0
5.920000  0.521851  0
5.946667  0.520140  0
5.973333  0.518429  0
6.000000  0.516718  0
6.026667  0.515007  0
6.053333  0.513297  0
6.080000  0.511586  0
6.106667  0.509875  0
6.133333  0.508164  0
6.160000  0.506453  0
6.186667  0.504742  0
6.213333  0.503031  0
6.240000  0.501320  0
6.266667  0.499609  0
6.293333  0.497898  0
6.320000  0.496188  0
6.346667  0.494477  0
6.373333  0.492766  0
6.400000  0.491224  0
6.426667  0.490189  0
6.453333  0.489155  0
6.480000  0.488120  0
6.506667  0.487086  0
6.533333  0.486051  0
6.560000  0.485017  0
6.586667  0.483982  0
6.613333  0.482948  0
6.640000  0.481913  0
6.666667  0.480879  0
6.693333  0.479844  0
6.720000  0.478810  0
6.746667  0.477775  0
6.773333  0.476741  0
6.800000  0.475706  0
6.826667  0.474672  0
6.853333  0.473637  0
6.880000  0.472603  0
6.906667  0.471568  0
6.933333  0.470534  0
6.960000  0.469499  0
6.986667  0.468465  0
7.013333  0.467430  0
7.040000  0.466396  0
7.066667  0.465361  0
7.093333  0.464327  0
7.120000  0.463292  0
7.146667  0.462258  0
7.173333  0.461223  0
7.200000  0.460189  0
7.226667  0.459154  0
7.253333  0.458120  0
7.280000  0.457085  0
7.306667  0.456205  0
7.333333  0.455384  0
7.360000  0.454563  0
7.386667  0.453743  0
7.413333  0.452922  0
7.440000  0.452101  0
7.466667  0.451280  0
7.493333  0.450460  0
7.520000  0.449639  0
7.546667  0.448818  0
7.573333  0.447998  0
7.600000  0.447177  0
7.626667  0.446356  0
7.653333  0.445535  0
7.680000  0.444715  0
7.706667  0.443894  0
7.733333  0.443073  0
7.760000  0.442252  0
7.786667  0.441432  0
7.813333  0.440611  0
7.840000  0.439790  0
7.866667  0.438970  0
7.893333  0.438149  0
7.920000  0.437328  0
7.946667  0.436507  0
7.973333  0.435687  0
8.000000  0.434866  0
8.026667  0.434045  0
8.053333  0.433224  0
8.080000  0.432404  0
8.106667  0.431583  0
8.133333  0.430762  0
8.160000  0.429941  0
8.186667  0.429121  0
8.213333  0.428300  0
8.240000  0.427479  0
8.266667  0.426659  0
8.293333  0.425838  0
8.320000  0.425017  0
8.346667  0.424196  0
8.373333  0.423436  0
8.400000  0.422678  0
8.426667  0.421921  0
8.453333  0.421163  0
8.480000  0.420405  0
8.506667  0.419648  0
8.533333  0.418890  0
8.560000  0.418133  0
8.586667  0.417375  0
8.613333  0.416618  0
8.640000  0.415860  0
8.666667  0.415102  0
8.693333  0.414345  0
8.720000  0.413587  0
8.746667  0.412830  0
8.773333  0.412072  0
8.800000  0.411314  0
8.826667  0.410557  0
8.853333  0.409799  0
8.880000  0.409042  0
8.906667  0.408284  0
8.933333  0.407527  0
8.960000  0.406769  0
8.986667  0.406011  0
9.013333  0.405254  0
9.040000  0.404496  0
9.066667  0.403739  0
9.093333  0.402981  0
9.120000  0.402223  0
9.146667  0.401466  0
9.173333  0.400708  0
9.200000  0.399951  0
9.226667  0.399193  0
9.253333  0.398436  0
9.280000  0.397678  0
9.306667  0.396920  0
9.333333  0.396163  0
9.360000  0.395405  0
9.386667  0.394648  0
9.413333  0.393890  0
9.440000  0.393132  0
9.466667  0.392375  0
9.493333  0.391617  0
9.520000  0.390860  0
9.546667  0.390102  0
9.573333  0.389345  0
9.600000  0.388587  0
9.626667  0.387829  0
9.653333  0.387072  0
9.680000  0.386314  0
9.706667  0.385557  0
9.733333  0.384799  0
9.760000  0.384041  0
9.786667  0.383284  0
9.813333  0.382526  0
9.840000  0.381769  0
9.866667  0.381011  0
9.893333  0.380254  0
9.920000  0.379496  0
9.946667  0.379141  0
9.973333  0.378967  0
10.000000  0.378793  0
10.026667  0.378619  0
10.053333  0.378445  0
10.080000  0.378271  0
10.106667  0.378096  0
10.133333  0.377922  0
10.160000  0.377748  0
10.186667  0.377574  0
10.213333  0.377400  0
10.240000  0.377226  0
10.266667  0.377052  0
10.293333  0.376877  0
10.320000  0.376703  0
10.346667  0.376529  0
10.373333  0.376355  0
10.400000  0.376181  0
10.426667  0.376007  0
10.453333  0.375833  0
10.480000  0.375658  0
10.506667  0.375484  0
10.533333  0.375310  0
10.560000  0.375136  0
10.586667  0.374962  0
10.613333  0.374788  0
10.640000  0.374614  0
10.666667  0.374439  0
10.693333  0.374265  0
10.720000  0.374091  0
10.746667  0.373917  0
10.773333  0.373743  0
10.800000  0.373569  0
10.826667  0.373395  0
10.853333  0.373220  0
10.880000  0.373046  0
10.906667  0.372872  0
10.933333  0.372698  0
10.960000  0.372524  0
10.986667  0.372350  0
11.013333  0.372175  0
11.040000  0.372001  0
11.066667  0.371827  0
11.093333  0.371653  0
11.120000  0.371479  0
11.146667  0.371305  0
11.173333  0.371131  0
11.200000  0.370956  0
11.226667  0.370782  0
11.253333  0.370608  0
11.280000  0.370434  0
11.306667  0.370260  0
11.333333  0.370086  0
11.360000  0.369912  0
11.386667  0.369737  0
11.413333  0.369563  0
11.440000  0.369389  0
11.466667  0.369215  0
11.493333  0.369041  0
11.520000  0.368867  0
11.546667  0.368693  0
11.573333  0.368518  0
11.600000  0.368344  0
11.626667  0.368170  0
11.653333  0.367996  0
11.680000  0.367822  0
11.706667  0.367648  0
11.733333  0.367474  0
11.760000  0.367299  0
11.786667  0.367125  0
11.813333  0.366951  0
11.840000  0.366777  0
11.866667  0.366603  0
11.893333  0.366429  0
11.920000  0.366255  0
11.946667  0.366080  0
11.973333  0.365906  0
12.000000  0.365732  0
12.026667  0.365558  0
12.053333  0.365384  0
12.080000  0.365210  0
12.106667  0.365036  0
12.133333  0.364861  0
12.160000  0.364687  0
12.186667  0.364513  0
12.213333  0.364339  0
12.240000  0.364165  0
12.266667  0.363991  0
12.293333  0.363817  0
12.320000  0.363642  0
12.346667  0.363468  0
12.373333  0.363294  0
12.400000  0.363120  0
12.426667  0.362946  0
12.453333  0.362772  0
12.480000  0.362598  0
12.506667  0.362423  0
12.533333  0.362249  0
12.560000  0.362075  0
12.586667  0.361901  0
12.613333  0.361727  0
12.640000  0.361553  0
12.666667  0.361379  0
12.693333  0.361204  0
12.720000  0.361030  0
12.746667  0.360856  0
12.773333  0.360682  0
12.800000  0.360508  0
12.826667  0.360334  0
12.853333  0.360160  0
12.880000  0.359985  0
12.906667  0.359811  0
12.933333  0.359637  0
12.960000  0.359463  0
12.986667  0.359289  0
13.013333  0.359115  0
13.040000  0.358941  0
13.066667  0.358766  0
13.093333  0.358592  0
13.120000  0.358418  0
13.146667  0.358244  0
13.173333  0.358070  0
13.200000  0.357896  0
13.226667  0.357722  0
13.253333  0.357547  0
13.280000  0.357373  0
13.306667  0.357199  0
13.333333  0.357025  0
13.360000  0.356851  0
13.386667  0.356677  0
13.413333  0.356503  0
13.440000  0.356328  0
13.466667  0.356154  0
13.493333  0.355980  0
13.520000  0.355806  0
13.546667  0.355632  0
13.573333  0.355458  0
13.600000  0.355284  0
13.626667  0.355109  0
13.653333  0.354935  0
13.680000  0.354761  0
13.706667  0.354587  0
13.733333  0.354413  0
13.760000  0.354239  0
13.786667  0.354065  0
13.813333  0.353890  0
13.840000  0.353716  0
13.866667  0.353542  0
13.893333  0.353368  0
13.920000  0.353194  0
13.946667  0.353020  0
13.973333  0.352846  0
14.000000  0.352671  0
14.026667  0.352497  0
14.053333  0.352323  0
14.080000  0.352149  0
14.106667  0.351975  0
14.133333  0.351801  0
14.160000  0.351627  0
14.186667  0.351452  0
14.213333  0.351278  0
14.240000  0.351104  0
14.266667  0.350930  0
14.293333  0.350756  0
14.320000  0.350582  0
14.346667  0.350408  0
14.373333  0.350233  0
