2.266667  1.089499  0
2.293333  1.085328  0
2.320000  1.079231  0
2.346667  1.072753  0
2.373333  1.066246  0
2.400000  1.059738  0
2.426667  1.053230  0
2.453333  1.046722  0
2.480000  1.040214  0
2.506667  1.033706  0
2.533333  1.027198  0
2.560000  1.020690  0
2.586667  1.014182  0
2.613333  1.007674  0
2.640000  1.001166  0
2.666667  0.994659  0
2.693333  0.988151  0
2.720000  0.981643  0
2.746667  0.975135  0
2.773333  0.968627  0
2.800000  0.962119  0
2.826667  0.955611  0
2.853333  0.949103  0
2.880000  0.942595  0
2.906667  0.936093  0
2.933333  0.929658  0
2.960000  0.923514  0
2.986667  0.917794  0
3.013333  0.912193  0
3.040000  0.906427  0
3.066667  0.900446  0
3.093333  0.894281  0
3.120000  0.887976  0
3.146667  0.881582  0
3.173333  0.875153  0
3.200000  0.868745  0
3.226667  0.862409  0
3.253333  0.856190  0
3.280000  0.850120  0
3.306667  0.844220  0
3.333333  0.838494  0
3.360000  0.832934  0
3.386667  0.827519  0
3.413333  0.822218  0
3.440000  0.816993  0
3.466667  0.811803  0
3.493333  0.806607  0
3.520000  0.801365  0
3.546667  0.796043  0
3.573333  0.790609  0
3.600000  0.785038  0
3.626667  0.779311  0
3.653333  0.773410  0
3.680000  0.767324  0
3.706667  0.761044  0
3.733333  0.754565  0
3.760000  0.747887  0
3.786667  0.741020  0
3.813333  0.733977  0
3.840000  0.726788  0
3.866667  0.719492  0
3.893333  0.712143  0
3.920000  0.704810  0
3.946667  0.697566  0
3.973333  0.690492  0
4.000000  0.683664  0
4.026667  0.677145  0
4.053333  0.670983  0
4.080000  0.665203  0
4.106667  0.659808  0
4.133333  0.654785  0
4.160000  0.650110  0
4.186667  0.645756  0
4.213333  0.641704  0
4.240000  0.637944  0
4.266667  0.634480  0
4.293333  0.631325  0
4.320000  0.628499  0
4.346667  0.626016  0
4.373333  0.623887  0
4.400000  0.622104  0
4.426667  0.620648  0
4.453333  0.619479  0
4.480000  0.618547  0
4.506667  0.617787  0
4.533333  0.617132  0
4.560000  0.616512  0
4.586667  0.615864  0
4.613333  0.615132  0
4.640000  0.614274  0
4.666667  0.613261  0
4.693333  0.612078  0
4.720000  0.610724  0
4.746667  0.609207  0
4.773333  0.607544  0
4.800000  0.605758  0
4.826667  0.603872  0
4.853333  0.601916  0
4.880000  0.599917  0
4.906667  0.597903  0
4.933333  0.595903  0
4.960000  0.593946  0
4.986667  0.592060  0
5.013333  0.590272  0
5.040000  0.588605  0
5.066667  0.587082  0
5.093333  0.585717  0
5.120000  0.584522  0
5.146667  0.583502  0
5.173333  0.582655  0
5.200000  0.581976  0
5.226667  0.581451  0
5.253333  0.581061  0
5.280000  0.580783  0
5.306667  0.580589  0
5.333333  0.580443  0
5.360000  0.580310  0
5.386667  0.580147  0
5.413333  0.579914  0
5.440000  0.579571  0
5.466667  0.579083  0
5.493333  0.578420  0
5.520000  0.577565  0
5.546667  0.576508  0
5.573333  0.575250  0
5.600000  0.573805  0
5.626667  0.572192  0
5.653333  0.570435  0
5.680000  0.568562  0
5.706667  0.566600  0
5.733333  0.564574  0
5.760000  0.562506  0
5.786667  0.560415  0
5.813333  0.558312  0
5.840000  0.556209  0
5.866667  0.554112  0
5.893333  0.552023  0
5.920000  0.549946  0
5.946667  0.547879  0
5.973333  0.545824  0
6.000000  0.543777  0
6.026667  0.541737  0
6.053333  0.539705  0
6.080000  0.537678  0
6.106667  0.535656  0
6.133333  0.533639  0
6.160000  0.531628  0
6.186667  0.529624  0
6.213333  0.527631  0
6.240000  0.525650  0
6.266667  0.523686  0
6.293333  0.521742  0
6.320000  0.519823  0
6.346667  0.517932  0
6.373333  0.516071  0
6.400000  0.514244  0
6.426667  0.512450  0
6.453333  0.510689  0
6.480000  0.508958  0
6.506667  0.507256  0
6.533333  0.505578  0
6.560000  0.503920  0
6.586667  0.502279  0
6.613333  0.500651  0
6.640000  0.499031  0
6.666667  0.497418  0
6.693333  0.495810  0
6.720000  0.494204  0
6.746667  0.492601  0
6.773333  0.490998  0
6.800000  0.489397  0
6.826667  0.487796  0
6.853333  0.486195  0
6.880000  0.484594  0
6.906667  0.482993  0
6.933333  0.481392  0
6.960000  0.479791  0
6.986667  0.478190  0
7.013333  0.476589  0
7.040000  0.474988  0
7.066667  0.473387  0
7.093333  0.471787  0
7.120000  0.470186  0
7.146667  0.468585  0
7.173333  0.466984  0
7.200000  0.465384  0
7.226667  0.463784  0
7.253333  0.462186  0
7.280000  0.460588  0
7.306667  0.458993  0
7.333333  0.457402  0
7.360000  0.455818  0
7.386667  0.454241  0
7.413333  0.452677  0
7.440000  0.451128  0
7.466667  0.449598  0
7.493333  0.448092  0
7.520000  0.446612  0
7.546667  0.445163  0
7.573333  0.443746  0
7.600000  0.442361  0
7.626667  0.441007  0
7.653333  0.439685  0
7.680000  0.438394  0
7.706667  0.437134  0
7.733333  0.435909  0
7.760000  0.434725  0
7.786667  0.433590  0
7.813333  0.432517  0
7.840000  0.431519  0
7.866667  0.430606  0
7.893333  0.429792  0
7.920000  0.429080  0
7.946667  0.428473  0
7.973333  0.427964  0
8.000000  0.427540  0
8.026667  0.427186  0
8.053333  0.426881  0
8.080000  0.426607  0
8.106667  0.426345  0
8.133333  0.426084  0
8.160000  0.425816  0
8.186667  0.425539  0
8.213333  0.425257  0
8.240000  0.424975  0
8.266667  0.424699  0
8.293333  0.424437  0
8.320000  0.424193  0
8.346667  0.423968  0
8.373333  0.423761  0
8.400000  0.423567  0
8.426667  0.423379  0
8.453333  0.423189  0
8.480000  0.422988  0
8.506667  0.422769  0
8.533333  0.422525  0
8.560000  0.422248  0
8.586667  0.421936  0
8.613333  0.421584  0
8.640000  0.421194  0
8.666667  0.420764  0
8.693333  0.420300  0
8.720000  0.419806  0
8.746667  0.419290  0
8.773333  0.418761  0
8.800000  0.418228  0
8.826667  0.417702  0
8.853333  0.417189  0
8.880000  0.416698  0
8.906667  0.416230  0
8.933333  0.415788  0
8.960000  0.415369  0
8.986667  0.414968  0
9.013333  0.414581  0
9.040000  0.414199  0
9.066667  0.413816  0
9.093333  0.413427  0
9.120000  0.413026  0
9.146667  0.412610  0
9.173333  0.412178  0
9.200000  0.411729  0
9.226667  0.411264  0
9.253333  0.410784  0
9.280000  0.410294  0
9.306667  0.409795  0
9.333333  0.409293  0
9.360000  0.408792  0
9.386667  0.408299  0
9.413333  0.407822  0
9.440000  0.407369  0
9.466667  0.406947  0
9.493333  0.406566  0
9.520000  0.406232  0
9.546667  0.405949  0
9.573333  0.405718  0
9.600000  0.405538  0
9.626667  0.405403  0
9.653333  0.405304  0
9.680000  0.405233  0
9.706667  0.405179  0
9.733333  0.405133  0
9.760000  0.405088  0
9.786667  0.405041  0
9.813333  0.404992  0
9.840000  0.404941  0
9.866667  0.404889  0
9.893333  0.404839  0
9.920000  0.404790  0
9.946667  0.404740  0
9.973333  0.404686  0
10.000000  0.404624  0
10.026667  0.404552  0
10.053333  0.404473  0
10.080000  0.404389  0
10.106667  0.404307  0
10.133333  0.404234  0
10.160000  0.404176  0
10.186667  0.404136  0
10.213333  0.404111  0
10.240000  0.404097  0
10.266667  0.404084  0
10.293333  0.404062  0
10.320000  0.404022  0
10.346667  0.403959  0
10.373333  0.403869  0
10.400000  0.403753  0
10.426667  0.403614  0
10.453333  0.403455  0
10.480000  0.403283  0
10.506667  0.403102  0
10.533333  0.402914  0
10.560000  0.402723  0
10.586667  0.402531  0
10.613333  0.402340  0
10.640000  0.402153  0
10.666667  0.401972  0
10.693333  0.401797  0
10.720000  0.401631  0
10.746667  0.401473  0
10.773333  0.401322  0
10.800000  0.401175  0
10.826667  0.401031  0
10.853333  0.400887  0
10.880000  0.400742  0
10.906667  0.400595  0
10.933333  0.400448  0
10.960000  0.400300  0
10.986667  0.400156  0
11.013333  0.400016  0
11.040000  0.399885  0
11.066667  0.399765  0
11.093333  0.399655  0
11.120000  0.399555  0
11.146667  0.399463  0
11.173333  0.399376  0
11.200000  0.399288  0
11.226667  0.399195  0
11.253333  0.399093  0
11.280000  0.398980  0
11.306667  0.398856  0
11.333333  0.398723  0
11.360000  0.398585  0
11.386667  0.398446  0
11.413333  0.398314  0
11.440000  0.398192  0
11.466667  0.398085  0
11.493333  0.397994  0
11.520000  0.397919  0
11.546667  0.397854  0
11.573333  0.397795  0
11.600000  0.397734  0
11.626667  0.397665  0
11.653333  0.397580  0
11.680000  0.397475  0
11.706667  0.397349  0
11.733333  0.397202  0
11.760000  0.397035  0
11.786667  0.396854  0
11.813333  0.396662  0
11.840000  0.396463  0
11.866667  0.396261  0
11.893333  0.396058  0
11.920000  0.395853  0
11.946667  0.395649  0
11.973333  0.395446  0
12.000000  0.395245  0
12.026667  0.395050  0
12.053333  0.394862  0
12.080000  0.394685  0
12.106667  0.394524  0
12.133333  0.394379  0
12.160000  0.394251  0
12.186667  0.394141  0
12.213333  0.394045  0
12.240000  0.393962  0
12.266667  0.393887  0
12.293333  0.393816  0
12.320000  0.393745  0
12.346667  0.393671  0
12.373333  0.393591  0
12.400000  0.393504  0
12.426667  0.393410  0
12.453333  0.393311  0
12.480000  0.393209  0
12.506667  0.393107  0
12.533333  0.393007  0
12.560000  0.392913  0
12.586667  0.392825  0
12.613333  0.392741  0
12.640000  0.392660  0
12.666667  0.392577  0
12.693333  0.392489  0
12.720000  0.392393  0
12.746667  0.392287  0
12.773333  0.392171  0
12.800000  0.392047  0
12.826667  0.391916  0
12.853333  0.391782  0
12.880000  0.391647  0
12.906667  0.391513  0
12.933333  0.391382  0
12.960000  0.391253  0
12.986667  0.391125  0
13.013333  0.390995  0
13.040000  0.390860  0
13.066667  0.390715  0
13.093333  0.390555  0
13.120000  0.390374  0
13.146667  0.390169  0
13.173333  0.389934  0
13.200000  0.389669  0
13.226667  0.389372  0
13.253333  0.389045  0
13.280000  0.388692  0
13.306667  0.388318  0
13.333333  0.387931  0
13.360000  0.387539  0
13.386667  0.387150  0
13.413333  0.386771  0
13.440000  0.386407  0
13.466667  0.386063  0
13.493333  0.385740  0
13.520000  0.385439  0
13.546667  0.385160  0
13.573333  0.384899  0
13.600000  0.384655  0
13.626667  0.384426  0
13.653333  0.384211  0
13.680000  0.384011  0
13.706667  0.383828  0
13.733333  0.383666  0
13.760000  0.383528  0
13.786667  0.383417  0
13.813333  0.383338  0
13.840000  0.383289  0
13.866667  0.383267  0
13.893333  0.383267  0
13.920000  0.383280  0
13.946667  0.383294  0
13.973333  0.383296  0
14.000000  0.383278  0
14.026667  0.383229  0
14.053333  0.383145  0
14.080000  0.383024  0
14.106667  0.382870  0
14.133333  0.382688  0
14.160000  0.382487  0
14.186667  0.382276  0
14.213333  0.382064  0
14.240000  0.381862  0
14.266667  0.381676  0
14.293333  0.381513  0
14.320000  0.381380  0
14.346667  0.381276  0
14.373333  0.381202  0
14.400000  0.381154  0
14.426667  0.381125  0
14.453333  0.381107  0
14.480000  0.381090  0
14.506667  0.381067  0
14.533333  0.381029  0
14.560000  0.380976  0
14.586667  0.380906  0
14.613333  0.380822  0
14.640000  0.380729  0
14.666667  0.380630  0
14.693333  0.380528  0
14.720000  0.380423  0
14.746667  0.380316  0
14.773333  0.380203  0
14.800000  0.380085  0
14.826667  0.379962  0
14.853333  0.379838  0
14.880000  0.379717  0
14.906667  0.379605  0
14.933333  0.379506  0
14.960000  0.379421  0
14.986667  0.379351  0
15.013333  0.379293  0
15.040000  0.379240  0
15.066667  0.379188  0
15.093333  0.379129  0
15.120000  0.379060  0
15.146667  0.378977  0
15.173333  0.378878  0
15.200000  0.378764  0
15.226667  0.378636  0
15.253333  0.378497  0
15.280000  0.378349  0
15.306667  0.378194  0
15.333333  0.378034  0
15.360000  0.377872  0
15.386667  0.377707  0
15.413333  0.377541  0
15.440000  0.377374  0
15.466667  0.377207  0
15.493333  0.377039  0
15.520000  0.376871  0
15.546667  0.376704  0
15.573333  0.376536  0
15.600000  0.376368  0
15.626667  0.376201  0
15.653333  0.376033  0
15.680000  0.375865  0
15.706667  0.375698  0
15.733333  0.375530  0
15.760000  0.375362  0
15.786667  0.375195  0
15.813333  0.375027  0
15.840000  0.374859  0
15.866667  0.374692  0
15.893333  0.374524  0
15.920000  0.374356  0
15.946667  0.374189  0
15.973333  0.374021  0
16.000000  0.373853  0
16.026667  0.373686  0
16.053333  0.373518  0
16.080000  0.373350  0
16.106667  0.373183  0
16.133333  0.373015  0
16.160000  0.372847  0
16.186667  0.372680  0
16.213333  0.372512  0
16.240000  0.372344  0
16.266667  0.372177  0
16.293333  0.372009  0
16.320000  0.371841  0
16.346667  0.371674  0
16.373333  0.371506  0
16.400000  0.371338  0
16.426667  0.371171  0
16.453333  0.371003  0
16.480000  0.370835  0
16.506667  0.370668  0
16.533333  0.370500  0
16.560000  0.370332  0
16.586667  0.370165  0
16.613333  0.369997  0
16.640000  0.369829  0
16.666667  0.369662  0
16.693333  0.369494  0
16.720000  0.369326  0
16.746667  0.369158  0
16.773333  0.368991  0
16.800000  0.368823  0
16.826667  0.368655  0
16.853333  0.368488  0
16.880000  0.368320  0
16.906667  0.368152  0
16.933333  0.367985  0
16.960000  0.367817  0
16.986667  0.367649  0
17.013333  0.367482  0
17.040000  0.367314  0
17.066667  0.367146  0
17.093333  0.366979  0
17.120000  0.366811  0
17.146667  0.366643  0
17.173333  0.366476  0
17.200000  0.366308  0
17.226667  0.366140  0
17.253333  0.365973  0
17.280000  0.365805  0
17.306667  0.365637  0
17.333333  0.365470  0
17.360000  0.365302  0
17.386667  0.365134  0
17.413333  0.364967  0
17.440000  0.364799  0
17.466667  0.364631  0
17.493333  0.364464  0
17.520000  0.364296  0
17.546667  0.364128  0
17.573333  0.363961  0
17.600000  0.363793  0
17.626667  0.363625  0
17.653333  0.363458  0
17.680000  0.363290  0
17.706667  0.363122  0
17.733333  0.362955  0
17.760000  0.362787  0
17.786667  0.362619  0
17.813333  0.362452  0
17.840000  0.362284  0
17.866667  0.362116  0
17.893333  0.361948  0
17.920000  0.361781  0
17.946667  0.361613  0
17.973333  0.361445  0
18.000000  0.361278  0
18.026667  0.361110  0
18.053333  0.360942  0
18.080000  0.360775  0
18.106667  0.360607  0
18.133333  0.360439  0
18.160000  0.360272  0
18.186667  0.360104  0
18.213333  0.359936  0
18.240000  0.359769  0
18.266667  0.359601  0
18.293333  0.359433  0
18.320000  0.359266  0
18.346667  0.359098  0
18.373333  0.358930  0
18.400000  0.358763  0
18.426667  0.358595  0
18.453333  0.358427  0
18.480000  0.358260  0
18.506667  0.358092  0
18.533333  0.357924  0
18.560000  0.357757  0
18.586667  0.357589  0
18.613333  0.357421  0
18.640000  0.357254  0
18.666667  0.357086  0
18.693333  0.356918  0
18.720000  0.356751  0
18.746667  0.356583  0
18.773333  0.356415  0
18.800000  0.356248  0
18.826667  0.356080  0
18.853333  0.355912  0
18.880000  0.355745  0
18.906667  0.355577  0
18.933333  0.355409  0
18.960000  0.355241  0
18.986667  0.355074  0
19.013333  0.354906  0
19.040000  0.354738  0
19.066667  0.354571  0
19.093333  0.354403  0
19.120000  0.354235  0
19.146667  0.354068  0
19.173333  0.353900  0
19.200000  0.353732  0
19.226667  0.353565  0
19.253333  0.353397  0
19.280000  0.353229  0
19.306667  0.353062  0
19.333333  0.352894  0
19.360000  0.352726  0
19.386667  0.352559  0
19.413333  0.352391  0
19.440000  0.352223  0
19.466667  0.352056  0
19.493333  0.351888  0
19.520000  0.351720  0
19.546667  0.351553  0
19.573333  0.351385  0
19.600000  0.351217  0
19.626667  0.351050  0
19.653333  0.350882  0
19.680000  0.350714  0
19.706667  0.350547  0
19.733333  0.350379  0
19.760000  0.350211  0
19.786667  0.350044  0
19.813333  0.349876  0
19.840000  0.349708  0
19.866667  0.349541  0
19.893333  0.349373  0
19.920000  0.349205  0
19.946667  0.349038  0
19.973333  0.348870  0
20.000000  0.348702  0
20.026667  0.348535  0
20.053333  0.348367  0
20.080000  0.348199  0
20.106667  0.348031  0
20.133333  0.347864  0
20.160000  0.347696  0
20.186667  0.347528  0
20.213333  0.347361  0
20.240000  0.347193  0
20.266667  0.347025  0
20.293333  0.346858  0
20.320000  0.346690  0
20.346667  0.346522  0
20.373333  0.346355  0
20.400000  0.346187  0
20.426667  0.346019  0
20.453333  0.345852  0
20.480000  0.345684  0
20.506667  0.345516  0
20.533333  0.345349  0
20.560000  0.345181  0
20.586667  0.345013  0
20.613333  0.344846  0
20.640000  0.344678  0
20.666667  0.344510  0
20.693333  0.344343  0
20.720000  0.344175  0
20.746667  0.344007  0
20.773333  0.343840  0
20.800000  0.343672  0
20.826667  0.343504  0
20.853333  0.343337  0
20.880000  0.343169  0
20.906667  0.343001  0
20.933333  0.342834  0
20.960000  0.342666  0
20.986667  0.342498  0
21.013333  0.342331  0
21.040000  0.342163  0
21.066667  0.341996  0
21.093333  0.341829  0
21.120000  0.341662  0
21.146667  0.341496  0
21.173333  0.341331  0
21.200000  0.341167  0
21.226667  0.341005  0
21.253333  0.340847  0
21.280000  0.340691  0
21.306667  0.340541  0
21.333333  0.340395  0
21.360000  0.340257  0
21.386667  0.340126  0
21.413333  0.340003  0
21.440000  0.339888  0
21.466667  0.339782  0
21.493333  0.339684  0
21.520000  0.339593  0
21.546667  0.339510  0
21.573333  0.339432  0
21.600000  0.339359  0
21.626667  0.339290  0
21.653333  0.339224  0
21.680000  0.339161  0
21.706667  0.339099  0
21.733333  0.339038  0
21.760000  0.338978  0
21.786667  0.338918  0
21.813333  0.338859  0
21.840000  0.338800  0
21.866667  0.338740  0
21.893333  0.338681  0
21.920000  0.338622  0
21.946667  0.338563  0
21.973333  0.338504  0
22.000000  0.338445  0
22.026667  0.338386  0
22.053333  0.338327  0
22.080000  0.338268  0
22.106667  0.338209  0
22.133333  0.338150  0
22.160000  0.338091  0
22.186667  0.338032  0
22.213333  0.337973  0
22.240000  0.337914  0
22.266667  0.337855  0
22.293333  0.337796  0
22.320000  0.337737  0
22.346667  0.337678  0
22.373333  0.337619  0
22.400000  0.337560  0
22.426667  0.337501  0
22.453333  0.337441  0
22.480000  0.337382  0
22.506667  0.337323  0
22.533333  0.337264  0
22.560000  0.337205  0
22.586667  0.337146  0
22.613333  0.337087  0
22.640000  0.337028  0
22.666667  0.336969  0
22.693333  0.336910  0
22.720000  0.336851  0
22.746667  0.336792  0
22.773333  0.336733  0
22.800000  0.336674  0
22.826667  0.336615  0
22.853333  0.336556  0
22.880000  0.336497  0
22.906667  0.336438  0
22.933333  0.336379  0
22.960000  0.336320  0
22.986667  0.336261  0
23.013333  0.336202  0
23.040000  0.336143  0
23.066667  0.336084  0
23.093333  0.336025  0
23.120000  0.335966  0
23.146667  0.335907  0
23.173333  0.335847  0
23.200000  0.335788  0
23.226667  0.335729  0
23.253333  0.335670  0
23.280000  0.335611  0
23.306667  0.335552  0
23.333333  0.335493  0
23.360000  0.335434  0
23.386667  0.335375  0
23.413333  0.335316  0
23.440000  0.335257  0
23.466667  0.335198  0
23.493333  0.335139  0
23.520000  0.335080  0
23.546667  0.335021  0
23.573333  0.334962  0
23.600000  0.334903  0
23.626667  0.334844  0
23.653333  0.334785  0
23.680000  0.334726  0
23.706667  0.334667  0
23.733333  0.334608  0
23.760000  0.334549  0
23.786667  0.334490  0
23.813333  0.334431  0
23.840000  0.334372  0
23.866667  0.334312  0
23.893333  0.334253  0
23.920000  0.334194  0
23.946667  0.334135  0
23.973333  0.334076  0
24.000000  0.334017  0
24.026667  0.333958  0
24.053333  0.333899  0
24.080000  0.333840  0
24.106667  0.333781  0
24.133333  0.333722  0
24.160000  0.333663  0
24.186667  0.333604  0
24.213333  0.333545  0
24.240000  0.333486  0
24.266667  0.333427  0
24.293333  0.333368  0
24.320000  0.333309  0
24.346667  0.333250  0
24.373333  0.333191  0
24.400000  0.333132  0
24.426667  0.333073  0
24.453333  0.333014  0
24.480000  0.332955  0
24.506667  0.332896  0
24.533333  0.332837  0
24.560000  0.332777  0
24.586667  0.332718  0
24.613333  0.332659  0
24.640000  0.332600  0
24.666667  0.332541  0
24.693333  0.332482  0
24.720000  0.332423  0
24.746667  0.332364  0
24.773333  0.332305  0
24.800000  0.332246  0
24.826667  0.332187  0
24.853333  0.332128  0
24.880000  0.332069  0
24.906667  0.332010  0
24.933333  0.331951  0
24.960000  0.331892  0
24.986667  0.331833  0
25.013333  0.331774  0
25.040000  0.331715  0
25.066667  0.331656  0
25.093333  0.331597  0
25.120000  0.331538  0
25.146667  0.331479  0
25.173333  0.331420  0
25.200000  0.331361  0
25.226667  0.331302  0
25.253333  0.331242  0
25.280000  0.331183  0
25.306667  0.331124  0
25.333333  0.331065  0
25.360000  0.331006  0
25.386667  0.330947  0
25.413333  0.330888  0
25.440000  0.330829  0
25.466667  0.330770  0
25.493333  0.330711  0
25.520000  0.330652  0
25.546667  0.330593  0
25.573333  0.330534  0
25.600000  0.330475  0
25.626667  0.330416  0
25.653333  0.330357  0
25.680000  0.330298  0
25.706667  0.330239  0
25.733333  0.330180  0
25.760000  0.330121  0
25.786667  0.330062  0
25.813333  0.330003  0
25.840000  0.329944  0
25.866667  0.329885  0
25.893333  0.329826  0
25.920000  0.329767  0
25.946667  0.329708  0
25.973333  0.329648  0
26.000000  0.329589  0
26.026667  0.329530  0
26.053333  0.329471  0
26.080000  0.329412  0
26.106667  0.329353  0
26.133333  0.329294  0
26.160000  0.329235  0
26.186667  0.329176  0
26.213333  0.329117  0
26.240000  0.329058  0
26.266667  0.328999  0
26.293333  0.328940  0
26.320000  0.328881  0
26.346667  0.328822  0
26.373333  0.328763  0
26.400000  0.328704  0
26.426667  0.328645  0
26.453333  0.328586  0
26.480000  0.328527  0
26.506667  0.328468  0
26.533333  0.328409  0
26.560000  0.328350  0
26.586667  0.328291  0
26.613333  0.328232  0
26.640000  0.328173  0
26.666667  0.328113  0
26.693333  0.328054  0
26.720000  0.327995  0
26.746667  0.327936  0
26.773333  0.327877  0
26.800000  0.327818  0
26.826667  0.327759  0
26.853333  0.327700  0
26.880000  0.327641  0
26.906667  0.327582  0
26.933333  0.327523  0
26.960000  0.327464  0
26.986667  0.327405  0
27.013333  0.327346  0
27.040000  0.327287  0
27.066667  0.327228  0
27.093333  0.327169  0
27.120000  0.327110  0
27.146667  0.327051  0
27.173333  0.326992  0
27.200000  0.326933  0
27.226667  0.326874  0
27.253333  0.326815  0
27.280000  0.326756  0
27.306667  0.326697  0
27.333333  0.326638  0
27.360000  0.326578  0
27.386667  0.326519  0
27.413333  0.326460  0
27.440000  0.326401  0
27.466667  0.326342  0
27.493333  0.326283  0
27.520000  0.326224  0
27.546667  0.326165  0
27.573333  0.326106  0
27.600000  0.326047  0
27.626667  0.325988  0
27.653333  0.325929  0
27.680000  0.325870  0
27.706667  0.325811  0
27.733333  0.325752  0
27.760000  0.325693  0
27.786667  0.325634  0
27.813333  0.325575  0
27.840000  0.325516  0
27.866667  0.325457  0
27.893333  0.325398  0
27.920000  0.325339  0
27.946667  0.325280  0
27.973333  0.325221  0
28.000000  0.325162  0
28.026667  0.325103  0
28.053333  0.325044  0
28.080000  0.324985  0
28.106667  0.324926  0
28.133333  0.324867  0
28.160000  0.324809  0
28.186667  0.324751  0
28.213333  0.324694  0
28.240000  0.324638  0
28.266667  0.324583  0
28.293333  0.324531  0
28.320000  0.324482  0
28.346667  0.324438  0
28.373333  0.324398  0
28.400000  0.324365  0
28.426667  0.324338  0
28.453333  0.324320  0
28.480000  0.324311  0
