4.266667  0.698803  0
4.293333  0.697391  0
4.320000  0.695979  0
4.346667  0.694567  0
4.373333  0.693154  0
4.400000  0.691742  0
4.426667  0.690330  0
4.453333  0.688918  0
4.480000  0.687506  0
4.506667  0.686094  0
4.533333  0.684681  0
4.560000  0.683269  0
4.586667  0.681857  0
4.613333  0.680445  0
4.640000  0.679033  0
4.666667  0.677621  0
4.693333  0.676149  0
4.720000  0.674427  0
4.746667  0.672706  0
4.773333  0.670984  0
4.800000  0.669262  0
4.826667  0.667540  0
4.853333  0.665818  0
4.880000  0.664096  0
4.906667  0.662374  0
4.933333  0.660652  0
4.960000  0.658930  0
4.986667  0.657208  0
5.013333  0.655486  0
5.040000  0.653764  0
5.066667  0.652042  0
5.093333  0.650320  0
5.120000  0.648598  0
5.146667  0.646876  0
5.173333  0.645154  0
5.200000  0.643433  0
5.226667  0.641711  0
5.253333  0.639989  0
5.280000  0.638267  0
5.306667  0.636545  0
5.333333  0.634819  0
5.360000  0.632876  0
5.386667  0.630933  0
5.413333  0.628990  0
5.440000  0.627047  0
5.466667  0.625104  0
5.493333  0.623161  0
5.520000  0.621218  0
5.546667  0.619275  0
5.573333  0.617332  0
5.600000  0.615389  0
5.626667  0.613446  0
5.653333  0.611503  0
5.680000  0.609560  0
5.706667  0.607617  0
5.733333  0.605674  0
5.760000  0.603732  0
5.786667  0.601789  0
5.813333  0.599846  0
5.840000  0.597903  0
5.866667  0.595960  0
5.893333  0.594017  0
5.920000  0.592074  0
5.946667  0.590395  0
5.973333  0.589106  0
6.000000  0.587817  0
6.026667  0.586527  0
6.053333  0.585238  0
6.080000  0.583948  0
6.106667  0.582659  0
6.133333  0.581370  0
6.160000  0.580080  0
6.186667  0.578791  0
6.213333  0.577502  0
6.240000  0.576212  0
6.266667  0.574923  0
6.293333  0.573633  0
6.320000  0.572344  0
6.346667  0.571055  0
6.373333  0.569765  0
6.400000  0.568476  0
6.426667  0.567212  0
6.453333  0.565976  0
6.480000  0.564741  0
6.506667  0.563505  0
6.533333  0.562269  0
6.560000  0.561034  0
6.586667  0.559798  0
6.613333  0.558562  0
6.640000  0.557327  0
6.666667  0.556091  0
6.693333  0.554855  0
6.720000  0.553620  0
6.746667  0.552384  0
6.773333  0.551148  0
6.800000  0.549913  0
6.826667  0.548677  0
6.853333  0.547441  0
6.880000  0.546206  0
6.906667  0.544970  0
6.933333  0.543734  0
6.960000  0.542499  0
6.986667  0.541263  0
7.013333  0.540027  0
7.040000  0.538792  0
7.066667  0.537556  0
7.093333  0.536321  0
7.120000  0.535085  0
7.146667  0.533849  0
7.173333  0.532729  0
7.200000  0.531782  0
7.226667  0.530836  0
7.253333  0.529890  0
7.280000  0.528943  0
7.306667  0.527997  0
7.333333  0.527050  0
7.360000  0.526104  0
7.386667  0.525157  0
7.413333  0.524211  0
7.440000  0.523264  0
7.466667  0.522318  0
7.493333  0.521371  0
7.520000  0.520425  0
7.546667  0.519479  0
7.573333  0.518532  0
7.600000  0.517586  0
7.626667  0.516639  0
7.653333  0.515693  0
7.680000  0.514746  0
7.706667  0.513800  0
7.733333  0.512853  0
7.760000  0.511907  0
7.786667  0.510960  0
7.813333  0.510014  0
7.840000  0.509067  0
7.866667  0.508121  0
7.893333  0.507175  0
7.920000  0.506228  0
7.946667  0.505282  0
7.973333  0.504335  0
8.000000  0.503389  0
8.026667  0.502442  0
8.053333  0.501496  0
8.080000  0.500549  0
8.106667  0.499603  0
8.133333  0.498656  0
8.160000  0.497886  0
8.186667  0.497174  0
8.213333  0.496463  0
8.240000  0.495751  0
8.266667  0.495039  0
8.293333  0.494327  0
8.320000  0.493616  0
8.346667  0.492904  0
8.373333  0.492192  0
8.400000  0.491480  0
8.426667  0.490769  0
8.453333  0.490057  0
8.480000  0.489345  0
8.506667  0.488633  0
8.533333  0.487922  0
8.560000  0.487210  0
8.586667  0.486498  0
8.613333  0.485787  0
8.640000  0.485075  0
8.666667  0.484363  0
8.693333  0.483651  0
8.720000  0.482940  0
8.746667  0.482228  0
8.773333  0.481516  0
8.800000  0.480804  0
8.826667  0.480093  0
8.853333  0.479381  0
8.880000  0.478669  0
8.906667  0.477957  0
8.933333  0.477246  0
8.960000  0.476534  0
8.986667  0.475822  0
9.013333  0.475110  0
9.040000  0.474399  0
9.066667  0.473687  0
9.093333  0.472975  0
9.120000  0.472264  0
9.146667  0.471552  0
9.173333  0.470840  0
9.200000  0.470275  0
9.226667  0.469756  0
9.253333  0.469237  0
9.280000  0.468718  0
9.306667  0.468199  0
9.333333  0.467680  0
9.360000  0.467161  0
9.386667  0.466642  0
9.413333  0.466123  0
9.440000  0.465604  0
9.466667  0.465085  0
9.493333  0.464566  0
9.520000  0.464048  0
9.546667  0.463529  0
9.573333  0.463010  0
9.600000  0.462491  0
9.626667  0.461972  0
9.653333  0.461453  0
9.680000  0.460934  0
9.706667  0.460415  0
9.733333  0.459896  0
9.760000  0.459377  0
9.786667  0.458858  0
9.813333  0.458339  0
9.840000  0.457820  0
9.866667  0.457301  0
9.893333  0.456782  0
9.920000  0.456263  0
9.946667  0.455744  0
9.973333  0.455225  0
10.000000  0.454706  0
10.026667  0.454228  0
10.053333  0.453780  0
10.080000  0.453333  0
10.106667  0.452885  0
10.133333  0.452437  0
10.160000  0.451990  0
10.186667  0.451542  0
10.213333  0.451094  0
10.240000  0.450647  0
10.266667  0.450199  0
10.293333  0.449751  0
10.320000  0.449304  0
10.346667  0.448856  0
10.373333  0.448409  0
10.400000  0.447961  0
10.426667  0.447513  0
10.453333  0.447066  0
10.480000  0.446618  0
10.506667  0.446170  0
10.533333  0.445723  0
10.560000  0.445275  0
10.586667  0.444827  0
10.613333  0.444380  0
10.640000  0.443932  0
10.666667  0.443485  0
10.693333  0.443037  0
10.720000  0.442589  0
10.746667  0.442142  0
10.773333  0.441694  0
10.800000  0.441246  0
10.826667  0.440799  0
10.853333  0.440351  0
10.880000  0.439904  0
10.906667  0.439456  0
10.933333  0.439008  0
10.960000  0.438561  0
10.986667  0.438113  0
11.013333  0.437665  0
11.040000  0.437218  0
11.066667  0.436770  0
11.093333  0.436322  0
11.120000  0.435930  0
11.146667  0.435710  0
11.173333  0.435490  0
11.200000  0.435269  0
11.226667  0.435049  0
11.253333  0.434829  0
11.280000  0.434609  0
11.306667  0.434388  0
11.333333  0.434168  0
11.360000  0.433948  0
11.386667  0.433727  0
11.413333  0.433507  0
11.440000  0.433287  0
11.466667  0.433066  0
11.493333  0.432846  0
11.520000  0.432626  0
11.546667  0.432406  0
11.573333  0.432185  0
11.600000  0.431965  0
11.626667  0.431745  0
11.653333  0.431524  0
11.680000  0.431304  0
11.706667  0.431084  0
11.733333  0.430863  0
11.760000  0.430643  0
11.786667  0.430423  0
11.813333  0.430203  0
11.840000  0.429982  0
11.866667  0.429762  0
11.893333  0.429542  0
11.920000  0.429321  0
11.946667  0.429101  0
11.973333  0.428881  0
12.000000  0.428660  0
12.026667  0.428440  0
12.053333  0.428220  0
12.080000  0.428000  0
12.106667  0.427779  0
12.133333  0.427559  0
12.160000  0.427339  0
12.186667  0.427118  0
12.213333  0.426898  0
12.240000  0.426678  0
12.266667  0.426457  0
12.293333  0.426237  0
12.320000  0.426017  0
12.346667  0.425797  0
12.373333  0.425576  0
12.400000  0.425356  0
12.426667  0.425136  0
12.453333  0.424915  0
12.480000  0.424695  0
12.506667  0.424475  0
12.533333  0.424254  0
12.560000  0.424034  0
12.586667  0.423814  0
12.613333  0.423594  0
12.640000  0.423373  0
12.666667  0.423153  0
12.693333  0.422933  0
12.720000  0.422712  0
12.746667  0.422492  0
12.773333  0.422272  0
12.800000  0.422051  0
12.826667  0.421831  0
12.853333  0.421611  0
12.880000  0.421391  0
12.906667  0.421170  0
12.933333  0.420950  0
12.960000  0.420730  0
12.986667  0.420509  0
13.013333  0.420289  0
13.040000  0.420069  0
13.066667  0.419848  0
13.093333  0.419628  0
13.120000  0.419408  0
13.146667  0.419188  0
13.173333  0.418967  0
13.200000  0.418747  0
13.226667  0.418527  0
13.253333  0.418306  0
13.280000  0.418086  0
13.306667  0.417866  0
13.333333  0.417645  0
13.360000  0.417425  0
13.386667  0.417205  0
13.413333  0.416985  0
13.440000  0.416764  0
13.466667  0.416544  0
13.493333  0.416324  0
13.520000  0.416103  0
13.546667  0.415883  0
13.573333  0.415663  0
13.600000  0.415442  0
13.626667  0.415222  0
13.653333  0.415002  0
13.680000  0.414782  0
13.706667  0.414561  0
13.733333  0.414341  0
13.760000  0.414121  0
13.786667  0.413900  0
13.813333  0.413680  0
13.840000  0.413460  0
13.866667  0.413239  0
13.893333  0.413019  0
13.920000  0.412799  0
13.946667  0.412579  0
13.973333  0.412358  0
14.000000  0.412138  0
14.026667  0.411918  0
14.053333  0.411697  0
14.080000  0.411477  0
14.106667  0.411257  0
14.133333  0.411036  0
14.160000  0.410816  0
14.186667  0.410596  0
14.213333  0.410376  0
14.240000  0.410155  0
14.266667  0.409935  0
14.293333  0.409715  0
14.320000  0.409494  0
14.346667  0.409274  0
14.373333  0.409054  0
14.400000  0.408834  0
14.426667  0.408613  0
14.453333  0.408393  0
14.480000  0.408173  0
14.506667  0.407952  0
14.533333  0.407732  0
14.560000  0.407512  0
14.586667  0.407291  0
14.613333  0.407071  0
14.640000  0.406851  0
14.666667  0.406631  0
14.693333  0.406410  0
14.720000  0.406190  0
14.746667  0.405970  0
14.773333  0.405866  0
14.800000  0.405793  0
14.826667  0.405721  0
14.853333  0.405649  0
14.880000  0.405576  0
14.906667  0.405504  0
14.933333  0.405432  0
14.960000  0.405359  0
14.986667  0.405287  0
15.013333  0.405215  0
15.040000  0.405142  0
15.066667  0.405070  0
15.093333  0.404998  0
15.120000  0.404925  0
15.146667  0.404853  0
15.173333  0.404781  0
15.200000  0.404708  0
15.226667  0.404636  0
15.253333  0.404564  0
15.280000  0.404491  0
15.306667  0.404419  0
15.333333  0.404347  0
15.360000  0.404274  0
15.386667  0.404202  0
15.413333  0.404130  0
15.440000  0.404057  0
15.466667  0.403985  0
15.493333  0.403913  0
15.520000  0.403840  0
15.546667  0.403768  0
15.573333  0.403696  0
15.600000  0.403623  0
15.626667  0.403551  0
15.653333  0.403479  0
15.680000  0.403406  0
15.706667  0.403334  0
15.733333  0.403262  0
15.760000  0.403189  0
15.786667  0.403117  0
15.813333  0.403045  0
15.840000  0.402972  0
15.866667  0.402900  0
15.893333  0.402828  0
15.920000  0.402755  0
15.946667  0.402683  0
15.973333  0.402611  0
16.000000  0.402538  0
16.026667  0.402466  0
16.053333  0.402394  0
16.080000  0.402321  0
16.106667  0.402249  0
16.133333  0.402177  0
16.160000  0.402104  0
16.186667  0.402032  0
16.213333  0.401960  0
16.240000  0.401887  0
16.266667  0.401815  0
16.293333  0.401743  0
16.320000  0.401670  0
16.346667  0.401598  0
16.373333  0.401526  0
16.400000  0.401453  0
16.426667  0.401381  0
16.453333  0.401309  0
16.480000  0.401236  0
16.506667  0.401164  0
16.533333  0.401092  0
16.560000  0.401019  0
16.586667  0.400947  0
16.613333  0.400875  0
16.640000  0.400802  0
16.666667  0.400730  0
16.693333  0.400658  0
16.720000  0.400585  0
16.746667  0.400513  0
16.773333  0.400441  0
16.800000  0.400368  0
16.826667  0.400296  0
16.853333  0.400224  0
16.880000  0.400151  0
16.906667  0.400079  0
16.933333  0.400007  0
16.960000  0.399934  0
16.986667  0.399862  0
17.013333  0.399790  0
17.040000  0.399717  0
17.066667  0.399645  0
17.093333  0.399573  0
17.120000  0.399500  0
17.146667  0.399428  0
17.173333  0.399356  0
17.200000  0.399283  0
17.226667  0.399211  0
17.253333  0.399139  0
17.280000  0.399066  0
17.306667  0.398994  0
17.333333  0.398922  0
17.360000  0.398849  0
17.386667  0.398777  0
17.413333  0.398705  0
17.440000  0.398632  0
17.466667  0.398560  0
17.493333  0.398488  0
17.520000  0.398415  0
17.546667  0.398343  0
17.573333  0.398271  0
17.600000  0.398198  0
17.626667  0.398126  0
17.653333  0.398054  0
17.680000  0.397982  0
17.706667  0.397909  0
17.733333  0.397837  0
17.760000  0.397765  0
17.786667  0.397692  0
17.813333  0.397620  0
17.840000  0.397548  0
17.866667  0.397475  0
17.893333  0.397403  0
17.920000  0.397331  0
17.946667  0.397258  0
17.973333  0.397186  0
18.000000  0.397114  0
18.026667  0.397041  0
18.053333  0.396969  0
18.080000  0.396897  0
18.106667  0.396824  0
18.133333  0.396752  0
18.160000  0.396680  0
18.186667  0.396607  0
18.213333  0.396535  0
18.240000  0.396463  0
18.266667  0.396390  0
18.293333  0.396318  0
18.320000  0.396246  0
18.346667  0.396173  0
18.373333  0.396101  0
18.400000  0.396029  0
18.426667  0.395956  0
18.453333  0.395884  0
18.480000  0.395812  0
18.506667  0.395739  0
18.533333  0.395667  0
18.560000  0.395595  0
18.586667  0.395522  0
18.613333  0.395450  0
18.640000  0.395378  0
18.666667  0.395305  0
18.693333  0.395233  0
18.720000  0.395161  0
18.746667  0.395088  0
18.773333  0.395016  0
18.800000  0.394944  0
18.826667  0.394871  0
18.853333  0.394799  0
18.880000  0.394727  0
18.906667  0.394654  0
18.933333  0.394582  0
18.960000  0.394510  0
18.986667  0.394437  0
19.013333  0.394365  0
19.040000  0.394293  0
19.066667  0.394220  0
19.093333  0.394148  0
19.120000  0.394076  0
19.146667  0.394003  0
19.173333  0.393931  0
19.200000  0.393859  0
19.226667  0.393786  0
19.253333  0.393714  0
19.280000  0.393642  0
19.306667  0.393569  0
19.333333  0.393497  0
19.360000  0.393425  0
19.386667  0.393352  0
19.413333  0.393280  0
19.440000  0.393208  0
19.466667  0.393135  0
19.493333  0.393063  0
19.520000  0.392991  0
19.546667  0.392918  0
19.573333  0.392846  0
19.600000  0.392774  0
19.626667  0.392701  0
19.653333  0.392629  0
19.680000  0.392557  0
19.706667  0.392484  0
19.733333  0.392412  0
19.760000  0.392340  0
19.786667  0.392267  0
19.813333  0.392195  0
19.840000  0.392123  0
19.866667  0.392050  0
19.893333  0.391978  0
19.920000  0.391906  0
19.946667  0.391833  0
19.973333  0.391761  0
20.000000  0.391689  0
20.026667  0.391616  0
20.053333  0.391544  0
20.080000  0.391472  0
20.106667  0.391399  0
20.133333  0.391327  0
20.160000  0.391255  0
20.186667  0.391182  0
20.213333  0.391110  0
20.240000  0.391038  0
20.266667  0.390965  0
20.293333  0.390893  0
20.320000  0.390821  0
20.346667  0.390748  0
20.373333  0.390676  0
20.400000  0.390604  0
20.426667  0.390531  0
20.453333  0.390459  0
20.480000  0.390387  0
20.506667  0.390314  0
20.533333  0.390242  0
20.560000  0.390170  0
20.586667  0.390097  0
20.613333  0.390025  0
20.640000  0.389953  0
20.666667  0.389880  0
20.693333  0.389808  0
20.720000  0.389736  0
20.746667  0.389663  0
20.773333  0.389591  0
20.800000  0.389519  0
20.826667  0.389446  0
20.853333  0.389374  0
20.880000  0.389302  0
20.906667  0.389229  0
20.933333  0.389157  0
20.960000  0.389085  0
20.986667  0.389012  0
21.013333  0.388940  0
21.040000  0.388868  0
21.066667  0.388795  0
21.093333  0.388723  0
21.120000  0.388651  0
21.146667  0.388578  0
21.173333  0.388506  0
21.200000  0.388434  0
21.226667  0.388361  0
21.253333  0.388289  0
21.280000  0.388217  0
21.306667  0.388145  0
21.333333  0.388072  0
21.360000  0.388000  0
21.386667  0.387928  0
21.413333  0.387855  0
21.440000  0.387783  0
21.466667  0.387711  0
21.493333  0.387638  0
21.520000  0.387566  0
21.546667  0.387494  0
21.573333  0.387421  0
21.600000  0.387349  0
21.626667  0.387277  0
21.653333  0.387204  0
21.680000  0.387132  0
21.706667  0.387060  0
21.733333  0.386987  0
21.760000  0.386915  0
21.786667  0.386843  0
21.813333  0.386770  0
21.840000  0.386698  0
21.866667  0.386626  0
21.893333  0.386553  0
21.920000  0.386481  0
21.946667  0.386409  0
21.973333  0.386336  0
22.000000  0.386264  0
22.026667  0.386192  0
22.053333  0.386119  0
22.080000  0.386047  0
22.106667  0.385975  0
22.133333  0.385902  0
22.160000  0.385830  0
22.186667  0.385758  0
22.213333  0.385685  0
22.240000  0.385613  0
22.266667  0.385541  0
22.293333  0.385468  0
22.320000  0.385396  0
22.346667  0.385324  0
22.373333  0.385251  0
22.400000  0.385179  0
