2.986667  0.731911  0
3.013333  0.731417  0
3.040000  0.730923  0
3.066667  0.730428  0
3.093333  0.729934  0
3.120000  0.729440  0
3.146667  0.728946  0
3.173333  0.728451  0
3.200000  0.727957  0
3.226667  0.727463  0
3.253333  0.726969  0
3.280000  0.726474  0
3.306667  0.725980  0
3.333333  0.725486  0
3.360000  0.724991  0
3.386667  0.724497  0
3.413333  0.724003  0
3.440000  0.723509  0
3.466667  0.723014  0
3.493333  0.722520  0
3.520000  0.722026  0
3.546667  0.721532  0
3.573333  0.721037  0
3.600000  0.720543  0
3.626667  0.720049  0
3.653333  0.719555  0
3.680000  0.719060  0
3.706667  0.718566  0
3.733333  0.718072  0
3.760000  0.717578  0
3.786667  0.717083  0
3.813333  0.716589  0
3.840000  0.716095  0
3.866667  0.715601  0
3.893333  0.715106  0
3.920000  0.714612  0
3.946667  0.714118  0
3.973333  0.713623  0
4.000000  0.712518  0
4.026667  0.711154  0
4.053333  0.709790  0
4.080000  0.708426  0
4.106667  0.707062  0
4.133333  0.705697  0
4.160000  0.704333  0
4.186667  0.702969  0
4.213333  0.701605  0
4.240000  0.700241  0
4.266667  0.698877  0
4.293333  0.697512  0
4.320000  0.696148  0
4.346667  0.694784  0
4.373333  0.693420  0
4.400000  0.692056  0
4.426667  0.690692  0
4.453333  0.689327  0
4.480000  0.687963  0
4.506667  0.686599  0
4.533333  0.685235  0
4.560000  0.683871  0
4.586667  0.682507  0
4.613333  0.681143  0
4.640000  0.679778  0
4.666667  0.678414  0
4.693333  0.677050  0
4.720000  0.675686  0
4.746667  0.674322  0
4.773333  0.672958  0
4.800000  0.671593  0
4.826667  0.670229  0
4.853333  0.668865  0
4.880000  0.667501  0
4.906667  0.666137  0
4.933333  0.664773  0
4.960000  0.663408  0
4.986667  0.662044  0
5.013333  0.660680  0
5.040000  0.658503  0
5.066667  0.656001  0
5.093333  0.653499  0
5.120000  0.650996  0
5.146667  0.648494  0
5.173333  0.645992  0
5.200000  0.643490  0
5.226667  0.640988  0
5.253333  0.638485  0
5.280000  0.635983  0
5.306667  0.633481  0
5.333333  0.630979  0
5.360000  0.628477  0
5.386667  0.625974  0
5.413333  0.623472  0
5.440000  0.620970  0
5.466667  0.618468  0
5.493333  0.615966  0
5.520000  0.613464  0
5.546667  0.610961  0
5.573333  0.608459  0
5.600000  0.605957  0
5.626667  0.603455  0
5.653333  0.600953  0
5.680000  0.598450  0
5.706667  0.596430  0
5.733333  0.594561  0
5.760000  0.592691  0
5.786667  0.590821  0
5.813333  0.588952  0
5.840000  0.587082  0
5.866667  0.585213  0
5.893333  0.583343  0
5.920000  0.581473  0
5.946667  0.579604  0
5.973333  0.577734  0
6.000000  0.575865  0
6.026667  0.573995  0
6.053333  0.572125  0
6.080000  0.570256  0
6.106667  0.568386  0
6.133333  0.566517  0
6.160000  0.564647  0
6.186667  0.562777  0
6.213333  0.560908  0
6.240000  0.559038  0
6.266667  0.557169  0
6.293333  0.555299  0
6.320000  0.553429  0
6.346667  0.551560  0
6.373333  0.549690  0
6.400000  0.547821  0
6.426667  0.545951  0
6.453333  0.544081  0
6.480000  0.542212  0
6.506667  0.540342  0
6.533333  0.538473  0
6.560000  0.536603  0
6.586667  0.534733  0
6.613333  0.532864  0
6.640000  0.530994  0
6.666667  0.529070  0
6.693333  0.527139  0
6.720000  0.525208  0
6.746667  0.523277  0
6.773333  0.521346  0
6.800000  0.519414  0
6.826667  0.517483  0
6.853333  0.515552  0
6.880000  0.513621  0
6.906667  0.511690  0
6.933333  0.509759  0
6.960000  0.507828  0
6.986667  0.505897  0
7.013333  0.503966  0
7.040000  0.502035  0
7.066667  0.500104  0
7.093333  0.498173  0
7.120000  0.496242  0
7.146667  0.494311  0
7.173333  0.492380  0
7.200000  0.490448  0
7.226667  0.488517  0
7.253333  0.486586  0
7.280000  0.484655  0
7.306667  0.482724  0
7.333333  0.480793  0
7.360000  0.478862  0
7.386667  0.476931  0
7.413333  0.475000  0
7.440000  0.473069  0
7.466667  0.471138  0
7.493333  0.469207  0
7.520000  0.467276  0
7.546667  0.465430  0
7.573333  0.463736  0
7.600000  0.462041  0
7.626667  0.460347  0
7.653333  0.458652  0
7.680000  0.456957  0
7.706667  0.455263  0
7.733333  0.453568  0
7.760000  0.451874  0
7.786667  0.450179  0
7.813333  0.448484  0
7.840000  0.446790  0
7.866667  0.445095  0
7.893333  0.443401  0
7.920000  0.441706  0
7.946667  0.440011  0
7.973333  0.438317  0
8.000000  0.436622  0
8.026667  0.434927  0
8.053333  0.433233  0
8.080000  0.431538  0
8.106667  0.429844  0
8.133333  0.428639  0
8.160000  0.427871  0
8.186667  0.427102  0
8.213333  0.426333  0
8.240000  0.425564  0
8.266667  0.424795  0
8.293333  0.424026  0
8.320000  0.423258  0
8.346667  0.422489  0
8.373333  0.421720  0
8.400000  0.420951  0
8.426667  0.420182  0
8.453333  0.419413  0
8.480000  0.418644  0
8.506667  0.417876  0
8.533333  0.417107  0
8.560000  0.416338  0
8.586667  0.415569  0
8.613333  0.414800  0
8.640000  0.414031  0
8.666667  0.413262  0
8.693333  0.412820  0
8.720000  0.412736  0
8.746667  0.412652  0
8.773333  0.412568  0
8.800000  0.412484  0
8.826667  0.412400  0
8.853333  0.412316  0
8.880000  0.412232  0
8.906667  0.412148  0
8.933333  0.412064  0
8.960000  0.411980  0
8.986667  0.411897  0
9.013333  0.411813  0
9.040000  0.411729  0
9.066667  0.411645  0
9.093333  0.411561  0
9.120000  0.411477  0
9.146667  0.411393  0
9.173333  0.411309  0
9.200000  0.411225  0
9.226667  0.411141  0
9.253333  0.411057  0
9.280000  0.410973  0
9.306667  0.410889  0
9.333333  0.410805  0
9.360000  0.410721  0
9.386667  0.410638  0
9.413333  0.410554  0
9.440000  0.410470  0
9.466667  0.410386  0
9.493333  0.410302  0
9.520000  0.410218  0
9.546667  0.410134  0
9.573333  0.410050  0
9.600000  0.409966  0
9.626667  0.409882  0
9.653333  0.409798  0
9.680000  0.409714  0
9.706667  0.409630  0
9.733333  0.409546  0
9.760000  0.409462  0
9.786667  0.409379  0
9.813333  0.409295  0
9.840000  0.409211  0
9.866667  0.409127  0
9.893333  0.409043  0
9.920000  0.408959  0
9.946667  0.408875  0
9.973333  0.408791  0
10.000000  0.408707  0
10.026667  0.408623  0
10.053333  0.408539  0
10.080000  0.408455  0
10.106667  0.408371  0
10.133333  0.408287  0
10.160000  0.408204  0
10.186667  0.408120  0
10.213333  0.408036  0
10.240000  0.407952  0
10.266667  0.407868  0
10.293333  0.407784  0
10.320000  0.407700  0
10.346667  0.407616  0
10.373333  0.407532  0
10.400000  0.407448  0
10.426667  0.407364  0
10.453333  0.407280  0
10.480000  0.407196  0
10.506667  0.407112  0
10.533333  0.407028  0
10.560000  0.406945  0
10.586667  0.406861  0
10.613333  0.406777  0
10.640000  0.406693  0
10.666667  0.406609  0
10.693333  0.406525  0
10.720000  0.406441  0
10.746667  0.406357  0
10.773333  0.406273  0
10.800000  0.406189  0
10.826667  0.406105  0
10.853333  0.406021  0
10.880000  0.405937  0
10.906667  0.405893  0
10.933333  0.405856  0
10.960000  0.405820  0
10.986667  0.405784  0
11.013333  0.405748  0
11.040000  0.405711  0
11.066667  0.405675  0
11.093333  0.405639  0
11.120000  0.405603  0
11.146667  0.405566  0
11.173333  0.405530  0
11.200000  0.405494  0
11.226667  0.405458  0
11.253333  0.405422  0
11.280000  0.405385  0
11.306667  0.405349  0
11.333333  0.405313  0
11.360000  0.405277  0
11.386667  0.405240  0
11.413333  0.405204  0
11.440000  0.405168  0
11.466667  0.405132  0
11.493333  0.405095  0
11.520000  0.405059  0
11.546667  0.405023  0
11.573333  0.404987  0
11.600000  0.404950  0
11.626667  0.404914  0
11.653333  0.404878  0
11.680000  0.404842  0
11.706667  0.404805  0
11.733333  0.404769  0
11.760000  0.404733  0
11.786667  0.404697  0
11.813333  0.404661  0
11.840000  0.404624  0
11.866667  0.404588  0
11.893333  0.404552  0
11.920000  0.404516  0
11.946667  0.404479  0
11.973333  0.404443  0
12.000000  0.404407  0
12.026667  0.404371  0
12.053333  0.404334  0
12.080000  0.404298  0
12.106667  0.404262  0
12.133333  0.404226  0
12.160000  0.404189  0
12.186667  0.404153  0
12.213333  0.404117  0
12.240000  0.404081  0
12.266667  0.404044  0
12.293333  0.404008  0
12.320000  0.403972  0
12.346667  0.403936  0
12.373333  0.403899  0
12.400000  0.403863  0
12.426667  0.403827  0
12.453333  0.403791  0
12.480000  0.403755  0
12.506667  0.403718  0
12.533333  0.403682  0
12.560000  0.403646  0
12.586667  0.403610  0
12.613333  0.403573  0
12.640000  0.403537  0
12.666667  0.403501  0
12.693333  0.403465  0
12.720000  0.403428  0
12.746667  0.403392  0
12.773333  0.403356  0
12.800000  0.403320  0
12.826667  0.403283  0
12.853333  0.403247  0
12.880000  0.403211  0
12.906667  0.403175  0
12.933333  0.403138  0
12.960000  0.403102  0
12.986667  0.403066  0
13.013333  0.403030  0
13.040000  0.402994  0
13.066667  0.402957  0
13.093333  0.402921  0
13.120000  0.402885  0
13.146667  0.402849  0
13.173333  0.402812  0
13.200000  0.402776  0
13.226667  0.402740  0
13.253333  0.402704  0
13.280000  0.402667  0
13.306667  0.402631  0
13.333333  0.402595  0
13.360000  0.402559  0
13.386667  0.402522  0
13.413333  0.402486  0
13.440000  0.402450  0
13.466667  0.402414  0
13.493333  0.402377  0
13.520000  0.402341  0
13.546667  0.402305  0
13.573333  0.402269  0
13.600000  0.402232  0
13.626667  0.402196  0
13.653333  0.402160  0
13.680000  0.402124  0
13.706667  0.402088  0
13.733333  0.402051  0
13.760000  0.402015  0
13.786667  0.401979  0
13.813333  0.401943  0
13.840000  0.401906  0
13.866667  0.401870  0
13.893333  0.401834  0
13.920000  0.401798  0
13.946667  0.401761  0
13.973333  0.401725  0
14.000000  0.401689  0
14.026667  0.401653  0
14.053333  0.401616  0
14.080000  0.401580  0
14.106667  0.401544  0
14.133333  0.401508  0
14.160000  0.401471  0
14.186667  0.401435  0
14.213333  0.401399  0
14.240000  0.401363  0
14.266667  0.401327  0
14.293333  0.401290  0
14.320000  0.401254  0
14.346667  0.401218  0
14.373333  0.401182  0
14.400000  0.401145  0
14.426667  0.401109  0
14.453333  0.401073  0
14.480000  0.401037  0
14.506667  0.401000  0
14.533333  0.400964  0
14.560000  0.400928  0
14.586667  0.400892  0
14.613333  0.400855  0
14.640000  0.400819  0
14.666667  0.400783  0
14.693333  0.400747  0
14.720000  0.400710  0
14.746667  0.400674  0
14.773333  0.400638  0
14.800000  0.400602  0
14.826667  0.400565  0
14.853333  0.400529  0
14.880000  0.400493  0
14.906667  0.400457  0
14.933333  0.400421  0
14.960000  0.400384  0
14.986667  0.400348  0
15.013333  0.400312  0
15.040000  0.400276  0
15.066667  0.400239  0
15.093333  0.400203  0
15.120000  0.400167  0
15.146667  0.400131  0
15.173333  0.400094  0
15.200000  0.400058  0
15.226667  0.400022  0
15.253333  0.399986  0
15.280000  0.399949  0
15.306667  0.399913  0
15.333333  0.399877  0
15.360000  0.399841  0
15.386667  0.399804  0
15.413333  0.399768  0
15.440000  0.399732  0
15.466667  0.399696  0
15.493333  0.399660  0
15.520000  0.399623  0
15.546667  0.399587  0
15.573333  0.399551  0
15.600000  0.399515  0
15.626667  0.399478  0
15.653333  0.399442  0
15.680000  0.399406  0
15.706667  0.399370  0
15.733333  0.399333  0
15.760000  0.399297  0
15.786667  0.399261  0
15.813333  0.399225  0
15.840000  0.399188  0
15.866667  0.399152  0
15.893333  0.399116  0
15.920000  0.399080  0
15.946667  0.399043  0
15.973333  0.399007  0
16.000000  0.398971  0
16.026667  0.398935  0
16.053333  0.398898  0
16.080000  0.398862  0
16.106667  0.398826  0
16.133333  0.398790  0
16.160000  0.398754  0
16.186667  0.398717  0
16.213333  0.398681  0
16.240000  0.398645  0
16.266667  0.398609  0
16.293333  0.398572  0
16.320000  0.398536  0
16.346667  0.398500  0
16.373333  0.398464  0
16.400000  0.398427  0
16.426667  0.398391  0
16.453333  0.398355  0
16.480000  0.398319  0
16.506667  0.398282  0
16.533333  0.398246  0
16.560000  0.398210  0
16.586667  0.398174  0
16.613333  0.398137  0
16.640000  0.398101  0
16.666667  0.398065  0
16.693333  0.398029  0
16.720000  0.397993  0
16.746667  0.397956  0
16.773333  0.397920  0
16.800000  0.397884  0
16.826667  0.397848  0
16.853333  0.397811  0
16.880000  0.397775  0
16.906667  0.397739  0
16.933333  0.397703  0
16.960000  0.397666  0
16.986667  0.397630  0
17.013333  0.397594  0
17.040000  0.397558  0
17.066667  0.397521  0
17.093333  0.397485  0
17.120000  0.397449  0
17.146667  0.397413  0
17.173333  0.397376  0
17.200000  0.397340  0
17.226667  0.397304  0
17.253333  0.397268  0
17.280000  0.397231  0
17.306667  0.397195  0
17.333333  0.397159  0
17.360000  0.397123  0
17.386667  0.397087  0
17.413333  0.397050  0
17.440000  0.397014  0
17.466667  0.396978  0
17.493333  0.396942  0
17.520000  0.396905  0
17.546667  0.396869  0
17.573333  0.396833  0
17.600000  0.396797  0
17.626667  0.396760  0
17.653333  0.396724  0
17.680000  0.396688  0
17.706667  0.396652  0
17.733333  0.396615  0
17.760000  0.396579  0
17.786667  0.396543  0
17.813333  0.396507  0
17.840000  0.396470  0
17.866667  0.396434  0
17.893333  0.396398  0
17.920000  0.396362  0
17.946667  0.396326  0
17.973333  0.396289  0
18.000000  0.396253  0
18.026667  0.396217  0
18.053333  0.396181  0
18.080000  0.396144  0
18.106667  0.396108  0
18.133333  0.396072  0
18.160000  0.396036  0
18.186667  0.395999  0
18.213333  0.395963  0
18.240000  0.395927  0
18.266667  0.395891  0
18.293333  0.395854  0
18.320000  0.395818  0
18.346667  0.395782  0
18.373333  0.395746  0
18.400000  0.395709  0
18.426667  0.395673  0
18.453333  0.395637  0
18.480000  0.395601  0
18.506667  0.395564  0
18.533333  0.395528  0
18.560000  0.395492  0
18.586667  0.395456  0
18.613333  0.395420  0
18.640000  0.395383  0
18.666667  0.395347  0
18.693333  0.395311  0
18.720000  0.395275  0
18.746667  0.395238  0
18.773333  0.395202  0
18.800000  0.395166  0
18.826667  0.395130  0
18.853333  0.395093  0
18.880000  0.395057  0
18.906667  0.395021  0
18.933333  0.394985  0
18.960000  0.394948  0
18.986667  0.394912  0
19.013333  0.394876  0
19.040000  0.394840  0
19.066667  0.394803  0
19.093333  0.394767  0
19.120000  0.394731  0
19.146667  0.394695  0
19.173333  0.394659  0
19.200000  0.394622  0
19.226667  0.394586  0
19.253333  0.394550  0
19.280000  0.394514  0
19.306667  0.394477  0
19.333333  0.394441  0
19.360000  0.394405  0
19.386667  0.394369  0
19.413333  0.394332  0
19.440000  0.394296  0
19.466667  0.394260  0
19.493333  0.394224  0
19.520000  0.394187  0
19.546667  0.394151  0
19.573333  0.394115  0
19.600000  0.394079  0
19.626667  0.394042  0
19.653333  0.394006  0
19.680000  0.393970  0
19.706667  0.393934  0
19.733333  0.393897  0
19.760000  0.393861  0
19.786667  0.393825  0
19.813333  0.393789  0
19.840000  0.393753  0
19.866667  0.393716  0
19.893333  0.393680  0
19.920000  0.393644  0
19.946667  0.393608  0
19.973333  0.393571  0
20.000000  0.393535  0
20.026667  0.393499  0
20.053333  0.393463  0
20.080000  0.393426  0
20.106667  0.393390  0
20.133333  0.393354  0
20.160000  0.393318  0
20.186667  0.393281  0
20.213333  0.393245  0
20.240000  0.393209  0
20.266667  0.393173  0
20.293333  0.393136  0
20.320000  0.393100  0
20.346667  0.393064  0
20.373333  0.393028  0
20.400000  0.392992  0
20.426667  0.392955  0
20.453333  0.392919  0
20.480000  0.392883  0
20.506667  0.392847  0
20.533333  0.392810  0
20.560000  0.392774  0
20.586667  0.392738  0
20.613333  0.392702  0
20.640000  0.392665  0
20.666667  0.392629  0
20.693333  0.392593  0
20.720000  0.392557  0
20.746667  0.392520  0
20.773333  0.392484  0
20.800000  0.392448  0
20.826667  0.392412  0
20.853333  0.392375  0
20.880000  0.392339  0
20.906667  0.392303  0
20.933333  0.392267  0
20.960000  0.392230  0
20.986667  0.392194  0
21.013333  0.392158  0
21.040000  0.392122  0
21.066667  0.392086  0
21.093333  0.392049  0
