3.920000  0.726078  0
3.946667  0.725465  0
3.973333  0.724317  0
4.000000  0.722764  0
4.026667  0.720943  0
4.053333  0.718967  0
4.080000  0.716914  0
4.106667  0.714827  0
4.133333  0.712727  0
4.160000  0.710623  0
4.186667  0.708517  0
4.213333  0.706411  0
4.240000  0.704306  0
4.266667  0.702200  0
4.293333  0.700094  0
4.320000  0.697988  0
4.346667  0.695882  0
4.373333  0.693776  0
4.400000  0.691670  0
4.426667  0.689565  0
4.453333  0.687459  0
4.480000  0.685353  0
4.506667  0.683247  0
4.533333  0.681141  0
4.560000  0.679035  0
4.586667  0.676930  0
4.613333  0.674824  0
4.640000  0.672718  0
4.666667  0.670612  0
4.693333  0.668506  0
4.720000  0.666400  0
4.746667  0.664294  0
4.773333  0.662189  0
4.800000  0.660083  0
4.826667  0.657977  0
4.853333  0.655871  0
4.880000  0.653765  0
4.906667  0.651659  0
4.933333  0.649553  0
4.960000  0.647448  0
4.986667  0.645342  0
5.013333  0.643236  0
5.040000  0.641130  0
5.066667  0.639024  0
5.093333  0.636918  0
5.120000  0.634813  0
5.146667  0.632707  0
5.173333  0.630601  0
5.200000  0.628495  0
5.226667  0.626389  0
5.253333  0.624283  0
5.280000  0.622177  0
5.306667  0.620072  0
5.333333  0.617966  0
5.360000  0.615860  0
5.386667  0.613754  0
5.413333  0.611648  0
5.440000  0.609542  0
5.466667  0.607437  0
5.493333  0.605331  0
5.520000  0.603225  0
5.546667  0.601119  0
5.573333  0.599013  0
5.600000  0.596907  0
5.626667  0.594801  0
5.653333  0.592696  0
5.680000  0.590590  0
5.706667  0.588484  0
5.733333  0.586379  0
5.760000  0.584274  0
5.786667  0.582174  0
5.813333  0.580081  0
5.840000  0.578007  0
5.866667  0.575967  0
5.893333  0.573983  0
5.920000  0.572075  0
5.946667  0.570258  0
5.973333  0.568533  0
6.000000  0.566885  0
6.026667  0.565292  0
6.053333  0.563728  0
6.080000  0.562177  0
6.106667  0.560632  0
6.133333  0.559096  0
6.160000  0.557577  0
6.186667  0.556086  0
6.213333  0.554634  0
6.240000  0.553230  0
6.266667  0.551880  0
6.293333  0.550591  0
6.320000  0.549366  0
6.346667  0.548209  0
6.373333  0.547121  0
6.400000  0.546107  0
6.426667  0.545168  0
6.453333  0.544304  0
6.480000  0.543516  0
6.506667  0.542799  0
6.533333  0.542148  0
6.560000  0.541554  0
6.586667  0.541004  0
6.613333  0.540483  0
6.640000  0.539977  0
6.666667  0.539470  0
6.693333  0.538948  0
6.720000  0.538399  0
6.746667  0.537817  0
6.773333  0.537196  0
6.800000  0.536537  0
6.826667  0.535845  0
6.853333  0.535124  0
6.880000  0.534382  0
6.906667  0.533627  0
6.933333  0.532867  0
6.960000  0.532108  0
6.986667  0.531355  0
7.013333  0.530609  0
7.040000  0.529873  0
7.066667  0.529147  0
7.093333  0.528427  0
7.120000  0.527713  0
7.146667  0.527001  0
7.173333  0.526291  0
7.200000  0.525583  0
7.226667  0.524877  0
7.253333  0.524177  0
7.280000  0.523490  0
7.306667  0.522822  0
7.333333  0.522181  0
7.360000  0.521576  0
7.386667  0.521016  0
7.413333  0.520506  0
7.440000  0.520052  0
7.466667  0.519656  0
7.493333  0.519318  0
7.520000  0.519037  0
7.546667  0.518810  0
7.573333  0.518631  0
7.600000  0.518496  0
7.626667  0.518398  0
7.653333  0.518329  0
7.680000  0.518278  0
7.706667  0.518235  0
7.733333  0.518187  0
7.760000  0.517838  0
7.786667  0.517490  0
7.813333  0.517141  0
7.840000  0.516792  0
7.866667  0.516443  0
7.893333  0.516095  0
7.920000  0.515746  0
7.946667  0.515397  0
7.973333  0.515049  0
8.000000  0.514700  0
8.026667  0.514351  0
8.053333  0.514002  0
8.080000  0.513654  0
8.106667  0.513305  0
8.133333  0.512956  0
8.160000  0.512608  0
8.186667  0.512259  0
8.213333  0.511910  0
8.240000  0.511562  0
8.266667  0.511213  0
8.293333  0.510864  0
8.320000  0.510515  0
8.346667  0.510167  0
8.373333  0.509818  0
8.400000  0.509469  0
8.426667  0.509121  0
8.453333  0.508772  0
8.480000  0.508423  0
8.506667  0.508074  0
8.533333  0.507726  0
8.560000  0.507377  0
8.586667  0.507028  0
8.613333  0.506680  0
8.640000  0.506331  0
8.666667  0.505982  0
8.693333  0.505633  0
8.720000  0.505285  0
8.746667  0.504936  0
8.773333  0.504587  0
8.800000  0.504239  0
8.826667  0.503890  0
8.853333  0.503541  0
8.880000  0.503193  0
8.906667  0.502844  0
8.933333  0.502495  0
8.960000  0.502146  0
8.986667  0.501798  0
9.013333  0.501449  0
9.040000  0.501100  0
9.066667  0.500752  0
9.093333  0.500403  0
9.120000  0.500054  0
9.146667  0.499705  0
9.173333  0.499357  0
9.200000  0.499008  0
9.226667  0.498659  0
9.253333  0.498311  0
9.280000  0.497962  0
9.306667  0.497613  0
9.333333  0.497264  0
9.360000  0.496916  0
9.386667  0.496567  0
9.413333  0.496218  0
9.440000  0.495870  0
9.466667  0.495521  0
9.493333  0.495172  0
9.520000  0.494823  0
9.546667  0.494475  0
9.573333  0.494126  0
9.600000  0.493777  0
9.626667  0.493429  0
9.653333  0.493080  0
9.680000  0.492731  0
9.706667  0.492383  0
9.733333  0.492034  0
9.760000  0.491685  0
9.786667  0.491336  0
9.813333  0.490988  0
9.840000  0.490639  0
9.866667  0.490290  0
9.893333  0.489942  0
9.920000  0.489593  0
9.946667  0.489244  0
9.973333  0.488895  0
10.000000  0.488547  0
10.026667  0.488198  0
10.053333  0.487849  0
10.080000  0.487501  0
10.106667  0.487152  0
10.133333  0.486803  0
10.160000  0.486454  0
10.186667  0.486106  0
10.213333  0.485757  0
10.240000  0.485408  0
10.266667  0.485060  0
10.293333  0.484711  0
10.320000  0.484362  0
10.346667  0.484013  0
10.373333  0.483665  0
10.400000  0.483316  0
10.426667  0.482967  0
10.453333  0.482619  0
10.480000  0.482270  0
10.506667  0.481921  0
10.533333  0.481573  0
10.560000  0.481224  0
10.586667  0.480875  0
10.613333  0.480526  0
10.640000  0.480178  0
10.666667  0.479829  0
10.693333  0.479480  0
10.720000  0.479132  0
10.746667  0.478783  0
10.773333  0.478434  0
10.800000  0.478085  0
10.826667  0.477737  0
10.853333  0.477388  0
10.880000  0.477039  0
10.906667  0.476691  0
10.933333  0.476342  0
10.960000  0.475993  0
10.986667  0.475644  0
11.013333  0.475296  0
11.040000  0.474947  0
11.066667  0.474598  0
11.093333  0.474250  0
11.120000  0.473901  0
11.146667  0.473552  0
11.173333  0.473204  0
11.200000  0.472855  0
11.226667  0.472506  0
11.253333  0.472157  0
11.280000  0.471809  0
11.306667  0.471460  0
11.333333  0.471111  0
11.360000  0.470763  0
11.386667  0.470414  0
11.413333  0.470065  0
11.440000  0.469716  0
11.466667  0.469368  0
11.493333  0.469008  0
11.520000  0.468594  0
11.546667  0.468127  0
11.573333  0.467608  0
11.600000  0.467045  0
11.626667  0.466447  0
11.653333  0.465827  0
11.680000  0.465201  0
11.706667  0.464588  0
11.733333  0.464003  0
11.760000  0.463462  0
11.786667  0.462977  0
11.813333  0.462554  0
11.840000  0.462194  0
11.866667  0.461891  0
11.893333  0.461635  0
11.920000  0.461413  0
11.946667  0.461212  0
11.973333  0.461018  0
12.000000  0.460822  0
12.026667  0.460617  0
12.053333  0.460402  0
12.080000  0.460180  0
12.106667  0.459957  0
12.133333  0.459741  0
12.160000  0.459543  0
12.186667  0.459370  0
12.213333  0.459228  0
12.240000  0.459121  0
12.266667  0.459048  0
12.293333  0.459004  0
12.320000  0.458983  0
12.346667  0.458974  0
12.373333  0.458965  0
12.400000  0.458947  0
12.426667  0.458910  0
12.453333  0.458846  0
12.480000  0.458752  0
12.506667  0.458627  0
12.533333  0.458475  0
12.560000  0.458302  0
12.586667  0.458116  0
12.613333  0.457926  0
12.640000  0.457740  0
12.666667  0.457568  0
12.693333  0.457415  0
12.720000  0.457283  0
12.746667  0.457175  0
12.773333  0.457087  0
12.800000  0.457017  0
12.826667  0.456957  0
12.853333  0.456903  0
12.880000  0.456846  0
12.906667  0.456782  0
12.933333  0.456705  0
12.960000  0.456613  0
12.986667  0.456504  0
13.013333  0.456379  0
13.040000  0.456239  0
13.066667  0.456086  0
13.093333  0.455922  0
13.120000  0.455752  0
13.146667  0.455574  0
13.173333  0.455392  0
13.200000  0.455204  0
13.226667  0.455008  0
13.253333  0.454804  0
13.280000  0.454589  0
13.306667  0.454361  0
13.333333  0.454118  0
13.360000  0.453858  0
13.386667  0.453581  0
13.413333  0.453287  0
13.440000  0.452977  0
13.466667  0.452651  0
13.493333  0.452312  0
13.520000  0.451961  0
13.546667  0.451600  0
13.573333  0.451230  0
13.600000  0.450852  0
13.626667  0.450466  0
13.653333  0.450070  0
13.680000  0.449660  0
13.706667  0.449233  0
13.733333  0.448784  0
13.760000  0.448308  0
13.786667  0.447801  0
13.813333  0.447263  0
13.840000  0.446692  0
13.866667  0.446094  0
13.893333  0.445475  0
13.920000  0.444847  0
13.946667  0.444224  0
13.973333  0.443624  0
14.000000  0.443067  0
14.026667  0.442571  0
14.053333  0.442154  0
14.080000  0.441832  0
14.106667  0.441612  0
14.133333  0.441498  0
14.160000  0.441483  0
14.186667  0.441555  0
14.213333  0.441694  0
14.240000  0.441874  0
14.266667  0.442068  0
14.293333  0.442248  0
14.320000  0.442389  0
14.346667  0.442472  0
14.373333  0.442486  0
14.400000  0.442426  0
14.426667  0.442297  0
14.453333  0.442111  0
14.480000  0.441885  0
14.506667  0.441639  0
14.533333  0.441392  0
14.560000  0.441162  0
14.586667  0.440961  0
14.613333  0.440795  0
14.640000  0.440665  0
14.666667  0.440560  0
14.693333  0.440465  0
14.720000  0.440358  0
14.746667  0.440217  0
14.773333  0.440016  0
14.800000  0.439737  0
14.826667  0.439366  0
14.853333  0.438900  0
14.880000  0.438348  0
14.906667  0.437725  0
14.933333  0.437059  0
14.960000  0.436378  0
14.986667  0.435715  0
15.013333  0.435095  0
15.040000  0.434540  0
15.066667  0.434062  0
15.093333  0.433666  0
15.120000  0.433349  0
15.146667  0.433101  0
15.173333  0.432913  0
15.200000  0.432770  0
15.226667  0.432662  0
15.253333  0.432578  0
15.280000  0.432510  0
15.306667  0.432453  0
15.333333  0.432402  0
15.360000  0.432354  0
15.386667  0.432309  0
15.413333  0.432264  0
15.440000  0.432220  0
15.466667  0.432176  0
15.493333  0.432133  0
15.520000  0.432089  0
15.546667  0.432046  0
15.573333  0.432002  0
15.600000  0.431958  0
15.626667  0.431915  0
15.653333  0.431871  0
15.680000  0.431828  0
15.706667  0.431784  0
15.733333  0.431741  0
15.760000  0.431697  0
15.786667  0.431654  0
15.813333  0.431610  0
15.840000  0.431566  0
15.866667  0.431523  0
15.893333  0.431479  0
15.920000  0.431436  0
15.946667  0.431392  0
15.973333  0.431349  0
16.000000  0.431305  0
16.026667  0.431262  0
16.053333  0.431218  0
16.080000  0.431174  0
16.106667  0.431131  0
16.133333  0.431087  0
16.160000  0.431044  0
16.186667  0.431000  0
16.213333  0.430957  0
16.240000  0.430913  0
16.266667  0.430869  0
16.293333  0.430826  0
16.320000  0.430782  0
16.346667  0.430739  0
16.373333  0.430695  0
16.400000  0.430652  0
16.426667  0.430608  0
16.453333  0.430565  0
16.480000  0.430521  0
16.506667  0.430477  0
16.533333  0.430434  0
16.560000  0.430390  0
16.586667  0.430347  0
16.613333  0.430303  0
16.640000  0.430260  0
16.666667  0.430216  0
16.693333  0.430172  0
16.720000  0.430129  0
16.746667  0.430085  0
16.773333  0.430042  0
16.800000  0.429998  0
16.826667  0.429955  0
16.853333  0.429911  0
16.880000  0.429868  0
16.906667  0.429824  0
16.933333  0.429781  0
16.960000  0.429737  0
16.986667  0.429694  0
17.013333  0.429652  0
17.040000  0.429609  0
17.066667  0.429568  0
17.093333  0.429529  0
17.120000  0.429491  0
17.146667  0.429456  0
17.173333  0.429425  0
17.200000  0.429399  0
17.226667  0.429378  0
17.253333  0.429364  0
17.280000  0.429357  0
