3.093333  0.886129  0
3.120000  0.882768  0
3.146667  0.879407  0
3.173333  0.876046  0
3.200000  0.872685  0
3.226667  0.869324  0
3.253333  0.865963  0
3.280000  0.862602  0
3.306667  0.859241  0
3.333333  0.855880  0
3.360000  0.852519  0
3.386667  0.849158  0
3.413333  0.845797  0
3.440000  0.842436  0
3.466667  0.839075  0
3.493333  0.835714  0
3.520000  0.832353  0
3.546667  0.828992  0
3.573333  0.825631  0
3.600000  0.822270  0
3.626667  0.818909  0
3.653333  0.815548  0
3.680000  0.812187  0
3.706667  0.808826  0
3.733333  0.804708  0
3.760000  0.800445  0
3.786667  0.796182  0
3.813333  0.791919  0
3.840000  0.787656  0
3.866667  0.783393  0
3.893333  0.779130  0
3.920000  0.774867  0
3.946667  0.770604  0
3.973333  0.766341  0
4.000000  0.762078  0
4.026667  0.757815  0
4.053333  0.753664  0
4.080000  0.749710  0
4.106667  0.745756  0
4.133333  0.741802  0
4.160000  0.737848  0
4.186667  0.733894  0
4.213333  0.729940  0
4.240000  0.725986  0
4.266667  0.722032  0
4.293333  0.718078  0
4.320000  0.714124  0
4.346667  0.710170  0
4.373333  0.706215  0
4.400000  0.702261  0
4.426667  0.698307  0
4.453333  0.694353  0
4.480000  0.690399  0
4.506667  0.685468  0
4.533333  0.680526  0
4.560000  0.675583  0
4.586667  0.670640  0
4.613333  0.665698  0
4.640000  0.660755  0
4.666667  0.655813  0
4.693333  0.650870  0
4.720000  0.645927  0
4.746667  0.640985  0
4.773333  0.636042  0
4.800000  0.631244  0
4.826667  0.626795  0
4.853333  0.622347  0
4.880000  0.617899  0
4.906667  0.613450  0
4.933333  0.609002  0
4.960000  0.604554  0
4.986667  0.600105  0
5.013333  0.595657  0
5.040000  0.591209  0
5.066667  0.586760  0
5.093333  0.582312  0
5.120000  0.577863  0
5.146667  0.573415  0
5.173333  0.569678  0
5.200000  0.568010  0
5.226667  0.566342  0
5.253333  0.564674  0
5.280000  0.563006  0
5.306667  0.561338  0
5.333333  0.559670  0
5.360000  0.558001  0
5.386667  0.556333  0
5.413333  0.554665  0
5.440000  0.552997  0
5.466667  0.551329  0
5.493333  0.549661  0
5.520000  0.547848  0
5.546667  0.545995  0
5.573333  0.544141  0
5.600000  0.542288  0
5.626667  0.540434  0
5.653333  0.538581  0
5.680000  0.536727  0
5.706667  0.534874  0
5.733333  0.533020  0
5.760000  0.531167  0
5.786667  0.529313  0
5.813333  0.527460  0
5.840000  0.525606  0
5.866667  0.523753  0
5.893333  0.521899  0
5.920000  0.520046  0
5.946667  0.518192  0
5.973333  0.516339  0
6.000000  0.514486  0
6.026667  0.512632  0
6.053333  0.510779  0
6.080000  0.508925  0
6.106667  0.507072  0
6.133333  0.505218  0
6.160000  0.503365  0
6.186667  0.501969  0
6.213333  0.500668  0
6.240000  0.499367  0
6.266667  0.498066  0
6.293333  0.496766  0
6.320000  0.495465  0
6.346667  0.494164  0
6.373333  0.492864  0
6.400000  0.491563  0
6.426667  0.490262  0
6.453333  0.488962  0
6.480000  0.487661  0
6.506667  0.486360  0
6.533333  0.485060  0
6.560000  0.483759  0
6.586667  0.482458  0
6.613333  0.481158  0
6.640000  0.479857  0
6.666667  0.478556  0
6.693333  0.477255  0
6.720000  0.475955  0
6.746667  0.474654  0
6.773333  0.473353  0
6.800000  0.472053  0
6.826667  0.470752  0
6.853333  0.469451  0
6.880000  0.468151  0
6.906667  0.466850  0
6.933333  0.465549  0
6.960000  0.464249  0
6.986667  0.462948  0
7.013333  0.461647  0
7.040000  0.460347  0
7.066667  0.459046  0
7.093333  0.457745  0
7.120000  0.456444  0
7.146667  0.455144  0
7.173333  0.453843  0
7.200000  0.452542  0
7.226667  0.451242  0
7.253333  0.449941  0
7.280000  0.448640  0
7.306667  0.447340  0
7.333333  0.446039  0
7.360000  0.444934  0
7.386667  0.444146  0
7.413333  0.443358  0
7.440000  0.442571  0
7.466667  0.441783  0
7.493333  0.440995  0
7.520000  0.440207  0
7.546667  0.439420  0
7.573333  0.438632  0
7.600000  0.437844  0
7.626667  0.437056  0
7.653333  0.436269  0
7.680000  0.435481  0
7.706667  0.434693  0
7.733333  0.433906  0
7.760000  0.433118  0
7.786667  0.432330  0
7.813333  0.431542  0
7.840000  0.430755  0
7.866667  0.429967  0
7.893333  0.429179  0
7.920000  0.428391  0
7.946667  0.427604  0
7.973333  0.426816  0
8.000000  0.426028  0
8.026667  0.425241  0
8.053333  0.424453  0
8.080000  0.423665  0
8.106667  0.422877  0
8.133333  0.422090  0
8.160000  0.421302  0
8.186667  0.420514  0
8.213333  0.419726  0
8.240000  0.418939  0
8.266667  0.418151  0
8.293333  0.417363  0
8.320000  0.416575  0
8.346667  0.415788  0
8.373333  0.415000  0
8.400000  0.414212  0
8.426667  0.413425  0
8.453333  0.412637  0
8.480000  0.411849  0
8.506667  0.411061  0
8.533333  0.410274  0
8.560000  0.409486  0
8.586667  0.408698  0
8.613333  0.407910  0
8.640000  0.407123  0
8.666667  0.406335  0
8.693333  0.405548  0
8.720000  0.404761  0
8.746667  0.403974  0
8.773333  0.403187  0
8.800000  0.402401  0
8.826667  0.401614  0
8.853333  0.400827  0
8.880000  0.400040  0
8.906667  0.399253  0
8.933333  0.398467  0
8.960000  0.397680  0
8.986667  0.396893  0
9.013333  0.396106  0
9.040000  0.395320  0
9.066667  0.394533  0
9.093333  0.393746  0
9.120000  0.392959  0
9.146667  0.392172  0
9.173333  0.391386  0
9.200000  0.390599  0
9.226667  0.389812  0
9.253333  0.389025  0
9.280000  0.388239  0
9.306667  0.387452  0
9.333333  0.386665  0
9.360000  0.385878  0
9.386667  0.385091  0
9.413333  0.384305  0
9.440000  0.383518  0
9.466667  0.382731  0
9.493333  0.381944  0
9.520000  0.381157  0
9.546667  0.380371  0
9.573333  0.379584  0
9.600000  0.378797  0
9.626667  0.378010  0
9.653333  0.377224  0
9.680000  0.376437  0
9.706667  0.375814  0
9.733333  0.375641  0
9.760000  0.375468  0
9.786667  0.375294  0
9.813333  0.375121  0
9.840000  0.374948  0
9.866667  0.374774  0
9.893333  0.374601  0
9.920000  0.374428  0
9.946667  0.374255  0
9.973333  0.374081  0
10.000000  0.373908  0
10.026667  0.373735  0
10.053333  0.373561  0
10.080000  0.373388  0
10.106667  0.373215  0
10.133333  0.373041  0
10.160000  0.372868  0
10.186667  0.372695  0
10.213333  0.372521  0
10.240000  0.372348  0
10.266667  0.372175  0
10.293333  0.372001  0
10.320000  0.371828  0
10.346667  0.371655  0
10.373333  0.371482  0
10.400000  0.371308  0
10.426667  0.371135  0
10.453333  0.370962  0
10.480000  0.370788  0
10.506667  0.370615  0
10.533333  0.370442  0
10.560000  0.370268  0
10.586667  0.370095  0
10.613333  0.369922  0
10.640000  0.369748  0
10.666667  0.369575  0
10.693333  0.369402  0
10.720000  0.369228  0
10.746667  0.369055  0
10.773333  0.368882  0
10.800000  0.368709  0
10.826667  0.368535  0
10.853333  0.368362  0
10.880000  0.368189  0
10.906667  0.368015  0
10.933333  0.367842  0
10.960000  0.367669  0
10.986667  0.367495  0
11.013333  0.367322  0
11.040000  0.367149  0
11.066667  0.366975  0
11.093333  0.366802  0
11.120000  0.366629  0
11.146667  0.366455  0
11.173333  0.366282  0
11.200000  0.366109  0
11.226667  0.365936  0
11.253333  0.365762  0
11.280000  0.365589  0
11.306667  0.365416  0
11.333333  0.365242  0
11.360000  0.365069  0
11.386667  0.364896  0
11.413333  0.364722  0
11.440000  0.364549  0
11.466667  0.364376  0
11.493333  0.364202  0
11.520000  0.364029  0
11.546667  0.363856  0
11.573333  0.363682  0
11.600000  0.363509  0
11.626667  0.363336  0
11.653333  0.363163  0
11.680000  0.362989  0
11.706667  0.362816  0
11.733333  0.362643  0
11.760000  0.362469  0
11.786667  0.362296  0
11.813333  0.362123  0
11.840000  0.361949  0
11.866667  0.361776  0
11.893333  0.361603  0
11.920000  0.361429  0
11.946667  0.361256  0
11.973333  0.361083  0
12.000000  0.360909  0
12.026667  0.360736  0
12.053333  0.360563  0
12.080000  0.360390  0
12.106667  0.360216  0
12.133333  0.360043  0
12.160000  0.359870  0
12.186667  0.359696  0
12.213333  0.359523  0
12.240000  0.359350  0
12.266667  0.359176  0
12.293333  0.359003  0
12.320000  0.358830  0
12.346667  0.358656  0
12.373333  0.358483  0
12.400000  0.358310  0
12.426667  0.358136  0
12.453333  0.357963  0
12.480000  0.357790  0
12.506667  0.357617  0
12.533333  0.357443  0
12.560000  0.357270  0
12.586667  0.357097  0
12.613333  0.356923  0
12.640000  0.356750  0
12.666667  0.356577  0
12.693333  0.356403  0
12.720000  0.356230  0
12.746667  0.356057  0
12.773333  0.355883  0
12.800000  0.355710  0
12.826667  0.355537  0
12.853333  0.355363  0
12.880000  0.355190  0
12.906667  0.355060  0
12.933333  0.355123  0
12.960000  0.355185  0
12.986667  0.355248  0
13.013333  0.355310  0
13.040000  0.355373  0
13.066667  0.355435  0
13.093333  0.355497  0
13.120000  0.355560  0
13.146667  0.355622  0
13.173333  0.355685  0
13.200000  0.355747  0
13.226667  0.355810  0
13.253333  0.355872  0
13.280000  0.355934  0
13.306667  0.355997  0
13.333333  0.356059  0
13.360000  0.356122  0
13.386667  0.356184  0
13.413333  0.356247  0
13.440000  0.356309  0
13.466667  0.356371  0
13.493333  0.356434  0
13.520000  0.356496  0
13.546667  0.356559  0
13.573333  0.356621  0
13.600000  0.356684  0
13.626667  0.356746  0
13.653333  0.356808  0
13.680000  0.356871  0
13.706667  0.356933  0
13.733333  0.356996  0
13.760000  0.357058  0
13.786667  0.357121  0
13.813333  0.357183  0
13.840000  0.357245  0
13.866667  0.357308  0
13.893333  0.357370  0
13.920000  0.357433  0
13.946667  0.357495  0
13.973333  0.357558  0
14.000000  0.357620  0
14.026667  0.357683  0
14.053333  0.357745  0
14.080000  0.357807  0
14.106667  0.357870  0
14.133333  0.357932  0
14.160000  0.357995  0
14.186667  0.358057  0
14.213333  0.358120  0
14.240000  0.358182  0
14.266667  0.358244  0
14.293333  0.358307  0
14.320000  0.358369  0
14.346667  0.358432  0
14.373333  0.358494  0
14.400000  0.358557  0
14.426667  0.358619  0
14.453333  0.358681  0
14.480000  0.358744  0
14.506667  0.358806  0
14.533333  0.358869  0
14.560000  0.358931  0
14.586667  0.358994  0
14.613333  0.359056  0
14.640000  0.359118  0
14.666667  0.359181  0
14.693333  0.359243  0
14.720000  0.359306  0
14.746667  0.359368  0
14.773333  0.359431  0
14.800000  0.359493  0
14.826667  0.359556  0
14.853333  0.359618  0
14.880000  0.359663  0
14.906667  0.359567  0
14.933333  0.359470  0
14.960000  0.359374  0
14.986667  0.359278  0
15.013333  0.359181  0
15.040000  0.359085  0
15.066667  0.358988  0
15.093333  0.358892  0
15.120000  0.358795  0
15.146667  0.358699  0
15.173333  0.358603  0
15.200000  0.358506  0
15.226667  0.358410  0
15.253333  0.358313  0
15.280000  0.358217  0
15.306667  0.358120  0
15.333333  0.358024  0
15.360000  0.357927  0
15.386667  0.357831  0
15.413333  0.357735  0
15.440000  0.357638  0
15.466667  0.357542  0
15.493333  0.357445  0
15.520000  0.357349  0
15.546667  0.357252  0
15.573333  0.357156  0
15.600000  0.357059  0
15.626667  0.356963  0
15.653333  0.356867  0
15.680000  0.356770  0
15.706667  0.356674  0
15.733333  0.356577  0
15.760000  0.356481  0
15.786667  0.356384  0
15.813333  0.356288  0
15.840000  0.356191  0
15.866667  0.356095  0
15.893333  0.355999  0
15.920000  0.355902  0
15.946667  0.355806  0
15.973333  0.355709  0
16.000000  0.355613  0
16.026667  0.355516  0
16.053333  0.355420  0
16.080000  0.355324  0
16.106667  0.355227  0
16.133333  0.355131  0
16.160000  0.355034  0
16.186667  0.354938  0
16.213333  0.354841  0
16.240000  0.354745  0
16.266667  0.354648  0
16.293333  0.354552  0
16.320000  0.354456  0
16.346667  0.354359  0
16.373333  0.354263  0
16.400000  0.354166  0
16.426667  0.354070  0
16.453333  0.353973  0
16.480000  0.353877  0
16.506667  0.353780  0
16.533333  0.353684  0
16.560000  0.353588  0
16.586667  0.353491  0
16.613333  0.353395  0
16.640000  0.353298  0
16.666667  0.353202  0
16.693333  0.353105  0
16.720000  0.353009  0
16.746667  0.352912  0
16.773333  0.352816  0
16.800000  0.352720  0
16.826667  0.352623  0
16.853333  0.352527  0
16.880000  0.352430  0
16.906667  0.352334  0
16.933333  0.352237  0
16.960000  0.352141  0
16.986667  0.352045  0
17.013333  0.351948  0
17.040000  0.351852  0
17.066667  0.351755  0
17.093333  0.351659  0
17.120000  0.351562  0
17.146667  0.351466  0
17.173333  0.351369  0
17.200000  0.351273  0
17.226667  0.351177  0
17.253333  0.351080  0
17.280000  0.350984  0
17.306667  0.350887  0
17.333333  0.350791  0
17.360000  0.350694  0
17.386667  0.350598  0
17.413333  0.350501  0
17.440000  0.350405  0
17.466667  0.350309  0
17.493333  0.350212  0
17.520000  0.350116  0
17.546667  0.350019  0
17.573333  0.349923  0
17.600000  0.349826  0
17.626667  0.349730  0
17.653333  0.349633  0
17.680000  0.349537  0
17.706667  0.349441  0
17.733333  0.349344  0
17.760000  0.349248  0
17.786667  0.349151  0
17.813333  0.349055  0
17.840000  0.348958  0
17.866667  0.348862  0
17.893333  0.348766  0
17.920000  0.348669  0
17.946667  0.348573  0
17.973333  0.348476  0
18.000000  0.348380  0
18.026667  0.348283  0
18.053333  0.348187  0
18.080000  0.348090  0
18.106667  0.347994  0
18.133333  0.347898  0
18.160000  0.347801  0
18.186667  0.347705  0
18.213333  0.347608  0
18.240000  0.347512  0
18.266667  0.347415  0
18.293333  0.347319  0
18.320000  0.347222  0
18.346667  0.347126  0
18.373333  0.347030  0
18.400000  0.346933  0
18.426667  0.346837  0
18.453333  0.346740  0
18.480000  0.346644  0
18.506667  0.346547  0
18.533333  0.346451  0
18.560000  0.346354  0
18.586667  0.346258  0
18.613333  0.346162  0
18.640000  0.346065  0
18.666667  0.345969  0
18.693333  0.345872  0
18.720000  0.345776  0
18.746667  0.345679  0
18.773333  0.345583  0
18.800000  0.345487  0
18.826667  0.345390  0
18.853333  0.345294  0
18.880000  0.345197  0
18.906667  0.345101  0
18.933333  0.345004  0
18.960000  0.344908  0
18.986667  0.344811  0
19.013333  0.344715  0
19.040000  0.344619  0
19.066667  0.344522  0
19.093333  0.344426  0
19.120000  0.344329  0
19.146667  0.344233  0
19.173333  0.344136  0
19.200000  0.344040  0
19.226667  0.343943  0
19.253333  0.343847  0
19.280000  0.343751  0
19.306667  0.343654  0
19.333333  0.343558  0
19.360000  0.343461  0
19.386667  0.343365  0
19.413333  0.343268  0
19.440000  0.343172  0
19.466667  0.343075  0
19.493333  0.342979  0
19.520000  0.342883  0
19.546667  0.342786  0
19.573333  0.342690  0
19.600000  0.342593  0
19.626667  0.342497  0
19.653333  0.342400  0
19.680000  0.342304  0
19.706667  0.342208  0
19.733333  0.342111  0
19.760000  0.342015  0
19.786667  0.341918  0
19.813333  0.341822  0
19.840000  0.341725  0
19.866667  0.341629  0
19.893333  0.341532  0
19.920000  0.341436  0
19.946667  0.341340  0
19.973333  0.341243  0
