2.533333  0.656903  0
2.560000  0.656737  0
2.586667  0.656413  0
2.613333  0.655948  0
2.640000  0.655359  0
2.666667  0.654668  0
2.693333  0.653893  0
2.720000  0.653049  0
2.746667  0.652151  0
2.773333  0.651207  0
2.800000  0.650225  0
2.826667  0.649212  0
2.853333  0.648169  0
2.880000  0.647102  0
2.906667  0.646013  0
2.933333  0.644904  0
2.960000  0.643780  0
2.986667  0.642645  0
3.013333  0.641505  0
3.040000  0.640364  0
3.066667  0.639230  0
3.093333  0.638108  0
3.120000  0.637004  0
3.146667  0.635924  0
3.173333  0.634871  0
3.200000  0.633849  0
3.226667  0.632859  0
3.253333  0.631903  0
3.280000  0.630980  0
3.306667  0.630089  0
3.333333  0.629229  0
3.360000  0.628396  0
3.386667  0.627587  0
3.413333  0.626798  0
3.440000  0.626027  0
3.466667  0.625269  0
3.493333  0.624520  0
3.520000  0.623776  0
3.546667  0.623033  0
3.573333  0.622286  0
3.600000  0.621530  0
3.626667  0.620759  0
3.653333  0.619967  0
3.680000  0.619149  0
3.706667  0.618302  0
3.733333  0.617427  0
3.760000  0.616529  0
3.786667  0.615619  0
3.813333  0.614710  0
3.840000  0.613815  0
3.866667  0.612945  0
3.893333  0.612105  0
3.920000  0.611294  0
3.946667  0.610507  0
3.973333  0.609738  0
4.000000  0.608979  0
4.026667  0.608226  0
4.053333  0.607477  0
4.080000  0.606729  0
4.106667  0.605982  0
4.133333  0.605235  0
4.160000  0.604487  0
4.186667  0.603740  0
4.213333  0.602993  0
4.240000  0.602246  0
4.266667  0.601499  0
4.293333  0.600752  0
4.320000  0.600005  0
4.346667  0.599258  0
4.373333  0.598510  0
4.400000  0.597763  0
4.426667  0.597016  0
4.453333  0.596269  0
4.480000  0.595522  0
4.506667  0.594775  0
4.533333  0.594028  0
4.560000  0.593280  0
4.586667  0.592533  0
4.613333  0.591786  0
4.640000  0.591039  0
4.666667  0.590292  0
4.693333  0.589545  0
4.720000  0.588798  0
4.746667  0.588051  0
4.773333  0.587303  0
4.800000  0.586556  0
4.826667  0.585809  0
4.853333  0.585061  0
4.880000  0.584311  0
4.906667  0.583559  0
4.933333  0.582799  0
4.960000  0.582025  0
4.986667  0.581229  0
5.013333  0.580400  0
5.040000  0.579523  0
5.066667  0.578590  0
5.093333  0.577593  0
5.120000  0.576533  0
5.146667  0.575418  0
5.173333  0.574263  0
5.200000  0.573084  0
5.226667  0.571900  0
5.253333  0.570724  0
5.280000  0.569564  0
5.306667  0.568423  0
5.333333  0.567298  0
5.360000  0.566187  0
5.386667  0.565085  0
5.413333  0.563987  0
5.440000  0.562891  0
5.466667  0.561797  0
5.493333  0.560703  0
5.520000  0.559610  0
5.546667  0.558516  0
5.573333  0.557423  0
5.600000  0.556329  0
5.626667  0.555236  0
5.653333  0.554142  0
5.680000  0.553048  0
5.706667  0.551955  0
5.733333  0.550861  0
5.760000  0.549768  0
5.786667  0.548674  0
5.813333  0.547581  0
5.840000  0.546487  0
5.866667  0.545393  0
5.893333  0.544300  0
5.920000  0.543206  0
5.946667  0.542113  0
5.973333  0.541019  0
6.000000  0.539926  0
6.026667  0.538832  0
6.053333  0.537739  0
6.080000  0.536645  0
6.106667  0.535551  0
6.133333  0.534458  0
6.160000  0.533364  0
6.186667  0.532271  0
6.213333  0.531177  0
6.240000  0.530084  0
6.266667  0.528990  0
6.293333  0.527896  0
6.320000  0.526803  0
6.346667  0.525709  0
6.373333  0.524616  0
6.400000  0.523522  0
6.426667  0.522429  0
6.453333  0.521335  0
6.480000  0.520242  0
6.506667  0.519148  0
6.533333  0.518054  0
6.560000  0.516961  0
6.586667  0.515867  0
6.613333  0.514774  0
6.640000  0.513680  0
6.666667  0.512587  0
6.693333  0.511493  0
6.720000  0.510399  0
6.746667  0.509306  0
6.773333  0.508212  0
6.800000  0.507119  0
6.826667  0.506025  0
6.853333  0.504932  0
6.880000  0.503838  0
6.906667  0.502744  0
6.933333  0.501651  0
6.960000  0.500557  0
6.986667  0.499464  0
7.013333  0.498370  0
7.040000  0.497277  0
7.066667  0.496183  0
7.093333  0.495090  0
7.120000  0.493996  0
7.146667  0.492902  0
7.173333  0.491809  0
7.200000  0.490715  0
7.226667  0.489622  0
7.253333  0.488528  0
7.280000  0.487435  0
7.306667  0.486341  0
7.333333  0.485247  0
7.360000  0.484154  0
7.386667  0.483060  0
7.413333  0.481967  0
7.440000  0.480873  0
7.466667  0.479779  0
7.493333  0.478684  0
7.520000  0.477585  0
7.546667  0.476477  0
7.573333  0.475350  0
7.600000  0.474183  0
7.626667  0.472945  0
7.653333  0.471596  0
7.680000  0.470098  0
7.706667  0.468425  0
7.733333  0.466589  0
7.760000  0.464640  0
7.786667  0.462666  0
7.813333  0.460768  0
7.840000  0.459029  0
7.866667  0.457497  0
7.893333  0.456173  0
7.920000  0.455025  0
7.946667  0.454005  0
7.973333  0.453068  0
8.000000  0.452177  0
8.026667  0.451308  0
8.053333  0.450450  0
8.080000  0.449595  0
8.106667  0.448742  0
8.133333  0.447890  0
8.160000  0.447037  0
8.186667  0.446185  0
8.213333  0.445333  0
8.240000  0.444480  0
8.266667  0.443628  0
8.293333  0.442776  0
8.320000  0.441923  0
8.346667  0.441071  0
8.373333  0.440219  0
8.400000  0.439366  0
8.426667  0.438514  0
8.453333  0.437662  0
8.480000  0.436809  0
8.506667  0.435957  0
8.533333  0.435105  0
8.560000  0.434252  0
8.586667  0.433400  0
8.613333  0.432548  0
8.640000  0.431695  0
8.666667  0.430843  0
8.693333  0.429991  0
8.720000  0.429138  0
8.746667  0.428286  0
8.773333  0.427433  0
8.800000  0.426581  0
8.826667  0.425729  0
8.853333  0.424876  0
8.880000  0.424022  0
8.906667  0.423168  0
8.933333  0.422310  0
8.960000  0.421449  0
8.986667  0.420582  0
9.013333  0.419707  0
9.040000  0.418824  0
9.066667  0.417932  0
9.093333  0.417034  0
9.120000  0.416134  0
9.146667  0.415237  0
9.173333  0.414349  0
9.200000  0.413473  0
9.226667  0.412614  0
9.253333  0.411773  0
9.280000  0.410952  0
9.306667  0.410150  0
9.333333  0.409369  0
9.360000  0.408608  0
9.386667  0.407869  0
9.413333  0.407155  0
9.440000  0.406468  0
9.466667  0.405812  0
9.493333  0.405191  0
9.520000  0.404608  0
9.546667  0.404067  0
9.573333  0.403571  0
9.600000  0.403120  0
9.626667  0.402715  0
9.653333  0.402353  0
9.680000  0.402030  0
9.706667  0.401743  0
9.733333  0.401484  0
9.760000  0.401247  0
9.786667  0.401024  0
9.813333  0.400808  0
9.840000  0.400593  0
9.866667  0.400374  0
9.893333  0.400147  0
9.920000  0.399914  0
9.946667  0.399674  0
9.973333  0.399430  0
10.000000  0.399188  0
10.026667  0.398953  0
10.053333  0.398729  0
10.080000  0.398523  0
10.106667  0.398336  0
10.133333  0.398170  0
10.160000  0.398027  0
10.186667  0.397902  0
10.213333  0.397795  0
10.240000  0.397699  0
10.266667  0.397610  0
10.293333  0.397522  0
10.320000  0.397432  0
10.346667  0.397334  0
10.373333  0.397227  0
10.400000  0.397107  0
10.426667  0.396974  0
10.453333  0.396828  0
10.480000  0.396670  0
10.506667  0.396501  0
10.533333  0.396324  0
10.560000  0.396141  0
10.586667  0.395953  0
10.613333  0.395763  0
10.640000  0.395570  0
10.666667  0.395376  0
10.693333  0.395181  0
10.720000  0.394985  0
10.746667  0.394789  0
10.773333  0.394593  0
10.800000  0.394397  0
10.826667  0.394202  0
10.853333  0.394008  0
10.880000  0.393815  0
10.906667  0.393623  0
10.933333  0.393432  0
10.960000  0.393240  0
10.986667  0.393045  0
11.013333  0.392845  0
11.040000  0.392637  0
11.066667  0.392418  0
11.093333  0.392185  0
11.120000  0.391937  0
11.146667  0.391672  0
11.173333  0.391392  0
11.200000  0.391097  0
11.226667  0.390791  0
11.253333  0.390478  0
11.280000  0.390163  0
11.306667  0.389849  0
11.333333  0.389543  0
11.360000  0.389246  0
11.386667  0.388963  0
11.413333  0.388695  0
11.440000  0.388442  0
11.466667  0.388204  0
11.493333  0.387981  0
11.520000  0.387771  0
11.546667  0.387572  0
11.573333  0.387383  0
11.600000  0.387203  0
11.626667  0.387031  0
11.653333  0.386867  0
11.680000  0.386710  0
11.706667  0.386560  0
11.733333  0.386417  0
11.760000  0.386283  0
11.786667  0.386156  0
11.813333  0.386038  0
11.840000  0.385927  0
11.866667  0.385826  0
11.893333  0.385732  0
11.920000  0.385645  0
11.946667  0.385565  0
11.973333  0.385491  0
12.000000  0.385421  0
12.026667  0.385354  0
12.053333  0.385290  0
12.080000  0.385227  0
12.106667  0.385163  0
12.133333  0.385100  0
12.160000  0.385037  0
12.186667  0.384976  0
12.213333  0.384916  0
12.240000  0.384861  0
12.266667  0.384812  0
12.293333  0.384771  0
12.320000  0.384740  0
12.346667  0.384720  0
12.373333  0.384712  0
12.400000  0.384716  0
12.426667  0.384730  0
12.453333  0.384754  0
12.480000  0.384785  0
12.506667  0.384819  0
12.533333  0.384855  0
12.560000  0.384889  0
12.586667  0.384919  0
12.613333  0.384944  0
12.640000  0.384963  0
12.666667  0.384976  0
12.693333  0.384983  0
12.720000  0.384985  0
12.746667  0.384986  0
12.773333  0.384986  0
12.800000  0.384989  0
12.826667  0.384996  0
12.853333  0.385011  0
12.880000  0.385035  0
12.906667  0.385071  0
12.933333  0.385120  0
12.960000  0.385181  0
12.986667  0.385257  0
13.013333  0.385344  0
13.040000  0.385442  0
13.066667  0.385547  0
13.093333  0.385656  0
13.120000  0.385765  0
13.146667  0.385868  0
13.173333  0.385962  0
13.200000  0.386041  0
13.226667  0.386102  0
13.253333  0.386141  0
13.280000  0.386156  0
13.306667  0.386146  0
13.333333  0.386112  0
13.360000  0.386055  0
13.386667  0.385977  0
13.413333  0.385882  0
13.440000  0.385771  0
13.466667  0.385648  0
13.493333  0.385516  0
13.520000  0.385377  0
13.546667  0.385232  0
13.573333  0.385081  0
13.600000  0.384925  0
13.626667  0.384764  0
13.653333  0.384598  0
13.680000  0.384427  0
13.706667  0.384250  0
13.733333  0.384069  0
13.760000  0.383883  0
13.786667  0.383694  0
13.813333  0.383502  0
13.840000  0.383307  0
13.866667  0.383108  0
13.893333  0.382907  0
13.920000  0.382702  0
13.946667  0.382491  0
13.973333  0.382275  0
14.000000  0.382051  0
14.026667  0.381820  0
14.053333  0.381582  0
14.080000  0.381335  0
14.106667  0.381082  0
14.133333  0.380824  0
14.160000  0.380563  0
14.186667  0.380302  0
14.213333  0.380041  0
14.240000  0.379785  0
14.266667  0.379535  0
14.293333  0.379294  0
14.320000  0.379063  0
14.346667  0.378844  0
14.373333  0.378639  0
14.400000  0.378449  0
14.426667  0.378275  0
14.453333  0.378118  0
14.480000  0.377978  0
14.506667  0.377857  0
14.533333  0.377754  0
14.560000  0.377670  0
14.586667  0.377604  0
14.613333  0.377555  0
14.640000  0.377522  0
14.666667  0.377504  0
14.693333  0.377499  0
14.720000  0.377503  0
14.746667  0.377516  0
14.773333  0.377534  0
14.800000  0.377555  0
14.826667  0.377575  0
14.853333  0.377593  0
14.880000  0.377605  0
14.906667  0.377610  0
14.933333  0.377607  0
14.960000  0.377593  0
14.986667  0.377568  0
15.013333  0.377531  0
15.040000  0.377483  0
15.066667  0.377425  0
15.093333  0.377356  0
15.120000  0.377279  0
15.146667  0.377193  0
15.173333  0.377101  0
15.200000  0.377003  0
15.226667  0.376901  0
15.253333  0.376795  0
15.280000  0.376686  0
15.306667  0.376576  0
15.333333  0.376463  0
15.360000  0.376350  0
15.386667  0.376236  0
15.413333  0.376121  0
15.440000  0.376006  0
15.466667  0.375891  0
15.493333  0.375776  0
15.520000  0.375660  0
15.546667  0.375545  0
15.573333  0.375429  0
15.600000  0.375314  0
15.626667  0.375198  0
15.653333  0.375083  0
15.680000  0.374967  0
15.706667  0.374851  0
15.733333  0.374736  0
15.760000  0.374620  0
15.786667  0.374505  0
15.813333  0.374389  0
15.840000  0.374274  0
15.866667  0.374158  0
15.893333  0.374042  0
15.920000  0.373927  0
15.946667  0.373811  0
15.973333  0.373696  0
16.000000  0.373580  0
16.026667  0.373465  0
16.053333  0.373349  0
16.080000  0.373233  0
16.106667  0.373118  0
16.133333  0.373002  0
16.160000  0.372887  0
16.186667  0.372771  0
16.213333  0.372655  0
16.240000  0.372540  0
16.266667  0.372424  0
16.293333  0.372309  0
16.320000  0.372193  0
16.346667  0.372078  0
16.373333  0.371962  0
16.400000  0.371846  0
16.426667  0.371731  0
16.453333  0.371615  0
16.480000  0.371500  0
16.506667  0.371384  0
16.533333  0.371269  0
16.560000  0.371153  0
16.586667  0.371037  0
16.613333  0.370922  0
16.640000  0.370806  0
16.666667  0.370691  0
16.693333  0.370575  0
16.720000  0.370460  0
16.746667  0.370344  0
16.773333  0.370228  0
16.800000  0.370113  0
16.826667  0.369997  0
16.853333  0.369882  0
16.880000  0.369766  0
16.906667  0.369650  0
16.933333  0.369535  0
16.960000  0.369419  0
16.986667  0.369304  0
17.013333  0.369188  0
17.040000  0.369073  0
17.066667  0.368957  0
17.093333  0.368841  0
17.120000  0.368726  0
17.146667  0.368610  0
17.173333  0.368495  0
17.200000  0.368379  0
17.226667  0.368264  0
17.253333  0.368148  0
17.280000  0.368032  0
17.306667  0.367917  0
17.333333  0.367801  0
17.360000  0.367686  0
17.386667  0.367570  0
17.413333  0.367455  0
17.440000  0.367339  0
17.466667  0.367223  0
17.493333  0.367108  0
17.520000  0.366992  0
17.546667  0.366877  0
17.573333  0.366761  0
17.600000  0.366646  0
17.626667  0.366530  0
17.653333  0.366414  0
17.680000  0.366299  0
17.706667  0.366183  0
17.733333  0.366068  0
17.760000  0.365952  0
17.786667  0.365836  0
17.813333  0.365721  0
17.840000  0.365605  0
17.866667  0.365490  0
17.893333  0.365374  0
17.920000  0.365259  0
17.946667  0.365143  0
17.973333  0.365027  0
18.000000  0.364912  0
18.026667  0.364796  0
18.053333  0.364681  0
18.080000  0.364565  0
18.106667  0.364450  0
18.133333  0.364334  0
18.160000  0.364218  0
18.186667  0.364103  0
18.213333  0.363987  0
18.240000  0.363872  0
18.266667  0.363756  0
18.293333  0.363641  0
18.320000  0.363525  0
18.346667  0.363409  0
18.373333  0.363294  0
18.400000  0.363178  0
18.426667  0.363063  0
18.453333  0.362947  0
18.480000  0.362831  0
18.506667  0.362716  0
18.533333  0.362600  0
18.560000  0.362485  0
18.586667  0.362369  0
18.613333  0.362254  0
18.640000  0.362138  0
18.666667  0.362022  0
18.693333  0.361907  0
18.720000  0.361791  0
18.746667  0.361676  0
18.773333  0.361560  0
18.800000  0.361445  0
18.826667  0.361329  0
18.853333  0.361213  0
18.880000  0.361098  0
18.906667  0.360982  0
18.933333  0.360867  0
18.960000  0.360751  0
18.986667  0.360636  0
19.013333  0.360520  0
19.040000  0.360404  0
19.066667  0.360289  0
19.093333  0.360173  0
19.120000  0.360058  0
19.146667  0.359942  0
19.173333  0.359827  0
19.200000  0.359711  0
19.226667  0.359595  0
19.253333  0.359480  0
19.280000  0.359364  0
19.306667  0.359249  0
19.333333  0.359133  0
19.360000  0.359017  0
19.386667  0.358902  0
19.413333  0.358786  0
19.440000  0.358671  0
19.466667  0.358555  0
19.493333  0.358440  0
19.520000  0.358324  0
19.546667  0.358208  0
19.573333  0.358093  0
19.600000  0.357977  0
19.626667  0.357862  0
19.653333  0.357746  0
19.680000  0.357631  0
19.706667  0.357515  0
19.733333  0.357399  0
19.760000  0.357284  0
19.786667  0.357168  0
19.813333  0.357053  0
19.840000  0.356937  0
19.866667  0.356822  0
19.893333  0.356706  0
19.920000  0.356590  0
19.946667  0.356475  0
19.973333  0.356359  0
20.000000  0.356244  0
20.026667  0.356128  0
20.053333  0.356012  0
20.080000  0.355897  0
20.106667  0.355781  0
20.133333  0.355666  0
20.160000  0.355550  0
20.186667  0.355435  0
20.213333  0.355319  0
20.240000  0.355203  0
20.266667  0.355088  0
20.293333  0.354972  0
20.320000  0.354857  0
20.346667  0.354741  0
20.373333  0.354626  0
20.400000  0.354510  0
20.426667  0.354394  0
20.453333  0.354279  0
20.480000  0.354163  0
20.506667  0.354048  0
20.533333  0.353932  0
20.560000  0.353817  0
20.586667  0.353701  0
20.613333  0.353585  0
20.640000  0.353470  0
20.666667  0.353354  0
20.693333  0.353239  0
20.720000  0.353123  0
20.746667  0.353007  0
20.773333  0.352892  0
20.800000  0.352776  0
20.826667  0.352661  0
20.853333  0.352545  0
20.880000  0.352430  0
20.906667  0.352314  0
20.933333  0.352198  0
20.960000  0.352083  0
20.986667  0.351967  0
21.013333  0.351852  0
21.040000  0.351736  0
21.066667  0.351621  0
21.093333  0.351505  0
21.120000  0.351389  0
21.146667  0.351274  0
21.173333  0.351158  0
21.200000  0.351043  0
21.226667  0.350928  0
21.253333  0.350812  0
21.280000  0.350697  0
21.306667  0.350583  0
21.333333  0.350468  0
21.360000  0.350355  0
21.386667  0.350242  0
21.413333  0.350131  0
21.440000  0.350023  0
21.466667  0.349917  0
21.493333  0.349814  0
21.520000  0.349717  0
21.546667  0.349625  0
21.573333  0.349542  0
21.600000  0.349467  0
21.626667  0.349404  0
21.653333  0.349355  0
21.680000  0.349321  0
21.706667  0.349303  0
