2.853333  0.911746  0
2.880000  0.906803  0
2.906667  0.901860  0
2.933333  0.896918  0
2.960000  0.891975  0
2.986667  0.887033  0
3.013333  0.882090  0
3.040000  0.877147  0
3.066667  0.872205  0
3.093333  0.867262  0
3.120000  0.862320  0
3.146667  0.857377  0
3.173333  0.852434  0
3.200000  0.847492  0
3.226667  0.842549  0
3.253333  0.837607  0
3.280000  0.832664  0
3.306667  0.827721  0
3.333333  0.822779  0
3.360000  0.817548  0
3.386667  0.812276  0
3.413333  0.807004  0
3.440000  0.801731  0
3.466667  0.796459  0
3.493333  0.791187  0
3.520000  0.785915  0
3.546667  0.780643  0
3.573333  0.775371  0
3.600000  0.770099  0
3.626667  0.764827  0
3.653333  0.759554  0
3.680000  0.754282  0
3.706667  0.749010  0
3.733333  0.744305  0
3.760000  0.739708  0
3.786667  0.735112  0
3.813333  0.730515  0
3.840000  0.725919  0
3.866667  0.721322  0
3.893333  0.716725  0
3.920000  0.712129  0
3.946667  0.707532  0
3.973333  0.702935  0
4.000000  0.698339  0
4.026667  0.693742  0
4.053333  0.689145  0
4.080000  0.684549  0
4.106667  0.679952  0
4.133333  0.675721  0
4.160000  0.672620  0
4.186667  0.669520  0
4.213333  0.666420  0
4.240000  0.663319  0
4.266667  0.660219  0
4.293333  0.657119  0
4.320000  0.654018  0
4.346667  0.650918  0
4.373333  0.647817  0
4.400000  0.644717  0
4.426667  0.641617  0
4.453333  0.638516  0
4.480000  0.635416  0
4.506667  0.632316  0
4.533333  0.629215  0
4.560000  0.626115  0
4.586667  0.623013  0
4.613333  0.619891  0
4.640000  0.616769  0
4.666667  0.613648  0
4.693333  0.610526  0
4.720000  0.607404  0
4.746667  0.604283  0
4.773333  0.601161  0
4.800000  0.598039  0
4.826667  0.594918  0
4.853333  0.591796  0
4.880000  0.588675  0
4.906667  0.585553  0
4.933333  0.582431  0
4.960000  0.579310  0
4.986667  0.576574  0
5.013333  0.574863  0
5.040000  0.573152  0
5.066667  0.571441  0
5.093333  0.569731  0
5.120000  0.568020  0
5.146667  0.566309  0
5.173333  0.564598  0
5.200000  0.562887  0
5.226667  0.561176  0
5.253333  0.559465  0
5.280000  0.557754  0
5.306667  0.556043  0
5.333333  0.554332  0
5.360000  0.552622  0
5.386667  0.550911  0
5.413333  0.549200  0
5.440000  0.547489  0
5.466667  0.545778  0
5.493333  0.544067  0
5.520000  0.542356  0
5.546667  0.540437  0
5.573333  0.538518  0
5.600000  0.536599  0
5.626667  0.534681  0
5.653333  0.532762  0
5.680000  0.530843  0
5.706667  0.528924  0
5.733333  0.527005  0
5.760000  0.525086  0
5.786667  0.523167  0
5.813333  0.521248  0
5.840000  0.519329  0
5.866667  0.517410  0
5.893333  0.515492  0
5.920000  0.513573  0
5.946667  0.511654  0
5.973333  0.509735  0
6.000000  0.507816  0
6.026667  0.505897  0
6.053333  0.503978  0
6.080000  0.502059  0
6.106667  0.500140  0
6.133333  0.498222  0
6.160000  0.496303  0
6.186667  0.494384  0
6.213333  0.492465  0
6.240000  0.490857  0
6.266667  0.489577  0
6.293333  0.488296  0
6.320000  0.487016  0
6.346667  0.485735  0
6.373333  0.484455  0
6.400000  0.483174  0
6.426667  0.481893  0
6.453333  0.480613  0
6.480000  0.479332  0
6.506667  0.478052  0
6.533333  0.476771  0
6.560000  0.475490  0
6.586667  0.474210  0
6.613333  0.472929  0
6.640000  0.471649  0
6.666667  0.470368  0
6.693333  0.469088  0
6.720000  0.467807  0
6.746667  0.466526  0
6.773333  0.465246  0
6.800000  0.463965  0
6.826667  0.462685  0
6.853333  0.461404  0
6.880000  0.460123  0
6.906667  0.458843  0
6.933333  0.457562  0
6.960000  0.456282  0
6.986667  0.455001  0
7.013333  0.453721  0
7.040000  0.452440  0
7.066667  0.451159  0
7.093333  0.449879  0
7.120000  0.448598  0
7.146667  0.447454  0
7.173333  0.446938  0
7.200000  0.446423  0
7.226667  0.445907  0
7.253333  0.445391  0
7.280000  0.444875  0
7.306667  0.444360  0
7.333333  0.443844  0
7.360000  0.443328  0
7.386667  0.442812  0
7.413333  0.442297  0
7.440000  0.441781  0
7.466667  0.441265  0
7.493333  0.440749  0
7.520000  0.440234  0
7.546667  0.439718  0
7.573333  0.439202  0
7.600000  0.438686  0
7.626667  0.438171  0
7.653333  0.437655  0
7.680000  0.437139  0
7.706667  0.436623  0
7.733333  0.436108  0
7.760000  0.435592  0
7.786667  0.435076  0
7.813333  0.434560  0
7.840000  0.434045  0
7.866667  0.433529  0
7.893333  0.433013  0
7.920000  0.432497  0
7.946667  0.431982  0
7.973333  0.431466  0
8.000000  0.430950  0
8.026667  0.430434  0
8.053333  0.429919  0
8.080000  0.429403  0
8.106667  0.428960  0
8.133333  0.428681  0
8.160000  0.428402  0
8.186667  0.428123  0
8.213333  0.427844  0
8.240000  0.427565  0
8.266667  0.427286  0
8.293333  0.427007  0
8.320000  0.426727  0
8.346667  0.426448  0
8.373333  0.426169  0
8.400000  0.425890  0
8.426667  0.425611  0
8.453333  0.425332  0
8.480000  0.425053  0
8.506667  0.424774  0
8.533333  0.424495  0
8.560000  0.424215  0
8.586667  0.423936  0
8.613333  0.423657  0
8.640000  0.423378  0
8.666667  0.423099  0
8.693333  0.422820  0
8.720000  0.422541  0
8.746667  0.422262  0
8.773333  0.421983  0
8.800000  0.421703  0
8.826667  0.421424  0
8.853333  0.421145  0
8.880000  0.420866  0
8.906667  0.420587  0
8.933333  0.420308  0
8.960000  0.420029  0
8.986667  0.419750  0
9.013333  0.419471  0
9.040000  0.419191  0
9.066667  0.418912  0
9.093333  0.418633  0
9.120000  0.418354  0
9.146667  0.418075  0
9.173333  0.417796  0
9.200000  0.417517  0
9.226667  0.417238  0
9.253333  0.416959  0
9.280000  0.416679  0
9.306667  0.416400  0
9.333333  0.416121  0
9.360000  0.415842  0
9.386667  0.415563  0
9.413333  0.415284  0
9.440000  0.415005  0
9.466667  0.414726  0
9.493333  0.414447  0
9.520000  0.414167  0
9.546667  0.413888  0
9.573333  0.413609  0
9.600000  0.413330  0
9.626667  0.413051  0
9.653333  0.412772  0
9.680000  0.412493  0
9.706667  0.412214  0
9.733333  0.411935  0
9.760000  0.411655  0
9.786667  0.411376  0
9.813333  0.411097  0
9.840000  0.410818  0
9.866667  0.410538  0
9.893333  0.410232  0
9.920000  0.409926  0
9.946667  0.409620  0
9.973333  0.409314  0
10.000000  0.409008  0
10.026667  0.408702  0
10.053333  0.408396  0
10.080000  0.408090  0
10.106667  0.407784  0
10.133333  0.407478  0
10.160000  0.407172  0
10.186667  0.406867  0
10.213333  0.406561  0
10.240000  0.406255  0
10.266667  0.405949  0
10.293333  0.405643  0
10.320000  0.405337  0
10.346667  0.405031  0
10.373333  0.404725  0
10.400000  0.404419  0
10.426667  0.404113  0
10.453333  0.403807  0
10.480000  0.403501  0
10.506667  0.403195  0
10.533333  0.402889  0
10.560000  0.402583  0
10.586667  0.402277  0
10.613333  0.401971  0
10.640000  0.401665  0
10.666667  0.401359  0
10.693333  0.401053  0
10.720000  0.400747  0
10.746667  0.400441  0
10.773333  0.400135  0
10.800000  0.399829  0
10.826667  0.399523  0
10.853333  0.399217  0
10.880000  0.398911  0
10.906667  0.398605  0
10.933333  0.398299  0
10.960000  0.397993  0
10.986667  0.397687  0
11.013333  0.397381  0
11.040000  0.397075  0
11.066667  0.396769  0
11.093333  0.396463  0
11.120000  0.396158  0
11.146667  0.395852  0
11.173333  0.395546  0
11.200000  0.395240  0
11.226667  0.394934  0
11.253333  0.394628  0
11.280000  0.394322  0
11.306667  0.394016  0
11.333333  0.393710  0
11.360000  0.393404  0
11.386667  0.393098  0
11.413333  0.392792  0
11.440000  0.392486  0
11.466667  0.392180  0
11.493333  0.391874  0
11.520000  0.391568  0
11.546667  0.391262  0
11.573333  0.390956  0
11.600000  0.390650  0
11.626667  0.390344  0
11.653333  0.390038  0
11.680000  0.389732  0
11.706667  0.389426  0
11.733333  0.389120  0
11.760000  0.388814  0
11.786667  0.388508  0
11.813333  0.388202  0
11.840000  0.387896  0
11.866667  0.387590  0
11.893333  0.387284  0
11.920000  0.386978  0
11.946667  0.386672  0
11.973333  0.386366  0
12.000000  0.386060  0
12.026667  0.385755  0
12.053333  0.385449  0
12.080000  0.385143  0
12.106667  0.384837  0
12.133333  0.384531  0
12.160000  0.384225  0
12.186667  0.383919  0
12.213333  0.383613  0
12.240000  0.383307  0
12.266667  0.383001  0
12.293333  0.382695  0
12.320000  0.382389  0
12.346667  0.382083  0
12.373333  0.381777  0
12.400000  0.381471  0
12.426667  0.381165  0
12.453333  0.380859  0
12.480000  0.380553  0
12.506667  0.380348  0
12.533333  0.380171  0
12.560000  0.379994  0
12.586667  0.379817  0
12.613333  0.379640  0
12.640000  0.379463  0
12.666667  0.379287  0
12.693333  0.379110  0
12.720000  0.378933  0
12.746667  0.378756  0
12.773333  0.378579  0
12.800000  0.378402  0
12.826667  0.378226  0
12.853333  0.378049  0
12.880000  0.377872  0
12.906667  0.377695  0
12.933333  0.377518  0
12.960000  0.377341  0
12.986667  0.377164  0
13.013333  0.376988  0
13.040000  0.376811  0
13.066667  0.376634  0
13.093333  0.376457  0
13.120000  0.376280  0
13.146667  0.376103  0
13.173333  0.375927  0
13.200000  0.375750  0
13.226667  0.375573  0
13.253333  0.375396  0
13.280000  0.375219  0
13.306667  0.375042  0
13.333333  0.374865  0
13.360000  0.374689  0
13.386667  0.374512  0
13.413333  0.374335  0
13.440000  0.374158  0
13.466667  0.373981  0
13.493333  0.373804  0
13.520000  0.373628  0
13.546667  0.373451  0
13.573333  0.373274  0
13.600000  0.373097  0
13.626667  0.372920  0
13.653333  0.372743  0
13.680000  0.372567  0
13.706667  0.372390  0
13.733333  0.372213  0
13.760000  0.372036  0
13.786667  0.371859  0
13.813333  0.371682  0
13.840000  0.371505  0
13.866667  0.371329  0
13.893333  0.371152  0
13.920000  0.370975  0
13.946667  0.370798  0
13.973333  0.370621  0
14.000000  0.370444  0
14.026667  0.370268  0
14.053333  0.370091  0
14.080000  0.369914  0
14.106667  0.369737  0
14.133333  0.369560  0
14.160000  0.369383  0
14.186667  0.369206  0
14.213333  0.369030  0
14.240000  0.368853  0
14.266667  0.368676  0
14.293333  0.368499  0
14.320000  0.368322  0
14.346667  0.368145  0
14.373333  0.367969  0
14.400000  0.367792  0
14.426667  0.367615  0
14.453333  0.367438  0
14.480000  0.367261  0
14.506667  0.367084  0
14.533333  0.366907  0
14.560000  0.366731  0
14.586667  0.366554  0
14.613333  0.366377  0
14.640000  0.366200  0
14.666667  0.366023  0
14.693333  0.365846  0
14.720000  0.365670  0
14.746667  0.365493  0
14.773333  0.365316  0
14.800000  0.365139  0
14.826667  0.364962  0
14.853333  0.364785  0
14.880000  0.364608  0
14.906667  0.364432  0
14.933333  0.364255  0
14.960000  0.364078  0
14.986667  0.363901  0
15.013333  0.363724  0
15.040000  0.363547  0
15.066667  0.363371  0
15.093333  0.363194  0
15.120000  0.363017  0
15.146667  0.362840  0
15.173333  0.362663  0
15.200000  0.362486  0
15.226667  0.362309  0
15.253333  0.362133  0
15.280000  0.361956  0
15.306667  0.361779  0
15.333333  0.361602  0
15.360000  0.361425  0
15.386667  0.361248  0
15.413333  0.361072  0
15.440000  0.360895  0
15.466667  0.360718  0
15.493333  0.360541  0
15.520000  0.360364  0
15.546667  0.360187  0
15.573333  0.360010  0
15.600000  0.359834  0
15.626667  0.359657  0
15.653333  0.359480  0
15.680000  0.359303  0
15.706667  0.359126  0
15.733333  0.358949  0
15.760000  0.358773  0
15.786667  0.358596  0
15.813333  0.358419  0
15.840000  0.358242  0
15.866667  0.358065  0
15.893333  0.357888  0
15.920000  0.357711  0
15.946667  0.357535  0
15.973333  0.357358  0
16.000000  0.357181  0
16.026667  0.357004  0
16.053333  0.356827  0
16.080000  0.356650  0
16.106667  0.356474  0
16.133333  0.356297  0
16.160000  0.356120  0
16.186667  0.355943  0
16.213333  0.355766  0
16.240000  0.355589  0
16.266667  0.355412  0
16.293333  0.355236  0
16.320000  0.355059  0
16.346667  0.354882  0
16.373333  0.354705  0
16.400000  0.354528  0
16.426667  0.354351  0
16.453333  0.354175  0
16.480000  0.353998  0
16.506667  0.353821  0
16.533333  0.353644  0
16.560000  0.353467  0
16.586667  0.353290  0
16.613333  0.353113  0
16.640000  0.352937  0
16.666667  0.352760  0
16.693333  0.352583  0
16.720000  0.352406  0
16.746667  0.352229  0
16.773333  0.352052  0
16.800000  0.351876  0
16.826667  0.351699  0
16.853333  0.351522  0
16.880000  0.351345  0
16.906667  0.351168  0
16.933333  0.350991  0
16.960000  0.350814  0
16.986667  0.350638  0
17.013333  0.350461  0
17.040000  0.350369  0
17.066667  0.350300  0
17.093333  0.350231  0
17.120000  0.350162  0
17.146667  0.350093  0
17.173333  0.350024  0
17.200000  0.349955  0
17.226667  0.349885  0
17.253333  0.349816  0
17.280000  0.349747  0
17.306667  0.349678  0
17.333333  0.349609  0
17.360000  0.349540  0
17.386667  0.349471  0
17.413333  0.349402  0
17.440000  0.349333  0
17.466667  0.349263  0
17.493333  0.349194  0
17.520000  0.349125  0
17.546667  0.349056  0
17.573333  0.348987  0
17.600000  0.348918  0
17.626667  0.348849  0
17.653333  0.348780  0
17.680000  0.348711  0
17.706667  0.348641  0
17.733333  0.348572  0
17.760000  0.348503  0
17.786667  0.348434  0
17.813333  0.348365  0
17.840000  0.348296  0
17.866667  0.348227  0
17.893333  0.348158  0
17.920000  0.348089  0
17.946667  0.348019  0
17.973333  0.347950  0
18.000000  0.347881  0
18.026667  0.347812  0
18.053333  0.347743  0
18.080000  0.347674  0
18.106667  0.347605  0
18.133333  0.347536  0
18.160000  0.347466  0
18.186667  0.347397  0
18.213333  0.347328  0
18.240000  0.347259  0
18.266667  0.347190  0
18.293333  0.347121  0
18.320000  0.347052  0
18.346667  0.346983  0
18.373333  0.346914  0
18.400000  0.346844  0
18.426667  0.346775  0
18.453333  0.346706  0
18.480000  0.346637  0
18.506667  0.346568  0
18.533333  0.346499  0
18.560000  0.346430  0
18.586667  0.346361  0
18.613333  0.346292  0
18.640000  0.346222  0
18.666667  0.346153  0
18.693333  0.346084  0
18.720000  0.346015  0
18.746667  0.345946  0
18.773333  0.345877  0
18.800000  0.345808  0
18.826667  0.345739  0
18.853333  0.345670  0
18.880000  0.345600  0
18.906667  0.345531  0
18.933333  0.345462  0
18.960000  0.345393  0
18.986667  0.345324  0
19.013333  0.345255  0
19.040000  0.345186  0
19.066667  0.345117  0
19.093333  0.345048  0
19.120000  0.344978  0
19.146667  0.344909  0
19.173333  0.344840  0
19.200000  0.344771  0
19.226667  0.344702  0
19.253333  0.344633  0
19.280000  0.344564  0
19.306667  0.344495  0
19.333333  0.344426  0
19.360000  0.344356  0
19.386667  0.344287  0
19.413333  0.344218  0
19.440000  0.344149  0
19.466667  0.344080  0
19.493333  0.344011  0
19.520000  0.343942  0
19.546667  0.343873  0
19.573333  0.343804  0
19.600000  0.343734  0
19.626667  0.343665  0
19.653333  0.343596  0
19.680000  0.343527  0
19.706667  0.343458  0
19.733333  0.343389  0
19.760000  0.343320  0
19.786667  0.343251  0
19.813333  0.343182  0
19.840000  0.343112  0
19.866667  0.343043  0
19.893333  0.342974  0
19.920000  0.342905  0
19.946667  0.342836  0
19.973333  0.342767  0
20.000000  0.342698  0
20.026667  0.342629  0
20.053333  0.342559  0
20.080000  0.342490  0
20.106667  0.342421  0
20.133333  0.342352  0
20.160000  0.342283  0
20.186667  0.342214  0
20.213333  0.342145  0
20.240000  0.342076  0
20.266667  0.342007  0
20.293333  0.341937  0
20.320000  0.341868  0
20.346667  0.341799  0
20.373333  0.341730  0
20.400000  0.341661  0
20.426667  0.341592  0
20.453333  0.341523  0
20.480000  0.341454  0
20.506667  0.341385  0
20.533333  0.341315  0
20.560000  0.341246  0
20.586667  0.341177  0
20.613333  0.341108  0
20.640000  0.341039  0
20.666667  0.340970  0
20.693333  0.340901  0
20.720000  0.340832  0
20.746667  0.340763  0
20.773333  0.340693  0
20.800000  0.340624  0
20.826667  0.340555  0
20.853333  0.340486  0
20.880000  0.340417  0
20.906667  0.340348  0
20.933333  0.340279  0
20.960000  0.340210  0
20.986667  0.340141  0
21.013333  0.340071  0
21.040000  0.340002  0
21.066667  0.339933  0
21.093333  0.339864  0
21.120000  0.339795  0
21.146667  0.339726  0
21.173333  0.339657  0
21.200000  0.339588  0
21.226667  0.339519  0
21.253333  0.339449  0
21.280000  0.339380  0
21.306667  0.339311  0
21.333333  0.339242  0
21.360000  0.339173  0
21.386667  0.339104  0
21.413333  0.339035  0
21.440000  0.338966  0
21.466667  0.338897  0
21.493333  0.338827  0
21.520000  0.338758  0
21.546667  0.338689  0
21.573333  0.338620  0
21.600000  0.338551  0
21.626667  0.338482  0
21.653333  0.338413  0
21.680000  0.338344  0
21.706667  0.338274  0
21.733333  0.338205  0
21.760000  0.338136  0
21.786667  0.338067  0
21.813333  0.337998  0
21.840000  0.337929  0
21.866667  0.337860  0
21.893333  0.337791  0
21.920000  0.337722  0
21.946667  0.337652  0
21.973333  0.337583  0
22.000000  0.337514  0
22.026667  0.337445  0
22.053333  0.337376  0
22.080000  0.337307  0
22.106667  0.337238  0
22.133333  0.337169  0
22.160000  0.337100  0
22.186667  0.337030  0
22.213333  0.336961  0
22.240000  0.336892  0
22.266667  0.336823  0
22.293333  0.336754  0
22.320000  0.336685  0
22.346667  0.336616  0
22.373333  0.336547  0
22.400000  0.336478  0
22.426667  0.336408  0
22.453333  0.336339  0
22.480000  0.336270  0
22.506667  0.336201  0
22.533333  0.336132  0
22.560000  0.336063  0
22.586667  0.335994  0
22.613333  0.335925  0
22.640000  0.335856  0
22.666667  0.335786  0
22.693333  0.335717  0
22.720000  0.335648  0
22.746667  0.335579  0
22.773333  0.335510  0
22.800000  0.335441  0
22.826667  0.335372  0
22.853333  0.335303  0
22.880000  0.335234  0
22.906667  0.335164  0
22.933333  0.335095  0
22.960000  0.335026  0
22.986667  0.334957  0
23.013333  0.334888  0
23.040000  0.334819  0
23.066667  0.334750  0
23.093333  0.334681  0
23.120000  0.334612  0
23.146667  0.334542  0
23.173333  0.334473  0
23.200000  0.334404  0
23.226667  0.334335  0
23.253333  0.334266  0
23.280000  0.334197  0
23.306667  0.334128  0
23.333333  0.334059  0
23.360000  0.333990  0
23.386667  0.333920  0
23.413333  0.333851  0
23.440000  0.333782  0
23.466667  0.333713  0
23.493333  0.333644  0
23.520000  0.333575  0
23.546667  0.333506  0
23.573333  0.333437  0
23.600000  0.333367  0
23.626667  0.333298  0
23.653333  0.333229  0
23.680000  0.333160  0
23.706667  0.333091  0
23.733333  0.333022  0
23.760000  0.332953  0
23.786667  0.332884  0
23.813333  0.332815  0
23.840000  0.332745  0
23.866667  0.332676  0
23.893333  0.332607  0
23.920000  0.332538  0
23.946667  0.332469  0
23.973333  0.332400  0
24.000000  0.332331  0
24.026667  0.332262  0
24.053333  0.332193  0
24.080000  0.332123  0
24.106667  0.332054  0
24.133333  0.331985  0
24.160000  0.331916  0
24.186667  0.331847  0
24.213333  0.331778  0
24.240000  0.331709  0
24.266667  0.331640  0
24.293333  0.331571  0
24.320000  0.331501  0
24.346667  0.331432  0
24.373333  0.331363  0
24.400000  0.331294  0
24.426667  0.331225  0
24.453333  0.331156  0
24.480000  0.331087  0
24.506667  0.331018  0
24.533333  0.330949  0
24.560000  0.330879  0
24.586667  0.330810  0
24.613333  0.330741  0
24.640000  0.330672  0
24.666667  0.330603  0
24.693333  0.330534  0
24.720000  0.330465  0
24.746667  0.330396  0
24.773333  0.330327  0
24.800000  0.330257  0
24.826667  0.330188  0
24.853333  0.330119  0
24.880000  0.330050  0
24.906667  0.329981  0
24.933333  0.329912  0
24.960000  0.329843  0
24.986667  0.329774  0
25.013333  0.329705  0
25.040000  0.329635  0
25.066667  0.329566  0
25.093333  0.329497  0
25.120000  0.329428  0
25.146667  0.329359  0
25.173333  0.329290  0
25.200000  0.329221  0
25.226667  0.329152  0
25.253333  0.329082  0
25.280000  0.329013  0
25.306667  0.328944  0
25.333333  0.328875  0
25.360000  0.328806  0
25.386667  0.328737  0
25.413333  0.328668  0
25.440000  0.328599  0
25.466667  0.328530  0
25.493333  0.328460  0
25.520000  0.328391  0
25.546667  0.328322  0
25.573333  0.328253  0
25.600000  0.328184  0
25.626667  0.328115  0
25.653333  0.328046  0
25.680000  0.327977  0
25.706667  0.327908  0
25.733333  0.327838  0
25.760000  0.327769  0
25.786667  0.327700  0
25.813333  0.327631  0
25.840000  0.327562  0
25.866667  0.327493  0
25.893333  0.327424  0
25.920000  0.327355  0
25.946667  0.327286  0
25.973333  0.327216  0
26.000000  0.327147  0
26.026667  0.327078  0
26.053333  0.327009  0
26.080000  0.326940  0
26.106667  0.326871  0
26.133333  0.326802  0
26.160000  0.326733  0
26.186667  0.326664  0
26.213333  0.326594  0
26.240000  0.326525  0
26.266667  0.326456  0
26.293333  0.326387  0
26.320000  0.326318  0
26.346667  0.326249  0
26.373333  0.326180  0
26.400000  0.326111  0
26.426667  0.326042  0
26.453333  0.325972  0
26.480000  0.325903  0
26.506667  0.325834  0
26.533333  0.325765  0
26.560000  0.325696  0
26.586667  0.325627  0
26.613333  0.325558  0
26.640000  0.325489  0
26.666667  0.325420  0
26.693333  0.325350  0
26.720000  0.325281  0
26.746667  0.325212  0
26.773333  0.325143  0
26.800000  0.325074  0
26.826667  0.325005  0
