3.040000  0.712118  0
3.066667  0.712312  0
3.093333  0.712506  0
3.120000  0.712700  0
3.146667  0.712894  0
3.173333  0.713088  0
3.200000  0.713282  0
3.226667  0.713476  0
3.253333  0.713670  0
3.280000  0.713864  0
3.306667  0.714058  0
3.333333  0.714252  0
3.360000  0.714257  0
3.386667  0.714125  0
3.413333  0.713992  0
3.440000  0.713860  0
3.466667  0.713728  0
3.493333  0.713596  0
3.520000  0.713463  0
3.546667  0.713331  0
3.573333  0.713199  0
3.600000  0.713067  0
3.626667  0.712934  0
3.653333  0.712802  0
3.680000  0.712670  0
3.706667  0.712538  0
3.733333  0.712405  0
3.760000  0.712273  0
3.786667  0.712141  0
3.813333  0.711003  0
3.840000  0.709471  0
3.866667  0.707940  0
3.893333  0.706409  0
3.920000  0.704877  0
3.946667  0.703346  0
3.973333  0.701814  0
4.000000  0.700283  0
4.026667  0.698751  0
4.053333  0.697220  0
4.080000  0.695688  0
4.106667  0.694157  0
4.133333  0.692626  0
4.160000  0.691094  0
4.186667  0.689712  0
4.213333  0.689131  0
4.240000  0.688549  0
4.266667  0.687967  0
4.293333  0.687385  0
4.320000  0.686803  0
4.346667  0.686221  0
4.373333  0.685639  0
4.400000  0.685057  0
4.426667  0.684475  0
4.453333  0.683893  0
4.480000  0.683311  0
4.506667  0.682392  0
4.533333  0.681301  0
4.560000  0.680210  0
4.586667  0.679118  0
4.613333  0.678027  0
4.640000  0.676936  0
4.666667  0.675845  0
4.693333  0.674754  0
4.720000  0.673663  0
4.746667  0.672572  0
4.773333  0.671480  0
4.800000  0.670389  0
4.826667  0.668978  0
4.853333  0.667086  0
4.880000  0.665195  0
4.906667  0.663304  0
4.933333  0.661412  0
4.960000  0.659521  0
4.986667  0.657630  0
5.013333  0.655738  0
5.040000  0.653847  0
5.066667  0.651956  0
5.093333  0.650065  0
5.120000  0.648173  0
5.146667  0.646282  0
5.173333  0.644391  0
5.200000  0.642499  0
5.226667  0.640699  0
5.253333  0.640052  0
5.280000  0.639405  0
5.306667  0.638759  0
5.333333  0.638112  0
5.360000  0.637466  0
5.386667  0.636819  0
5.413333  0.635945  0
5.440000  0.634005  0
5.466667  0.632066  0
5.493333  0.630126  0
5.520000  0.628186  0
5.546667  0.626246  0
5.573333  0.624306  0
5.600000  0.622444  0
5.626667  0.620781  0
5.653333  0.619118  0
5.680000  0.617456  0
5.706667  0.615793  0
5.733333  0.614130  0
5.760000  0.612467  0
5.786667  0.610805  0
5.813333  0.609142  0
5.840000  0.607479  0
5.866667  0.605817  0
5.893333  0.604268  0
5.920000  0.602813  0
5.946667  0.601358  0
5.973333  0.599903  0
6.000000  0.598449  0
6.026667  0.596994  0
6.053333  0.595539  0
6.080000  0.594084  0
6.106667  0.592629  0
6.133333  0.591174  0
6.160000  0.589719  0
6.186667  0.588264  0
6.213333  0.586810  0
6.240000  0.585355  0
6.266667  0.584199  0
6.293333  0.583141  0
6.320000  0.582083  0
6.346667  0.581025  0
6.373333  0.579967  0
6.400000  0.578909  0
6.426667  0.577851  0
6.453333  0.576793  0
6.480000  0.575449  0
6.506667  0.573509  0
6.533333  0.571569  0
6.560000  0.569629  0
6.586667  0.567689  0
6.613333  0.565749  0
6.640000  0.563810  0
6.666667  0.561870  0
6.693333  0.559930  0
6.720000  0.557990  0
6.746667  0.556050  0
6.773333  0.554110  0
6.800000  0.552171  0
6.826667  0.550231  0
6.853333  0.548291  0
6.880000  0.546351  0
6.906667  0.544497  0
6.933333  0.542931  0
6.960000  0.541364  0
6.986667  0.539797  0
7.013333  0.538230  0
7.040000  0.536663  0
7.066667  0.535097  0
7.093333  0.533530  0
7.120000  0.531963  0
7.146667  0.530396  0
7.173333  0.528468  0
7.200000  0.525550  0
7.226667  0.522631  0
7.253333  0.519713  0
7.280000  0.516795  0
7.306667  0.513877  0
7.333333  0.510959  0
7.360000  0.508041  0
7.386667  0.505123  0
7.413333  0.502915  0
7.440000  0.500791  0
7.466667  0.498751  0
7.493333  0.496780  0
7.520000  0.494853  0
7.546667  0.492952  0
7.573333  0.491064  0
7.600000  0.489183  0
7.626667  0.487309  0
7.653333  0.485441  0
7.680000  0.483569  0
7.706667  0.481661  0
7.733333  0.479646  0
7.760000  0.477422  0
7.786667  0.474882  0
7.813333  0.471967  0
7.840000  0.468692  0
7.866667  0.465149  0
7.893333  0.461464  0
7.920000  0.457756  0
7.946667  0.454114  0
7.973333  0.450593  0
8.000000  0.447224  0
8.026667  0.444026  0
8.053333  0.441008  0
8.080000  0.438178  0
8.106667  0.435540  0
8.133333  0.433095  0
8.160000  0.430845  0
8.186667  0.428786  0
8.213333  0.426914  0
8.240000  0.425223  0
8.266667  0.423706  0
8.293333  0.422353  0
8.320000  0.421155  0
8.346667  0.420099  0
8.373333  0.419176  0
8.400000  0.418372  0
8.426667  0.417677  0
8.453333  0.417080  0
8.480000  0.416568  0
8.506667  0.416133  0
8.533333  0.415763  0
8.560000  0.415450  0
8.586667  0.415186  0
8.613333  0.414962  0
8.640000  0.414772  0
8.666667  0.414611  0
8.693333  0.414472  0
8.720000  0.414351  0
8.746667  0.414246  0
8.773333  0.414152  0
8.800000  0.414067  0
8.826667  0.413991  0
8.853333  0.413920  0
8.880000  0.413855  0
8.906667  0.413796  0
8.933333  0.413741  0
8.960000  0.413691  0
8.986667  0.413647  0
9.013333  0.413609  0
9.040000  0.413578  0
9.066667  0.413553  0
9.093333  0.413537  0
9.120000  0.413529  0
9.146667  0.413531  0
9.173333  0.413542  0
9.200000  0.413563  0
9.226667  0.413593  0
9.253333  0.413633  0
9.280000  0.413681  0
9.306667  0.413738  0
9.333333  0.413801  0
9.360000  0.413870  0
9.386667  0.413942  0
9.413333  0.414015  0
9.440000  0.414087  0
9.466667  0.414155  0
9.493333  0.414215  0
9.520000  0.414264  0
9.546667  0.414299  0
9.573333  0.414315  0
9.600000  0.414310  0
9.626667  0.414280  0
9.653333  0.414220  0
9.680000  0.414128  0
9.706667  0.414000  0
9.733333  0.413834  0
9.760000  0.413628  0
9.786667  0.413379  0
9.813333  0.413087  0
9.840000  0.412752  0
9.866667  0.412373  0
9.893333  0.411951  0
9.920000  0.411487  0
9.946667  0.410985  0
9.973333  0.410447  0
10.000000  0.409876  0
10.026667  0.409277  0
10.053333  0.408656  0
10.080000  0.408020  0
10.106667  0.407381  0
10.133333  0.406754  0
10.160000  0.406153  0
10.186667  0.405592  0
10.213333  0.405074  0
10.240000  0.404591  0
10.266667  0.404123  0
10.293333  0.403649  0
10.320000  0.403151  0
10.346667  0.402626  0
10.373333  0.402080  0
10.400000  0.401525  0
10.426667  0.400976  0
10.453333  0.400443  0
10.480000  0.399934  0
10.506667  0.399452  0
10.533333  0.399000  0
10.560000  0.398577  0
10.586667  0.398184  0
10.613333  0.397820  0
10.640000  0.397484  0
10.666667  0.397176  0
10.693333  0.396893  0
10.720000  0.396634  0
10.746667  0.396398  0
10.773333  0.396183  0
10.800000  0.395986  0
10.826667  0.395806  0
10.853333  0.395640  0
10.880000  0.395487  0
10.906667  0.395345  0
10.933333  0.395212  0
10.960000  0.395085  0
10.986667  0.394964  0
11.013333  0.394846  0
11.040000  0.394730  0
11.066667  0.394616  0
11.093333  0.394500  0
11.120000  0.394383  0
11.146667  0.394264  0
11.173333  0.394142  0
11.200000  0.394015  0
11.226667  0.393885  0
11.253333  0.393749  0
11.280000  0.393609  0
11.306667  0.393464  0
11.333333  0.393313  0
11.360000  0.393158  0
11.386667  0.392997  0
11.413333  0.392832  0
11.440000  0.392662  0
11.466667  0.392487  0
11.493333  0.392310  0
11.520000  0.392128  0
11.546667  0.391944  0
11.573333  0.391758  0
11.600000  0.391571  0
11.626667  0.391382  0
11.653333  0.391194  0
11.680000  0.391006  0
11.706667  0.390821  0
11.733333  0.390638  0
11.760000  0.390458  0
11.786667  0.390283  0
11.813333  0.390114  0
11.840000  0.389951  0
11.866667  0.389796  0
11.893333  0.389650  0
11.920000  0.389513  0
11.946667  0.389387  0
11.973333  0.389272  0
12.000000  0.389168  0
12.026667  0.389078  0
12.053333  0.389000  0
12.080000  0.388936  0
12.106667  0.388886  0
12.133333  0.388850  0
12.160000  0.388828  0
12.186667  0.388820  0
12.213333  0.388826  0
12.240000  0.388845  0
12.266667  0.388878  0
12.293333  0.388924  0
12.320000  0.388982  0
12.346667  0.389051  0
12.373333  0.389132  0
12.400000  0.389222  0
12.426667  0.389323  0
12.453333  0.389431  0
12.480000  0.389548  0
12.506667  0.389672  0
12.533333  0.389801  0
12.560000  0.389936  0
12.586667  0.390075  0
12.613333  0.390217  0
12.640000  0.390362  0
12.666667  0.390508  0
12.693333  0.390656  0
12.720000  0.390804  0
12.746667  0.390951  0
12.773333  0.391098  0
12.800000  0.391242  0
12.826667  0.391385  0
12.853333  0.391525  0
12.880000  0.391663  0
12.906667  0.391797  0
12.933333  0.391927  0
12.960000  0.392055  0
12.986667  0.392179  0
13.013333  0.392300  0
13.040000  0.392417  0
13.066667  0.392532  0
13.093333  0.392645  0
13.120000  0.392757  0
13.146667  0.392867  0
13.173333  0.392977  0
13.200000  0.393088  0
13.226667  0.393201  0
13.253333  0.393316  0
13.280000  0.393434  0
13.306667  0.393557  0
13.333333  0.393685  0
13.360000  0.393819  0
13.386667  0.393961  0
13.413333  0.394110  0
13.440000  0.394267  0
13.466667  0.394434  0
13.493333  0.394609  0
13.520000  0.394794  0
13.546667  0.394989  0
13.573333  0.395192  0
13.600000  0.395403  0
13.626667  0.395623  0
13.653333  0.395849  0
13.680000  0.396082  0
13.706667  0.396319  0
13.733333  0.396560  0
13.760000  0.396803  0
13.786667  0.397047  0
13.813333  0.397290  0
13.840000  0.397530  0
13.866667  0.397766  0
13.893333  0.397997  0
13.920000  0.398219  0
13.946667  0.398433  0
13.973333  0.398637  0
14.000000  0.398829  0
14.026667  0.399009  0
14.053333  0.399175  0
14.080000  0.399326  0
14.106667  0.399462  0
14.133333  0.399582  0
14.160000  0.399685  0
14.186667  0.399772  0
14.213333  0.399843  0
14.240000  0.399898  0
14.266667  0.399936  0
14.293333  0.399959  0
14.320000  0.399967  0
14.346667  0.399961  0
14.373333  0.399941  0
14.400000  0.399909  0
14.426667  0.399866  0
14.453333  0.399812  0
14.480000  0.399749  0
14.506667  0.399677  0
14.533333  0.399599  0
14.560000  0.399516  0
14.586667  0.399429  0
14.613333  0.399338  0
14.640000  0.399246  0
14.666667  0.399154  0
14.693333  0.399063  0
14.720000  0.398975  0
14.746667  0.398889  0
14.773333  0.398808  0
14.800000  0.398733  0
14.826667  0.398664  0
14.853333  0.398602  0
14.880000  0.398546  0
14.906667  0.398497  0
14.933333  0.398451  0
14.960000  0.398407  0
14.986667  0.398361  0
15.013333  0.398312  0
15.040000  0.398258  0
15.066667  0.398201  0
15.093333  0.398141  0
15.120000  0.398079  0
15.146667  0.398017  0
15.173333  0.397954  0
15.200000  0.397892  0
15.226667  0.397829  0
15.253333  0.397766  0
15.280000  0.397703  0
15.306667  0.397641  0
15.333333  0.397578  0
15.360000  0.397515  0
15.386667  0.397452  0
15.413333  0.397390  0
15.440000  0.397327  0
15.466667  0.397264  0
15.493333  0.397201  0
15.520000  0.397139  0
15.546667  0.397076  0
15.573333  0.397013  0
15.600000  0.396950  0
15.626667  0.396887  0
15.653333  0.396825  0
15.680000  0.396762  0
15.706667  0.396699  0
15.733333  0.396636  0
15.760000  0.396574  0
15.786667  0.396511  0
15.813333  0.396448  0
15.840000  0.396385  0
15.866667  0.396322  0
15.893333  0.396260  0
15.920000  0.396197  0
15.946667  0.396134  0
15.973333  0.396071  0
16.000000  0.396009  0
16.026667  0.395946  0
16.053333  0.395883  0
16.080000  0.395820  0
16.106667  0.395758  0
16.133333  0.395695  0
16.160000  0.395632  0
16.186667  0.395569  0
16.213333  0.395506  0
16.240000  0.395444  0
16.266667  0.395381  0
16.293333  0.395318  0
16.320000  0.395255  0
16.346667  0.395193  0
16.373333  0.395130  0
16.400000  0.395067  0
16.426667  0.395004  0
16.453333  0.394942  0
16.480000  0.394879  0
16.506667  0.394816  0
16.533333  0.394753  0
16.560000  0.394690  0
16.586667  0.394628  0
16.613333  0.394565  0
16.640000  0.394502  0
16.666667  0.394439  0
16.693333  0.394377  0
16.720000  0.394314  0
16.746667  0.394251  0
16.773333  0.394188  0
16.800000  0.394126  0
16.826667  0.394063  0
16.853333  0.394000  0
16.880000  0.393937  0
16.906667  0.393874  0
16.933333  0.393812  0
16.960000  0.393749  0
16.986667  0.393686  0
17.013333  0.393623  0
17.040000  0.393561  0
17.066667  0.393498  0
17.093333  0.393435  0
17.120000  0.393372  0
17.146667  0.393310  0
17.173333  0.393247  0
17.200000  0.393184  0
17.226667  0.393121  0
17.253333  0.393058  0
17.280000  0.392996  0
17.306667  0.392933  0
17.333333  0.392870  0
17.360000  0.392807  0
17.386667  0.392745  0
17.413333  0.392682  0
17.440000  0.392619  0
17.466667  0.392556  0
17.493333  0.392494  0
17.520000  0.392431  0
17.546667  0.392368  0
17.573333  0.392305  0
17.600000  0.392242  0
17.626667  0.392180  0
17.653333  0.392117  0
17.680000  0.392054  0
17.706667  0.391991  0
17.733333  0.391929  0
17.760000  0.391866  0
17.786667  0.391803  0
17.813333  0.391740  0
17.840000  0.391678  0
17.866667  0.391615  0
17.893333  0.391552  0
17.920000  0.391489  0
17.946667  0.391426  0
17.973333  0.391364  0
18.000000  0.391301  0
18.026667  0.391238  0
18.053333  0.391175  0
18.080000  0.391113  0
18.106667  0.391050  0
18.133333  0.390987  0
18.160000  0.390924  0
18.186667  0.390862  0
18.213333  0.390799  0
18.240000  0.390736  0
18.266667  0.390673  0
18.293333  0.390610  0
18.320000  0.390548  0
18.346667  0.390485  0
18.373333  0.390422  0
18.400000  0.390359  0
18.426667  0.390297  0
18.453333  0.390234  0
18.480000  0.390171  0
18.506667  0.390108  0
18.533333  0.390046  0
18.560000  0.389983  0
18.586667  0.389920  0
18.613333  0.389857  0
18.640000  0.389794  0
18.666667  0.389732  0
18.693333  0.389669  0
18.720000  0.389606  0
18.746667  0.389543  0
18.773333  0.389481  0
18.800000  0.389418  0
18.826667  0.389355  0
18.853333  0.389292  0
18.880000  0.389230  0
18.906667  0.389167  0
18.933333  0.389104  0
18.960000  0.389041  0
18.986667  0.388978  0
19.013333  0.388916  0
19.040000  0.388853  0
19.066667  0.388790  0
19.093333  0.388727  0
19.120000  0.388665  0
19.146667  0.388602  0
19.173333  0.388539  0
19.200000  0.388476  0
19.226667  0.388414  0
19.253333  0.388351  0
19.280000  0.388288  0
19.306667  0.388225  0
19.333333  0.388162  0
19.360000  0.388100  0
19.386667  0.388037  0
19.413333  0.387974  0
19.440000  0.387911  0
19.466667  0.387849  0
19.493333  0.387786  0
19.520000  0.387723  0
19.546667  0.387660  0
19.573333  0.387598  0
19.600000  0.387535  0
19.626667  0.387472  0
19.653333  0.387409  0
19.680000  0.387346  0
19.706667  0.387284  0
19.733333  0.387221  0
19.760000  0.387158  0
19.786667  0.387095  0
19.813333  0.387033  0
19.840000  0.386970  0
19.866667  0.386907  0
19.893333  0.386844  0
19.920000  0.386782  0
19.946667  0.386719  0
19.973333  0.386656  0
20.000000  0.386593  0
20.026667  0.386530  0
20.053333  0.386468  0
20.080000  0.386405  0
20.106667  0.386342  0
20.133333  0.386279  0
20.160000  0.386217  0
20.186667  0.386154  0
20.213333  0.386091  0
20.240000  0.386028  0
20.266667  0.385965  0
20.293333  0.385903  0
20.320000  0.385840  0
20.346667  0.385777  0
20.373333  0.385714  0
20.400000  0.385652  0
20.426667  0.385589  0
20.453333  0.385526  0
20.480000  0.385463  0
20.506667  0.385401  0
20.533333  0.385338  0
20.560000  0.385275  0
20.586667  0.385212  0
20.613333  0.385149  0
20.640000  0.385087  0
20.666667  0.385024  0
20.693333  0.384961  0
20.720000  0.384898  0
20.746667  0.384836  0
20.773333  0.384773  0
20.800000  0.384710  0
20.826667  0.384647  0
20.853333  0.384585  0
20.880000  0.384522  0
20.906667  0.384459  0
20.933333  0.384396  0
20.960000  0.384333  0
20.986667  0.384271  0
21.013333  0.384208  0
21.040000  0.384145  0
21.066667  0.384082  0
21.093333  0.384020  0
21.120000  0.383957  0
21.146667  0.383894  0
21.173333  0.383831  0
21.200000  0.383769  0
21.226667  0.383706  0
21.253333  0.383643  0
21.280000  0.383580  0
21.306667  0.383517  0
21.333333  0.383455  0
21.360000  0.383392  0
21.386667  0.383329  0
21.413333  0.383266  0
21.440000  0.383204  0
21.466667  0.383141  0
21.493333  0.383078  0
21.520000  0.383015  0
21.546667  0.382953  0
21.573333  0.382890  0
21.600000  0.382827  0
21.626667  0.382764  0
21.653333  0.382701  0
21.680000  0.382639  0
21.706667  0.382576  0
21.733333  0.382513  0
21.760000  0.382450  0
21.786667  0.382388  0
21.813333  0.382325  0
21.840000  0.382262  0
21.866667  0.382199  0
21.893333  0.382137  0
21.920000  0.382074  0
21.946667  0.382011  0
21.973333  0.381948  0
22.000000  0.381885  0
22.026667  0.381823  0
22.053333  0.381760  0
22.080000  0.381697  0
22.106667  0.381634  0
22.133333  0.381572  0
22.160000  0.381509  0
22.186667  0.381446  0
22.213333  0.381383  0
22.240000  0.381321  0
22.266667  0.381258  0
22.293333  0.381195  0
22.320000  0.381132  0
22.346667  0.381069  0
22.373333  0.381007  0
22.400000  0.380944  0
22.426667  0.380881  0
22.453333  0.380818  0
22.480000  0.380756  0
22.506667  0.380693  0
22.533333  0.380630  0
22.560000  0.380567  0
22.586667  0.380505  0
22.613333  0.380442  0
22.640000  0.380379  0
22.666667  0.380316  0
22.693333  0.380253  0
22.720000  0.380191  0
22.746667  0.380128  0
22.773333  0.380065  0
22.800000  0.380002  0
22.826667  0.379940  0
22.853333  0.379877  0
22.880000  0.379814  0
22.906667  0.379751  0
22.933333  0.379689  0
22.960000  0.379626  0
22.986667  0.379563  0
23.013333  0.379500  0
23.040000  0.379437  0
23.066667  0.379375  0
23.093333  0.379312  0
23.120000  0.379249  0
23.146667  0.379186  0
23.173333  0.379124  0
23.200000  0.379061  0
23.226667  0.378998  0
23.253333  0.378935  0
23.280000  0.378873  0
23.306667  0.378810  0
23.333333  0.378747  0
23.360000  0.378684  0
23.386667  0.378621  0
23.413333  0.378559  0
23.440000  0.378496  0
23.466667  0.378433  0
23.493333  0.378370  0
23.520000  0.378308  0
23.546667  0.378245  0
23.573333  0.378182  0
23.600000  0.378119  0
23.626667  0.378057  0
23.653333  0.377994  0
23.680000  0.377931  0
23.706667  0.377868  0
23.733333  0.377805  0
23.760000  0.377743  0
23.786667  0.377680  0
23.813333  0.377617  0
23.840000  0.377554  0
23.866667  0.377492  0
23.893333  0.377429  0
23.920000  0.377366  0
23.946667  0.377303  0
23.973333  0.377241  0
24.000000  0.377178  0
24.026667  0.377115  0
24.053333  0.377052  0
24.080000  0.376989  0
24.106667  0.376927  0
24.133333  0.376864  0
24.160000  0.376801  0
24.186667  0.376738  0
24.213333  0.376676  0
24.240000  0.376613  0
24.266667  0.376550  0
24.293333  0.376487  0
24.320000  0.376425  0
24.346667  0.376362  0
24.373333  0.376299  0
24.400000  0.376236  0
24.426667  0.376173  0
24.453333  0.376111  0
24.480000  0.376048  0
24.506667  0.375985  0
24.533333  0.375922  0
24.560000  0.375860  0
24.586667  0.375797  0
24.613333  0.375735  0
24.640000  0.375675  0
24.666667  0.375619  0
24.693333  0.375571  0
24.720000  0.375535  0
24.746667  0.375515  0
