2.613333  0.710901  0
2.640000  0.710799  0
2.666667  0.710596  0
2.693333  0.710295  0
2.720000  0.709896  0
2.746667  0.709404  0
2.773333  0.708822  0
2.800000  0.708154  0
2.826667  0.707401  0
2.853333  0.706566  0
2.880000  0.705649  0
2.906667  0.704648  0
2.933333  0.703563  0
2.960000  0.702390  0
2.986667  0.701126  0
3.013333  0.699770  0
3.040000  0.698324  0
3.066667  0.696790  0
3.093333  0.695174  0
3.120000  0.693487  0
3.146667  0.691741  0
3.173333  0.689950  0
3.200000  0.688130  0
3.226667  0.686298  0
3.253333  0.684471  0
3.280000  0.682662  0
3.306667  0.680885  0
3.333333  0.679153  0
3.360000  0.677473  0
3.386667  0.675851  0
3.413333  0.674292  0
3.440000  0.672795  0
3.466667  0.671360  0
3.493333  0.669982  0
3.520000  0.668655  0
3.546667  0.667373  0
3.573333  0.666128  0
3.600000  0.664912  0
3.626667  0.663717  0
3.653333  0.662536  0
3.680000  0.661363  0
3.706667  0.660194  0
3.733333  0.659029  0
3.760000  0.657871  0
3.786667  0.656727  0
3.813333  0.655607  0
3.840000  0.654525  0
3.866667  0.653500  0
3.893333  0.652549  0
3.920000  0.651690  0
3.946667  0.650933  0
3.973333  0.650285  0
4.000000  0.649744  0
4.026667  0.649297  0
4.053333  0.648926  0
4.080000  0.648604  0
4.106667  0.648300  0
4.133333  0.647987  0
4.160000  0.647637  0
4.186667  0.647229  0
4.213333  0.646748  0
4.240000  0.646184  0
4.266667  0.645529  0
4.293333  0.644779  0
4.320000  0.643931  0
4.346667  0.642979  0
4.373333  0.641918  0
4.400000  0.640739  0
4.426667  0.639437  0
4.453333  0.638006  0
4.480000  0.636447  0
4.506667  0.634763  0
4.533333  0.632969  0
4.560000  0.631088  0
4.586667  0.629150  0
4.613333  0.627195  0
4.640000  0.625266  0
4.666667  0.623410  0
4.693333  0.621669  0
4.720000  0.620079  0
4.746667  0.618663  0
4.773333  0.617432  0
4.800000  0.616379  0
4.826667  0.615484  0
4.853333  0.614716  0
4.880000  0.614037  0
4.906667  0.613405  0
4.933333  0.612783  0
4.960000  0.612138  0
4.986667  0.611443  0
5.013333  0.610682  0
5.040000  0.609841  0
5.066667  0.608915  0
5.093333  0.607902  0
5.120000  0.606801  0
5.146667  0.605613  0
5.173333  0.604338  0
5.200000  0.602977  0
5.226667  0.601529  0
5.253333  0.599995  0
5.280000  0.598378  0
5.306667  0.596680  0
5.333333  0.594907  0
5.360000  0.593070  0
5.386667  0.591178  0
5.413333  0.589245  0
5.440000  0.587282  0
5.466667  0.585301  0
5.493333  0.583308  0
5.520000  0.581303  0
5.546667  0.579284  0
5.573333  0.577240  0
5.600000  0.575157  0
5.626667  0.573021  0
5.653333  0.570817  0
5.680000  0.568534  0
5.706667  0.566164  0
5.733333  0.563707  0
5.760000  0.561171  0
5.786667  0.558565  0
5.813333  0.555908  0
5.840000  0.553216  0
5.866667  0.550507  0
5.893333  0.547795  0
5.920000  0.545091  0
5.946667  0.542404  0
5.973333  0.539739  0
6.000000  0.537102  0
6.026667  0.534502  0
6.053333  0.531953  0
6.080000  0.529472  0
6.106667  0.527083  0
6.133333  0.524813  0
6.160000  0.522688  0
6.186667  0.520732  0
6.213333  0.518965  0
6.240000  0.517396  0
6.266667  0.516028  0
6.293333  0.514853  0
6.320000  0.513857  0
6.346667  0.513018  0
6.373333  0.512310  0
6.400000  0.511704  0
6.426667  0.511174  0
6.453333  0.510695  0
6.480000  0.510248  0
6.506667  0.509822  0
6.533333  0.509413  0
6.560000  0.509024  0
6.586667  0.508664  0
6.613333  0.508342  0
6.640000  0.508069  0
6.666667  0.507851  0
6.693333  0.507684  0
6.720000  0.507559  0
6.746667  0.507455  0
6.773333  0.507344  0
6.800000  0.507193  0
6.826667  0.506965  0
6.853333  0.506625  0
6.880000  0.506141  0
6.906667  0.505492  0
6.933333  0.504666  0
6.960000  0.503664  0
6.986667  0.502501  0
7.013333  0.501202  0
7.040000  0.499801  0
7.066667  0.498334  0
7.093333  0.496840  0
7.120000  0.495351  0
7.146667  0.493891  0
7.173333  0.492475  0
7.200000  0.491107  0
7.226667  0.489783  0
7.253333  0.488492  0
7.280000  0.487217  0
7.306667  0.485937  0
7.333333  0.484626  0
7.360000  0.483256  0
7.386667  0.481797  0
7.413333  0.480270  0
7.440000  0.478869  0
7.466667  0.477805  0
7.493333  0.476965  0
7.520000  0.476177  0
7.546667  0.475393  0
7.573333  0.474609  0
7.600000  0.473825  0
7.626667  0.473041  0
7.653333  0.472257  0
7.680000  0.471473  0
7.706667  0.470689  0
7.733333  0.469905  0
7.760000  0.469121  0
7.786667  0.468337  0
7.813333  0.467553  0
7.840000  0.466769  0
7.866667  0.465985  0
7.893333  0.465200  0
7.920000  0.464416  0
7.946667  0.463632  0
7.973333  0.462848  0
8.000000  0.462064  0
8.026667  0.461280  0
8.053333  0.460496  0
8.080000  0.459712  0
8.106667  0.458928  0
8.133333  0.458144  0
8.160000  0.457360  0
8.186667  0.456576  0
8.213333  0.455792  0
8.240000  0.455008  0
8.266667  0.454224  0
8.293333  0.453440  0
8.320000  0.452656  0
8.346667  0.451872  0
8.373333  0.451088  0
8.400000  0.450304  0
8.426667  0.449520  0
8.453333  0.448736  0
8.480000  0.447952  0
8.506667  0.447168  0
8.533333  0.446384  0
8.560000  0.445600  0
8.586667  0.444816  0
8.613333  0.444032  0
8.640000  0.443248  0
8.666667  0.442464  0
8.693333  0.441680  0
8.720000  0.440896  0
8.746667  0.440111  0
8.773333  0.439327  0
8.800000  0.438543  0
8.826667  0.437759  0
8.853333  0.436975  0
8.880000  0.436191  0
8.906667  0.435407  0
8.933333  0.434623  0
8.960000  0.433839  0
8.986667  0.433055  0
9.013333  0.432271  0
9.040000  0.431487  0
9.066667  0.430703  0
9.093333  0.429919  0
9.120000  0.429139  0
9.146667  0.428399  0
9.173333  0.427839  0
9.200000  0.427562  0
9.226667  0.427423  0
9.253333  0.427263  0
9.280000  0.427043  0
9.306667  0.426763  0
9.333333  0.426427  0
9.360000  0.426039  0
9.386667  0.425602  0
9.413333  0.425116  0
9.440000  0.424579  0
9.466667  0.423986  0
9.493333  0.423333  0
9.520000  0.422613  0
9.546667  0.421820  0
9.573333  0.420951  0
9.600000  0.420003  0
9.626667  0.418981  0
9.653333  0.417889  0
9.680000  0.416739  0
9.706667  0.415544  0
9.733333  0.414321  0
9.760000  0.413085  0
9.786667  0.411856  0
9.813333  0.410651  0
9.840000  0.409487  0
9.866667  0.408380  0
9.893333  0.407346  0
9.920000  0.406396  0
9.946667  0.405541  0
9.973333  0.404786  0
10.000000  0.404132  0
10.026667  0.403575  0
10.053333  0.403107  0
10.080000  0.402716  0
10.106667  0.402386  0
10.133333  0.402102  0
10.160000  0.401848  0
10.186667  0.401611  0
10.213333  0.401381  0
10.240000  0.401151  0
10.266667  0.400916  0
10.293333  0.400674  0
10.320000  0.400427  0
10.346667  0.400175  0
10.373333  0.399919  0
10.400000  0.399663  0
10.426667  0.399407  0
10.453333  0.399150  0
10.480000  0.398892  0
10.506667  0.398631  0
10.533333  0.398362  0
10.560000  0.398084  0
10.586667  0.397795  0
10.613333  0.397495  0
10.640000  0.397185  0
10.666667  0.396868  0
10.693333  0.396551  0
10.720000  0.396240  0
10.746667  0.395942  0
10.773333  0.395665  0
10.800000  0.395414  0
10.826667  0.395193  0
10.853333  0.395003  0
10.880000  0.394844  0
10.906667  0.394712  0
10.933333  0.394605  0
10.960000  0.394516  0
10.986667  0.394441  0
11.013333  0.394375  0
11.040000  0.394312  0
11.066667  0.394248  0
11.093333  0.394180  0
11.120000  0.394106  0
11.146667  0.394022  0
11.173333  0.393929  0
11.200000  0.393827  0
11.226667  0.393716  0
11.253333  0.393598  0
11.280000  0.393477  0
11.306667  0.393354  0
11.333333  0.393232  0
11.360000  0.393112  0
11.386667  0.392995  0
11.413333  0.392882  0
11.440000  0.392771  0
11.466667  0.392662  0
11.493333  0.392552  0
11.520000  0.392440  0
11.546667  0.392323  0
11.573333  0.392201  0
11.600000  0.392072  0
11.626667  0.391936  0
11.653333  0.391793  0
11.680000  0.391646  0
11.706667  0.391494  0
11.733333  0.391338  0
11.760000  0.391182  0
11.786667  0.391024  0
11.813333  0.390867  0
11.840000  0.390709  0
11.866667  0.390552  0
11.893333  0.390394  0
11.920000  0.390236  0
11.946667  0.390077  0
11.973333  0.389917  0
12.000000  0.389757  0
12.026667  0.389597  0
12.053333  0.389436  0
12.080000  0.389275  0
12.106667  0.389116  0
12.133333  0.388957  0
12.160000  0.388801  0
12.186667  0.388647  0
12.213333  0.388499  0
12.240000  0.388356  0
12.266667  0.388220  0
12.293333  0.388090  0
12.320000  0.387967  0
12.346667  0.387848  0
12.373333  0.387734  0
12.400000  0.387621  0
12.426667  0.387510  0
12.453333  0.387399  0
12.480000  0.387288  0
12.506667  0.387178  0
12.533333  0.387071  0
12.560000  0.386967  0
12.586667  0.386868  0
12.613333  0.386775  0
12.640000  0.386687  0
12.666667  0.386603  0
12.693333  0.386520  0
12.720000  0.386434  0
12.746667  0.386338  0
12.773333  0.386228  0
12.800000  0.386099  0
12.826667  0.385947  0
12.853333  0.385768  0
12.880000  0.385563  0
12.906667  0.385333  0
12.933333  0.385082  0
12.960000  0.384816  0
12.986667  0.384541  0
13.013333  0.384265  0
13.040000  0.383996  0
13.066667  0.383743  0
13.093333  0.383510  0
13.120000  0.383302  0
13.146667  0.383120  0
13.173333  0.382964  0
13.200000  0.382828  0
13.226667  0.382707  0
13.253333  0.382595  0
13.280000  0.382484  0
13.306667  0.382369  0
13.333333  0.382245  0
13.360000  0.382111  0
13.386667  0.381965  0
13.413333  0.381810  0
13.440000  0.381649  0
13.466667  0.381486  0
13.493333  0.381326  0
13.520000  0.381171  0
13.546667  0.381025  0
13.573333  0.380887  0
13.600000  0.380758  0
13.626667  0.380638  0
13.653333  0.380524  0
13.680000  0.380416  0
13.706667  0.380314  0
13.733333  0.380217  0
13.760000  0.380125  0
13.786667  0.380038  0
13.813333  0.379957  0
13.840000  0.379879  0
13.866667  0.379803  0
13.893333  0.379728  0
13.920000  0.379655  0
13.946667  0.379583  0
13.973333  0.379515  0
14.000000  0.379455  0
14.026667  0.379406  0
14.053333  0.379373  0
14.080000  0.379357  0
14.106667  0.379361  0
14.133333  0.379381  0
14.160000  0.379415  0
14.186667  0.379458  0
14.213333  0.379503  0
14.240000  0.379545  0
14.266667  0.379578  0
14.293333  0.379596  0
14.320000  0.379597  0
14.346667  0.379577  0
14.373333  0.379537  0
14.400000  0.379475  0
14.426667  0.379392  0
14.453333  0.379292  0
14.480000  0.379178  0
14.506667  0.379054  0
14.533333  0.378925  0
14.560000  0.378797  0
14.586667  0.378677  0
14.613333  0.378570  0
14.640000  0.378482  0
14.666667  0.378415  0
14.693333  0.378373  0
14.720000  0.378357  0
14.746667  0.378365  0
14.773333  0.378398  0
14.800000  0.378452  0
14.826667  0.378525  0
14.853333  0.378615  0
14.880000  0.378717  0
14.906667  0.378827  0
14.933333  0.378941  0
14.960000  0.379054  0
14.986667  0.379160  0
15.013333  0.379254  0
15.040000  0.379331  0
15.066667  0.379389  0
15.093333  0.379425  0
15.120000  0.379438  0
15.146667  0.379430  0
15.173333  0.379403  0
15.200000  0.379358  0
15.226667  0.379300  0
15.253333  0.379231  0
15.280000  0.379153  0
15.306667  0.379069  0
15.333333  0.378981  0
15.360000  0.378890  0
15.386667  0.378798  0
15.413333  0.378704  0
15.440000  0.378610  0
15.466667  0.378516  0
15.493333  0.378421  0
15.520000  0.378326  0
15.546667  0.378231  0
15.573333  0.378136  0
15.600000  0.378041  0
15.626667  0.377947  0
15.653333  0.377852  0
15.680000  0.377757  0
15.706667  0.377662  0
15.733333  0.377567  0
15.760000  0.377472  0
15.786667  0.377377  0
15.813333  0.377282  0
15.840000  0.377187  0
15.866667  0.377092  0
15.893333  0.376997  0
15.920000  0.376902  0
15.946667  0.376807  0
15.973333  0.376712  0
16.000000  0.376617  0
16.026667  0.376522  0
16.053333  0.376428  0
16.080000  0.376333  0
16.106667  0.376238  0
16.133333  0.376143  0
16.160000  0.376048  0
16.186667  0.375953  0
16.213333  0.375858  0
16.240000  0.375763  0
16.266667  0.375668  0
16.293333  0.375573  0
16.320000  0.375478  0
16.346667  0.375383  0
16.373333  0.375288  0
16.400000  0.375193  0
16.426667  0.375098  0
16.453333  0.375003  0
16.480000  0.374909  0
16.506667  0.374814  0
16.533333  0.374719  0
16.560000  0.374624  0
16.586667  0.374529  0
16.613333  0.374434  0
16.640000  0.374339  0
16.666667  0.374244  0
16.693333  0.374149  0
16.720000  0.374054  0
16.746667  0.373959  0
16.773333  0.373864  0
16.800000  0.373769  0
16.826667  0.373674  0
16.853333  0.373579  0
16.880000  0.373485  0
16.906667  0.373390  0
16.933333  0.373295  0
16.960000  0.373200  0
16.986667  0.373105  0
17.013333  0.373010  0
17.040000  0.372915  0
17.066667  0.372820  0
17.093333  0.372725  0
17.120000  0.372630  0
17.146667  0.372535  0
17.173333  0.372440  0
17.200000  0.372345  0
17.226667  0.372250  0
17.253333  0.372155  0
17.280000  0.372060  0
17.306667  0.371966  0
17.333333  0.371871  0
17.360000  0.371776  0
17.386667  0.371681  0
17.413333  0.371586  0
17.440000  0.371491  0
17.466667  0.371396  0
17.493333  0.371301  0
17.520000  0.371206  0
17.546667  0.371111  0
17.573333  0.371016  0
17.600000  0.370921  0
17.626667  0.370826  0
17.653333  0.370731  0
17.680000  0.370636  0
17.706667  0.370541  0
17.733333  0.370447  0
17.760000  0.370352  0
17.786667  0.370257  0
17.813333  0.370162  0
17.840000  0.370067  0
17.866667  0.369972  0
17.893333  0.369877  0
17.920000  0.369782  0
17.946667  0.369687  0
17.973333  0.369592  0
18.000000  0.369497  0
18.026667  0.369402  0
18.053333  0.369307  0
18.080000  0.369212  0
18.106667  0.369117  0
18.133333  0.369023  0
18.160000  0.368928  0
18.186667  0.368833  0
18.213333  0.368738  0
18.240000  0.368643  0
18.266667  0.368548  0
18.293333  0.368453  0
18.320000  0.368358  0
18.346667  0.368263  0
18.373333  0.368168  0
18.400000  0.368073  0
18.426667  0.367978  0
18.453333  0.367883  0
18.480000  0.367788  0
18.506667  0.367693  0
18.533333  0.367598  0
18.560000  0.367504  0
18.586667  0.367409  0
18.613333  0.367314  0
18.640000  0.367219  0
18.666667  0.367124  0
18.693333  0.367029  0
18.720000  0.366934  0
18.746667  0.366839  0
18.773333  0.366744  0
18.800000  0.366649  0
18.826667  0.366554  0
18.853333  0.366459  0
18.880000  0.366364  0
18.906667  0.366269  0
18.933333  0.366174  0
18.960000  0.366079  0
18.986667  0.365985  0
19.013333  0.365890  0
19.040000  0.365795  0
19.066667  0.365700  0
19.093333  0.365605  0
19.120000  0.365510  0
19.146667  0.365415  0
19.173333  0.365320  0
19.200000  0.365225  0
19.226667  0.365130  0
19.253333  0.365035  0
19.280000  0.364940  0
19.306667  0.364845  0
19.333333  0.364750  0
19.360000  0.364655  0
19.386667  0.364560  0
19.413333  0.364466  0
19.440000  0.364371  0
19.466667  0.364276  0
19.493333  0.364181  0
19.520000  0.364086  0
19.546667  0.363991  0
19.573333  0.363896  0
19.600000  0.363801  0
19.626667  0.363706  0
19.653333  0.363611  0
19.680000  0.363516  0
19.706667  0.363421  0
19.733333  0.363326  0
19.760000  0.363231  0
19.786667  0.363136  0
19.813333  0.363042  0
19.840000  0.362947  0
19.866667  0.362852  0
19.893333  0.362757  0
19.920000  0.362662  0
19.946667  0.362567  0
19.973333  0.362472  0
20.000000  0.362377  0
20.026667  0.362282  0
20.053333  0.362187  0
20.080000  0.362092  0
20.106667  0.361997  0
20.133333  0.361902  0
20.160000  0.361807  0
20.186667  0.361712  0
20.213333  0.361617  0
20.240000  0.361523  0
20.266667  0.361428  0
20.293333  0.361333  0
20.320000  0.361238  0
20.346667  0.361143  0
20.373333  0.361048  0
20.400000  0.360953  0
20.426667  0.360858  0
20.453333  0.360763  0
20.480000  0.360668  0
20.506667  0.360573  0
20.533333  0.360478  0
20.560000  0.360383  0
20.586667  0.360288  0
20.613333  0.360193  0
20.640000  0.360098  0
20.666667  0.360004  0
20.693333  0.359909  0
20.720000  0.359814  0
20.746667  0.359719  0
20.773333  0.359624  0
20.800000  0.359529  0
20.826667  0.359434  0
20.853333  0.359339  0
20.880000  0.359244  0
20.906667  0.359149  0
20.933333  0.359054  0
20.960000  0.358959  0
20.986667  0.358864  0
21.013333  0.358769  0
21.040000  0.358674  0
21.066667  0.358579  0
21.093333  0.358485  0
21.120000  0.358390  0
21.146667  0.358295  0
21.173333  0.358200  0
21.200000  0.358105  0
21.226667  0.358010  0
21.253333  0.357915  0
21.280000  0.357820  0
21.306667  0.357725  0
21.333333  0.357630  0
21.360000  0.357535  0
21.386667  0.357440  0
21.413333  0.357345  0
21.440000  0.357250  0
21.466667  0.357155  0
21.493333  0.357061  0
21.520000  0.356966  0
21.546667  0.356871  0
21.573333  0.356776  0
21.600000  0.356681  0
21.626667  0.356586  0
21.653333  0.356491  0
21.680000  0.356396  0
21.706667  0.356301  0
21.733333  0.356206  0
21.760000  0.356111  0
21.786667  0.356016  0
21.813333  0.355921  0
21.840000  0.355826  0
21.866667  0.355731  0
21.893333  0.355636  0
21.920000  0.355542  0
21.946667  0.355447  0
21.973333  0.355352  0
22.000000  0.355257  0
22.026667  0.355162  0
22.053333  0.355067  0
22.080000  0.354972  0
22.106667  0.354877  0
22.133333  0.354782  0
22.160000  0.354687  0
22.186667  0.354592  0
22.213333  0.354497  0
22.240000  0.354402  0
22.266667  0.354307  0
22.293333  0.354212  0
22.320000  0.354117  0
22.346667  0.354023  0
22.373333  0.353928  0
22.400000  0.353833  0
22.426667  0.353738  0
22.453333  0.353643  0
22.480000  0.353548  0
22.506667  0.353453  0
22.533333  0.353358  0
22.560000  0.353263  0
22.586667  0.353168  0
22.613333  0.353073  0
22.640000  0.352978  0
22.666667  0.352883  0
22.693333  0.352788  0
22.720000  0.352693  0
22.746667  0.352599  0
22.773333  0.352504  0
22.800000  0.352409  0
22.826667  0.352314  0
22.853333  0.352219  0
22.880000  0.352124  0
22.906667  0.352029  0
22.933333  0.351934  0
22.960000  0.351839  0
22.986667  0.351744  0
23.013333  0.351649  0
23.040000  0.351554  0
23.066667  0.351459  0
23.093333  0.351364  0
23.120000  0.351269  0
23.146667  0.351174  0
23.173333  0.351080  0
23.200000  0.350985  0
23.226667  0.350890  0
23.253333  0.350795  0
23.280000  0.350700  0
23.306667  0.350605  0
23.333333  0.350510  0
23.360000  0.350415  0
23.386667  0.350320  0
23.413333  0.350225  0
23.440000  0.350131  0
23.466667  0.350036  0
23.493333  0.349942  0
23.520000  0.349848  0
23.546667  0.349756  0
23.573333  0.349664  0
23.600000  0.349575  0
23.626667  0.349489  0
23.653333  0.349407  0
23.680000  0.349329  0
23.706667  0.349259  0
23.733333  0.349197  0
23.760000  0.349145  0
23.786667  0.349104  0
23.813333  0.349076  0
23.840000  0.349062  0
