3.680000  0.752240  0
3.706667  0.750865  0
3.733333  0.749491  0
3.760000  0.748117  0
3.786667  0.746743  0
3.813333  0.745368  0
3.840000  0.743994  0
3.866667  0.742620  0
3.893333  0.741245  0
3.920000  0.739871  0
3.946667  0.738497  0
3.973333  0.737123  0
4.000000  0.735748  0
4.026667  0.734374  0
4.053333  0.733000  0
4.080000  0.731625  0
4.106667  0.730251  0
4.133333  0.728877  0
4.160000  0.727503  0
4.186667  0.726128  0
4.213333  0.724754  0
4.240000  0.723380  0
4.266667  0.722005  0
4.293333  0.720631  0
4.320000  0.719257  0
4.346667  0.717883  0
4.373333  0.716508  0
4.400000  0.715134  0
4.426667  0.713760  0
4.453333  0.712385  0
4.480000  0.711011  0
4.506667  0.709637  0
4.533333  0.707972  0
4.560000  0.705919  0
4.586667  0.703865  0
4.613333  0.701812  0
4.640000  0.699759  0
4.666667  0.697706  0
4.693333  0.695653  0
4.720000  0.693600  0
4.746667  0.691547  0
4.773333  0.689494  0
4.800000  0.687441  0
4.826667  0.685388  0
4.853333  0.683335  0
4.880000  0.681281  0
4.906667  0.679228  0
4.933333  0.677175  0
4.960000  0.675122  0
4.986667  0.673069  0
5.013333  0.671016  0
5.040000  0.668963  0
5.066667  0.666910  0
5.093333  0.664857  0
5.120000  0.662804  0
5.146667  0.660751  0
5.173333  0.658698  0
5.200000  0.656644  0
5.226667  0.654591  0
5.253333  0.652538  0
5.280000  0.650485  0
5.306667  0.648432  0
5.333333  0.646378  0
5.360000  0.644246  0
5.386667  0.642115  0
5.413333  0.639983  0
5.440000  0.637852  0
5.466667  0.635720  0
5.493333  0.633589  0
5.520000  0.631457  0
5.546667  0.629326  0
5.573333  0.627194  0
5.600000  0.625063  0
5.626667  0.622931  0
5.653333  0.620800  0
5.680000  0.618668  0
5.706667  0.616537  0
5.733333  0.614405  0
5.760000  0.612274  0
5.786667  0.610142  0
5.813333  0.608011  0
5.840000  0.605879  0
5.866667  0.603748  0
5.893333  0.601616  0
5.920000  0.599485  0
5.946667  0.597353  0
5.973333  0.595222  0
6.000000  0.593100  0
6.026667  0.591123  0
6.053333  0.589146  0
6.080000  0.587169  0
6.106667  0.585192  0
6.133333  0.583215  0
6.160000  0.581238  0
6.186667  0.579261  0
6.213333  0.577284  0
6.240000  0.575307  0
6.266667  0.573330  0
6.293333  0.571353  0
6.320000  0.569376  0
6.346667  0.567399  0
6.373333  0.565422  0
6.400000  0.563445  0
6.426667  0.561468  0
6.453333  0.559490  0
6.480000  0.557513  0
6.506667  0.555536  0
6.533333  0.553559  0
6.560000  0.551582  0
6.586667  0.549605  0
6.613333  0.547628  0
6.640000  0.546100  0
6.666667  0.544789  0
6.693333  0.543479  0
6.720000  0.542169  0
6.746667  0.540858  0
6.773333  0.539548  0
6.800000  0.538237  0
6.826667  0.536927  0
6.853333  0.535617  0
6.880000  0.534306  0
6.906667  0.532996  0
6.933333  0.531686  0
6.960000  0.530375  0
6.986667  0.529065  0
7.013333  0.527754  0
7.040000  0.526444  0
7.066667  0.525134  0
7.093333  0.523823  0
7.120000  0.522513  0
7.146667  0.521203  0
7.173333  0.519892  0
7.200000  0.518582  0
7.226667  0.517272  0
7.253333  0.515961  0
7.280000  0.514651  0
7.306667  0.513340  0
7.333333  0.512030  0
7.360000  0.510720  0
7.386667  0.509409  0
7.413333  0.508099  0
7.440000  0.506789  0
7.466667  0.505478  0
7.493333  0.504168  0
7.520000  0.502895  0
7.546667  0.501849  0
7.573333  0.500802  0
7.600000  0.499755  0
7.626667  0.498709  0
7.653333  0.497662  0
7.680000  0.496615  0
7.706667  0.495568  0
7.733333  0.494522  0
7.760000  0.493475  0
7.786667  0.492428  0
7.813333  0.491382  0
7.840000  0.490335  0
7.866667  0.489288  0
7.893333  0.488242  0
7.920000  0.487195  0
7.946667  0.486148  0
7.973333  0.485102  0
8.000000  0.484055  0
8.026667  0.483008  0
8.053333  0.481962  0
8.080000  0.480915  0
8.106667  0.479868  0
8.133333  0.478822  0
8.160000  0.477775  0
8.186667  0.476728  0
8.213333  0.475682  0
8.240000  0.474635  0
8.266667  0.473588  0
8.293333  0.472542  0
8.320000  0.471495  0
8.346667  0.470448  0
8.373333  0.469402  0
8.400000  0.468355  0
8.426667  0.467308  0
8.453333  0.466262  0
8.480000  0.465215  0
8.506667  0.464168  0
8.533333  0.463122  0
8.560000  0.462075  0
8.586667  0.461100  0
8.613333  0.460245  0
8.640000  0.459389  0
8.666667  0.458534  0
8.693333  0.457678  0
8.720000  0.456823  0
8.746667  0.455967  0
8.773333  0.455112  0
8.800000  0.454256  0
8.826667  0.453401  0
8.853333  0.452546  0
8.880000  0.451690  0
8.906667  0.450835  0
8.933333  0.449979  0
8.960000  0.449124  0
8.986667  0.448268  0
9.013333  0.447413  0
9.040000  0.446557  0
9.066667  0.445702  0
9.093333  0.444846  0
9.120000  0.443991  0
9.146667  0.443136  0
9.173333  0.442280  0
9.200000  0.441425  0
9.226667  0.440569  0
9.253333  0.439714  0
9.280000  0.438858  0
9.306667  0.438003  0
9.333333  0.437147  0
9.360000  0.436292  0
9.386667  0.435437  0
9.413333  0.434581  0
9.440000  0.433726  0
9.466667  0.432870  0
9.493333  0.432015  0
9.520000  0.431159  0
9.546667  0.430304  0
9.573333  0.429448  0
9.600000  0.428593  0
9.626667  0.427737  0
9.653333  0.426882  0
9.680000  0.426578  0
9.706667  0.426388  0
9.733333  0.426199  0
9.760000  0.426010  0
9.786667  0.425821  0
9.813333  0.425631  0
9.840000  0.425442  0
9.866667  0.425253  0
9.893333  0.425063  0
9.920000  0.424874  0
9.946667  0.424685  0
9.973333  0.424496  0
10.000000  0.424306  0
10.026667  0.424117  0
10.053333  0.423928  0
10.080000  0.423738  0
10.106667  0.423549  0
10.133333  0.423360  0
10.160000  0.423170  0
10.186667  0.422981  0
10.213333  0.422792  0
10.240000  0.422603  0
10.266667  0.422413  0
10.293333  0.422224  0
10.320000  0.422035  0
10.346667  0.421845  0
10.373333  0.421656  0
10.400000  0.421467  0
10.426667  0.421278  0
10.453333  0.421088  0
10.480000  0.420899  0
10.506667  0.420710  0
10.533333  0.420520  0
10.560000  0.420331  0
10.586667  0.420142  0
10.613333  0.419953  0
10.640000  0.419757  0
10.666667  0.419533  0
10.693333  0.419309  0
10.720000  0.419086  0
10.746667  0.418862  0
10.773333  0.418638  0
10.800000  0.418414  0
10.826667  0.418190  0
10.853333  0.417967  0
10.880000  0.417743  0
10.906667  0.417519  0
10.933333  0.417295  0
10.960000  0.417071  0
10.986667  0.416847  0
11.013333  0.416624  0
11.040000  0.416400  0
11.066667  0.416176  0
11.093333  0.415952  0
11.120000  0.415728  0
11.146667  0.415505  0
11.173333  0.415281  0
11.200000  0.415057  0
11.226667  0.414833  0
11.253333  0.414609  0
11.280000  0.414385  0
11.306667  0.414162  0
11.333333  0.413938  0
11.360000  0.413714  0
11.386667  0.413490  0
11.413333  0.413266  0
11.440000  0.413043  0
11.466667  0.412819  0
11.493333  0.412595  0
11.520000  0.412371  0
11.546667  0.412147  0
11.573333  0.411923  0
11.600000  0.411700  0
11.626667  0.411476  0
11.653333  0.411252  0
11.680000  0.411028  0
11.706667  0.410804  0
11.733333  0.410581  0
11.760000  0.410506  0
11.786667  0.410457  0
11.813333  0.410408  0
11.840000  0.410359  0
11.866667  0.410310  0
11.893333  0.410261  0
11.920000  0.410213  0
11.946667  0.410164  0
11.973333  0.410115  0
12.000000  0.410066  0
12.026667  0.410017  0
12.053333  0.409968  0
12.080000  0.409920  0
12.106667  0.409871  0
12.133333  0.409822  0
12.160000  0.409773  0
12.186667  0.409724  0
12.213333  0.409675  0
12.240000  0.409626  0
12.266667  0.409578  0
12.293333  0.409529  0
12.320000  0.409480  0
12.346667  0.409431  0
12.373333  0.409382  0
12.400000  0.409333  0
12.426667  0.409285  0
12.453333  0.409236  0
12.480000  0.409187  0
12.506667  0.409138  0
12.533333  0.409089  0
12.560000  0.409040  0
12.586667  0.408992  0
12.613333  0.408943  0
12.640000  0.408894  0
12.666667  0.408845  0
12.693333  0.408796  0
12.720000  0.408747  0
12.746667  0.408698  0
12.773333  0.408650  0
12.800000  0.408601  0
12.826667  0.408552  0
12.853333  0.408503  0
12.880000  0.408454  0
12.906667  0.408405  0
12.933333  0.408357  0
12.960000  0.408308  0
12.986667  0.408259  0
13.013333  0.408210  0
13.040000  0.408161  0
13.066667  0.408112  0
13.093333  0.408063  0
13.120000  0.408015  0
13.146667  0.407966  0
13.173333  0.407917  0
13.200000  0.407868  0
13.226667  0.407819  0
13.253333  0.407770  0
13.280000  0.407722  0
13.306667  0.407673  0
13.333333  0.407624  0
13.360000  0.407575  0
13.386667  0.407526  0
13.413333  0.407477  0
13.440000  0.407428  0
13.466667  0.407380  0
13.493333  0.407331  0
13.520000  0.407282  0
13.546667  0.407233  0
13.573333  0.407184  0
13.600000  0.407135  0
13.626667  0.407087  0
13.653333  0.407038  0
13.680000  0.406989  0
13.706667  0.406940  0
13.733333  0.406891  0
13.760000  0.406842  0
13.786667  0.406794  0
13.813333  0.406745  0
13.840000  0.406696  0
13.866667  0.406647  0
13.893333  0.406598  0
13.920000  0.406549  0
13.946667  0.406500  0
13.973333  0.406452  0
14.000000  0.406403  0
14.026667  0.406354  0
14.053333  0.406305  0
14.080000  0.406256  0
14.106667  0.406207  0
14.133333  0.406159  0
14.160000  0.406110  0
14.186667  0.406061  0
14.213333  0.406012  0
14.240000  0.405963  0
14.266667  0.405914  0
14.293333  0.405865  0
14.320000  0.405817  0
14.346667  0.405768  0
14.373333  0.405719  0
14.400000  0.405670  0
14.426667  0.405621  0
14.453333  0.405572  0
14.480000  0.405524  0
14.506667  0.405475  0
14.533333  0.405426  0
14.560000  0.405377  0
14.586667  0.405328  0
14.613333  0.405279  0
14.640000  0.405230  0
14.666667  0.405182  0
14.693333  0.405133  0
14.720000  0.405084  0
14.746667  0.405035  0
14.773333  0.404986  0
14.800000  0.404937  0
14.826667  0.404889  0
14.853333  0.404840  0
14.880000  0.404791  0
14.906667  0.404742  0
14.933333  0.404693  0
14.960000  0.404644  0
14.986667  0.404596  0
15.013333  0.404547  0
15.040000  0.404498  0
15.066667  0.404449  0
15.093333  0.404400  0
15.120000  0.404351  0
15.146667  0.404302  0
15.173333  0.404254  0
15.200000  0.404205  0
15.226667  0.404156  0
15.253333  0.404107  0
15.280000  0.404058  0
15.306667  0.404009  0
15.333333  0.403961  0
15.360000  0.403912  0
15.386667  0.403863  0
15.413333  0.403814  0
15.440000  0.403765  0
15.466667  0.403716  0
15.493333  0.403667  0
15.520000  0.403619  0
15.546667  0.403570  0
15.573333  0.403521  0
15.600000  0.403472  0
15.626667  0.403423  0
15.653333  0.403374  0
15.680000  0.403326  0
15.706667  0.403277  0
15.733333  0.403228  0
15.760000  0.403179  0
15.786667  0.403130  0
15.813333  0.403081  0
15.840000  0.403032  0
15.866667  0.402984  0
15.893333  0.402935  0
15.920000  0.402886  0
15.946667  0.402837  0
15.973333  0.402788  0
16.000000  0.402739  0
16.026667  0.402691  0
16.053333  0.402642  0
16.080000  0.402593  0
16.106667  0.402544  0
16.133333  0.402495  0
16.160000  0.402446  0
16.186667  0.402397  0
16.213333  0.402349  0
16.240000  0.402300  0
16.266667  0.402251  0
16.293333  0.402202  0
16.320000  0.402153  0
16.346667  0.402104  0
16.373333  0.402056  0
16.400000  0.402007  0
16.426667  0.401958  0
16.453333  0.401909  0
16.480000  0.401860  0
16.506667  0.401811  0
16.533333  0.401763  0
16.560000  0.401714  0
16.586667  0.401665  0
16.613333  0.401616  0
16.640000  0.401567  0
16.666667  0.401518  0
16.693333  0.401469  0
16.720000  0.401421  0
16.746667  0.401372  0
16.773333  0.401323  0
16.800000  0.401274  0
16.826667  0.401225  0
16.853333  0.401176  0
16.880000  0.401128  0
16.906667  0.401079  0
16.933333  0.401030  0
16.960000  0.400981  0
16.986667  0.400932  0
17.013333  0.400883  0
17.040000  0.400834  0
17.066667  0.400786  0
17.093333  0.400737  0
17.120000  0.400688  0
17.146667  0.400639  0
17.173333  0.400590  0
17.200000  0.400541  0
17.226667  0.400493  0
17.253333  0.400444  0
17.280000  0.400395  0
17.306667  0.400346  0
17.333333  0.400297  0
17.360000  0.400248  0
17.386667  0.400199  0
17.413333  0.400151  0
17.440000  0.400102  0
17.466667  0.400053  0
17.493333  0.400004  0
17.520000  0.399955  0
17.546667  0.399906  0
17.573333  0.399858  0
17.600000  0.399809  0
17.626667  0.399760  0
17.653333  0.399711  0
17.680000  0.399662  0
17.706667  0.399613  0
17.733333  0.399565  0
17.760000  0.399516  0
17.786667  0.399467  0
17.813333  0.399418  0
17.840000  0.399369  0
17.866667  0.399320  0
17.893333  0.399271  0
17.920000  0.399223  0
17.946667  0.399174  0
17.973333  0.399125  0
18.000000  0.399076  0
18.026667  0.399027  0
18.053333  0.398978  0
18.080000  0.398930  0
18.106667  0.398881  0
18.133333  0.398832  0
18.160000  0.398783  0
18.186667  0.398734  0
18.213333  0.398685  0
18.240000  0.398636  0
18.266667  0.398588  0
18.293333  0.398539  0
18.320000  0.398490  0
18.346667  0.398441  0
18.373333  0.398392  0
18.400000  0.398343  0
18.426667  0.398295  0
18.453333  0.398246  0
18.480000  0.398197  0
18.506667  0.398148  0
18.533333  0.398099  0
18.560000  0.398050  0
18.586667  0.398001  0
18.613333  0.397953  0
18.640000  0.397904  0
18.666667  0.397855  0
18.693333  0.397806  0
18.720000  0.397757  0
18.746667  0.397708  0
18.773333  0.397660  0
18.800000  0.397611  0
18.826667  0.397562  0
18.853333  0.397513  0
18.880000  0.397464  0
18.906667  0.397415  0
18.933333  0.397366  0
18.960000  0.397318  0
18.986667  0.397269  0
19.013333  0.397220  0
19.040000  0.397171  0
19.066667  0.397122  0
19.093333  0.397073  0
19.120000  0.397025  0
19.146667  0.396976  0
19.173333  0.396927  0
19.200000  0.396878  0
19.226667  0.396829  0
19.253333  0.396780  0
19.280000  0.396732  0
19.306667  0.396683  0
19.333333  0.396634  0
19.360000  0.396585  0
19.386667  0.396536  0
19.413333  0.396487  0
19.440000  0.396438  0
19.466667  0.396390  0
19.493333  0.396341  0
19.520000  0.396292  0
19.546667  0.396243  0
19.573333  0.396194  0
19.600000  0.396145  0
19.626667  0.396097  0
19.653333  0.396048  0
19.680000  0.395999  0
19.706667  0.395950  0
19.733333  0.395901  0
19.760000  0.395852  0
19.786667  0.395803  0
19.813333  0.395755  0
19.840000  0.395706  0
19.866667  0.395657  0
19.893333  0.395608  0
19.920000  0.395559  0
19.946667  0.395510  0
19.973333  0.395462  0
20.000000  0.395413  0
20.026667  0.395364  0
20.053333  0.395315  0
20.080000  0.395266  0
20.106667  0.395217  0
20.133333  0.395168  0
20.160000  0.395120  0
20.186667  0.395071  0
20.213333  0.395022  0
20.240000  0.394973  0
20.266667  0.394924  0
20.293333  0.394875  0
20.320000  0.394827  0
20.346667  0.394778  0
20.373333  0.394729  0
20.400000  0.394680  0
20.426667  0.394631  0
20.453333  0.394582  0
20.480000  0.394534  0
20.506667  0.394485  0
20.533333  0.394436  0
20.560000  0.394387  0
