2.426667  1.040793  0
2.453333  1.035109  0
2.480000  1.029425  0
2.506667  1.023741  0
2.533333  1.018057  0
2.560000  1.012373  0
2.586667  1.006689  0
2.613333  1.001005  0
2.640000  0.995321  0
2.666667  0.989637  0
2.693333  0.983953  0
2.720000  0.978269  0
2.746667  0.972585  0
2.773333  0.966901  0
2.800000  0.961217  0
2.826667  0.955533  0
2.853333  0.949849  0
2.880000  0.944165  0
2.906667  0.938481  0
2.933333  0.932797  0
2.960000  0.927113  0
2.986667  0.921429  0
3.013333  0.915745  0
3.040000  0.910061  0
3.066667  0.904377  0
3.093333  0.898693  0
3.120000  0.893009  0
3.146667  0.887325  0
3.173333  0.881641  0
3.200000  0.875957  0
3.226667  0.870273  0
3.253333  0.864589  0
3.280000  0.858905  0
3.306667  0.854170  0
3.333333  0.849435  0
3.360000  0.844699  0
3.386667  0.839964  0
3.413333  0.835229  0
3.440000  0.830493  0
3.466667  0.825758  0
3.493333  0.821023  0
3.520000  0.816288  0
3.546667  0.811552  0
3.573333  0.806817  0
3.600000  0.802082  0
3.626667  0.797347  0
3.653333  0.792611  0
3.680000  0.787876  0
3.706667  0.783141  0
3.733333  0.778405  0
3.760000  0.773670  0
3.786667  0.768935  0
3.813333  0.764200  0
3.840000  0.759464  0
3.866667  0.754729  0
3.893333  0.749994  0
3.920000  0.745258  0
3.946667  0.740523  0
3.973333  0.735788  0
4.000000  0.731053  0
4.026667  0.726317  0
4.053333  0.721582  0
4.080000  0.716847  0
4.106667  0.712112  0
4.133333  0.707376  0
4.160000  0.702641  0
4.186667  0.697906  0
4.213333  0.693170  0
4.240000  0.688435  0
4.266667  0.683700  0
4.293333  0.678965  0
4.320000  0.674229  0
4.346667  0.669494  0
4.373333  0.664759  0
4.400000  0.660023  0
4.426667  0.655288  0
4.453333  0.650553  0
4.480000  0.645412  0
4.506667  0.640584  0
4.533333  0.636108  0
4.560000  0.632000  0
4.586667  0.628257  0
4.613333  0.624854  0
4.640000  0.621758  0
4.666667  0.618930  0
4.693333  0.616333  0
4.720000  0.613941  0
4.746667  0.611735  0
4.773333  0.609704  0
4.800000  0.607848  0
4.826667  0.606168  0
4.853333  0.604666  0
4.880000  0.603343  0
4.906667  0.602194  0
4.933333  0.601208  0
4.960000  0.600368  0
4.986667  0.599647  0
5.013333  0.599014  0
5.040000  0.598433  0
5.066667  0.597863  0
5.093333  0.597264  0
5.120000  0.596599  0
5.146667  0.595837  0
5.173333  0.594958  0
5.200000  0.593954  0
5.226667  0.592834  0
5.253333  0.591620  0
5.280000  0.590348  0
5.306667  0.589060  0
5.333333  0.587799  0
5.360000  0.586603  0
5.386667  0.585498  0
5.413333  0.584498  0
5.440000  0.583603  0
5.466667  0.582801  0
5.493333  0.582071  0
5.520000  0.581384  0
5.546667  0.580708  0
5.573333  0.580004  0
5.600000  0.579231  0
5.626667  0.578347  0
5.653333  0.577316  0
5.680000  0.576110  0
5.706667  0.574720  0
5.733333  0.573161  0
5.760000  0.571467  0
5.786667  0.569698  0
5.813333  0.567925  0
5.840000  0.566219  0
5.866667  0.564643  0
5.893333  0.563239  0
5.920000  0.562021  0
5.946667  0.560975  0
5.973333  0.560059  0
6.000000  0.559213  0
6.026667  0.558368  0
6.053333  0.557451  0
6.080000  0.556400  0
6.106667  0.555160  0
6.133333  0.553694  0
6.160000  0.551980  0
6.186667  0.550008  0
6.213333  0.547787  0
6.240000  0.545338  0
6.266667  0.542700  0
6.293333  0.539923  0
6.320000  0.537070  0
6.346667  0.534207  0
6.373333  0.531401  0
6.400000  0.528707  0
6.426667  0.526165  0
6.453333  0.523793  0
6.480000  0.521588  0
6.506667  0.519529  0
6.533333  0.517580  0
6.560000  0.515700  0
6.586667  0.513846  0
6.613333  0.511983  0
6.640000  0.510082  0
6.666667  0.508127  0
6.693333  0.506114  0
6.720000  0.504049  0
6.746667  0.501951  0
6.773333  0.499842  0
6.800000  0.497748  0
6.826667  0.495687  0
6.853333  0.493671  0
6.880000  0.491699  0
6.906667  0.489760  0
6.933333  0.487838  0
6.960000  0.485919  0
6.986667  0.483996  0
7.013333  0.482072  0
7.040000  0.480166  0
7.066667  0.478306  0
7.093333  0.476526  0
7.120000  0.474858  0
7.146667  0.473328  0
7.173333  0.471950  0
7.200000  0.470723  0
7.226667  0.469631  0
7.253333  0.468643  0
7.280000  0.467721  0
7.306667  0.466817  0
7.333333  0.465883  0
7.360000  0.464876  0
7.386667  0.463762  0
7.413333  0.462521  0
7.440000  0.461149  0
7.466667  0.459660  0
7.493333  0.458084  0
7.520000  0.456461  0
7.546667  0.454836  0
7.573333  0.453253  0
7.600000  0.451746  0
7.626667  0.450335  0
7.653333  0.449026  0
7.680000  0.447811  0
7.706667  0.446673  0
7.733333  0.445592  0
7.760000  0.444553  0
7.786667  0.443548  0
7.813333  0.442573  0
7.840000  0.441633  0
7.866667  0.440731  0
7.893333  0.439870  0
7.920000  0.439044  0
7.946667  0.438245  0
7.973333  0.437462  0
8.000000  0.436682  0
8.026667  0.435902  0
8.053333  0.435119  0
8.080000  0.434344  0
8.106667  0.433591  0
8.133333  0.432876  0
8.160000  0.432218  0
8.186667  0.431629  0
8.213333  0.431117  0
8.240000  0.430679  0
8.266667  0.430310  0
8.293333  0.429998  0
8.320000  0.429732  0
8.346667  0.429502  0
8.373333  0.429301  0
8.400000  0.429122  0
8.426667  0.428962  0
8.453333  0.428814  0
8.480000  0.428671  0
8.506667  0.428526  0
8.533333  0.428371  0
8.560000  0.428202  0
8.586667  0.428017  0
8.613333  0.427820  0
8.640000  0.427614  0
8.666667  0.427407  0
8.693333  0.427202  0
8.720000  0.427001  0
8.746667  0.426805  0
8.773333  0.426610  0
8.800000  0.426411  0
8.826667  0.426204  0
8.853333  0.425987  0
8.880000  0.425763  0
8.906667  0.425535  0
8.933333  0.425308  0
8.960000  0.425088  0
8.986667  0.424875  0
9.013333  0.424666  0
9.040000  0.424454  0
9.066667  0.424230  0
9.093333  0.423985  0
9.120000  0.423714  0
9.146667  0.423418  0
9.173333  0.423102  0
9.200000  0.422775  0
9.226667  0.422445  0
9.253333  0.422122  0
9.280000  0.421809  0
9.306667  0.421507  0
9.333333  0.421216  0
9.360000  0.420933  0
9.386667  0.420657  0
9.413333  0.420389  0
9.440000  0.420132  0
9.466667  0.419890  0
9.493333  0.419667  0
9.520000  0.419467  0
9.546667  0.419286  0
9.573333  0.419122  0
9.600000  0.418966  0
9.626667  0.418809  0
9.653333  0.418641  0
9.680000  0.418454  0
9.706667  0.418242  0
9.733333  0.418005  0
9.760000  0.417745  0
9.786667  0.417471  0
9.813333  0.417191  0
9.840000  0.416915  0
9.866667  0.416651  0
9.893333  0.416403  0
9.920000  0.416173  0
9.946667  0.415955  0
9.973333  0.415744  0
10.000000  0.415533  0
10.026667  0.415315  0
10.053333  0.415088  0
10.080000  0.414850  0
10.106667  0.414601  0
10.133333  0.414347  0
10.160000  0.414091  0
10.186667  0.413840  0
10.213333  0.413601  0
10.240000  0.413379  0
10.266667  0.413178  0
10.293333  0.413000  0
10.320000  0.412845  0
10.346667  0.412709  0
10.373333  0.412588  0
10.400000  0.412477  0
10.426667  0.412373  0
10.453333  0.412275  0
10.480000  0.412181  0
10.506667  0.412092  0
10.533333  0.412009  0
10.560000  0.411932  0
10.586667  0.411861  0
10.613333  0.411792  0
10.640000  0.411721  0
10.666667  0.411643  0
10.693333  0.411553  0
10.720000  0.411446  0
10.746667  0.411317  0
10.773333  0.411162  0
10.800000  0.410979  0
10.826667  0.410765  0
10.853333  0.410519  0
10.880000  0.410244  0
10.906667  0.409942  0
10.933333  0.409618  0
10.960000  0.409280  0
10.986667  0.408938  0
11.013333  0.408603  0
11.040000  0.408283  0
11.066667  0.407984  0
11.093333  0.407709  0
11.120000  0.407456  0
11.146667  0.407221  0
11.173333  0.407000  0
11.200000  0.406788  0
11.226667  0.406583  0
11.253333  0.406387  0
11.280000  0.406202  0
11.306667  0.406033  0
11.333333  0.405885  0
11.360000  0.405757  0
11.386667  0.405650  0
11.413333  0.405558  0
11.440000  0.405473  0
11.466667  0.405387  0
11.493333  0.405293  0
11.520000  0.405184  0
11.546667  0.405060  0
11.573333  0.404922  0
11.600000  0.404773  0
11.626667  0.404616  0
11.653333  0.404455  0
11.680000  0.404290  0
11.706667  0.404123  0
11.733333  0.403951  0
11.760000  0.403776  0
11.786667  0.403596  0
11.813333  0.403414  0
11.840000  0.403232  0
11.866667  0.403052  0
11.893333  0.402873  0
11.920000  0.402696  0
11.946667  0.402519  0
11.973333  0.402339  0
12.000000  0.402156  0
12.026667  0.401971  0
12.053333  0.401784  0
12.080000  0.401598  0
12.106667  0.401416  0
12.133333  0.401242  0
12.160000  0.401077  0
12.186667  0.400921  0
12.213333  0.400773  0
12.240000  0.400628  0
12.266667  0.400482  0
12.293333  0.400330  0
12.320000  0.400166  0
12.346667  0.399987  0
12.373333  0.399792  0
12.400000  0.399583  0
12.426667  0.399365  0
12.453333  0.399141  0
12.480000  0.398916  0
12.506667  0.398693  0
12.533333  0.398471  0
12.560000  0.398247  0
12.586667  0.398015  0
12.613333  0.397768  0
12.640000  0.397500  0
12.666667  0.397207  0
12.693333  0.396888  0
12.720000  0.396544  0
12.746667  0.396180  0
12.773333  0.395802  0
12.800000  0.395417  0
12.826667  0.395032  0
12.853333  0.394653  0
12.880000  0.394287  0
12.906667  0.393936  0
12.933333  0.393602  0
12.960000  0.393286  0
12.986667  0.392988  0
13.013333  0.392703  0
13.040000  0.392428  0
13.066667  0.392160  0
13.093333  0.391892  0
13.120000  0.391619  0
13.146667  0.391334  0
13.173333  0.391033  0
13.200000  0.390710  0
13.226667  0.390365  0
13.253333  0.389998  0
13.280000  0.389614  0
13.306667  0.389221  0
13.333333  0.388829  0
13.360000  0.388447  0
13.386667  0.388084  0
13.413333  0.387745  0
13.440000  0.387434  0
13.466667  0.387149  0
13.493333  0.386888  0
13.520000  0.386647  0
13.546667  0.386420  0
13.573333  0.386205  0
13.600000  0.385999  0
13.626667  0.385801  0
13.653333  0.385611  0
13.680000  0.385427  0
13.706667  0.385250  0
13.733333  0.385077  0
13.760000  0.384904  0
13.786667  0.384730  0
13.813333  0.384553  0
13.840000  0.384373  0
13.866667  0.384190  0
13.893333  0.384008  0
13.920000  0.383830  0
13.946667  0.383660  0
13.973333  0.383499  0
14.000000  0.383346  0
14.026667  0.383201  0
14.053333  0.383059  0
14.080000  0.382918  0
14.106667  0.382776  0
14.133333  0.382633  0
14.160000  0.382493  0
14.186667  0.382361  0
14.213333  0.382243  0
14.240000  0.382142  0
14.266667  0.382059  0
14.293333  0.381992  0
14.320000  0.381936  0
14.346667  0.381883  0
14.373333  0.381827  0
14.400000  0.381763  0
14.426667  0.381686  0
14.453333  0.381596  0
14.480000  0.381492  0
14.506667  0.381377  0
14.533333  0.381254  0
14.560000  0.381123  0
14.586667  0.380988  0
14.613333  0.380850  0
14.640000  0.380711  0
14.666667  0.380570  0
14.693333  0.380429  0
14.720000  0.380287  0
14.746667  0.380146  0
14.773333  0.380004  0
14.800000  0.379862  0
14.826667  0.379721  0
14.853333  0.379579  0
14.880000  0.379437  0
14.906667  0.379295  0
14.933333  0.379154  0
14.960000  0.379012  0
14.986667  0.378870  0
15.013333  0.378728  0
15.040000  0.378587  0
15.066667  0.378445  0
15.093333  0.378303  0
15.120000  0.378161  0
15.146667  0.378020  0
15.173333  0.377878  0
15.200000  0.377736  0
15.226667  0.377595  0
15.253333  0.377453  0
15.280000  0.377311  0
15.306667  0.377169  0
15.333333  0.377028  0
15.360000  0.376886  0
15.386667  0.376744  0
15.413333  0.376602  0
15.440000  0.376461  0
15.466667  0.376319  0
15.493333  0.376177  0
15.520000  0.376035  0
15.546667  0.375894  0
15.573333  0.375752  0
15.600000  0.375610  0
15.626667  0.375469  0
15.653333  0.375327  0
15.680000  0.375185  0
15.706667  0.375043  0
15.733333  0.374902  0
15.760000  0.374760  0
15.786667  0.374618  0
15.813333  0.374476  0
15.840000  0.374335  0
15.866667  0.374193  0
15.893333  0.374051  0
15.920000  0.373909  0
15.946667  0.373768  0
15.973333  0.373626  0
16.000000  0.373484  0
16.026667  0.373342  0
16.053333  0.373201  0
16.080000  0.373059  0
16.106667  0.372917  0
16.133333  0.372776  0
16.160000  0.372634  0
16.186667  0.372492  0
16.213333  0.372350  0
16.240000  0.372209  0
16.266667  0.372067  0
16.293333  0.371925  0
16.320000  0.371783  0
16.346667  0.371642  0
16.373333  0.371500  0
16.400000  0.371358  0
16.426667  0.371216  0
16.453333  0.371075  0
16.480000  0.370933  0
16.506667  0.370791  0
16.533333  0.370650  0
16.560000  0.370508  0
16.586667  0.370366  0
16.613333  0.370224  0
16.640000  0.370083  0
16.666667  0.369941  0
16.693333  0.369799  0
16.720000  0.369657  0
16.746667  0.369516  0
16.773333  0.369374  0
16.800000  0.369232  0
16.826667  0.369090  0
16.853333  0.368949  0
16.880000  0.368807  0
16.906667  0.368665  0
16.933333  0.368523  0
16.960000  0.368382  0
16.986667  0.368240  0
17.013333  0.368098  0
17.040000  0.367957  0
17.066667  0.367815  0
17.093333  0.367673  0
17.120000  0.367531  0
17.146667  0.367390  0
17.173333  0.367248  0
17.200000  0.367106  0
17.226667  0.366964  0
17.253333  0.366823  0
17.280000  0.366681  0
17.306667  0.366539  0
17.333333  0.366397  0
17.360000  0.366256  0
17.386667  0.366114  0
17.413333  0.365972  0
17.440000  0.365831  0
17.466667  0.365689  0
17.493333  0.365547  0
17.520000  0.365405  0
17.546667  0.365264  0
17.573333  0.365122  0
17.600000  0.364980  0
17.626667  0.364838  0
17.653333  0.364697  0
17.680000  0.364555  0
17.706667  0.364413  0
17.733333  0.364271  0
17.760000  0.364130  0
17.786667  0.363988  0
17.813333  0.363846  0
17.840000  0.363704  0
17.866667  0.363563  0
17.893333  0.363421  0
17.920000  0.363279  0
17.946667  0.363138  0
17.973333  0.362996  0
18.000000  0.362854  0
18.026667  0.362712  0
18.053333  0.362571  0
18.080000  0.362429  0
18.106667  0.362287  0
18.133333  0.362145  0
18.160000  0.362004  0
18.186667  0.361862  0
18.213333  0.361720  0
18.240000  0.361578  0
18.266667  0.361437  0
18.293333  0.361295  0
18.320000  0.361153  0
18.346667  0.361012  0
18.373333  0.360870  0
18.400000  0.360728  0
18.426667  0.360586  0
18.453333  0.360445  0
18.480000  0.360303  0
18.506667  0.360161  0
18.533333  0.360019  0
18.560000  0.359878  0
18.586667  0.359736  0
18.613333  0.359594  0
18.640000  0.359452  0
18.666667  0.359311  0
18.693333  0.359169  0
18.720000  0.359027  0
18.746667  0.358885  0
18.773333  0.358744  0
18.800000  0.358602  0
18.826667  0.358460  0
18.853333  0.358319  0
18.880000  0.358177  0
18.906667  0.358035  0
18.933333  0.357893  0
18.960000  0.357752  0
18.986667  0.357610  0
19.013333  0.357468  0
19.040000  0.357326  0
19.066667  0.357185  0
19.093333  0.357043  0
19.120000  0.356901  0
19.146667  0.356759  0
19.173333  0.356618  0
19.200000  0.356476  0
19.226667  0.356334  0
19.253333  0.356193  0
19.280000  0.356051  0
19.306667  0.355909  0
19.333333  0.355767  0
19.360000  0.355626  0
19.386667  0.355484  0
19.413333  0.355342  0
19.440000  0.355200  0
19.466667  0.355059  0
19.493333  0.354917  0
19.520000  0.354775  0
19.546667  0.354633  0
19.573333  0.354492  0
19.600000  0.354350  0
19.626667  0.354208  0
19.653333  0.354066  0
19.680000  0.353925  0
19.706667  0.353783  0
19.733333  0.353641  0
19.760000  0.353500  0
19.786667  0.353358  0
19.813333  0.353216  0
19.840000  0.353074  0
19.866667  0.352933  0
19.893333  0.352791  0
19.920000  0.352649  0
19.946667  0.352507  0
19.973333  0.352366  0
20.000000  0.352224  0
20.026667  0.352082  0
20.053333  0.351940  0
20.080000  0.351799  0
20.106667  0.351657  0
20.133333  0.351515  0
20.160000  0.351374  0
20.186667  0.351232  0
20.213333  0.351090  0
20.240000  0.350948  0
20.266667  0.350807  0
20.293333  0.350665  0
20.320000  0.350523  0
20.346667  0.350381  0
20.373333  0.350240  0
20.400000  0.350098  0
20.426667  0.349956  0
20.453333  0.349814  0
20.480000  0.349673  0
20.506667  0.349531  0
20.533333  0.349389  0
20.560000  0.349247  0
20.586667  0.349106  0
20.613333  0.348964  0
20.640000  0.348822  0
20.666667  0.348681  0
20.693333  0.348539  0
20.720000  0.348397  0
20.746667  0.348255  0
20.773333  0.348114  0
20.800000  0.347972  0
20.826667  0.347830  0
20.853333  0.347688  0
20.880000  0.347547  0
20.906667  0.347405  0
20.933333  0.347263  0
20.960000  0.347121  0
20.986667  0.346980  0
21.013333  0.346838  0
21.040000  0.346696  0
21.066667  0.346555  0
21.093333  0.346413  0
21.120000  0.346271  0
21.146667  0.346129  0
21.173333  0.345988  0
21.200000  0.345846  0
21.226667  0.345704  0
21.253333  0.345562  0
21.280000  0.345421  0
21.306667  0.345279  0
21.333333  0.345137  0
21.360000  0.344995  0
21.386667  0.344854  0
21.413333  0.344712  0
21.440000  0.344570  0
21.466667  0.344428  0
21.493333  0.344287  0
21.520000  0.344145  0
21.546667  0.344003  0
21.573333  0.343862  0
21.600000  0.343720  0
21.626667  0.343578  0
21.653333  0.343436  0
21.680000  0.343295  0
21.706667  0.343153  0
21.733333  0.343011  0
21.760000  0.342869  0
21.786667  0.342728  0
21.813333  0.342586  0
21.840000  0.342444  0
21.866667  0.342302  0
21.893333  0.342161  0
21.920000  0.342019  0
21.946667  0.341877  0
21.973333  0.341736  0
22.000000  0.341594  0
22.026667  0.341452  0
22.053333  0.341310  0
22.080000  0.341169  0
22.106667  0.341027  0
22.133333  0.340885  0
22.160000  0.340743  0
22.186667  0.340602  0
22.213333  0.340460  0
22.240000  0.340318  0
22.266667  0.340176  0
22.293333  0.340035  0
22.320000  0.339893  0
22.346667  0.339751  0
22.373333  0.339609  0
22.400000  0.339468  0
22.426667  0.339326  0
22.453333  0.339184  0
22.480000  0.339043  0
22.506667  0.338901  0
22.533333  0.338759  0
22.560000  0.338617  0
22.586667  0.338476  0
22.613333  0.338334  0
22.640000  0.338192  0
22.666667  0.338050  0
22.693333  0.337909  0
22.720000  0.337767  0
22.746667  0.337625  0
22.773333  0.337483  0
22.800000  0.337342  0
22.826667  0.337200  0
22.853333  0.337058  0
22.880000  0.336917  0
22.906667  0.336775  0
22.933333  0.336633  0
22.960000  0.336491  0
22.986667  0.336350  0
23.013333  0.336208  0
23.040000  0.336066  0
23.066667  0.335924  0
23.093333  0.335783  0
23.120000  0.335641  0
23.146667  0.335499  0
23.173333  0.335357  0
23.200000  0.335216  0
23.226667  0.335074  0
23.253333  0.334932  0
23.280000  0.334790  0
23.306667  0.334649  0
23.333333  0.334507  0
23.360000  0.334365  0
23.386667  0.334224  0
23.413333  0.334082  0
23.440000  0.333940  0
23.466667  0.333798  0
23.493333  0.333657  0
23.520000  0.333515  0
23.546667  0.333373  0
23.573333  0.333231  0
23.600000  0.333090  0
23.626667  0.332948  0
23.653333  0.332806  0
23.680000  0.332664  0
23.706667  0.332523  0
23.733333  0.332381  0
23.760000  0.332239  0
23.786667  0.332098  0
23.813333  0.331956  0
23.840000  0.331814  0
23.866667  0.331672  0
23.893333  0.331531  0
23.920000  0.331389  0
23.946667  0.331247  0
23.973333  0.331105  0
24.000000  0.330964  0
24.026667  0.330822  0
24.053333  0.330680  0
24.080000  0.330538  0
24.106667  0.330397  0
24.133333  0.330255  0
24.160000  0.330113  0
24.186667  0.329971  0
24.213333  0.329830  0
24.240000  0.329688  0
24.266667  0.329546  0
24.293333  0.329405  0
24.320000  0.329263  0
24.346667  0.329121  0
24.373333  0.328979  0
24.400000  0.328838  0
24.426667  0.328696  0
24.453333  0.328554  0
24.480000  0.328412  0
24.506667  0.328271  0
24.533333  0.328129  0
24.560000  0.327987  0
24.586667  0.327845  0
24.613333  0.327704  0
24.640000  0.327562  0
24.666667  0.327420  0
24.693333  0.327279  0
24.720000  0.327137  0
24.746667  0.326995  0
24.773333  0.326853  0
24.800000  0.326712  0
24.826667  0.326570  0
24.853333  0.326428  0
24.880000  0.326286  0
24.906667  0.326145  0
24.933333  0.326003  0
24.960000  0.325861  0
24.986667  0.325719  0
25.013333  0.325578  0
25.040000  0.325436  0
25.066667  0.325294  0
25.093333  0.325152  0
25.120000  0.325011  0
25.146667  0.324869  0
25.173333  0.324727  0
25.200000  0.324586  0
25.226667  0.324444  0
25.253333  0.324302  0
25.280000  0.324160  0
25.306667  0.324019  0
25.333333  0.323877  0
25.360000  0.323735  0
25.386667  0.323593  0
25.413333  0.323452  0
25.440000  0.323310  0
25.466667  0.323168  0
25.493333  0.323026  0
25.520000  0.322885  0
25.546667  0.322743  0
25.573333  0.322601  0
25.600000  0.322460  0
25.626667  0.322318  0
25.653333  0.322176  0
25.680000  0.322034  0
25.706667  0.321893  0
25.733333  0.321751  0
25.760000  0.321610  0
25.786667  0.321468  0
25.813333  0.321328  0
25.840000  0.321188  0
25.866667  0.321050  0
25.893333  0.320915  0
25.920000  0.320783  0
25.946667  0.320659  0
25.973333  0.320543  0
26.000000  0.320438  0
26.026667  0.320350  0
26.053333  0.320279  0
26.080000  0.320231  0
26.106667  0.320206  0
