2.426667  0.743406  0
2.453333  0.742692  0
2.480000  0.741978  0
2.506667  0.741264  0
2.533333  0.740551  0
2.560000  0.739837  0
2.586667  0.739123  0
2.613333  0.738409  0
2.640000  0.737695  0
2.666667  0.736981  0
2.693333  0.736267  0
2.720000  0.735553  0
2.746667  0.734839  0
2.773333  0.734125  0
2.800000  0.733411  0
2.826667  0.732697  0
2.853333  0.731983  0
2.880000  0.731269  0
2.906667  0.730556  0
2.933333  0.729842  0
2.960000  0.729128  0
2.986667  0.728414  0
3.013333  0.727700  0
3.040000  0.726986  0
3.066667  0.726272  0
3.093333  0.725558  0
3.120000  0.724844  0
3.146667  0.724130  0
3.173333  0.723416  0
3.200000  0.722702  0
3.226667  0.721988  0
3.253333  0.721274  0
3.280000  0.720560  0
3.306667  0.719847  0
3.333333  0.719133  0
3.360000  0.718419  0
3.386667  0.717705  0
3.413333  0.716991  0
3.440000  0.716277  0
3.466667  0.715563  0
3.493333  0.714849  0
3.520000  0.714135  0
3.546667  0.713430  0
3.573333  0.712837  0
3.600000  0.712244  0
3.626667  0.711651  0
3.653333  0.711058  0
3.680000  0.710465  0
3.706667  0.709872  0
3.733333  0.709279  0
3.760000  0.708686  0
3.786667  0.708092  0
3.813333  0.707499  0
3.840000  0.706906  0
3.866667  0.706313  0
3.893333  0.705720  0
3.920000  0.705127  0
3.946667  0.704534  0
3.973333  0.703941  0
4.000000  0.703348  0
4.026667  0.702754  0
4.053333  0.702161  0
4.080000  0.701568  0
4.106667  0.700975  0
4.133333  0.700382  0
4.160000  0.699789  0
4.186667  0.699196  0
4.213333  0.698603  0
4.240000  0.698010  0
4.266667  0.697416  0
4.293333  0.696823  0
4.320000  0.696230  0
4.346667  0.695637  0
4.373333  0.695044  0
4.400000  0.694451  0
4.426667  0.693858  0
4.453333  0.693265  0
4.480000  0.692672  0
4.506667  0.692078  0
4.533333  0.691485  0
4.560000  0.690892  0
4.586667  0.690299  0
4.613333  0.689706  0
4.640000  0.689113  0
4.666667  0.688520  0
4.693333  0.687927  0
4.720000  0.687333  0
4.746667  0.686740  0
4.773333  0.686147  0
4.800000  0.685326  0
4.826667  0.683949  0
4.853333  0.682572  0
4.880000  0.681195  0
4.906667  0.679818  0
4.933333  0.678441  0
4.960000  0.677064  0
4.986667  0.675687  0
5.013333  0.674311  0
5.040000  0.672934  0
5.066667  0.671557  0
5.093333  0.670180  0
5.120000  0.668803  0
5.146667  0.667426  0
5.173333  0.666049  0
5.200000  0.664672  0
5.226667  0.663296  0
5.253333  0.661919  0
5.280000  0.660542  0
5.306667  0.659165  0
5.333333  0.657788  0
5.360000  0.656411  0
5.386667  0.655034  0
5.413333  0.653658  0
5.440000  0.652281  0
5.466667  0.650904  0
5.493333  0.649527  0
5.520000  0.648150  0
5.546667  0.646773  0
5.573333  0.645396  0
5.600000  0.644019  0
5.626667  0.642643  0
5.653333  0.641266  0
5.680000  0.639889  0
5.706667  0.638512  0
5.733333  0.637135  0
5.760000  0.635758  0
5.786667  0.634381  0
5.813333  0.633004  0
5.840000  0.631628  0
5.866667  0.630251  0
5.893333  0.628874  0
5.920000  0.627497  0
5.946667  0.626120  0
5.973333  0.624677  0
6.000000  0.623194  0
6.026667  0.621711  0
6.053333  0.620229  0
6.080000  0.618746  0
6.106667  0.617263  0
6.133333  0.615780  0
6.160000  0.614298  0
6.186667  0.612815  0
6.213333  0.611332  0
6.240000  0.609849  0
6.266667  0.608366  0
6.293333  0.606884  0
6.320000  0.605401  0
6.346667  0.603918  0
6.373333  0.602435  0
6.400000  0.600953  0
6.426667  0.599470  0
6.453333  0.597987  0
6.480000  0.596504  0
6.506667  0.595021  0
6.533333  0.593539  0
6.560000  0.592056  0
6.586667  0.590573  0
6.613333  0.589090  0
6.640000  0.587607  0
6.666667  0.586125  0
6.693333  0.584642  0
6.720000  0.583487  0
6.746667  0.582598  0
6.773333  0.581708  0
6.800000  0.580818  0
6.826667  0.579929  0
6.853333  0.579039  0
6.880000  0.578149  0
6.906667  0.577260  0
6.933333  0.576370  0
6.960000  0.575480  0
6.986667  0.574591  0
7.013333  0.573701  0
7.040000  0.572811  0
7.066667  0.571922  0
7.093333  0.571032  0
7.120000  0.570142  0
7.146667  0.569253  0
7.173333  0.568363  0
7.200000  0.567473  0
7.226667  0.566584  0
7.253333  0.565694  0
7.280000  0.564804  0
7.306667  0.563915  0
7.333333  0.563067  0
7.360000  0.562440  0
7.386667  0.561813  0
7.413333  0.561185  0
7.440000  0.560558  0
7.466667  0.559931  0
7.493333  0.559303  0
7.520000  0.558676  0
7.546667  0.558049  0
7.573333  0.557421  0
7.600000  0.556794  0
7.626667  0.556167  0
7.653333  0.555539  0
7.680000  0.554912  0
7.706667  0.554285  0
7.733333  0.553657  0
7.760000  0.553030  0
7.786667  0.552403  0
7.813333  0.551775  0
7.840000  0.551148  0
7.866667  0.550521  0
7.893333  0.549893  0
7.920000  0.549266  0
7.946667  0.548639  0
7.973333  0.548011  0
8.000000  0.547384  0
8.026667  0.546757  0
8.053333  0.546129  0
8.080000  0.545502  0
8.106667  0.544875  0
8.133333  0.544247  0
8.160000  0.543620  0
8.186667  0.542993  0
8.213333  0.542365  0
8.240000  0.541738  0
8.266667  0.541111  0
8.293333  0.540483  0
8.320000  0.539856  0
8.346667  0.539229  0
8.373333  0.538601  0
8.400000  0.537974  0
8.426667  0.537417  0
8.453333  0.536903  0
8.480000  0.536390  0
8.506667  0.535877  0
8.533333  0.535363  0
8.560000  0.534850  0
8.586667  0.534337  0
8.613333  0.533824  0
8.640000  0.533310  0
8.666667  0.532797  0
8.693333  0.532284  0
8.720000  0.531771  0
8.746667  0.531257  0
8.773333  0.530744  0
8.800000  0.530231  0
8.826667  0.529717  0
8.853333  0.529204  0
8.880000  0.528691  0
8.906667  0.528178  0
8.933333  0.527664  0
8.960000  0.527151  0
8.986667  0.526638  0
9.013333  0.526125  0
9.040000  0.525611  0
9.066667  0.525098  0
9.093333  0.524585  0
9.120000  0.524072  0
9.146667  0.523558  0
9.173333  0.523045  0
9.200000  0.522532  0
9.226667  0.522018  0
9.253333  0.521505  0
9.280000  0.520992  0
9.306667  0.520479  0
9.333333  0.519965  0
9.360000  0.519452  0
9.386667  0.518939  0
9.413333  0.518426  0
9.440000  0.517912  0
9.466667  0.517399  0
9.493333  0.516886  0
9.520000  0.516372  0
9.546667  0.515859  0
9.573333  0.515346  0
9.600000  0.514833  0
9.626667  0.514319  0
9.653333  0.513806  0
9.680000  0.513293  0
9.706667  0.512780  0
9.733333  0.512266  0
9.760000  0.511753  0
9.786667  0.511240  0
9.813333  0.510726  0
9.840000  0.510213  0
9.866667  0.509700  0
9.893333  0.509187  0
9.920000  0.508673  0
9.946667  0.508160  0
9.973333  0.507647  0
10.000000  0.507134  0
10.026667  0.506620  0
10.053333  0.506107  0
10.080000  0.505594  0
10.106667  0.505080  0
10.133333  0.504567  0
10.160000  0.504054  0
10.186667  0.503541  0
10.213333  0.503027  0
10.240000  0.502514  0
10.266667  0.502001  0
10.293333  0.501488  0
10.320000  0.500974  0
10.346667  0.500461  0
10.373333  0.499948  0
10.400000  0.499434  0
10.426667  0.498921  0
10.453333  0.498408  0
10.480000  0.497895  0
10.506667  0.497381  0
10.533333  0.496868  0
10.560000  0.496355  0
10.586667  0.495980  0
10.613333  0.495734  0
10.640000  0.495487  0
10.666667  0.495241  0
10.693333  0.494995  0
10.720000  0.494749  0
10.746667  0.494502  0
10.773333  0.494256  0
10.800000  0.494010  0
10.826667  0.493764  0
10.853333  0.493517  0
10.880000  0.493271  0
10.906667  0.493025  0
10.933333  0.492779  0
10.960000  0.492533  0
10.986667  0.492286  0
11.013333  0.492040  0
11.040000  0.491794  0
11.066667  0.491548  0
11.093333  0.491301  0
11.120000  0.491055  0
11.146667  0.490809  0
11.173333  0.490563  0
11.200000  0.490316  0
11.226667  0.490070  0
11.253333  0.489824  0
11.280000  0.489578  0
11.306667  0.489331  0
11.333333  0.489085  0
11.360000  0.488839  0
11.386667  0.488593  0
11.413333  0.488346  0
11.440000  0.488100  0
11.466667  0.487854  0
11.493333  0.487608  0
11.520000  0.487362  0
11.546667  0.487115  0
11.573333  0.486869  0
11.600000  0.486623  0
11.626667  0.486377  0
11.653333  0.486130  0
11.680000  0.485884  0
11.706667  0.485638  0
11.733333  0.485392  0
11.760000  0.485145  0
11.786667  0.484899  0
11.813333  0.484653  0
11.840000  0.484407  0
11.866667  0.484160  0
11.893333  0.483914  0
11.920000  0.483668  0
11.946667  0.483422  0
11.973333  0.483175  0
12.000000  0.482929  0
12.026667  0.482683  0
12.053333  0.482437  0
12.080000  0.482191  0
12.106667  0.481944  0
12.133333  0.481698  0
12.160000  0.481452  0
12.186667  0.481206  0
12.213333  0.480959  0
12.240000  0.480713  0
12.266667  0.480467  0
12.293333  0.480221  0
12.320000  0.479974  0
12.346667  0.479728  0
12.373333  0.479482  0
12.400000  0.479236  0
12.426667  0.478989  0
12.453333  0.478743  0
12.480000  0.478497  0
12.506667  0.478251  0
12.533333  0.478004  0
12.560000  0.477758  0
12.586667  0.477512  0
12.613333  0.477266  0
12.640000  0.477020  0
12.666667  0.476773  0
12.693333  0.476527  0
12.720000  0.476281  0
12.746667  0.476035  0
12.773333  0.475788  0
12.800000  0.475542  0
12.826667  0.475296  0
12.853333  0.475050  0
12.880000  0.474803  0
12.906667  0.474557  0
12.933333  0.474311  0
12.960000  0.474065  0
12.986667  0.473818  0
13.013333  0.473572  0
13.040000  0.473326  0
13.066667  0.473080  0
13.093333  0.472833  0
13.120000  0.472587  0
13.146667  0.472341  0
13.173333  0.472095  0
13.200000  0.471849  0
13.226667  0.471602  0
13.253333  0.471356  0
13.280000  0.471110  0
13.306667  0.470864  0
13.333333  0.470617  0
13.360000  0.470371  0
13.386667  0.470125  0
13.413333  0.469879  0
13.440000  0.469632  0
13.466667  0.469386  0
13.493333  0.469140  0
13.520000  0.468894  0
13.546667  0.468647  0
13.573333  0.468401  0
13.600000  0.468155  0
13.626667  0.467909  0
13.653333  0.467662  0
13.680000  0.467416  0
13.706667  0.467170  0
13.733333  0.466924  0
13.760000  0.466678  0
13.786667  0.466431  0
13.813333  0.466185  0
13.840000  0.465939  0
13.866667  0.465693  0
13.893333  0.465446  0
13.920000  0.465200  0
13.946667  0.464954  0
13.973333  0.464708  0
14.000000  0.464461  0
14.026667  0.464215  0
14.053333  0.463969  0
14.080000  0.463723  0
14.106667  0.463476  0
14.133333  0.463230  0
14.160000  0.462984  0
14.186667  0.462738  0
14.213333  0.462491  0
14.240000  0.462245  0
14.266667  0.461999  0
14.293333  0.461753  0
14.320000  0.461507  0
14.346667  0.461260  0
14.373333  0.461014  0
14.400000  0.460768  0
14.426667  0.460522  0
14.453333  0.460275  0
14.480000  0.460029  0
14.506667  0.459783  0
14.533333  0.459537  0
14.560000  0.459290  0
14.586667  0.459044  0
14.613333  0.458798  0
14.640000  0.458552  0
14.666667  0.458305  0
14.693333  0.458059  0
14.720000  0.457813  0
14.746667  0.457567  0
14.773333  0.457320  0
14.800000  0.457074  0
14.826667  0.456828  0
14.853333  0.456582  0
14.880000  0.456336  0
14.906667  0.456089  0
14.933333  0.455843  0
14.960000  0.455597  0
14.986667  0.455351  0
15.013333  0.455104  0
15.040000  0.454858  0
15.066667  0.454612  0
15.093333  0.454366  0
15.120000  0.454119  0
15.146667  0.453873  0
15.173333  0.453627  0
15.200000  0.453381  0
15.226667  0.453134  0
15.253333  0.452888  0
15.280000  0.452642  0
15.306667  0.452396  0
15.333333  0.452149  0
15.360000  0.451903  0
15.386667  0.451657  0
15.413333  0.451411  0
15.440000  0.451164  0
15.466667  0.450918  0
15.493333  0.450672  0
15.520000  0.450426  0
15.546667  0.450180  0
15.573333  0.449933  0
15.600000  0.449687  0
15.626667  0.449441  0
15.653333  0.449195  0
15.680000  0.448948  0
15.706667  0.448702  0
15.733333  0.448456  0
15.760000  0.448210  0
15.786667  0.447963  0
15.813333  0.447717  0
15.840000  0.447471  0
15.866667  0.447225  0
15.893333  0.446978  0
15.920000  0.446732  0
15.946667  0.446486  0
15.973333  0.446240  0
16.000000  0.445993  0
16.026667  0.445747  0
16.053333  0.445501  0
16.080000  0.445255  0
16.106667  0.445009  0
16.133333  0.444762  0
16.160000  0.444516  0
16.186667  0.444270  0
16.213333  0.444024  0
16.240000  0.443777  0
16.266667  0.443531  0
16.293333  0.443285  0
16.320000  0.443039  0
16.346667  0.442834  0
16.373333  0.442666  0
16.400000  0.442498  0
16.426667  0.442331  0
16.453333  0.442163  0
16.480000  0.441995  0
16.506667  0.441828  0
16.533333  0.441660  0
16.560000  0.441493  0
16.586667  0.441325  0
16.613333  0.441157  0
16.640000  0.440990  0
16.666667  0.440822  0
16.693333  0.440655  0
16.720000  0.440487  0
16.746667  0.440319  0
16.773333  0.440152  0
16.800000  0.439984  0
16.826667  0.439816  0
16.853333  0.439649  0
16.880000  0.439481  0
16.906667  0.439314  0
16.933333  0.439146  0
16.960000  0.438978  0
16.986667  0.438811  0
17.013333  0.438643  0
17.040000  0.438475  0
17.066667  0.438308  0
17.093333  0.438140  0
17.120000  0.437973  0
17.146667  0.437805  0
17.173333  0.437637  0
17.200000  0.437470  0
17.226667  0.437302  0
17.253333  0.437135  0
17.280000  0.436967  0
17.306667  0.436799  0
17.333333  0.436632  0
17.360000  0.436464  0
17.386667  0.436296  0
17.413333  0.436129  0
17.440000  0.435961  0
17.466667  0.435794  0
17.493333  0.435626  0
17.520000  0.435458  0
17.546667  0.435291  0
17.573333  0.435123  0
17.600000  0.434955  0
17.626667  0.434788  0
17.653333  0.434620  0
17.680000  0.434453  0
17.706667  0.434285  0
17.733333  0.434117  0
17.760000  0.433950  0
17.786667  0.433782  0
17.813333  0.433615  0
17.840000  0.433447  0
17.866667  0.433279  0
17.893333  0.433112  0
17.920000  0.432944  0
17.946667  0.432776  0
17.973333  0.432609  0
18.000000  0.432441  0
18.026667  0.432274  0
18.053333  0.432106  0
18.080000  0.431938  0
18.106667  0.431771  0
18.133333  0.431603  0
18.160000  0.431435  0
18.186667  0.431268  0
18.213333  0.431100  0
18.240000  0.430933  0
18.266667  0.430765  0
18.293333  0.430597  0
18.320000  0.430430  0
18.346667  0.430262  0
18.373333  0.430095  0
18.400000  0.429927  0
18.426667  0.429759  0
18.453333  0.429592  0
18.480000  0.429424  0
18.506667  0.429256  0
18.533333  0.429089  0
18.560000  0.428921  0
18.586667  0.428754  0
18.613333  0.428586  0
18.640000  0.428418  0
18.666667  0.428251  0
18.693333  0.428083  0
18.720000  0.427915  0
18.746667  0.427748  0
18.773333  0.427580  0
18.800000  0.427413  0
18.826667  0.427245  0
18.853333  0.427077  0
18.880000  0.426910  0
18.906667  0.426742  0
18.933333  0.426575  0
18.960000  0.426407  0
18.986667  0.426239  0
19.013333  0.426072  0
19.040000  0.425904  0
19.066667  0.425736  0
19.093333  0.425569  0
19.120000  0.425401  0
19.146667  0.425234  0
19.173333  0.425066  0
19.200000  0.424898  0
19.226667  0.424731  0
19.253333  0.424563  0
19.280000  0.424395  0
19.306667  0.424228  0
19.333333  0.424060  0
19.360000  0.423893  0
19.386667  0.423725  0
19.413333  0.423557  0
19.440000  0.423390  0
19.466667  0.423222  0
19.493333  0.423055  0
19.520000  0.422887  0
19.546667  0.422719  0
19.573333  0.422552  0
19.600000  0.422384  0
19.626667  0.422216  0
19.653333  0.422049  0
19.680000  0.421881  0
19.706667  0.421714  0
19.733333  0.421546  0
19.760000  0.421378  0
19.786667  0.421211  0
19.813333  0.421043  0
19.840000  0.420875  0
19.866667  0.420708  0
19.893333  0.420540  0
19.920000  0.420373  0
19.946667  0.420205  0
19.973333  0.420037  0
20.000000  0.419870  0
20.026667  0.419702  0
20.053333  0.419535  0
20.080000  0.419367  0
20.106667  0.419199  0
20.133333  0.419032  0
20.160000  0.418864  0
20.186667  0.418696  0
20.213333  0.418529  0
20.240000  0.418361  0
20.266667  0.418194  0
20.293333  0.418026  0
20.320000  0.417858  0
20.346667  0.417691  0
20.373333  0.417523  0
20.400000  0.417355  0
20.426667  0.417188  0
20.453333  0.417020  0
20.480000  0.416853  0
20.506667  0.416685  0
20.533333  0.416517  0
20.560000  0.416350  0
20.586667  0.416182  0
20.613333  0.416015  0
20.640000  0.415847  0
20.666667  0.415679  0
20.693333  0.415512  0
20.720000  0.415344  0
20.746667  0.415176  0
20.773333  0.415009  0
20.800000  0.414841  0
20.826667  0.414674  0
20.853333  0.414506  0
20.880000  0.414338  0
20.906667  0.414171  0
20.933333  0.414003  0
20.960000  0.413835  0
20.986667  0.413668  0
21.013333  0.413500  0
21.040000  0.413333  0
21.066667  0.413165  0
21.093333  0.412997  0
21.120000  0.412838  0
21.146667  0.412715  0
21.173333  0.412592  0
21.200000  0.412468  0
21.226667  0.412345  0
21.253333  0.412222  0
21.280000  0.412099  0
21.306667  0.411976  0
21.333333  0.411853  0
21.360000  0.411730  0
21.386667  0.411607  0
21.413333  0.411484  0
21.440000  0.411361  0
21.466667  0.411237  0
21.493333  0.411114  0
21.520000  0.410991  0
21.546667  0.410868  0
21.573333  0.410745  0
21.600000  0.410622  0
21.626667  0.410499  0
21.653333  0.410376  0
21.680000  0.410253  0
21.706667  0.410130  0
21.733333  0.410006  0
21.760000  0.409883  0
21.786667  0.409760  0
21.813333  0.409637  0
21.840000  0.409514  0
21.866667  0.409391  0
21.893333  0.409268  0
21.920000  0.409145  0
21.946667  0.409022  0
21.973333  0.408899  0
22.000000  0.408775  0
22.026667  0.408652  0
22.053333  0.408529  0
22.080000  0.408406  0
22.106667  0.408283  0
22.133333  0.408160  0
22.160000  0.408037  0
22.186667  0.407914  0
22.213333  0.407791  0
22.240000  0.407668  0
22.266667  0.407544  0
22.293333  0.407421  0
22.320000  0.407298  0
22.346667  0.407175  0
22.373333  0.407052  0
22.400000  0.406929  0
22.426667  0.406806  0
22.453333  0.406683  0
22.480000  0.406560  0
22.506667  0.406437  0
22.533333  0.406313  0
22.560000  0.406190  0
22.586667  0.406067  0
22.613333  0.405944  0
22.640000  0.405821  0
22.666667  0.405698  0
22.693333  0.405575  0
22.720000  0.405452  0
22.746667  0.405329  0
22.773333  0.405206  0
22.800000  0.405082  0
22.826667  0.404959  0
22.853333  0.404836  0
22.880000  0.404713  0
22.906667  0.404590  0
22.933333  0.404467  0
22.960000  0.404344  0
22.986667  0.404221  0
23.013333  0.404098  0
23.040000  0.403975  0
23.066667  0.403852  0
23.093333  0.403728  0
23.120000  0.403605  0
23.146667  0.403482  0
23.173333  0.403359  0
23.200000  0.403236  0
23.226667  0.403113  0
23.253333  0.402990  0
23.280000  0.402867  0
23.306667  0.402744  0
23.333333  0.402621  0
23.360000  0.402497  0
23.386667  0.402374  0
23.413333  0.402251  0
23.440000  0.402128  0
23.466667  0.402005  0
23.493333  0.401882  0
23.520000  0.401759  0
23.546667  0.401636  0
23.573333  0.401513  0
23.600000  0.401390  0
23.626667  0.401266  0
23.653333  0.401143  0
23.680000  0.401020  0
23.706667  0.400897  0
23.733333  0.400774  0
23.760000  0.400651  0
23.786667  0.400528  0
23.813333  0.400405  0
23.840000  0.400282  0
23.866667  0.400159  0
23.893333  0.400035  0
23.920000  0.399912  0
23.946667  0.399789  0
23.973333  0.399666  0
24.000000  0.399543  0
24.026667  0.399420  0
24.053333  0.399297  0
24.080000  0.399174  0
24.106667  0.399051  0
24.133333  0.398928  0
24.160000  0.398804  0
24.186667  0.398681  0
24.213333  0.398558  0
24.240000  0.398435  0
24.266667  0.398312  0
24.293333  0.398189  0
24.320000  0.398066  0
24.346667  0.397943  0
24.373333  0.397820  0
24.400000  0.397697  0
24.426667  0.397573  0
24.453333  0.397450  0
24.480000  0.397327  0
24.506667  0.397204  0
24.533333  0.397081  0
24.560000  0.396958  0
24.586667  0.396835  0
24.613333  0.396712  0
24.640000  0.396589  0
24.666667  0.396466  0
24.693333  0.396342  0
24.720000  0.396219  0
24.746667  0.396096  0
24.773333  0.395973  0
24.800000  0.395850  0
24.826667  0.395727  0
24.853333  0.395604  0
24.880000  0.395481  0
24.906667  0.395358  0
24.933333  0.395235  0
24.960000  0.395111  0
24.986667  0.394988  0
25.013333  0.394865  0
25.040000  0.394742  0
25.066667  0.394619  0
25.093333  0.394496  0
25.120000  0.394373  0
25.146667  0.394250  0
25.173333  0.394127  0
25.200000  0.394004  0
25.226667  0.393880  0
25.253333  0.393757  0
25.280000  0.393634  0
25.306667  0.393511  0
25.333333  0.393388  0
25.360000  0.393265  0
25.386667  0.393142  0
25.413333  0.393019  0
25.440000  0.392896  0
25.466667  0.392773  0
25.493333  0.392649  0
25.520000  0.392526  0
25.546667  0.392403  0
25.573333  0.392280  0
25.600000  0.392157  0
25.626667  0.392034  0
25.653333  0.391911  0
25.680000  0.391788  0
25.706667  0.391665  0
25.733333  0.391542  0
25.760000  0.391419  0
25.786667  0.391295  0
25.813333  0.391172  0
25.840000  0.391049  0
25.866667  0.390926  0
25.893333  0.390803  0
25.920000  0.390680  0
25.946667  0.390557  0
25.973333  0.390434  0
26.000000  0.390311  0
26.026667  0.390188  0
26.053333  0.390064  0
26.080000  0.389941  0
26.106667  0.389818  0
26.133333  0.389695  0
26.160000  0.389572  0
26.186667  0.389449  0
26.213333  0.389326  0
26.240000  0.389203  0
26.266667  0.389080  0
26.293333  0.388957  0
26.320000  0.388833  0
26.346667  0.388710  0
26.373333  0.388587  0
26.400000  0.388464  0
26.426667  0.388341  0
26.453333  0.388218  0
26.480000  0.388095  0
26.506667  0.387972  0
26.533333  0.387849  0
26.560000  0.387726  0
26.586667  0.387602  0
26.613333  0.387479  0
