3.466667  0.762857  0
3.493333  0.761439  0
3.520000  0.759980  0
3.546667  0.758488  0
3.573333  0.756969  0
3.600000  0.755430  0
3.626667  0.753874  0
3.653333  0.752308  0
3.680000  0.750737  0
3.706667  0.749167  0
3.733333  0.747603  0
3.760000  0.746053  0
3.786667  0.744520  0
3.813333  0.743012  0
3.840000  0.741530  0
3.866667  0.740080  0
3.893333  0.738662  0
3.920000  0.737275  0
3.946667  0.735920  0
3.973333  0.734592  0
4.000000  0.733288  0
4.026667  0.732004  0
4.053333  0.730737  0
4.080000  0.729481  0
4.106667  0.728234  0
4.133333  0.726994  0
4.160000  0.725758  0
4.186667  0.724526  0
4.213333  0.723296  0
4.240000  0.722069  0
4.266667  0.720845  0
4.293333  0.719624  0
4.320000  0.718408  0
4.346667  0.717196  0
4.373333  0.715990  0
4.400000  0.714791  0
4.426667  0.713601  0
4.453333  0.712419  0
4.480000  0.711250  0
4.506667  0.710095  0
4.533333  0.708958  0
4.560000  0.707844  0
4.586667  0.706758  0
4.613333  0.705707  0
4.640000  0.704698  0
4.666667  0.703735  0
4.693333  0.702823  0
4.720000  0.701967  0
4.746667  0.701164  0
4.773333  0.700415  0
4.800000  0.699715  0
4.826667  0.699057  0
4.853333  0.698437  0
4.880000  0.697846  0
4.906667  0.697277  0
4.933333  0.696726  0
4.960000  0.696188  0
4.986667  0.695659  0
5.013333  0.695138  0
5.040000  0.694623  0
5.066667  0.694115  0
5.093333  0.693616  0
5.120000  0.693127  0
5.146667  0.692651  0
5.173333  0.692188  0
5.200000  0.691740  0
5.226667  0.691304  0
5.253333  0.690878  0
5.280000  0.690452  0
5.306667  0.690019  0
5.333333  0.689565  0
5.360000  0.689079  0
5.386667  0.688546  0
5.413333  0.687958  0
5.440000  0.687306  0
5.466667  0.686585  0
5.493333  0.685795  0
5.520000  0.684939  0
5.546667  0.684021  0
5.573333  0.683045  0
5.600000  0.682018  0
5.626667  0.680944  0
5.653333  0.679827  0
5.680000  0.678670  0
5.706667  0.677476  0
5.733333  0.676247  0
5.760000  0.674984  0
5.786667  0.673688  0
5.813333  0.672359  0
5.840000  0.670995  0
5.866667  0.669594  0
5.893333  0.668149  0
5.920000  0.666655  0
5.946667  0.665103  0
5.973333  0.663486  0
6.000000  0.661798  0
6.026667  0.660034  0
6.053333  0.658195  0
6.080000  0.656284  0
6.106667  0.654310  0
6.133333  0.652285  0
6.160000  0.650218  0
6.186667  0.648120  0
6.213333  0.645995  0
6.240000  0.643839  0
6.266667  0.641637  0
6.293333  0.639365  0
6.320000  0.636988  0
6.346667  0.634465  0
6.373333  0.631754  0
6.400000  0.628816  0
6.426667  0.625625  0
6.453333  0.622168  0
6.480000  0.618458  0
6.506667  0.614530  0
6.533333  0.610441  0
6.560000  0.606270  0
6.586667  0.602111  0
6.613333  0.598059  0
6.640000  0.594203  0
6.666667  0.590612  0
6.693333  0.587333  0
6.720000  0.584382  0
6.746667  0.581749  0
6.773333  0.579410  0
6.800000  0.577332  0
6.826667  0.575485  0
6.853333  0.573852  0
6.880000  0.572422  0
6.906667  0.571192  0
6.933333  0.570155  0
6.960000  0.569289  0
6.986667  0.568558  0
7.013333  0.567908  0
7.040000  0.567277  0
7.066667  0.566603  0
7.093333  0.565836  0
7.120000  0.564945  0
7.146667  0.563922  0
7.173333  0.562776  0
7.200000  0.561528  0
7.226667  0.560203  0
7.253333  0.558827  0
7.280000  0.557420  0
7.306667  0.555998  0
7.333333  0.554578  0
7.360000  0.553173  0
7.386667  0.551800  0
7.413333  0.550473  0
7.440000  0.549205  0
7.466667  0.548006  0
7.493333  0.546879  0
7.520000  0.545824  0
7.546667  0.544834  0
7.573333  0.543905  0
7.600000  0.543036  0
7.626667  0.542228  0
7.653333  0.541492  0
7.680000  0.540843  0
7.706667  0.540296  0
7.733333  0.539866  0
7.760000  0.539560  0
7.786667  0.539378  0
7.813333  0.539304  0
7.840000  0.539315  0
7.866667  0.539379  0
7.893333  0.539461  0
7.920000  0.539522  0
7.946667  0.539529  0
7.973333  0.539452  0
8.000000  0.539263  0
8.026667  0.538939  0
8.053333  0.538459  0
8.080000  0.537807  0
8.106667  0.536973  0
8.133333  0.535959  0
8.160000  0.534780  0
8.186667  0.533467  0
8.213333  0.532072  0
8.240000  0.530657  0
8.266667  0.529292  0
8.293333  0.528043  0
8.320000  0.526965  0
8.346667  0.526093  0
8.373333  0.525438  0
8.400000  0.524989  0
8.426667  0.524714  0
8.453333  0.524568  0
8.480000  0.524502  0
8.506667  0.524467  0
8.533333  0.524420  0
8.560000  0.524329  0
8.586667  0.524170  0
8.613333  0.523931  0
8.640000  0.523604  0
8.666667  0.523187  0
8.693333  0.522679  0
8.720000  0.522080  0
8.746667  0.521387  0
8.773333  0.520604  0
8.800000  0.519734  0
8.826667  0.518793  0
8.853333  0.517805  0
8.880000  0.516805  0
8.906667  0.515838  0
8.933333  0.514949  0
8.960000  0.514180  0
8.986667  0.513558  0
9.013333  0.513092  0
9.040000  0.512774  0
9.066667  0.512573  0
9.093333  0.512449  0
9.120000  0.512356  0
9.146667  0.512251  0
9.173333  0.512098  0
9.200000  0.511871  0
9.226667  0.511557  0
9.253333  0.511152  0
9.280000  0.510662  0
9.306667  0.510098  0
9.333333  0.509474  0
9.360000  0.508806  0
9.386667  0.508107  0
9.413333  0.507388  0
9.440000  0.506658  0
9.466667  0.505923  0
9.493333  0.505187  0
9.520000  0.504456  0
9.546667  0.503737  0
9.573333  0.503038  0
9.600000  0.502371  0
9.626667  0.501745  0
9.653333  0.501169  0
9.680000  0.500648  0
9.706667  0.500181  0
9.733333  0.499762  0
9.760000  0.499382  0
9.786667  0.499029  0
9.813333  0.498691  0
9.840000  0.498356  0
9.866667  0.498017  0
9.893333  0.497670  0
9.920000  0.497313  0
9.946667  0.496952  0
9.973333  0.496594  0
10.000000  0.496254  0
10.026667  0.495949  0
10.053333  0.495700  0
10.080000  0.495527  0
10.106667  0.495445  0
10.133333  0.495462  0
10.160000  0.495573  0
10.186667  0.495762  0
10.213333  0.496000  0
10.240000  0.496252  0
10.266667  0.496481  0
10.293333  0.496654  0
10.320000  0.496750  0
10.346667  0.496758  0
10.373333  0.496679  0
10.400000  0.496523  0
10.426667  0.496307  0
10.453333  0.496048  0
10.480000  0.495765  0
10.506667  0.495474  0
10.533333  0.495188  0
10.560000  0.494918  0
10.586667  0.494670  0
10.613333  0.494451  0
10.640000  0.494261  0
10.666667  0.494098  0
10.693333  0.493957  0
10.720000  0.493833  0
10.746667  0.493721  0
10.773333  0.493616  0
10.800000  0.493519  0
10.826667  0.493430  0
10.853333  0.493353  0
10.880000  0.493291  0
10.906667  0.493246  0
10.933333  0.493216  0
10.960000  0.493199  0
10.986667  0.493189  0
11.013333  0.493179  0
11.040000  0.493163  0
11.066667  0.493138  0
11.093333  0.493099  0
11.120000  0.493047  0
11.146667  0.492981  0
11.173333  0.492901  0
11.200000  0.492810  0
11.226667  0.492706  0
11.253333  0.492588  0
11.280000  0.492457  0
11.306667  0.492311  0
11.333333  0.492149  0
11.360000  0.491973  0
11.386667  0.491783  0
11.413333  0.491582  0
11.440000  0.491375  0
11.466667  0.491166  0
11.493333  0.490961  0
11.520000  0.490768  0
11.546667  0.490591  0
11.573333  0.490435  0
11.600000  0.490303  0
11.626667  0.490195  0
11.653333  0.490108  0
11.680000  0.490037  0
11.706667  0.489978  0
11.733333  0.489923  0
11.760000  0.489867  0
11.786667  0.489806  0
11.813333  0.489736  0
11.840000  0.489654  0
11.866667  0.489557  0
11.893333  0.489441  0
11.920000  0.489305  0
11.946667  0.489145  0
11.973333  0.488960  0
12.000000  0.488750  0
12.026667  0.488516  0
12.053333  0.488260  0
12.080000  0.487984  0
12.106667  0.487692  0
12.133333  0.487390  0
12.160000  0.487083  0
12.186667  0.486781  0
12.213333  0.486496  0
12.240000  0.486240  0
12.266667  0.486028  0
12.293333  0.485874  0
12.320000  0.485786  0
12.346667  0.485770  0
12.373333  0.485825  0
12.400000  0.485943  0
12.426667  0.486112  0
12.453333  0.486313  0
12.480000  0.486525  0
12.506667  0.486726  0
12.533333  0.486893  0
12.560000  0.487005  0
12.586667  0.487049  0
12.613333  0.487014  0
12.640000  0.486900  0
12.666667  0.486714  0
12.693333  0.486468  0
12.720000  0.486179  0
12.746667  0.485865  0
12.773333  0.485545  0
12.800000  0.485230  0
12.826667  0.484930  0
12.853333  0.484649  0
12.880000  0.484385  0
12.906667  0.484137  0
12.933333  0.483897  0
12.960000  0.483661  0
12.986667  0.483422  0
13.013333  0.483172  0
13.040000  0.482907  0
13.066667  0.482622  0
13.093333  0.482319  0
13.120000  0.482000  0
13.146667  0.481673  0
13.173333  0.481349  0
13.200000  0.481044  0
13.226667  0.480773  0
13.253333  0.480547  0
13.280000  0.480374  0
13.306667  0.480256  0
13.333333  0.480187  0
13.360000  0.480155  0
13.386667  0.480145  0
13.413333  0.480139  0
13.440000  0.480126  0
13.466667  0.480094  0
13.493333  0.480039  0
13.520000  0.479958  0
13.546667  0.479852  0
13.573333  0.479723  0
13.600000  0.479571  0
13.626667  0.479397  0
13.653333  0.479200  0
13.680000  0.478978  0
13.706667  0.478729  0
13.733333  0.478452  0
13.760000  0.478146  0
13.786667  0.477812  0
13.813333  0.477453  0
13.840000  0.477076  0
13.866667  0.476690  0
13.893333  0.476309  0
13.920000  0.475949  0
13.946667  0.475626  0
13.973333  0.475357  0
14.000000  0.475152  0
14.026667  0.475018  0
14.053333  0.474953  0
14.080000  0.474949  0
14.106667  0.474993  0
14.133333  0.475070  0
14.160000  0.475161  0
14.186667  0.475253  0
14.213333  0.475337  0
14.240000  0.475407  0
14.266667  0.475464  0
14.293333  0.475510  0
14.320000  0.475550  0
14.346667  0.475588  0
14.373333  0.475625  0
14.400000  0.475658  0
14.426667  0.475684  0
14.453333  0.475694  0
14.480000  0.475679  0
14.506667  0.475633  0
14.533333  0.475548  0
14.560000  0.475423  0
14.586667  0.475258  0
14.613333  0.475061  0
14.640000  0.474841  0
14.666667  0.474613  0
14.693333  0.474393  0
14.720000  0.474198  0
14.746667  0.474044  0
14.773333  0.473947  0
14.800000  0.473916  0
14.826667  0.473958  0
14.853333  0.474071  0
14.880000  0.474250  0
14.906667  0.474480  0
14.933333  0.474745  0
14.960000  0.475022  0
14.986667  0.475292  0
15.013333  0.475535  0
15.040000  0.475737  0
15.066667  0.475888  0
15.093333  0.475985  0
15.120000  0.476030  0
15.146667  0.476029  0
15.173333  0.475989  0
15.200000  0.475919  0
15.226667  0.475826  0
15.253333  0.475718  0
15.280000  0.475598  0
15.306667  0.475473  0
15.333333  0.475343  0
15.360000  0.475211  0
15.386667  0.475078  0
15.413333  0.474944  0
15.440000  0.474809  0
15.466667  0.474675  0
15.493333  0.474541  0
15.520000  0.474406  0
15.546667  0.474272  0
15.573333  0.474137  0
15.600000  0.474003  0
15.626667  0.473868  0
15.653333  0.473734  0
15.680000  0.473599  0
15.706667  0.473465  0
15.733333  0.473330  0
15.760000  0.473196  0
15.786667  0.473061  0
15.813333  0.472927  0
15.840000  0.472792  0
15.866667  0.472658  0
15.893333  0.472523  0
15.920000  0.472389  0
15.946667  0.472254  0
15.973333  0.472120  0
16.000000  0.471985  0
16.026667  0.471851  0
16.053333  0.471716  0
16.080000  0.471582  0
16.106667  0.471447  0
16.133333  0.471313  0
16.160000  0.471178  0
16.186667  0.471044  0
16.213333  0.470910  0
16.240000  0.470775  0
16.266667  0.470641  0
16.293333  0.470506  0
16.320000  0.470372  0
16.346667  0.470237  0
16.373333  0.470103  0
16.400000  0.469968  0
16.426667  0.469834  0
16.453333  0.469699  0
16.480000  0.469565  0
16.506667  0.469430  0
16.533333  0.469296  0
16.560000  0.469161  0
16.586667  0.469027  0
16.613333  0.468892  0
16.640000  0.468758  0
16.666667  0.468623  0
16.693333  0.468489  0
16.720000  0.468354  0
16.746667  0.468220  0
16.773333  0.468085  0
16.800000  0.467951  0
16.826667  0.467816  0
16.853333  0.467682  0
16.880000  0.467547  0
16.906667  0.467413  0
16.933333  0.467278  0
16.960000  0.467144  0
16.986667  0.467009  0
17.013333  0.466875  0
17.040000  0.466740  0
17.066667  0.466606  0
17.093333  0.466471  0
17.120000  0.466337  0
17.146667  0.466202  0
17.173333  0.466068  0
17.200000  0.465933  0
17.226667  0.465799  0
17.253333  0.465664  0
17.280000  0.465530  0
17.306667  0.465395  0
17.333333  0.465261  0
17.360000  0.465126  0
17.386667  0.464992  0
17.413333  0.464857  0
17.440000  0.464723  0
17.466667  0.464589  0
17.493333  0.464454  0
17.520000  0.464320  0
17.546667  0.464185  0
17.573333  0.464051  0
17.600000  0.463916  0
17.626667  0.463782  0
17.653333  0.463647  0
17.680000  0.463513  0
17.706667  0.463378  0
17.733333  0.463244  0
17.760000  0.463109  0
17.786667  0.462975  0
17.813333  0.462840  0
17.840000  0.462706  0
17.866667  0.462571  0
17.893333  0.462437  0
17.920000  0.462302  0
17.946667  0.462168  0
17.973333  0.462033  0
18.000000  0.461899  0
18.026667  0.461764  0
18.053333  0.461630  0
18.080000  0.461495  0
18.106667  0.461361  0
18.133333  0.461226  0
18.160000  0.461092  0
18.186667  0.460957  0
18.213333  0.460823  0
18.240000  0.460688  0
18.266667  0.460554  0
18.293333  0.460419  0
18.320000  0.460285  0
18.346667  0.460150  0
18.373333  0.460016  0
18.400000  0.459882  0
18.426667  0.459748  0
18.453333  0.459614  0
18.480000  0.459480  0
18.506667  0.459348  0
18.533333  0.459218  0
18.560000  0.459090  0
18.586667  0.458966  0
18.613333  0.458849  0
18.640000  0.458739  0
18.666667  0.458641  0
18.693333  0.458557  0
18.720000  0.458490  0
18.746667  0.458443  0
18.773333  0.458418  0
18.800000  0.458417  0
18.826667  0.458439  0
18.853333  0.458484  0
18.880000  0.458551  0
18.906667  0.458636  0
18.933333  0.458737  0
18.960000  0.458851  0
18.986667  0.458975  0
19.013333  0.459106  0
19.040000  0.459243  0
19.066667  0.459383  0
19.093333  0.459525  0
19.120000  0.459669  0
19.146667  0.459813  0
19.173333  0.459958  0
19.200000  0.460104  0
19.226667  0.460249  0
19.253333  0.460394  0
19.280000  0.460540  0
19.306667  0.460685  0
19.333333  0.460831  0
19.360000  0.460976  0
19.386667  0.461122  0
19.413333  0.461267  0
19.440000  0.461413  0
19.466667  0.461558  0
19.493333  0.461704  0
19.520000  0.461849  0
19.546667  0.461995  0
19.573333  0.462140  0
19.600000  0.462286  0
19.626667  0.462431  0
19.653333  0.462577  0
19.680000  0.462722  0
19.706667  0.462868  0
19.733333  0.463013  0
19.760000  0.463159  0
19.786667  0.463304  0
19.813333  0.463450  0
19.840000  0.463595  0
19.866667  0.463741  0
19.893333  0.463886  0
19.920000  0.464032  0
19.946667  0.464177  0
19.973333  0.464323  0
20.000000  0.464468  0
20.026667  0.464614  0
20.053333  0.464759  0
20.080000  0.464905  0
20.106667  0.465050  0
20.133333  0.465195  0
20.160000  0.465341  0
20.186667  0.465486  0
20.213333  0.465632  0
20.240000  0.465777  0
20.266667  0.465923  0
20.293333  0.466068  0
20.320000  0.466214  0
20.346667  0.466359  0
20.373333  0.466505  0
20.400000  0.466650  0
20.426667  0.466796  0
20.453333  0.466941  0
20.480000  0.467087  0
20.506667  0.467232  0
20.533333  0.467378  0
20.560000  0.467523  0
20.586667  0.467669  0
20.613333  0.467814  0
20.640000  0.467960  0
20.666667  0.468105  0
20.693333  0.468251  0
20.720000  0.468396  0
20.746667  0.468542  0
20.773333  0.468687  0
20.800000  0.468833  0
20.826667  0.468978  0
20.853333  0.469123  0
20.880000  0.469268  0
20.906667  0.469413  0
20.933333  0.469557  0
20.960000  0.469700  0
20.986667  0.469840  0
21.013333  0.469977  0
21.040000  0.470110  0
21.066667  0.470235  0
21.093333  0.470352  0
21.120000  0.470455  0
21.146667  0.470543  0
21.173333  0.470612  0
21.200000  0.470660  0
21.226667  0.470685  0
