2.320000  1.073909  0
2.346667  1.068195  0
2.373333  1.062481  0
2.400000  1.056767  0
2.426667  1.051053  0
2.453333  1.045339  0
2.480000  1.039625  0
2.506667  1.033911  0
2.533333  1.028196  0
2.560000  1.022482  0
2.586667  1.016768  0
2.613333  1.011054  0
2.640000  1.005340  0
2.666667  0.999626  0
2.693333  0.993912  0
2.720000  0.988198  0
2.746667  0.982484  0
2.773333  0.976769  0
2.800000  0.971055  0
2.826667  0.965341  0
2.853333  0.959627  0
2.880000  0.953913  0
2.906667  0.948199  0
2.933333  0.942485  0
2.960000  0.936771  0
2.986667  0.931057  0
3.013333  0.925342  0
3.040000  0.919628  0
3.066667  0.913914  0
3.093333  0.908200  0
3.120000  0.902486  0
3.146667  0.896772  0
3.173333  0.891058  0
3.200000  0.887950  0
3.226667  0.883407  0
3.253333  0.878581  0
3.280000  0.873732  0
3.306667  0.868883  0
3.333333  0.864034  0
3.360000  0.859185  0
3.386667  0.854336  0
3.413333  0.849487  0
3.440000  0.844638  0
3.466667  0.839788  0
3.493333  0.834924  0
3.520000  0.829939  0
3.546667  0.824508  0
3.573333  0.818396  0
3.600000  0.811886  0
3.626667  0.805287  0
3.653333  0.798680  0
3.680000  0.792074  0
3.706667  0.785468  0
3.733333  0.778870  0
3.760000  0.772373  0
3.786667  0.766357  0
3.813333  0.761241  0
3.840000  0.756849  0
3.866667  0.752728  0
3.893333  0.748653  0
3.920000  0.744582  0
3.946667  0.740510  0
3.973333  0.736439  0
4.000000  0.732368  0
4.026667  0.728296  0
4.053333  0.724224  0
4.080000  0.720137  0
4.106667  0.715961  0
4.133333  0.711539  0
4.160000  0.706799  0
4.186667  0.701886  0
4.213333  0.696936  0
4.240000  0.691983  0
4.266667  0.687032  0
4.293333  0.682116  0
4.320000  0.677376  0
4.346667  0.673036  0
4.373333  0.669117  0
4.400000  0.665401  0
4.426667  0.661726  0
4.453333  0.658054  0
4.480000  0.654382  0
4.506667  0.650710  0
4.533333  0.647038  0
4.560000  0.643366  0
4.586667  0.639694  0
4.613333  0.636022  0
4.640000  0.632350  0
4.666667  0.628678  0
4.693333  0.625006  0
4.720000  0.621341  0
4.746667  0.617750  0
4.773333  0.614506  0
4.800000  0.611897  0
4.826667  0.609809  0
4.853333  0.608006  0
4.880000  0.606380  0
4.906667  0.604894  0
4.933333  0.603532  0
4.960000  0.602281  0
4.986667  0.601132  0
5.013333  0.600074  0
5.040000  0.599096  0
5.066667  0.598180  0
5.093333  0.597309  0
5.120000  0.596465  0
5.146667  0.595631  0
5.173333  0.594790  0
5.200000  0.593934  0
5.226667  0.593055  0
5.253333  0.592152  0
5.280000  0.591227  0
5.306667  0.590286  0
5.333333  0.589336  0
5.360000  0.588385  0
5.386667  0.587438  0
5.413333  0.586501  0
5.440000  0.585575  0
5.466667  0.584656  0
5.493333  0.583739  0
5.520000  0.582814  0
5.546667  0.581871  0
5.573333  0.580896  0
5.600000  0.579879  0
5.626667  0.578808  0
5.653333  0.577677  0
5.680000  0.576485  0
5.706667  0.575235  0
5.733333  0.573935  0
5.760000  0.572598  0
5.786667  0.571241  0
5.813333  0.569881  0
5.840000  0.568534  0
5.866667  0.567214  0
5.893333  0.565929  0
5.920000  0.564684  0
5.946667  0.563473  0
5.973333  0.562288  0
6.000000  0.561116  0
6.026667  0.559937  0
6.053333  0.558735  0
6.080000  0.557492  0
6.106667  0.556192  0
6.133333  0.554824  0
6.160000  0.553382  0
6.186667  0.551863  0
6.213333  0.550269  0
6.240000  0.548605  0
6.266667  0.546879  0
6.293333  0.545101  0
6.320000  0.543280  0
6.346667  0.541427  0
6.373333  0.539550  0
6.400000  0.537657  0
6.426667  0.535754  0
6.453333  0.533846  0
6.480000  0.531935  0
6.506667  0.530022  0
6.533333  0.528106  0
6.560000  0.526181  0
6.586667  0.524243  0
6.613333  0.522283  0
6.640000  0.520291  0
6.666667  0.518255  0
6.693333  0.516163  0
6.720000  0.514004  0
6.746667  0.511765  0
6.773333  0.509440  0
6.800000  0.507023  0
6.826667  0.504516  0
6.853333  0.501924  0
6.880000  0.499261  0
6.906667  0.496545  0
6.933333  0.493800  0
6.960000  0.491050  0
6.986667  0.488324  0
7.013333  0.485649  0
7.040000  0.483049  0
7.066667  0.480542  0
7.093333  0.478142  0
7.120000  0.475858  0
7.146667  0.473691  0
7.173333  0.471638  0
7.200000  0.469691  0
7.226667  0.467839  0
7.253333  0.466071  0
7.280000  0.464373  0
7.306667  0.462734  0
7.333333  0.461140  0
7.360000  0.459583  0
7.386667  0.458053  0
7.413333  0.456546  0
7.440000  0.455057  0
7.466667  0.453585  0
7.493333  0.452131  0
7.520000  0.450699  0
7.546667  0.449292  0
7.573333  0.447917  0
7.600000  0.446579  0
7.626667  0.445283  0
7.653333  0.444035  0
7.680000  0.442837  0
7.706667  0.441692  0
7.733333  0.440602  0
7.760000  0.439567  0
7.786667  0.438587  0
7.813333  0.437661  0
7.840000  0.436788  0
7.866667  0.435965  0
7.893333  0.435189  0
7.920000  0.434459  0
7.946667  0.433769  0
7.973333  0.433116  0
8.000000  0.432495  0
8.026667  0.431903  0
8.053333  0.431338  0
8.080000  0.430797  0
8.106667  0.430281  0
8.133333  0.429789  0
8.160000  0.429322  0
8.186667  0.428884  0
8.213333  0.428473  0
8.240000  0.428092  0
8.266667  0.427741  0
8.293333  0.427420  0
8.320000  0.427126  0
8.346667  0.426857  0
8.373333  0.426612  0
8.400000  0.426385  0
8.426667  0.426175  0
8.453333  0.425977  0
8.480000  0.425789  0
8.506667  0.425606  0
8.533333  0.425429  0
8.560000  0.425254  0
8.586667  0.425080  0
8.613333  0.424908  0
8.640000  0.424737  0
8.666667  0.424568  0
8.693333  0.424402  0
8.720000  0.424241  0
8.746667  0.424085  0
8.773333  0.423937  0
8.800000  0.423797  0
8.826667  0.423666  0
8.853333  0.423543  0
8.880000  0.423430  0
8.906667  0.423323  0
8.933333  0.423221  0
8.960000  0.423120  0
8.986667  0.423015  0
9.013333  0.422904  0
9.040000  0.422780  0
9.066667  0.422641  0
9.093333  0.422483  0
9.120000  0.422305  0
9.146667  0.422109  0
9.173333  0.421895  0
9.200000  0.421667  0
9.226667  0.421431  0
9.253333  0.421192  0
9.280000  0.420957  0
9.306667  0.420732  0
9.333333  0.420521  0
9.360000  0.420331  0
9.386667  0.420163  0
9.413333  0.420021  0
9.440000  0.419905  0
9.466667  0.419814  0
9.493333  0.419744  0
9.520000  0.419693  0
9.546667  0.419653  0
9.573333  0.419618  0
9.600000  0.419581  0
9.626667  0.419536  0
9.653333  0.419474  0
9.680000  0.419392  0
9.706667  0.419284  0
9.733333  0.419148  0
9.760000  0.418984  0
9.786667  0.418791  0
9.813333  0.418573  0
9.840000  0.418332  0
9.866667  0.418071  0
9.893333  0.417794  0
9.920000  0.417505  0
9.946667  0.417207  0
9.973333  0.416905  0
10.000000  0.416604  0
10.026667  0.416307  0
10.053333  0.416020  0
10.080000  0.415747  0
10.106667  0.415492  0
10.133333  0.415259  0
10.160000  0.415051  0
10.186667  0.414869  0
10.213333  0.414713  0
10.240000  0.414584  0
10.266667  0.414478  0
10.293333  0.414393  0
10.320000  0.414327  0
10.346667  0.414274  0
10.373333  0.414233  0
10.400000  0.414198  0
10.426667  0.414168  0
10.453333  0.414140  0
10.480000  0.414110  0
10.506667  0.414078  0
10.533333  0.414042  0
10.560000  0.414000  0
10.586667  0.413951  0
10.613333  0.413893  0
10.640000  0.413824  0
10.666667  0.413743  0
10.693333  0.413648  0
10.720000  0.413539  0
10.746667  0.413413  0
10.773333  0.413271  0
10.800000  0.413113  0
10.826667  0.412938  0
10.853333  0.412749  0
10.880000  0.412546  0
10.906667  0.412333  0
10.933333  0.412111  0
10.960000  0.411883  0
10.986667  0.411651  0
11.013333  0.411419  0
11.040000  0.411187  0
11.066667  0.410959  0
11.093333  0.410734  0
11.120000  0.410513  0
11.146667  0.410297  0
11.173333  0.410086  0
11.200000  0.409880  0
11.226667  0.409677  0
11.253333  0.409479  0
11.280000  0.409284  0
11.306667  0.409093  0
11.333333  0.408905  0
11.360000  0.408719  0
11.386667  0.408535  0
11.413333  0.408354  0
11.440000  0.408173  0
11.466667  0.407993  0
11.493333  0.407814  0
11.520000  0.407634  0
11.546667  0.407453  0
11.573333  0.407272  0
11.600000  0.407089  0
11.626667  0.406905  0
11.653333  0.406719  0
11.680000  0.406531  0
11.706667  0.406340  0
11.733333  0.406146  0
11.760000  0.405947  0
11.786667  0.405744  0
11.813333  0.405535  0
11.840000  0.405322  0
11.866667  0.405104  0
11.893333  0.404880  0
11.920000  0.404652  0
11.946667  0.404420  0
11.973333  0.404185  0
12.000000  0.403948  0
12.026667  0.403708  0
12.053333  0.403468  0
12.080000  0.403228  0
12.106667  0.402988  0
12.133333  0.402748  0
12.160000  0.402510  0
12.186667  0.402273  0
12.213333  0.402036  0
12.240000  0.401801  0
12.266667  0.401567  0
12.293333  0.401335  0
12.320000  0.401105  0
12.346667  0.400878  0
12.373333  0.400655  0
12.400000  0.400436  0
12.426667  0.400222  0
12.453333  0.400012  0
12.480000  0.399806  0
12.506667  0.399601  0
12.533333  0.399397  0
12.560000  0.399191  0
12.586667  0.398980  0
12.613333  0.398763  0
12.640000  0.398536  0
12.666667  0.398300  0
12.693333  0.398053  0
12.720000  0.397795  0
12.746667  0.397527  0
12.773333  0.397249  0
12.800000  0.396964  0
12.826667  0.396673  0
12.853333  0.396376  0
12.880000  0.396074  0
12.906667  0.395769  0
12.933333  0.395460  0
12.960000  0.395147  0
12.986667  0.394831  0
13.013333  0.394511  0
13.040000  0.394189  0
13.066667  0.393863  0
13.093333  0.393536  0
13.120000  0.393209  0
13.146667  0.392882  0
13.173333  0.392557  0
13.200000  0.392235  0
13.226667  0.391917  0
13.253333  0.391604  0
13.280000  0.391297  0
13.306667  0.390995  0
13.333333  0.390700  0
13.360000  0.390410  0
13.386667  0.390128  0
13.413333  0.389852  0
13.440000  0.389583  0
13.466667  0.389322  0
13.493333  0.389068  0
13.520000  0.388821  0
13.546667  0.388581  0
13.573333  0.388348  0
13.600000  0.388122  0
13.626667  0.387902  0
13.653333  0.387687  0
13.680000  0.387477  0
13.706667  0.387270  0
13.733333  0.387067  0
13.760000  0.386866  0
13.786667  0.386667  0
13.813333  0.386470  0
13.840000  0.386275  0
13.866667  0.386080  0
13.893333  0.385887  0
13.920000  0.385694  0
13.946667  0.385502  0
13.973333  0.385312  0
14.000000  0.385123  0
14.026667  0.384937  0
14.053333  0.384753  0
14.080000  0.384572  0
14.106667  0.384396  0
14.133333  0.384226  0
14.160000  0.384061  0
14.186667  0.383903  0
14.213333  0.383752  0
14.240000  0.383607  0
14.266667  0.383467  0
14.293333  0.383332  0
14.320000  0.383201  0
14.346667  0.383073  0
14.373333  0.382947  0
14.400000  0.382821  0
14.426667  0.382696  0
14.453333  0.382572  0
14.480000  0.382447  0
14.506667  0.382322  0
14.533333  0.382197  0
14.560000  0.382071  0
14.586667  0.381946  0
14.613333  0.381821  0
14.640000  0.381695  0
14.666667  0.381570  0
14.693333  0.381445  0
14.720000  0.381319  0
14.746667  0.381194  0
14.773333  0.381068  0
14.800000  0.380943  0
14.826667  0.380818  0
14.853333  0.380692  0
14.880000  0.380567  0
14.906667  0.380441  0
14.933333  0.380316  0
14.960000  0.380191  0
14.986667  0.380065  0
15.013333  0.379940  0
15.040000  0.379814  0
15.066667  0.379689  0
15.093333  0.379563  0
15.120000  0.379438  0
15.146667  0.379313  0
15.173333  0.379187  0
15.200000  0.379062  0
15.226667  0.378936  0
15.253333  0.378811  0
15.280000  0.378686  0
15.306667  0.378560  0
15.333333  0.378435  0
15.360000  0.378309  0
15.386667  0.378184  0
15.413333  0.378059  0
15.440000  0.377933  0
15.466667  0.377808  0
15.493333  0.377682  0
15.520000  0.377557  0
15.546667  0.377431  0
15.573333  0.377306  0
15.600000  0.377181  0
15.626667  0.377055  0
15.653333  0.376930  0
15.680000  0.376804  0
15.706667  0.376679  0
15.733333  0.376554  0
15.760000  0.376428  0
15.786667  0.376303  0
15.813333  0.376177  0
15.840000  0.376052  0
15.866667  0.375926  0
15.893333  0.375801  0
15.920000  0.375676  0
15.946667  0.375550  0
15.973333  0.375425  0
16.000000  0.375299  0
16.026667  0.375174  0
16.053333  0.375049  0
16.080000  0.374923  0
16.106667  0.374798  0
16.133333  0.374672  0
16.160000  0.374547  0
16.186667  0.374422  0
16.213333  0.374296  0
16.240000  0.374171  0
16.266667  0.374045  0
16.293333  0.373920  0
16.320000  0.373794  0
16.346667  0.373669  0
16.373333  0.373544  0
16.400000  0.373418  0
16.426667  0.373293  0
16.453333  0.373167  0
16.480000  0.373042  0
16.506667  0.372917  0
16.533333  0.372791  0
16.560000  0.372666  0
16.586667  0.372540  0
16.613333  0.372415  0
16.640000  0.372289  0
16.666667  0.372164  0
16.693333  0.372039  0
16.720000  0.371913  0
16.746667  0.371788  0
16.773333  0.371662  0
16.800000  0.371537  0
16.826667  0.371412  0
16.853333  0.371286  0
16.880000  0.371161  0
16.906667  0.371035  0
16.933333  0.370910  0
16.960000  0.370784  0
16.986667  0.370659  0
17.013333  0.370534  0
17.040000  0.370408  0
17.066667  0.370283  0
17.093333  0.370157  0
17.120000  0.370032  0
17.146667  0.369907  0
17.173333  0.369781  0
17.200000  0.369656  0
17.226667  0.369530  0
17.253333  0.369405  0
17.280000  0.369280  0
17.306667  0.369154  0
17.333333  0.369029  0
17.360000  0.368903  0
17.386667  0.368778  0
17.413333  0.368652  0
17.440000  0.368527  0
17.466667  0.368402  0
17.493333  0.368276  0
17.520000  0.368151  0
17.546667  0.368025  0
17.573333  0.367900  0
17.600000  0.367775  0
17.626667  0.367649  0
17.653333  0.367524  0
17.680000  0.367398  0
17.706667  0.367273  0
17.733333  0.367147  0
17.760000  0.367022  0
17.786667  0.366897  0
17.813333  0.366771  0
17.840000  0.366646  0
17.866667  0.366520  0
17.893333  0.366395  0
17.920000  0.366270  0
17.946667  0.366144  0
17.973333  0.366019  0
18.000000  0.365893  0
18.026667  0.365768  0
18.053333  0.365643  0
18.080000  0.365517  0
18.106667  0.365392  0
18.133333  0.365266  0
18.160000  0.365141  0
18.186667  0.365015  0
18.213333  0.364890  0
18.240000  0.364765  0
18.266667  0.364639  0
18.293333  0.364514  0
18.320000  0.364388  0
18.346667  0.364263  0
18.373333  0.364138  0
18.400000  0.364012  0
18.426667  0.363887  0
18.453333  0.363761  0
18.480000  0.363636  0
18.506667  0.363510  0
18.533333  0.363385  0
18.560000  0.363260  0
18.586667  0.363134  0
18.613333  0.363009  0
18.640000  0.362883  0
18.666667  0.362758  0
18.693333  0.362633  0
18.720000  0.362507  0
18.746667  0.362382  0
18.773333  0.362256  0
18.800000  0.362131  0
18.826667  0.362006  0
18.853333  0.361880  0
18.880000  0.361755  0
18.906667  0.361629  0
18.933333  0.361504  0
18.960000  0.361378  0
18.986667  0.361253  0
19.013333  0.361128  0
19.040000  0.361002  0
19.066667  0.360877  0
19.093333  0.360751  0
19.120000  0.360626  0
19.146667  0.360501  0
19.173333  0.360375  0
19.200000  0.360250  0
19.226667  0.360124  0
19.253333  0.359999  0
19.280000  0.359873  0
19.306667  0.359748  0
19.333333  0.359623  0
19.360000  0.359497  0
19.386667  0.359372  0
19.413333  0.359246  0
19.440000  0.359121  0
19.466667  0.358996  0
19.493333  0.358870  0
19.520000  0.358745  0
19.546667  0.358619  0
19.573333  0.358494  0
19.600000  0.358369  0
19.626667  0.358243  0
19.653333  0.358118  0
19.680000  0.357992  0
19.706667  0.357867  0
19.733333  0.357741  0
19.760000  0.357616  0
19.786667  0.357491  0
19.813333  0.357365  0
19.840000  0.357240  0
19.866667  0.357114  0
19.893333  0.356989  0
19.920000  0.356864  0
19.946667  0.356738  0
19.973333  0.356613  0
20.000000  0.356487  0
20.026667  0.356362  0
20.053333  0.356236  0
20.080000  0.356111  0
20.106667  0.355986  0
20.133333  0.355860  0
20.160000  0.355735  0
20.186667  0.355609  0
20.213333  0.355484  0
20.240000  0.355359  0
20.266667  0.355233  0
20.293333  0.355108  0
20.320000  0.354982  0
20.346667  0.354857  0
20.373333  0.354732  0
20.400000  0.354606  0
20.426667  0.354481  0
20.453333  0.354355  0
20.480000  0.354230  0
20.506667  0.354104  0
20.533333  0.353979  0
20.560000  0.353854  0
20.586667  0.353728  0
20.613333  0.353603  0
20.640000  0.353477  0
20.666667  0.353352  0
20.693333  0.353227  0
20.720000  0.353101  0
20.746667  0.352976  0
20.773333  0.352850  0
20.800000  0.352725  0
20.826667  0.352599  0
20.853333  0.352474  0
20.880000  0.352349  0
20.906667  0.352223  0
20.933333  0.352098  0
20.960000  0.351972  0
20.986667  0.351847  0
21.013333  0.351722  0
21.040000  0.351596  0
21.066667  0.351471  0
21.093333  0.351345  0
21.120000  0.351220  0
21.146667  0.351095  0
21.173333  0.350969  0
21.200000  0.350844  0
21.226667  0.350718  0
21.253333  0.350593  0
21.280000  0.350467  0
21.306667  0.350342  0
21.333333  0.350217  0
21.360000  0.350091  0
21.386667  0.349966  0
21.413333  0.349840  0
21.440000  0.349715  0
21.466667  0.349590  0
21.493333  0.349464  0
21.520000  0.349339  0
21.546667  0.349213  0
21.573333  0.349088  0
21.600000  0.348962  0
21.626667  0.348837  0
21.653333  0.348712  0
21.680000  0.348586  0
21.706667  0.348461  0
21.733333  0.348335  0
21.760000  0.348210  0
21.786667  0.348085  0
21.813333  0.347959  0
21.840000  0.347834  0
21.866667  0.347708  0
21.893333  0.347583  0
21.920000  0.347458  0
21.946667  0.347332  0
21.973333  0.347207  0
22.000000  0.347081  0
22.026667  0.346956  0
22.053333  0.346830  0
22.080000  0.346705  0
22.106667  0.346580  0
22.133333  0.346454  0
22.160000  0.346329  0
22.186667  0.346203  0
22.213333  0.346078  0
22.240000  0.345953  0
22.266667  0.345827  0
22.293333  0.345702  0
22.320000  0.345576  0
22.346667  0.345451  0
22.373333  0.345325  0
22.400000  0.345200  0
22.426667  0.345075  0
22.453333  0.344949  0
22.480000  0.344824  0
22.506667  0.344698  0
22.533333  0.344573  0
22.560000  0.344448  0
22.586667  0.344322  0
22.613333  0.344197  0
22.640000  0.344071  0
22.666667  0.343946  0
22.693333  0.343821  0
22.720000  0.343695  0
22.746667  0.343570  0
22.773333  0.343444  0
22.800000  0.343319  0
22.826667  0.343193  0
22.853333  0.343068  0
22.880000  0.342943  0
22.906667  0.342817  0
22.933333  0.342692  0
22.960000  0.342566  0
22.986667  0.342441  0
23.013333  0.342316  0
23.040000  0.342190  0
23.066667  0.342065  0
23.093333  0.341939  0
23.120000  0.341814  0
23.146667  0.341688  0
23.173333  0.341563  0
23.200000  0.341438  0
23.226667  0.341312  0
23.253333  0.341187  0
23.280000  0.341061  0
23.306667  0.340936  0
23.333333  0.340811  0
23.360000  0.340685  0
23.386667  0.340560  0
23.413333  0.340434  0
23.440000  0.340309  0
23.466667  0.340184  0
23.493333  0.340058  0
23.520000  0.339933  0
23.546667  0.339807  0
23.573333  0.339682  0
23.600000  0.339556  0
23.626667  0.339431  0
23.653333  0.339306  0
23.680000  0.339180  0
23.706667  0.339055  0
23.733333  0.338929  0
23.760000  0.338804  0
23.786667  0.338679  0
23.813333  0.338553  0
23.840000  0.338428  0
23.866667  0.338302  0
23.893333  0.338177  0
23.920000  0.338051  0
23.946667  0.337926  0
23.973333  0.337801  0
24.000000  0.337675  0
24.026667  0.337550  0
24.053333  0.337424  0
24.080000  0.337299  0
24.106667  0.337174  0
24.133333  0.337048  0
24.160000  0.336923  0
24.186667  0.336797  0
24.213333  0.336672  0
24.240000  0.336547  0
24.266667  0.336421  0
24.293333  0.336296  0
24.320000  0.336170  0
24.346667  0.336045  0
24.373333  0.335919  0
24.400000  0.335794  0
24.426667  0.335669  0
24.453333  0.335543  0
24.480000  0.335418  0
24.506667  0.335292  0
24.533333  0.335167  0
24.560000  0.335042  0
24.586667  0.334916  0
24.613333  0.334791  0
24.640000  0.334665  0
24.666667  0.334540  0
24.693333  0.334414  0
24.720000  0.334289  0
24.746667  0.334164  0
24.773333  0.334038  0
24.800000  0.333913  0
24.826667  0.333787  0
24.853333  0.333662  0
24.880000  0.333537  0
24.906667  0.333411  0
24.933333  0.333286  0
24.960000  0.333160  0
24.986667  0.333035  0
25.013333  0.332910  0
25.040000  0.332784  0
25.066667  0.332659  0
25.093333  0.332533  0
25.120000  0.332408  0
25.146667  0.332282  0
25.173333  0.332157  0
25.200000  0.332032  0
25.226667  0.331906  0
25.253333  0.331781  0
25.280000  0.331655  0
25.306667  0.331530  0
25.333333  0.331405  0
25.360000  0.331279  0
25.386667  0.331154  0
25.413333  0.331028  0
25.440000  0.330903  0
25.466667  0.330777  0
25.493333  0.330652  0
25.520000  0.330527  0
25.546667  0.330401  0
25.573333  0.330276  0
25.600000  0.330150  0
25.626667  0.330025  0
25.653333  0.329900  0
25.680000  0.329774  0
25.706667  0.329649  0
25.733333  0.329523  0
25.760000  0.329398  0
25.786667  0.329273  0
25.813333  0.329147  0
25.840000  0.329022  0
25.866667  0.328896  0
25.893333  0.328771  0
25.920000  0.328645  0
25.946667  0.328520  0
25.973333  0.328395  0
26.000000  0.328269  0
26.026667  0.328144  0
26.053333  0.328018  0
26.080000  0.327893  0
26.106667  0.327768  0
26.133333  0.327642  0
26.160000  0.327517  0
26.186667  0.327391  0
26.213333  0.327266  0
26.240000  0.327140  0
26.266667  0.327015  0
26.293333  0.326890  0
26.320000  0.326764  0
26.346667  0.326639  0
26.373333  0.326513  0
26.400000  0.326388  0
26.426667  0.326263  0
26.453333  0.326137  0
26.480000  0.326012  0
26.506667  0.325887  0
26.533333  0.325761  0
26.560000  0.325636  0
26.586667  0.325512  0
26.613333  0.325388  0
26.640000  0.325266  0
26.666667  0.325146  0
26.693333  0.325030  0
26.720000  0.324920  0
26.746667  0.324817  0
26.773333  0.324725  0
26.800000  0.324646  0
26.826667  0.324584  0
26.853333  0.324541  0
26.880000  0.324519  0
