2.533333  0.992866  0
2.560000  0.988334  0
2.586667  0.981709  0
2.613333  0.974670  0
2.640000  0.967600  0
2.666667  0.960529  0
2.693333  0.953457  0
2.720000  0.946386  0
2.746667  0.939314  0
2.773333  0.932243  0
2.800000  0.925172  0
2.826667  0.918100  0
2.853333  0.911029  0
2.880000  0.903958  0
2.906667  0.896899  0
2.933333  0.889991  0
2.960000  0.883747  0
2.986667  0.878545  0
3.013333  0.873852  0
3.040000  0.869115  0
3.066667  0.864228  0
3.093333  0.859225  0
3.120000  0.854146  0
3.146667  0.849026  0
3.173333  0.843892  0
3.200000  0.838767  0
3.226667  0.833670  0
3.253333  0.828614  0
3.280000  0.823612  0
3.306667  0.818672  0
3.333333  0.813802  0
3.360000  0.809010  0
3.386667  0.804303  0
3.413333  0.799685  0
3.440000  0.795164  0
3.466667  0.790745  0
3.493333  0.786432  0
3.520000  0.782228  0
3.546667  0.778136  0
3.573333  0.774157  0
3.600000  0.770289  0
3.626667  0.766529  0
3.653333  0.762871  0
3.680000  0.759309  0
3.706667  0.755834  0
3.733333  0.752438  0
3.760000  0.749110  0
3.786667  0.745841  0
3.813333  0.742621  0
3.840000  0.739441  0
3.866667  0.736295  0
3.893333  0.733175  0
3.920000  0.730077  0
3.946667  0.726998  0
3.973333  0.723936  0
4.000000  0.720891  0
4.026667  0.717865  0
4.053333  0.714860  0
4.080000  0.711881  0
4.106667  0.708934  0
4.133333  0.706024  0
4.160000  0.703159  0
4.186667  0.700345  0
4.213333  0.697588  0
4.240000  0.694892  0
4.266667  0.692261  0
4.293333  0.689696  0
4.320000  0.687195  0
4.346667  0.684754  0
4.373333  0.682364  0
4.400000  0.680016  0
4.426667  0.677697  0
4.453333  0.675392  0
4.480000  0.673087  0
4.506667  0.670769  0
4.533333  0.668423  0
4.560000  0.666042  0
4.586667  0.663619  0
4.613333  0.661154  0
4.640000  0.658651  0
4.666667  0.656121  0
4.693333  0.653577  0
4.720000  0.651037  0
4.746667  0.648521  0
4.773333  0.646050  0
4.800000  0.643645  0
4.826667  0.641324  0
4.853333  0.639100  0
4.880000  0.636984  0
4.906667  0.634980  0
4.933333  0.633087  0
4.960000  0.631299  0
4.986667  0.629607  0
5.013333  0.627998  0
5.040000  0.626458  0
5.066667  0.624972  0
5.093333  0.623527  0
5.120000  0.622114  0
5.146667  0.620723  0
5.173333  0.619352  0
5.200000  0.618000  0
5.226667  0.616671  0
5.253333  0.615370  0
5.280000  0.614105  0
5.306667  0.612886  0
5.333333  0.611721  0
5.360000  0.610617  0
5.386667  0.609579  0
5.413333  0.608612  0
5.440000  0.607713  0
5.466667  0.606881  0
5.493333  0.606110  0
5.520000  0.605391  0
5.546667  0.604717  0
5.573333  0.604075  0
5.600000  0.603458  0
5.626667  0.602853  0
5.653333  0.602253  0
5.680000  0.601648  0
5.706667  0.601032  0
5.733333  0.600399  0
5.760000  0.599743  0
5.786667  0.599061  0
5.813333  0.598348  0
5.840000  0.597601  0
5.866667  0.596815  0
5.893333  0.595988  0
5.920000  0.595115  0
5.946667  0.594191  0
5.973333  0.593212  0
6.000000  0.592174  0
6.026667  0.591073  0
6.053333  0.589906  0
6.080000  0.588672  0
6.106667  0.587371  0
6.133333  0.586003  0
6.160000  0.584572  0
6.186667  0.583082  0
6.213333  0.581538  0
6.240000  0.579946  0
6.266667  0.578314  0
6.293333  0.576646  0
6.320000  0.574951  0
6.346667  0.573234  0
6.373333  0.571500  0
6.400000  0.569753  0
6.426667  0.567999  0
6.453333  0.566240  0
6.480000  0.564478  0
6.506667  0.562716  0
6.533333  0.560953  0
6.560000  0.559192  0
6.586667  0.557433  0
6.613333  0.555675  0
6.640000  0.553919  0
6.666667  0.552165  0
6.693333  0.550413  0
6.720000  0.548662  0
6.746667  0.546912  0
6.773333  0.545162  0
6.800000  0.543413  0
6.826667  0.541664  0
6.853333  0.539913  0
6.880000  0.538162  0
6.906667  0.536408  0
6.933333  0.534651  0
6.960000  0.532889  0
6.986667  0.531122  0
7.013333  0.529346  0
7.040000  0.527560  0
7.066667  0.525761  0
7.093333  0.523946  0
7.120000  0.522113  0
7.146667  0.520258  0
7.173333  0.518378  0
7.200000  0.516471  0
7.226667  0.514534  0
7.253333  0.512567  0
7.280000  0.510567  0
7.306667  0.508536  0
7.333333  0.506473  0
7.360000  0.504381  0
7.386667  0.502271  0
7.413333  0.500166  0
7.440000  0.498108  0
7.466667  0.496120  0
7.493333  0.494192  0
7.520000  0.492293  0
7.546667  0.490403  0
7.573333  0.488513  0
7.600000  0.486624  0
7.626667  0.484735  0
7.653333  0.482846  0
7.680000  0.480957  0
7.706667  0.479067  0
7.733333  0.477178  0
7.760000  0.475289  0
7.786667  0.473400  0
7.813333  0.471515  0
7.840000  0.469645  0
7.866667  0.467822  0
7.893333  0.466091  0
7.920000  0.464472  0
7.946667  0.462937  0
7.973333  0.461441  0
8.000000  0.459956  0
8.026667  0.458473  0
8.053333  0.456990  0
8.080000  0.455507  0
8.106667  0.454025  0
8.133333  0.452542  0
8.160000  0.451059  0
8.186667  0.449576  0
8.213333  0.448093  0
8.240000  0.446611  0
8.266667  0.445128  0
8.293333  0.443645  0
8.320000  0.442162  0
8.346667  0.440680  0
8.373333  0.439199  0
8.400000  0.437727  0
8.426667  0.436297  0
8.453333  0.434979  0
8.480000  0.433855  0
8.506667  0.432950  0
8.533333  0.432200  0
8.560000  0.431518  0
8.586667  0.430856  0
8.613333  0.430196  0
8.640000  0.429537  0
8.666667  0.428878  0
8.693333  0.428219  0
8.720000  0.427560  0
8.746667  0.426901  0
8.773333  0.426245  0
8.800000  0.425600  0
8.826667  0.424983  0
8.853333  0.424419  0
8.880000  0.423915  0
8.906667  0.423453  0
8.933333  0.423011  0
8.960000  0.422574  0
8.986667  0.422137  0
9.013333  0.421701  0
9.040000  0.421265  0
9.066667  0.420829  0
9.093333  0.420393  0
9.120000  0.419957  0
9.146667  0.419521  0
9.173333  0.419085  0
9.200000  0.418649  0
9.226667  0.418212  0
9.253333  0.417776  0
9.280000  0.417340  0
9.306667  0.416904  0
9.333333  0.416468  0
9.360000  0.416032  0
9.386667  0.415596  0
9.413333  0.415160  0
9.440000  0.414724  0
9.466667  0.414290  0
9.493333  0.413869  0
9.520000  0.413495  0
9.546667  0.413224  0
9.573333  0.413101  0
9.600000  0.413109  0
9.626667  0.413192  0
9.653333  0.413302  0
9.680000  0.413420  0
9.706667  0.413538  0
9.733333  0.413657  0
9.760000  0.413775  0
9.786667  0.413894  0
9.813333  0.414012  0
9.840000  0.414131  0
9.866667  0.414253  0
9.893333  0.414383  0
9.920000  0.414531  0
9.946667  0.414694  0
9.973333  0.414858  0
10.000000  0.415005  0
10.026667  0.415124  0
10.053333  0.415211  0
10.080000  0.415266  0
10.106667  0.415292  0
10.133333  0.415291  0
10.160000  0.415265  0
10.186667  0.415219  0
10.213333  0.415155  0
10.240000  0.415078  0
10.266667  0.414990  0
10.293333  0.414895  0
10.320000  0.414795  0
10.346667  0.414693  0
10.373333  0.414589  0
10.400000  0.414487  0
10.426667  0.414385  0
10.453333  0.414285  0
10.480000  0.414187  0
10.506667  0.414090  0
10.533333  0.413993  0
10.560000  0.413893  0
10.586667  0.413788  0
10.613333  0.413674  0
10.640000  0.413548  0
10.666667  0.413406  0
10.693333  0.413244  0
10.720000  0.413060  0
10.746667  0.412850  0
10.773333  0.412613  0
10.800000  0.412349  0
10.826667  0.412060  0
10.853333  0.411747  0
10.880000  0.411414  0
10.906667  0.411064  0
10.933333  0.410702  0
10.960000  0.410332  0
10.986667  0.409957  0
11.013333  0.409581  0
11.040000  0.409205  0
11.066667  0.408833  0
11.093333  0.408465  0
11.120000  0.408103  0
11.146667  0.407745  0
11.173333  0.407394  0
11.200000  0.407048  0
11.226667  0.406708  0
11.253333  0.406374  0
11.280000  0.406049  0
11.306667  0.405732  0
11.333333  0.405425  0
11.360000  0.405131  0
11.386667  0.404852  0
11.413333  0.404590  0
11.440000  0.404346  0
11.466667  0.404124  0
11.493333  0.403924  0
11.520000  0.403748  0
11.546667  0.403595  0
11.573333  0.403465  0
11.600000  0.403356  0
11.626667  0.403267  0
11.653333  0.403193  0
11.680000  0.403131  0
11.706667  0.403077  0
11.733333  0.403025  0
11.760000  0.402971  0
11.786667  0.402911  0
11.813333  0.402841  0
11.840000  0.402759  0
11.866667  0.402661  0
11.893333  0.402548  0
11.920000  0.402421  0
11.946667  0.402280  0
11.973333  0.402129  0
12.000000  0.401970  0
12.026667  0.401808  0
12.053333  0.401644  0
12.080000  0.401483  0
12.106667  0.401327  0
12.133333  0.401176  0
12.160000  0.401032  0
12.186667  0.400894  0
12.213333  0.400761  0
12.240000  0.400631  0
12.266667  0.400502  0
12.293333  0.400372  0
12.320000  0.400240  0
12.346667  0.400102  0
12.373333  0.399958  0
12.400000  0.399807  0
12.426667  0.399649  0
12.453333  0.399484  0
12.480000  0.399313  0
12.506667  0.399137  0
12.533333  0.398956  0
12.560000  0.398772  0
12.586667  0.398585  0
12.613333  0.398397  0
12.640000  0.398208  0
12.666667  0.398017  0
12.693333  0.397826  0
12.720000  0.397635  0
12.746667  0.397442  0
12.773333  0.397250  0
12.800000  0.397057  0
12.826667  0.396865  0
12.853333  0.396674  0
12.880000  0.396485  0
12.906667  0.396297  0
12.933333  0.396113  0
12.960000  0.395931  0
12.986667  0.395754  0
13.013333  0.395581  0
13.040000  0.395413  0
13.066667  0.395250  0
13.093333  0.395091  0
13.120000  0.394939  0
13.146667  0.394791  0
13.173333  0.394647  0
13.200000  0.394507  0
13.226667  0.394371  0
13.253333  0.394237  0
13.280000  0.394104  0
13.306667  0.393974  0
13.333333  0.393844  0
13.360000  0.393716  0
13.386667  0.393588  0
13.413333  0.393462  0
13.440000  0.393336  0
13.466667  0.393212  0
13.493333  0.393090  0
13.520000  0.392968  0
13.546667  0.392848  0
13.573333  0.392728  0
13.600000  0.392609  0
13.626667  0.392489  0
13.653333  0.392369  0
13.680000  0.392247  0
13.706667  0.392123  0
13.733333  0.391996  0
13.760000  0.391866  0
13.786667  0.391731  0
13.813333  0.391591  0
13.840000  0.391446  0
13.866667  0.391294  0
13.893333  0.391136  0
13.920000  0.390971  0
13.946667  0.390800  0
13.973333  0.390623  0
14.000000  0.390440  0
14.026667  0.390253  0
14.053333  0.390062  0
14.080000  0.389868  0
14.106667  0.389671  0
14.133333  0.389471  0
14.160000  0.389269  0
14.186667  0.389064  0
14.213333  0.388856  0
14.240000  0.388643  0
14.266667  0.388424  0
14.293333  0.388200  0
14.320000  0.387969  0
14.346667  0.387731  0
14.373333  0.387485  0
14.400000  0.387231  0
14.426667  0.386968  0
14.453333  0.386698  0
14.480000  0.386419  0
14.506667  0.386133  0
14.533333  0.385840  0
14.560000  0.385541  0
14.586667  0.385238  0
14.613333  0.384932  0
14.640000  0.384625  0
14.666667  0.384321  0
14.693333  0.384021  0
14.720000  0.383730  0
14.746667  0.383451  0
14.773333  0.383187  0
14.800000  0.382944  0
14.826667  0.382723  0
14.853333  0.382528  0
14.880000  0.382362  0
14.906667  0.382226  0
14.933333  0.382119  0
14.960000  0.382030  0
14.986667  0.381944  0
15.013333  0.381843  0
15.040000  0.381727  0
15.066667  0.381603  0
15.093333  0.381476  0
15.120000  0.381349  0
15.146667  0.381221  0
15.173333  0.381094  0
15.200000  0.380967  0
15.226667  0.380839  0
15.253333  0.380712  0
15.280000  0.380584  0
15.306667  0.380457  0
15.333333  0.380330  0
15.360000  0.380202  0
15.386667  0.380075  0
15.413333  0.379948  0
15.440000  0.379820  0
15.466667  0.379693  0
15.493333  0.379565  0
15.520000  0.379438  0
15.546667  0.379311  0
15.573333  0.379183  0
15.600000  0.379056  0
15.626667  0.378929  0
15.653333  0.378801  0
15.680000  0.378674  0
15.706667  0.378546  0
15.733333  0.378419  0
15.760000  0.378292  0
15.786667  0.378164  0
15.813333  0.378037  0
15.840000  0.377909  0
15.866667  0.377782  0
15.893333  0.377655  0
15.920000  0.377527  0
15.946667  0.377400  0
15.973333  0.377273  0
16.000000  0.377145  0
16.026667  0.377018  0
16.053333  0.376890  0
16.080000  0.376763  0
16.106667  0.376636  0
16.133333  0.376508  0
16.160000  0.376381  0
16.186667  0.376254  0
16.213333  0.376126  0
16.240000  0.375999  0
16.266667  0.375871  0
16.293333  0.375744  0
16.320000  0.375617  0
16.346667  0.375489  0
16.373333  0.375362  0
16.400000  0.375235  0
16.426667  0.375107  0
16.453333  0.374980  0
16.480000  0.374852  0
16.506667  0.374725  0
16.533333  0.374598  0
16.560000  0.374470  0
16.586667  0.374343  0
16.613333  0.374215  0
16.640000  0.374088  0
16.666667  0.373961  0
16.693333  0.373833  0
16.720000  0.373706  0
16.746667  0.373579  0
16.773333  0.373451  0
16.800000  0.373324  0
16.826667  0.373196  0
16.853333  0.373069  0
16.880000  0.372942  0
16.906667  0.372814  0
16.933333  0.372687  0
16.960000  0.372560  0
16.986667  0.372432  0
17.013333  0.372305  0
17.040000  0.372177  0
17.066667  0.372050  0
17.093333  0.371923  0
17.120000  0.371795  0
17.146667  0.371668  0
17.173333  0.371541  0
17.200000  0.371413  0
17.226667  0.371286  0
17.253333  0.371158  0
17.280000  0.371031  0
17.306667  0.370904  0
17.333333  0.370776  0
17.360000  0.370649  0
17.386667  0.370521  0
17.413333  0.370394  0
17.440000  0.370267  0
17.466667  0.370139  0
17.493333  0.370012  0
17.520000  0.369885  0
17.546667  0.369757  0
17.573333  0.369630  0
17.600000  0.369502  0
17.626667  0.369375  0
17.653333  0.369248  0
17.680000  0.369120  0
17.706667  0.368993  0
17.733333  0.368866  0
17.760000  0.368738  0
17.786667  0.368611  0
17.813333  0.368483  0
17.840000  0.368356  0
17.866667  0.368229  0
17.893333  0.368101  0
17.920000  0.367974  0
17.946667  0.367846  0
17.973333  0.367719  0
18.000000  0.367592  0
18.026667  0.367464  0
18.053333  0.367337  0
18.080000  0.367210  0
18.106667  0.367082  0
18.133333  0.366955  0
18.160000  0.366827  0
18.186667  0.366700  0
18.213333  0.366573  0
18.240000  0.366445  0
18.266667  0.366318  0
18.293333  0.366191  0
18.320000  0.366063  0
18.346667  0.365936  0
18.373333  0.365808  0
18.400000  0.365681  0
18.426667  0.365554  0
18.453333  0.365426  0
18.480000  0.365299  0
18.506667  0.365172  0
18.533333  0.365044  0
18.560000  0.364917  0
18.586667  0.364789  0
18.613333  0.364662  0
18.640000  0.364535  0
18.666667  0.364407  0
18.693333  0.364280  0
18.720000  0.364152  0
18.746667  0.364025  0
18.773333  0.363898  0
18.800000  0.363770  0
18.826667  0.363643  0
18.853333  0.363516  0
18.880000  0.363388  0
18.906667  0.363261  0
18.933333  0.363133  0
18.960000  0.363006  0
18.986667  0.362879  0
19.013333  0.362751  0
19.040000  0.362624  0
19.066667  0.362497  0
19.093333  0.362369  0
19.120000  0.362242  0
19.146667  0.362114  0
19.173333  0.361987  0
19.200000  0.361860  0
19.226667  0.361732  0
19.253333  0.361605  0
19.280000  0.361477  0
19.306667  0.361350  0
19.333333  0.361223  0
19.360000  0.361095  0
19.386667  0.360968  0
19.413333  0.360841  0
19.440000  0.360713  0
19.466667  0.360586  0
19.493333  0.360458  0
19.520000  0.360331  0
19.546667  0.360204  0
19.573333  0.360076  0
19.600000  0.359949  0
19.626667  0.359822  0
19.653333  0.359694  0
19.680000  0.359567  0
19.706667  0.359439  0
19.733333  0.359312  0
19.760000  0.359185  0
19.786667  0.359057  0
19.813333  0.358930  0
19.840000  0.358803  0
19.866667  0.358675  0
19.893333  0.358548  0
19.920000  0.358420  0
19.946667  0.358293  0
19.973333  0.358166  0
20.000000  0.358038  0
20.026667  0.357911  0
20.053333  0.357783  0
20.080000  0.357656  0
20.106667  0.357529  0
20.133333  0.357401  0
20.160000  0.357274  0
20.186667  0.357147  0
20.213333  0.357019  0
20.240000  0.356892  0
20.266667  0.356764  0
20.293333  0.356637  0
20.320000  0.356510  0
20.346667  0.356382  0
20.373333  0.356255  0
20.400000  0.356128  0
20.426667  0.356000  0
20.453333  0.355873  0
20.480000  0.355745  0
20.506667  0.355618  0
20.533333  0.355491  0
20.560000  0.355363  0
20.586667  0.355236  0
20.613333  0.355109  0
20.640000  0.354981  0
20.666667  0.354854  0
20.693333  0.354726  0
20.720000  0.354599  0
20.746667  0.354472  0
20.773333  0.354344  0
20.800000  0.354217  0
20.826667  0.354089  0
20.853333  0.353962  0
20.880000  0.353835  0
20.906667  0.353707  0
20.933333  0.353580  0
20.960000  0.353453  0
20.986667  0.353325  0
21.013333  0.353198  0
21.040000  0.353070  0
21.066667  0.352943  0
21.093333  0.352816  0
21.120000  0.352688  0
21.146667  0.352561  0
21.173333  0.352434  0
21.200000  0.352306  0
21.226667  0.352179  0
21.253333  0.352051  0
21.280000  0.351924  0
21.306667  0.351797  0
21.333333  0.351669  0
21.360000  0.351542  0
21.386667  0.351414  0
21.413333  0.351287  0
21.440000  0.351160  0
21.466667  0.351032  0
21.493333  0.350905  0
21.520000  0.350778  0
21.546667  0.350650  0
21.573333  0.350523  0
21.600000  0.350395  0
21.626667  0.350268  0
21.653333  0.350141  0
21.680000  0.350013  0
21.706667  0.349886  0
21.733333  0.349759  0
21.760000  0.349631  0
21.786667  0.349504  0
21.813333  0.349376  0
21.840000  0.349249  0
21.866667  0.349122  0
21.893333  0.348994  0
21.920000  0.348867  0
21.946667  0.348740  0
21.973333  0.348612  0
22.000000  0.348485  0
22.026667  0.348357  0
22.053333  0.348230  0
22.080000  0.348103  0
22.106667  0.347975  0
22.133333  0.347848  0
22.160000  0.347720  0
22.186667  0.347593  0
22.213333  0.347466  0
22.240000  0.347338  0
22.266667  0.347211  0
22.293333  0.347084  0
22.320000  0.346956  0
22.346667  0.346829  0
22.373333  0.346701  0
22.400000  0.346574  0
22.426667  0.346447  0
22.453333  0.346319  0
22.480000  0.346192  0
22.506667  0.346065  0
22.533333  0.345937  0
22.560000  0.345810  0
22.586667  0.345682  0
22.613333  0.345555  0
22.640000  0.345428  0
22.666667  0.345300  0
22.693333  0.345173  0
22.720000  0.345046  0
22.746667  0.344918  0
22.773333  0.344791  0
22.800000  0.344663  0
22.826667  0.344536  0
22.853333  0.344409  0
22.880000  0.344281  0
22.906667  0.344154  0
22.933333  0.344026  0
22.960000  0.343899  0
22.986667  0.343772  0
23.013333  0.343644  0
23.040000  0.343517  0
23.066667  0.343390  0
23.093333  0.343262  0
23.120000  0.343135  0
23.146667  0.343007  0
23.173333  0.342880  0
23.200000  0.342753  0
23.226667  0.342625  0
23.253333  0.342498  0
23.280000  0.342371  0
23.306667  0.342243  0
23.333333  0.342116  0
23.360000  0.341988  0
23.386667  0.341861  0
23.413333  0.341734  0
23.440000  0.341606  0
23.466667  0.341479  0
23.493333  0.341351  0
23.520000  0.341224  0
23.546667  0.341097  0
23.573333  0.340969  0
23.600000  0.340842  0
23.626667  0.340715  0
23.653333  0.340587  0
23.680000  0.340460  0
23.706667  0.340332  0
23.733333  0.340205  0
23.760000  0.340078  0
23.786667  0.339950  0
23.813333  0.339823  0
23.840000  0.339696  0
23.866667  0.339568  0
23.893333  0.339441  0
23.920000  0.339313  0
23.946667  0.339186  0
23.973333  0.339059  0
24.000000  0.338931  0
24.026667  0.338804  0
24.053333  0.338677  0
24.080000  0.338549  0
24.106667  0.338422  0
24.133333  0.338294  0
24.160000  0.338167  0
24.186667  0.338040  0
24.213333  0.337912  0
24.240000  0.337785  0
24.266667  0.337657  0
24.293333  0.337530  0
24.320000  0.337403  0
24.346667  0.337275  0
24.373333  0.337148  0
24.400000  0.337021  0
24.426667  0.336893  0
24.453333  0.336766  0
24.480000  0.336638  0
24.506667  0.336511  0
24.533333  0.336384  0
24.560000  0.336256  0
24.586667  0.336129  0
24.613333  0.336002  0
24.640000  0.335874  0
24.666667  0.335747  0
24.693333  0.335619  0
24.720000  0.335492  0
24.746667  0.335365  0
24.773333  0.335237  0
24.800000  0.335110  0
24.826667  0.334982  0
24.853333  0.334855  0
24.880000  0.334728  0
24.906667  0.334600  0
24.933333  0.334473  0
24.960000  0.334346  0
24.986667  0.334218  0
25.013333  0.334091  0
25.040000  0.333963  0
25.066667  0.333836  0
25.093333  0.333709  0
25.120000  0.333581  0
25.146667  0.333454  0
25.173333  0.333327  0
25.200000  0.333199  0
25.226667  0.333072  0
25.253333  0.332944  0
25.280000  0.332817  0
25.306667  0.332690  0
25.333333  0.332562  0
25.360000  0.332435  0
25.386667  0.332308  0
25.413333  0.332180  0
25.440000  0.332053  0
25.466667  0.331925  0
25.493333  0.331798  0
25.520000  0.331671  0
25.546667  0.331543  0
25.573333  0.331416  0
25.600000  0.331288  0
25.626667  0.331161  0
25.653333  0.331034  0
25.680000  0.330906  0
25.706667  0.330779  0
25.733333  0.330652  0
25.760000  0.330524  0
25.786667  0.330397  0
25.813333  0.330269  0
25.840000  0.330142  0
25.866667  0.330015  0
25.893333  0.329887  0
25.920000  0.329760  0
25.946667  0.329633  0
25.973333  0.329505  0
26.000000  0.329378  0
26.026667  0.329250  0
26.053333  0.329123  0
26.080000  0.328997  0
26.106667  0.328874  0
26.133333  0.328769  0
26.160000  0.328706  0
