2.720000  0.754132  0
2.746667  0.753899  0
2.773333  0.753443  0
2.800000  0.752776  0
2.826667  0.751919  0
2.853333  0.750896  0
2.880000  0.749733  0
2.906667  0.748457  0
2.933333  0.747094  0
2.960000  0.745665  0
2.986667  0.744191  0
3.013333  0.742686  0
3.040000  0.741163  0
3.066667  0.739629  0
3.093333  0.738090  0
3.120000  0.736548  0
3.146667  0.735005  0
3.173333  0.733463  0
3.200000  0.731923  0
3.226667  0.730385  0
3.253333  0.728853  0
3.280000  0.727330  0
3.306667  0.725821  0
3.333333  0.724331  0
3.360000  0.722868  0
3.386667  0.721439  0
3.413333  0.720049  0
3.440000  0.718707  0
3.466667  0.717417  0
3.493333  0.716184  0
3.520000  0.715009  0
3.546667  0.713893  0
3.573333  0.712834  0
3.600000  0.711830  0
3.626667  0.710875  0
3.653333  0.709965  0
3.680000  0.709093  0
3.706667  0.708256  0
3.733333  0.707448  0
3.760000  0.706668  0
3.786667  0.705915  0
3.813333  0.705189  0
3.840000  0.704491  0
3.866667  0.703824  0
3.893333  0.703187  0
3.920000  0.702582  0
3.946667  0.702003  0
3.973333  0.701443  0
4.000000  0.700891  0
4.026667  0.700332  0
4.053333  0.699749  0
4.080000  0.699124  0
4.106667  0.698445  0
4.133333  0.697699  0
4.160000  0.696885  0
4.186667  0.696006  0
4.213333  0.695068  0
4.240000  0.694076  0
4.266667  0.693034  0
4.293333  0.691947  0
4.320000  0.690825  0
4.346667  0.689679  0
4.373333  0.688520  0
4.400000  0.687357  0
4.426667  0.686192  0
4.453333  0.685027  0
4.480000  0.683862  0
4.506667  0.682696  0
4.533333  0.681531  0
4.560000  0.680365  0
4.586667  0.679200  0
4.613333  0.678034  0
4.640000  0.676869  0
4.666667  0.675704  0
4.693333  0.674538  0
4.720000  0.673373  0
4.746667  0.672207  0
4.773333  0.671042  0
4.800000  0.669876  0
4.826667  0.668711  0
4.853333  0.667545  0
4.880000  0.666380  0
4.906667  0.665215  0
4.933333  0.664049  0
4.960000  0.662884  0
4.986667  0.661718  0
5.013333  0.660553  0
5.040000  0.659387  0
5.066667  0.658222  0
5.093333  0.657057  0
5.120000  0.655891  0
5.146667  0.654726  0
5.173333  0.653560  0
5.200000  0.652395  0
5.226667  0.651229  0
5.253333  0.650064  0
5.280000  0.648899  0
5.306667  0.647733  0
5.333333  0.646568  0
5.360000  0.645402  0
5.386667  0.644237  0
5.413333  0.643071  0
5.440000  0.641906  0
5.466667  0.640741  0
5.493333  0.639575  0
5.520000  0.638410  0
5.546667  0.637244  0
5.573333  0.636079  0
5.600000  0.634913  0
5.626667  0.633748  0
5.653333  0.632582  0
5.680000  0.631417  0
5.706667  0.630251  0
5.733333  0.629086  0
5.760000  0.627918  0
5.786667  0.626746  0
5.813333  0.625566  0
5.840000  0.624378  0
5.866667  0.623194  0
5.893333  0.622043  0
5.920000  0.620973  0
5.946667  0.620029  0
5.973333  0.619246  0
6.000000  0.618636  0
6.026667  0.618196  0
6.053333  0.617912  0
6.080000  0.617763  0
6.106667  0.617722  0
6.133333  0.617762  0
6.160000  0.617852  0
6.186667  0.617959  0
6.213333  0.618055  0
6.240000  0.618111  0
6.266667  0.618104  0
6.293333  0.618014  0
6.320000  0.617829  0
6.346667  0.617543  0
6.373333  0.617154  0
6.400000  0.616668  0
6.426667  0.616092  0
6.453333  0.615438  0
6.480000  0.614719  0
6.506667  0.613947  0
6.533333  0.613132  0
6.560000  0.612285  0
6.586667  0.611414  0
6.613333  0.610524  0
6.640000  0.609621  0
6.666667  0.608712  0
6.693333  0.607803  0
6.720000  0.606903  0
6.746667  0.606021  0
6.773333  0.605171  0
6.800000  0.604364  0
6.826667  0.603612  0
6.853333  0.602927  0
6.880000  0.602318  0
6.906667  0.601790  0
6.933333  0.601348  0
6.960000  0.600991  0
6.986667  0.600718  0
7.013333  0.600523  0
7.040000  0.600401  0
7.066667  0.600340  0
7.093333  0.600329  0
7.120000  0.600355  0
7.146667  0.600401  0
7.173333  0.600451  0
7.200000  0.600486  0
7.226667  0.600488  0
7.253333  0.600444  0
7.280000  0.600338  0
7.306667  0.600163  0
7.333333  0.599911  0
7.360000  0.599583  0
7.386667  0.599181  0
7.413333  0.598709  0
7.440000  0.598175  0
7.466667  0.597588  0
7.493333  0.596955  0
7.520000  0.596283  0
7.546667  0.595578  0
7.573333  0.594846  0
7.600000  0.594090  0
7.626667  0.593315  0
7.653333  0.592526  0
7.680000  0.591729  0
7.706667  0.590931  0
7.733333  0.590140  0
7.760000  0.589365  0
7.786667  0.588613  0
7.813333  0.587892  0
7.840000  0.587206  0
7.866667  0.586559  0
7.893333  0.585951  0
7.920000  0.585377  0
7.946667  0.584833  0
7.973333  0.584309  0
8.000000  0.583794  0
8.026667  0.583275  0
8.053333  0.582736  0
8.080000  0.582161  0
8.106667  0.581531  0
8.133333  0.580826  0
8.160000  0.580026  0
8.186667  0.579111  0
8.213333  0.578064  0
8.240000  0.576867  0
8.266667  0.575508  0
8.293333  0.573976  0
8.320000  0.572266  0
8.346667  0.570378  0
8.373333  0.568316  0
8.400000  0.566089  0
8.426667  0.563709  0
8.453333  0.561194  0
8.480000  0.558565  0
8.506667  0.555847  0
8.533333  0.553068  0
8.560000  0.550257  0
8.586667  0.547444  0
8.613333  0.544660  0
8.640000  0.541931  0
8.666667  0.539283  0
8.693333  0.536737  0
8.720000  0.534310  0
8.746667  0.532016  0
8.773333  0.529867  0
8.800000  0.527871  0
8.826667  0.526037  0
8.853333  0.524373  0
8.880000  0.522886  0
8.906667  0.521583  0
8.933333  0.520467  0
8.960000  0.519541  0
8.986667  0.518800  0
9.013333  0.518236  0
9.040000  0.517833  0
9.066667  0.517572  0
9.093333  0.517427  0
9.120000  0.517370  0
9.146667  0.517373  0
9.173333  0.517408  0
9.200000  0.517452  0
9.226667  0.517484  0
9.253333  0.517490  0
9.280000  0.517460  0
9.306667  0.517389  0
9.333333  0.517277  0
9.360000  0.517126  0
9.386667  0.516938  0
9.413333  0.516720  0
9.440000  0.516476  0
9.466667  0.516212  0
9.493333  0.515933  0
9.520000  0.515642  0
9.546667  0.515345  0
9.573333  0.515043  0
9.600000  0.514740  0
9.626667  0.514437  0
9.653333  0.514135  0
9.680000  0.513836  0
9.706667  0.513541  0
9.733333  0.513248  0
9.760000  0.512957  0
9.786667  0.512669  0
9.813333  0.512382  0
9.840000  0.512095  0
9.866667  0.511810  0
9.893333  0.511527  0
9.920000  0.511250  0
9.946667  0.510982  0
9.973333  0.510729  0
10.000000  0.510497  0
10.026667  0.510293  0
10.053333  0.510121  0
10.080000  0.509984  0
10.106667  0.509884  0
10.133333  0.509815  0
10.160000  0.509770  0
10.186667  0.509735  0
10.213333  0.509696  0
10.240000  0.509636  0
10.266667  0.509536  0
10.293333  0.509381  0
10.320000  0.509160  0
10.346667  0.508867  0
10.373333  0.508501  0
10.400000  0.508067  0
10.426667  0.507576  0
10.453333  0.507041  0
10.480000  0.506480  0
10.506667  0.505907  0
10.533333  0.505338  0
10.560000  0.504785  0
10.586667  0.504257  0
10.613333  0.503758  0
10.640000  0.503290  0
10.666667  0.502850  0
10.693333  0.502433  0
10.720000  0.502035  0
10.746667  0.501649  0
10.773333  0.501269  0
10.800000  0.500891  0
10.826667  0.500511  0
10.853333  0.500128  0
10.880000  0.499741  0
10.906667  0.499351  0
10.933333  0.498958  0
10.960000  0.498564  0
10.986667  0.498170  0
11.013333  0.497778  0
11.040000  0.497388  0
11.066667  0.497003  0
11.093333  0.496623  0
11.120000  0.496250  0
11.146667  0.495887  0
11.173333  0.495534  0
11.200000  0.495193  0
11.226667  0.494867  0
11.253333  0.494556  0
11.280000  0.494260  0
11.306667  0.493981  0
11.333333  0.493717  0
11.360000  0.493467  0
11.386667  0.493229  0
11.413333  0.493002  0
11.440000  0.492782  0
11.466667  0.492567  0
11.493333  0.492357  0
11.520000  0.492149  0
11.546667  0.491943  0
11.573333  0.491738  0
11.600000  0.491536  0
11.626667  0.491336  0
11.653333  0.491139  0
11.680000  0.490946  0
11.706667  0.490757  0
11.733333  0.490572  0
11.760000  0.490390  0
11.786667  0.490209  0
11.813333  0.490027  0
11.840000  0.489844  0
11.866667  0.489656  0
11.893333  0.489463  0
11.920000  0.489263  0
11.946667  0.489058  0
11.973333  0.488847  0
12.000000  0.488632  0
12.026667  0.488415  0
12.053333  0.488198  0
12.080000  0.487984  0
12.106667  0.487775  0
12.133333  0.487573  0
12.160000  0.487380  0
12.186667  0.487199  0
12.213333  0.487030  0
12.240000  0.486874  0
12.266667  0.486732  0
12.293333  0.486603  0
12.320000  0.486486  0
12.346667  0.486380  0
12.373333  0.486280  0
12.400000  0.486186  0
12.426667  0.486092  0
12.453333  0.485996  0
12.480000  0.485894  0
12.506667  0.485782  0
12.533333  0.485659  0
12.560000  0.485521  0
12.586667  0.485368  0
12.613333  0.485199  0
12.640000  0.485014  0
12.666667  0.484815  0
12.693333  0.484601  0
12.720000  0.484374  0
12.746667  0.484135  0
12.773333  0.483885  0
12.800000  0.483622  0
12.826667  0.483348  0
12.853333  0.483060  0
12.880000  0.482759  0
12.906667  0.482444  0
12.933333  0.482115  0
12.960000  0.481772  0
12.986667  0.481416  0
13.013333  0.481048  0
13.040000  0.480667  0
13.066667  0.480271  0
13.093333  0.479857  0
13.120000  0.479419  0
13.146667  0.478949  0
13.173333  0.478437  0
13.200000  0.477873  0
13.226667  0.477246  0
13.253333  0.476546  0
13.280000  0.475767  0
13.306667  0.474905  0
13.333333  0.473962  0
13.360000  0.472946  0
13.386667  0.471867  0
13.413333  0.470744  0
13.440000  0.469595  0
13.466667  0.468443  0
13.493333  0.467310  0
13.520000  0.466217  0
13.546667  0.465183  0
13.573333  0.464221  0
13.600000  0.463343  0
13.626667  0.462553  0
13.653333  0.461855  0
13.680000  0.461246  0
13.706667  0.460723  0
13.733333  0.460281  0
13.760000  0.459915  0
13.786667  0.459618  0
13.813333  0.459385  0
13.840000  0.459211  0
13.866667  0.459091  0
13.893333  0.459018  0
13.920000  0.458988  0
13.946667  0.458994  0
13.973333  0.459030  0
14.000000  0.459087  0
14.026667  0.459157  0
14.053333  0.459232  0
14.080000  0.459305  0
14.106667  0.459368  0
14.133333  0.459419  0
14.160000  0.459452  0
14.186667  0.459467  0
14.213333  0.459465  0
14.240000  0.459449  0
14.266667  0.459420  0
14.293333  0.459382  0
14.320000  0.459338  0
14.346667  0.459287  0
14.373333  0.459229  0
14.400000  0.459162  0
14.426667  0.459084  0
14.453333  0.458989  0
14.480000  0.458875  0
14.506667  0.458737  0
14.533333  0.458575  0
14.560000  0.458387  0
14.586667  0.458174  0
14.613333  0.457939  0
14.640000  0.457687  0
14.666667  0.457421  0
14.693333  0.457148  0
14.720000  0.456873  0
14.746667  0.456599  0
14.773333  0.456332  0
14.800000  0.456073  0
14.826667  0.455824  0
14.853333  0.455586  0
14.880000  0.455357  0
14.906667  0.455135  0
14.933333  0.454920  0
14.960000  0.454709  0
14.986667  0.454500  0
15.013333  0.454291  0
15.040000  0.454082  0
15.066667  0.453871  0
15.093333  0.453657  0
15.120000  0.453441  0
15.146667  0.453224  0
15.173333  0.453004  0
15.200000  0.452784  0
15.226667  0.452562  0
15.253333  0.452340  0
15.280000  0.452117  0
15.306667  0.451894  0
15.333333  0.451671  0
15.360000  0.451447  0
15.386667  0.451224  0
15.413333  0.451001  0
15.440000  0.450778  0
15.466667  0.450555  0
15.493333  0.450332  0
15.520000  0.450109  0
15.546667  0.449886  0
15.573333  0.449663  0
15.600000  0.449441  0
15.626667  0.449218  0
15.653333  0.448995  0
15.680000  0.448772  0
15.706667  0.448549  0
15.733333  0.448326  0
15.760000  0.448103  0
15.786667  0.447880  0
15.813333  0.447657  0
15.840000  0.447434  0
15.866667  0.447211  0
15.893333  0.446988  0
15.920000  0.446765  0
15.946667  0.446542  0
15.973333  0.446319  0
16.000000  0.446097  0
16.026667  0.445874  0
16.053333  0.445651  0
16.080000  0.445428  0
16.106667  0.445205  0
16.133333  0.444982  0
16.160000  0.444759  0
16.186667  0.444536  0
16.213333  0.444313  0
16.240000  0.444090  0
16.266667  0.443867  0
16.293333  0.443644  0
16.320000  0.443421  0
16.346667  0.443198  0
16.373333  0.442975  0
16.400000  0.442753  0
16.426667  0.442530  0
16.453333  0.442307  0
16.480000  0.442084  0
16.506667  0.441861  0
16.533333  0.441638  0
16.560000  0.441415  0
16.586667  0.441192  0
16.613333  0.440969  0
16.640000  0.440746  0
16.666667  0.440523  0
16.693333  0.440300  0
16.720000  0.440077  0
16.746667  0.439854  0
16.773333  0.439631  0
16.800000  0.439409  0
16.826667  0.439186  0
16.853333  0.438963  0
16.880000  0.438740  0
16.906667  0.438517  0
16.933333  0.438294  0
16.960000  0.438071  0
16.986667  0.437848  0
17.013333  0.437625  0
17.040000  0.437402  0
17.066667  0.437179  0
17.093333  0.436956  0
17.120000  0.436733  0
17.146667  0.436510  0
17.173333  0.436287  0
17.200000  0.436065  0
17.226667  0.435842  0
17.253333  0.435619  0
17.280000  0.435396  0
17.306667  0.435173  0
17.333333  0.434950  0
17.360000  0.434727  0
17.386667  0.434504  0
17.413333  0.434281  0
17.440000  0.434058  0
17.466667  0.433835  0
17.493333  0.433612  0
17.520000  0.433389  0
17.546667  0.433166  0
17.573333  0.432943  0
17.600000  0.432721  0
17.626667  0.432498  0
17.653333  0.432275  0
17.680000  0.432052  0
17.706667  0.431829  0
17.733333  0.431606  0
17.760000  0.431383  0
17.786667  0.431160  0
17.813333  0.430937  0
17.840000  0.430714  0
17.866667  0.430491  0
17.893333  0.430268  0
17.920000  0.430045  0
17.946667  0.429822  0
17.973333  0.429600  0
18.000000  0.429377  0
18.026667  0.429154  0
18.053333  0.428931  0
18.080000  0.428708  0
18.106667  0.428485  0
18.133333  0.428262  0
18.160000  0.428040  0
18.186667  0.427817  0
18.213333  0.427595  0
18.240000  0.427373  0
18.266667  0.427152  0
18.293333  0.426931  0
18.320000  0.426712  0
18.346667  0.426493  0
18.373333  0.426277  0
18.400000  0.426063  0
18.426667  0.425852  0
18.453333  0.425644  0
18.480000  0.425440  0
18.506667  0.425240  0
18.533333  0.425045  0
18.560000  0.424855  0
18.586667  0.424671  0
18.613333  0.424492  0
18.640000  0.424319  0
18.666667  0.424151  0
18.693333  0.423988  0
18.720000  0.423830  0
18.746667  0.423675  0
18.773333  0.423524  0
18.800000  0.423376  0
18.826667  0.423230  0
18.853333  0.423087  0
18.880000  0.422944  0
18.906667  0.422803  0
18.933333  0.422663  0
18.960000  0.422523  0
18.986667  0.422384  0
19.013333  0.422245  0
19.040000  0.422106  0
19.066667  0.421967  0
19.093333  0.421828  0
19.120000  0.421690  0
19.146667  0.421551  0
19.173333  0.421413  0
19.200000  0.421274  0
19.226667  0.421135  0
19.253333  0.420997  0
19.280000  0.420858  0
19.306667  0.420720  0
19.333333  0.420581  0
19.360000  0.420443  0
19.386667  0.420304  0
19.413333  0.420166  0
19.440000  0.420027  0
19.466667  0.419888  0
19.493333  0.419750  0
19.520000  0.419611  0
19.546667  0.419473  0
19.573333  0.419334  0
19.600000  0.419196  0
19.626667  0.419057  0
19.653333  0.418919  0
19.680000  0.418780  0
19.706667  0.418641  0
19.733333  0.418503  0
19.760000  0.418364  0
19.786667  0.418226  0
19.813333  0.418087  0
19.840000  0.417949  0
19.866667  0.417810  0
19.893333  0.417671  0
19.920000  0.417533  0
19.946667  0.417394  0
19.973333  0.417256  0
20.000000  0.417117  0
20.026667  0.416979  0
20.053333  0.416840  0
20.080000  0.416702  0
20.106667  0.416563  0
20.133333  0.416424  0
20.160000  0.416286  0
20.186667  0.416147  0
20.213333  0.416009  0
20.240000  0.415870  0
20.266667  0.415732  0
20.293333  0.415593  0
20.320000  0.415455  0
20.346667  0.415316  0
20.373333  0.415177  0
20.400000  0.415039  0
20.426667  0.414900  0
20.453333  0.414762  0
20.480000  0.414623  0
20.506667  0.414485  0
20.533333  0.414346  0
20.560000  0.414208  0
20.586667  0.414069  0
20.613333  0.413930  0
20.640000  0.413792  0
20.666667  0.413653  0
20.693333  0.413515  0
20.720000  0.413376  0
20.746667  0.413238  0
20.773333  0.413099  0
20.800000  0.412960  0
20.826667  0.412822  0
20.853333  0.412683  0
20.880000  0.412545  0
20.906667  0.412406  0
20.933333  0.412268  0
20.960000  0.412129  0
20.986667  0.411991  0
21.013333  0.411852  0
21.040000  0.411713  0
21.066667  0.411575  0
21.093333  0.411436  0
21.120000  0.411298  0
21.146667  0.411159  0
21.173333  0.411021  0
21.200000  0.410882  0
21.226667  0.410744  0
21.253333  0.410605  0
21.280000  0.410466  0
21.306667  0.410328  0
21.333333  0.410189  0
21.360000  0.410051  0
21.386667  0.409912  0
21.413333  0.409774  0
21.440000  0.409635  0
21.466667  0.409497  0
21.493333  0.409358  0
21.520000  0.409219  0
21.546667  0.409081  0
21.573333  0.408942  0
21.600000  0.408804  0
21.626667  0.408665  0
21.653333  0.408527  0
21.680000  0.408388  0
21.706667  0.408249  0
21.733333  0.408111  0
21.760000  0.407972  0
21.786667  0.407834  0
21.813333  0.407695  0
21.840000  0.407557  0
21.866667  0.407418  0
21.893333  0.407280  0
21.920000  0.407141  0
21.946667  0.407002  0
21.973333  0.406864  0
22.000000  0.406725  0
22.026667  0.406587  0
22.053333  0.406448  0
22.080000  0.406310  0
22.106667  0.406171  0
22.133333  0.406033  0
22.160000  0.405894  0
22.186667  0.405755  0
22.213333  0.405617  0
22.240000  0.405478  0
22.266667  0.405340  0
22.293333  0.405201  0
22.320000  0.405063  0
22.346667  0.404924  0
22.373333  0.404786  0
22.400000  0.404647  0
22.426667  0.404508  0
22.453333  0.404370  0
22.480000  0.404231  0
22.506667  0.404093  0
22.533333  0.403954  0
22.560000  0.403816  0
22.586667  0.403677  0
22.613333  0.403538  0
22.640000  0.403400  0
22.666667  0.403261  0
22.693333  0.403123  0
22.720000  0.402984  0
22.746667  0.402846  0
22.773333  0.402707  0
22.800000  0.402569  0
22.826667  0.402430  0
22.853333  0.402291  0
22.880000  0.402153  0
22.906667  0.402014  0
22.933333  0.401876  0
22.960000  0.401737  0
22.986667  0.401599  0
23.013333  0.401460  0
23.040000  0.401322  0
23.066667  0.401183  0
23.093333  0.401044  0
23.120000  0.400906  0
23.146667  0.400767  0
23.173333  0.400629  0
23.200000  0.400490  0
23.226667  0.400352  0
23.253333  0.400213  0
23.280000  0.400075  0
23.306667  0.399936  0
23.333333  0.399797  0
23.360000  0.399659  0
23.386667  0.399520  0
23.413333  0.399382  0
23.440000  0.399243  0
23.466667  0.399105  0
23.493333  0.398966  0
23.520000  0.398827  0
23.546667  0.398689  0
23.573333  0.398550  0
23.600000  0.398412  0
23.626667  0.398273  0
23.653333  0.398135  0
23.680000  0.397996  0
23.706667  0.397858  0
23.733333  0.397719  0
23.760000  0.397580  0
23.786667  0.397442  0
23.813333  0.397303  0
23.840000  0.397165  0
23.866667  0.397026  0
23.893333  0.396888  0
23.920000  0.396749  0
23.946667  0.396611  0
23.973333  0.396472  0
24.000000  0.396333  0
24.026667  0.396195  0
24.053333  0.396056  0
24.080000  0.395918  0
24.106667  0.395779  0
24.133333  0.395641  0
24.160000  0.395502  0
24.186667  0.395364  0
24.213333  0.395225  0
24.240000  0.395086  0
24.266667  0.394948  0
24.293333  0.394809  0
24.320000  0.394671  0
24.346667  0.394532  0
24.373333  0.394394  0
24.400000  0.394255  0
24.426667  0.394117  0
24.453333  0.393978  0
24.480000  0.393840  0
24.506667  0.393701  0
24.533333  0.393563  0
24.560000  0.393425  0
24.586667  0.393287  0
24.613333  0.393149  0
24.640000  0.393013  0
24.666667  0.392877  0
24.693333  0.392743  0
24.720000  0.392612  0
24.746667  0.392483  0
24.773333  0.392358  0
24.800000  0.392239  0
24.826667  0.392127  0
24.853333  0.392023  0
24.880000  0.391930  0
24.906667  0.391849  0
24.933333  0.391784  0
24.960000  0.391738  0
24.986667  0.391714  0
