2.986667  0.719104  0
3.013333  0.717666  0
3.040000  0.716228  0
3.066667  0.714791  0
3.093333  0.713353  0
3.120000  0.711915  0
3.146667  0.710477  0
3.173333  0.709039  0
3.200000  0.707601  0
3.226667  0.706164  0
3.253333  0.704726  0
3.280000  0.703288  0
3.306667  0.701850  0
3.333333  0.700412  0
3.360000  0.698974  0
3.386667  0.697536  0
3.413333  0.696099  0
3.440000  0.694661  0
3.466667  0.693223  0
3.493333  0.691785  0
3.520000  0.690347  0
3.546667  0.688909  0
3.573333  0.687471  0
3.600000  0.686034  0
3.626667  0.684596  0
3.653333  0.683198  0
3.680000  0.681985  0
3.706667  0.680772  0
3.733333  0.679558  0
3.760000  0.678345  0
3.786667  0.677132  0
3.813333  0.675919  0
3.840000  0.674706  0
3.866667  0.673493  0
3.893333  0.672279  0
3.920000  0.671066  0
3.946667  0.669853  0
3.973333  0.668640  0
4.000000  0.667427  0
4.026667  0.666213  0
4.053333  0.665000  0
4.080000  0.663787  0
4.106667  0.662574  0
4.133333  0.661361  0
4.160000  0.660148  0
4.186667  0.658934  0
4.213333  0.657721  0
4.240000  0.656508  0
4.266667  0.655295  0
4.293333  0.654082  0
4.320000  0.652868  0
4.346667  0.651655  0
4.373333  0.650442  0
4.400000  0.649229  0
4.426667  0.648016  0
4.453333  0.646802  0
4.480000  0.645589  0
4.506667  0.644376  0
4.533333  0.643163  0
4.560000  0.641950  0
4.586667  0.640629  0
4.613333  0.639291  0
4.640000  0.637954  0
4.666667  0.636616  0
4.693333  0.635279  0
4.720000  0.633942  0
4.746667  0.632604  0
4.773333  0.631267  0
4.800000  0.629929  0
4.826667  0.628592  0
4.853333  0.627254  0
4.880000  0.625917  0
4.906667  0.624580  0
4.933333  0.623242  0
4.960000  0.621905  0
4.986667  0.620567  0
5.013333  0.619230  0
5.040000  0.617893  0
5.066667  0.616555  0
5.093333  0.615218  0
5.120000  0.613880  0
5.146667  0.612543  0
5.173333  0.611206  0
5.200000  0.609868  0
5.226667  0.608531  0
5.253333  0.607193  0
5.280000  0.605856  0
5.306667  0.604518  0
5.333333  0.603181  0
5.360000  0.601844  0
5.386667  0.600506  0
5.413333  0.599169  0
5.440000  0.597831  0
5.466667  0.596494  0
5.493333  0.595157  0
5.520000  0.593819  0
5.546667  0.592482  0
5.573333  0.591144  0
5.600000  0.589807  0
5.626667  0.588505  0
5.653333  0.587516  0
5.680000  0.586528  0
5.706667  0.585539  0
5.733333  0.584551  0
5.760000  0.583562  0
5.786667  0.582574  0
5.813333  0.581585  0
5.840000  0.580597  0
5.866667  0.579608  0
5.893333  0.578620  0
5.920000  0.577631  0
5.946667  0.576643  0
5.973333  0.575654  0
6.000000  0.574665  0
6.026667  0.573677  0
6.053333  0.572688  0
6.080000  0.571700  0
6.106667  0.570711  0
6.133333  0.569723  0
6.160000  0.568734  0
6.186667  0.567746  0
6.213333  0.566757  0
6.240000  0.565769  0
6.266667  0.564780  0
6.293333  0.563792  0
6.320000  0.562803  0
6.346667  0.561815  0
6.373333  0.560826  0
6.400000  0.559838  0
6.426667  0.558849  0
6.453333  0.557861  0
6.480000  0.556872  0
6.506667  0.555876  0
6.533333  0.554865  0
6.560000  0.553854  0
6.586667  0.552843  0
6.613333  0.551832  0
6.640000  0.550821  0
6.666667  0.549810  0
6.693333  0.548799  0
6.720000  0.547788  0
6.746667  0.546777  0
6.773333  0.545766  0
6.800000  0.544755  0
6.826667  0.543744  0
6.853333  0.542733  0
6.880000  0.541722  0
6.906667  0.540711  0
6.933333  0.539700  0
6.960000  0.538689  0
6.986667  0.537678  0
7.013333  0.536667  0
7.040000  0.535656  0
7.066667  0.534645  0
7.093333  0.533634  0
7.120000  0.532623  0
7.146667  0.531612  0
7.173333  0.530601  0
7.200000  0.529590  0
7.226667  0.528579  0
7.253333  0.527568  0
7.280000  0.526557  0
7.306667  0.525546  0
7.333333  0.524535  0
7.360000  0.523524  0
7.386667  0.522513  0
7.413333  0.521507  0
7.440000  0.520626  0
7.466667  0.519744  0
7.493333  0.518862  0
7.520000  0.517981  0
7.546667  0.517099  0
7.573333  0.516218  0
7.600000  0.515336  0
7.626667  0.514454  0
7.653333  0.513573  0
7.680000  0.512691  0
7.706667  0.511809  0
7.733333  0.510928  0
7.760000  0.510046  0
7.786667  0.509164  0
7.813333  0.508283  0
7.840000  0.507401  0
7.866667  0.506519  0
7.893333  0.505638  0
7.920000  0.504756  0
7.946667  0.503874  0
7.973333  0.502993  0
8.000000  0.502111  0
8.026667  0.501229  0
8.053333  0.500348  0
8.080000  0.499466  0
8.106667  0.498584  0
8.133333  0.497703  0
8.160000  0.496821  0
8.186667  0.495838  0
8.213333  0.494426  0
8.240000  0.493014  0
8.266667  0.491602  0
8.293333  0.490190  0
8.320000  0.488778  0
8.346667  0.487365  0
8.373333  0.485953  0
8.400000  0.484541  0
8.426667  0.483129  0
8.453333  0.481717  0
8.480000  0.480304  0
8.506667  0.478892  0
8.533333  0.477480  0
8.560000  0.476068  0
8.586667  0.474656  0
8.613333  0.473244  0
8.640000  0.470125  0
8.666667  0.466620  0
8.693333  0.463115  0
8.720000  0.459611  0
8.746667  0.456106  0
8.773333  0.452601  0
8.800000  0.449096  0
8.826667  0.445592  0
8.853333  0.442608  0
8.880000  0.441290  0
8.906667  0.439972  0
8.933333  0.438653  0
8.960000  0.437335  0
8.986667  0.436017  0
9.013333  0.434699  0
9.040000  0.433381  0
9.066667  0.432063  0
9.093333  0.430745  0
9.120000  0.429427  0
9.146667  0.428109  0
9.173333  0.426791  0
9.200000  0.425473  0
9.226667  0.424347  0
9.253333  0.423976  0
9.280000  0.423605  0
9.306667  0.423235  0
9.333333  0.422864  0
9.360000  0.422493  0
9.386667  0.422123  0
9.413333  0.421752  0
9.440000  0.421381  0
9.466667  0.421011  0
9.493333  0.420640  0
9.520000  0.420269  0
9.546667  0.419899  0
9.573333  0.419528  0
9.600000  0.419157  0
9.626667  0.418786  0
9.653333  0.418416  0
9.680000  0.418045  0
9.706667  0.417674  0
9.733333  0.417304  0
9.760000  0.416933  0
9.786667  0.416562  0
9.813333  0.416192  0
9.840000  0.415821  0
9.866667  0.415450  0
9.893333  0.415125  0
9.920000  0.414935  0
9.946667  0.414744  0
9.973333  0.414554  0
10.000000  0.414364  0
10.026667  0.414174  0
10.053333  0.413984  0
10.080000  0.413794  0
10.106667  0.413604  0
10.133333  0.413414  0
10.160000  0.413224  0
10.186667  0.413034  0
10.213333  0.412843  0
10.240000  0.412653  0
10.266667  0.412463  0
10.293333  0.412273  0
10.320000  0.412083  0
10.346667  0.411893  0
10.373333  0.411703  0
10.400000  0.411513  0
10.426667  0.411323  0
10.453333  0.411133  0
10.480000  0.410942  0
10.506667  0.410752  0
10.533333  0.410562  0
10.560000  0.410372  0
10.586667  0.410182  0
10.613333  0.409992  0
10.640000  0.409802  0
10.666667  0.409612  0
10.693333  0.409422  0
10.720000  0.409232  0
10.746667  0.409041  0
10.773333  0.408851  0
10.800000  0.408661  0
10.826667  0.408471  0
10.853333  0.408281  0
10.880000  0.408091  0
10.906667  0.407901  0
10.933333  0.407711  0
10.960000  0.407521  0
10.986667  0.407331  0
11.013333  0.407140  0
11.040000  0.406950  0
11.066667  0.406760  0
11.093333  0.406570  0
11.120000  0.406380  0
11.146667  0.406190  0
11.173333  0.406000  0
11.200000  0.405810  0
11.226667  0.405620  0
11.253333  0.405430  0
11.280000  0.405239  0
11.306667  0.405049  0
11.333333  0.404859  0
11.360000  0.404669  0
11.386667  0.404479  0
11.413333  0.404289  0
11.440000  0.404099  0
11.466667  0.403909  0
11.493333  0.403719  0
11.520000  0.403528  0
11.546667  0.403338  0
11.573333  0.403148  0
11.600000  0.402958  0
11.626667  0.402768  0
11.653333  0.402578  0
11.680000  0.402388  0
11.706667  0.402198  0
11.733333  0.402008  0
11.760000  0.401818  0
11.786667  0.401627  0
11.813333  0.401437  0
11.840000  0.401247  0
11.866667  0.401057  0
11.893333  0.400867  0
11.920000  0.400677  0
11.946667  0.400487  0
11.973333  0.400297  0
12.000000  0.400107  0
12.026667  0.399917  0
12.053333  0.399726  0
12.080000  0.399536  0
12.106667  0.399346  0
12.133333  0.399156  0
12.160000  0.398966  0
12.186667  0.398776  0
12.213333  0.398586  0
12.240000  0.398396  0
12.266667  0.398206  0
12.293333  0.398016  0
12.320000  0.397825  0
12.346667  0.397635  0
12.373333  0.397445  0
12.400000  0.397255  0
12.426667  0.397065  0
12.453333  0.396875  0
12.480000  0.396685  0
12.506667  0.396495  0
12.533333  0.396305  0
12.560000  0.396115  0
12.586667  0.395924  0
12.613333  0.395734  0
12.640000  0.395544  0
12.666667  0.395354  0
12.693333  0.395164  0
12.720000  0.394974  0
12.746667  0.394784  0
12.773333  0.394594  0
12.800000  0.394404  0
12.826667  0.394214  0
12.853333  0.394023  0
12.880000  0.393833  0
12.906667  0.393643  0
12.933333  0.393453  0
12.960000  0.393263  0
12.986667  0.393073  0
13.013333  0.392883  0
13.040000  0.392693  0
13.066667  0.392503  0
13.093333  0.392313  0
13.120000  0.392122  0
13.146667  0.391932  0
13.173333  0.391742  0
13.200000  0.391552  0
13.226667  0.391362  0
13.253333  0.391172  0
13.280000  0.390982  0
13.306667  0.390792  0
13.333333  0.390602  0
13.360000  0.390412  0
13.386667  0.390221  0
13.413333  0.390031  0
13.440000  0.389841  0
13.466667  0.389651  0
13.493333  0.389461  0
13.520000  0.389271  0
13.546667  0.389081  0
13.573333  0.388891  0
13.600000  0.388701  0
13.626667  0.388511  0
13.653333  0.388320  0
13.680000  0.388130  0
13.706667  0.387940  0
13.733333  0.387750  0
13.760000  0.387560  0
13.786667  0.387370  0
13.813333  0.387180  0
13.840000  0.386990  0
13.866667  0.386800  0
13.893333  0.386610  0
13.920000  0.386419  0
13.946667  0.386229  0
13.973333  0.386039  0
14.000000  0.385849  0
14.026667  0.385659  0
14.053333  0.385469  0
14.080000  0.385279  0
14.106667  0.385089  0
14.133333  0.384899  0
14.160000  0.384709  0
14.186667  0.384518  0
14.213333  0.384328  0
14.240000  0.384138  0
14.266667  0.383948  0
14.293333  0.383758  0
14.320000  0.383568  0
14.346667  0.383378  0
14.373333  0.383188  0
14.400000  0.382998  0
14.426667  0.382808  0
14.453333  0.382617  0
14.480000  0.382427  0
14.506667  0.382237  0
14.533333  0.382047  0
14.560000  0.381857  0
14.586667  0.381667  0
14.613333  0.381477  0
14.640000  0.381287  0
14.666667  0.381097  0
14.693333  0.380907  0
14.720000  0.380716  0
14.746667  0.380526  0
14.773333  0.380336  0
14.800000  0.380146  0
14.826667  0.379956  0
14.853333  0.379766  0
14.880000  0.379576  0
14.906667  0.379386  0
14.933333  0.379196  0
14.960000  0.379006  0
14.986667  0.378815  0
15.013333  0.378625  0
15.040000  0.378435  0
15.066667  0.378245  0
15.093333  0.378055  0
15.120000  0.377865  0
15.146667  0.377675  0
15.173333  0.377485  0
15.200000  0.377295  0
15.226667  0.377105  0
15.253333  0.376914  0
15.280000  0.376724  0
15.306667  0.376534  0
15.333333  0.376344  0
15.360000  0.376154  0
15.386667  0.375964  0
15.413333  0.375774  0
15.440000  0.375584  0
15.466667  0.375394  0
15.493333  0.375204  0
15.520000  0.375013  0
15.546667  0.374823  0
15.573333  0.374633  0
15.600000  0.374443  0
15.626667  0.374253  0
15.653333  0.374063  0
15.680000  0.373873  0
15.706667  0.373683  0
15.733333  0.373493  0
15.760000  0.373303  0
15.786667  0.373112  0
15.813333  0.372922  0
15.840000  0.372732  0
15.866667  0.372542  0
15.893333  0.372352  0
15.920000  0.372162  0
15.946667  0.371972  0
15.973333  0.371782  0
16.000000  0.371592  0
16.026667  0.371402  0
16.053333  0.371211  0
16.080000  0.371021  0
16.106667  0.370831  0
16.133333  0.370641  0
16.160000  0.370451  0
16.186667  0.370261  0
16.213333  0.370071  0
16.240000  0.369881  0
16.266667  0.369691  0
16.293333  0.369501  0
16.320000  0.369310  0
16.346667  0.369120  0
16.373333  0.368930  0
16.400000  0.368740  0
16.426667  0.368550  0
16.453333  0.368360  0
16.480000  0.368170  0
16.506667  0.367980  0
16.533333  0.367790  0
16.560000  0.367600  0
16.586667  0.367409  0
16.613333  0.367219  0
16.640000  0.367029  0
16.666667  0.366839  0
16.693333  0.366649  0
16.720000  0.366459  0
16.746667  0.366269  0
16.773333  0.366079  0
16.800000  0.365889  0
16.826667  0.365699  0
16.853333  0.365508  0
16.880000  0.365318  0
16.906667  0.365128  0
16.933333  0.364938  0
16.960000  0.364748  0
16.986667  0.364558  0
17.013333  0.364368  0
17.040000  0.364178  0
17.066667  0.363988  0
17.093333  0.363798  0
17.120000  0.363607  0
17.146667  0.363417  0
17.173333  0.363227  0
17.200000  0.363037  0
17.226667  0.362847  0
17.253333  0.362657  0
17.280000  0.362467  0
17.306667  0.362277  0
17.333333  0.362087  0
17.360000  0.361897  0
17.386667  0.361706  0
17.413333  0.361516  0
17.440000  0.361326  0
17.466667  0.361136  0
17.493333  0.360946  0
17.520000  0.360756  0
17.546667  0.360566  0
17.573333  0.360376  0
17.600000  0.360186  0
17.626667  0.359996  0
17.653333  0.359805  0
17.680000  0.359615  0
17.706667  0.359425  0
17.733333  0.359235  0
17.760000  0.359045  0
17.786667  0.358855  0
17.813333  0.358665  0
17.840000  0.358475  0
17.866667  0.358285  0
17.893333  0.358094  0
17.920000  0.357904  0
17.946667  0.357714  0
17.973333  0.357524  0
