2.320000  0.727904  0
2.346667  0.725865  0
2.373333  0.723826  0
2.400000  0.721787  0
2.426667  0.719748  0
2.453333  0.717710  0
2.480000  0.715671  0
2.506667  0.713632  0
2.533333  0.711593  0
2.560000  0.709554  0
2.586667  0.707515  0
2.613333  0.705477  0
2.640000  0.703438  0
2.666667  0.701399  0
2.693333  0.699360  0
2.720000  0.697321  0
2.746667  0.695282  0
2.773333  0.693244  0
2.800000  0.691205  0
2.826667  0.689166  0
2.853333  0.687127  0
2.880000  0.685088  0
2.906667  0.683050  0
2.933333  0.681011  0
2.960000  0.678972  0
2.986667  0.677695  0
3.013333  0.676493  0
3.040000  0.675290  0
3.066667  0.674088  0
3.093333  0.672886  0
3.120000  0.671684  0
3.146667  0.670481  0
3.173333  0.669279  0
3.200000  0.668077  0
3.226667  0.666875  0
3.253333  0.665672  0
3.280000  0.664470  0
3.306667  0.663268  0
3.333333  0.662066  0
3.360000  0.660863  0
3.386667  0.659661  0
3.413333  0.658459  0
3.440000  0.657257  0
3.466667  0.656054  0
3.493333  0.654852  0
3.520000  0.653650  0
3.546667  0.652448  0
3.573333  0.651245  0
3.600000  0.650043  0
3.626667  0.648841  0
3.653333  0.647638  0
3.680000  0.646436  0
3.706667  0.645234  0
3.733333  0.644041  0
3.760000  0.642990  0
3.786667  0.641940  0
3.813333  0.640890  0
3.840000  0.639840  0
3.866667  0.638789  0
3.893333  0.637739  0
3.920000  0.636689  0
3.946667  0.635638  0
3.973333  0.634588  0
4.000000  0.633538  0
4.026667  0.632487  0
4.053333  0.631437  0
4.080000  0.630387  0
4.106667  0.629337  0
4.133333  0.628286  0
4.160000  0.627236  0
4.186667  0.626186  0
4.213333  0.625135  0
4.240000  0.624085  0
4.266667  0.623035  0
4.293333  0.621984  0
4.320000  0.620934  0
4.346667  0.619884  0
4.373333  0.618833  0
4.400000  0.617783  0
4.426667  0.616733  0
4.453333  0.615683  0
4.480000  0.614632  0
4.506667  0.613582  0
4.533333  0.612532  0
4.560000  0.611481  0
4.586667  0.610431  0
4.613333  0.609381  0
4.640000  0.608330  0
4.666667  0.607280  0
4.693333  0.606230  0
4.720000  0.605179  0
4.746667  0.604350  0
4.773333  0.603650  0
4.800000  0.602950  0
4.826667  0.602249  0
4.853333  0.601549  0
4.880000  0.600849  0
4.906667  0.600149  0
4.933333  0.599449  0
4.960000  0.598748  0
4.986667  0.598048  0
5.013333  0.597348  0
5.040000  0.596648  0
5.066667  0.595948  0
5.093333  0.595247  0
5.120000  0.594547  0
5.146667  0.593847  0
5.173333  0.593147  0
5.200000  0.592447  0
5.226667  0.591746  0
5.253333  0.591046  0
5.280000  0.590346  0
5.306667  0.589646  0
5.333333  0.588946  0
5.360000  0.588245  0
5.386667  0.587545  0
5.413333  0.586845  0
5.440000  0.586145  0
5.466667  0.585445  0
5.493333  0.584744  0
5.520000  0.584044  0
5.546667  0.583344  0
5.573333  0.582644  0
5.600000  0.581944  0
5.626667  0.581243  0
5.653333  0.580543  0
5.680000  0.579843  0
5.706667  0.579143  0
5.733333  0.578443  0
5.760000  0.577742  0
5.786667  0.577042  0
5.813333  0.576342  0
5.840000  0.575642  0
5.866667  0.574942  0
5.893333  0.574241  0
5.920000  0.573541  0
5.946667  0.572841  0
5.973333  0.572141  0
6.000000  0.571441  0
6.026667  0.570740  0
6.053333  0.570040  0
6.080000  0.569340  0
6.106667  0.568640  0
6.133333  0.567940  0
6.160000  0.567239  0
6.186667  0.566539  0
6.213333  0.565839  0
6.240000  0.565198  0
6.266667  0.564619  0
6.293333  0.564039  0
6.320000  0.563460  0
6.346667  0.562881  0
6.373333  0.562302  0
6.400000  0.561722  0
6.426667  0.561143  0
6.453333  0.560564  0
6.480000  0.559985  0
6.506667  0.559406  0
6.533333  0.558826  0
6.560000  0.558247  0
6.586667  0.557668  0
6.613333  0.557089  0
6.640000  0.556510  0
6.666667  0.555930  0
6.693333  0.555351  0
6.720000  0.554772  0
6.746667  0.554193  0
6.773333  0.553614  0
6.800000  0.553034  0
6.826667  0.552455  0
6.853333  0.551876  0
6.880000  0.551297  0
6.906667  0.550717  0
6.933333  0.550138  0
6.960000  0.549559  0
6.986667  0.548980  0
7.013333  0.548401  0
7.040000  0.547821  0
7.066667  0.547242  0
7.093333  0.546663  0
7.120000  0.546084  0
7.146667  0.545505  0
7.173333  0.544925  0
7.200000  0.544346  0
7.226667  0.543767  0
7.253333  0.543188  0
7.280000  0.542608  0
7.306667  0.542029  0
7.333333  0.541450  0
7.360000  0.540871  0
7.386667  0.540292  0
7.413333  0.539712  0
7.440000  0.539133  0
7.466667  0.538554  0
7.493333  0.537975  0
7.520000  0.537396  0
7.546667  0.536816  0
7.573333  0.536237  0
7.600000  0.535658  0
7.626667  0.535079  0
7.653333  0.534500  0
7.680000  0.533920  0
7.706667  0.533341  0
7.733333  0.532762  0
7.760000  0.532183  0
7.786667  0.531603  0
7.813333  0.531024  0
7.840000  0.530445  0
7.866667  0.529866  0
7.893333  0.529287  0
7.920000  0.528707  0
7.946667  0.528128  0
7.973333  0.527549  0
8.000000  0.526970  0
8.026667  0.526391  0
8.053333  0.525811  0
8.080000  0.525232  0
8.106667  0.524653  0
8.133333  0.524074  0
8.160000  0.523494  0
8.186667  0.522915  0
8.213333  0.522336  0
8.240000  0.521757  0
8.266667  0.521178  0
8.293333  0.520598  0
8.320000  0.520019  0
8.346667  0.519440  0
8.373333  0.518861  0
8.400000  0.518282  0
8.426667  0.517702  0
8.453333  0.517123  0
8.480000  0.516544  0
8.506667  0.515965  0
8.533333  0.515386  0
8.560000  0.514806  0
8.586667  0.514227  0
8.613333  0.513648  0
8.640000  0.513069  0
8.666667  0.512489  0
8.693333  0.511910  0
8.720000  0.511331  0
8.746667  0.510752  0
8.773333  0.510173  0
8.800000  0.509593  0
8.826667  0.509014  0
8.853333  0.508435  0
8.880000  0.507856  0
8.906667  0.507370  0
8.933333  0.506929  0
8.960000  0.506488  0
8.986667  0.506047  0
9.013333  0.505606  0
9.040000  0.505164  0
9.066667  0.504723  0
9.093333  0.504282  0
9.120000  0.503841  0
9.146667  0.503400  0
9.173333  0.502959  0
9.200000  0.502517  0
9.226667  0.502076  0
9.253333  0.501635  0
9.280000  0.501194  0
9.306667  0.500753  0
9.333333  0.500312  0
9.360000  0.499871  0
9.386667  0.499429  0
9.413333  0.498988  0
9.440000  0.498547  0
9.466667  0.498106  0
9.493333  0.497665  0
9.520000  0.497224  0
9.546667  0.496782  0
9.573333  0.496341  0
9.600000  0.495900  0
9.626667  0.495459  0
9.653333  0.495018  0
9.680000  0.494577  0
9.706667  0.494135  0
9.733333  0.493694  0
9.760000  0.493253  0
9.786667  0.492812  0
9.813333  0.492371  0
9.840000  0.491930  0
9.866667  0.491489  0
9.893333  0.491047  0
9.920000  0.490606  0
9.946667  0.490165  0
9.973333  0.489724  0
10.000000  0.489283  0
10.026667  0.488842  0
10.053333  0.488400  0
10.080000  0.487959  0
10.106667  0.487518  0
10.133333  0.487077  0
10.160000  0.486636  0
10.186667  0.486195  0
10.213333  0.485753  0
10.240000  0.485312  0
10.266667  0.484871  0
10.293333  0.484430  0
10.320000  0.483989  0
10.346667  0.483548  0
10.373333  0.483106  0
10.400000  0.482665  0
10.426667  0.482224  0
10.453333  0.481783  0
10.480000  0.481342  0
10.506667  0.480901  0
10.533333  0.480460  0
10.560000  0.480018  0
10.586667  0.479577  0
10.613333  0.479136  0
10.640000  0.478695  0
10.666667  0.478254  0
10.693333  0.477813  0
10.720000  0.477371  0
10.746667  0.476930  0
10.773333  0.476489  0
10.800000  0.476048  0
10.826667  0.475607  0
10.853333  0.475166  0
10.880000  0.474724  0
10.906667  0.474283  0
10.933333  0.473842  0
10.960000  0.473401  0
10.986667  0.472960  0
11.013333  0.472519  0
11.040000  0.472078  0
11.066667  0.471636  0
11.093333  0.471195  0
11.120000  0.470754  0
11.146667  0.470313  0
11.173333  0.469872  0
11.200000  0.469431  0
11.226667  0.468989  0
11.253333  0.468548  0
11.280000  0.468107  0
11.306667  0.467666  0
11.333333  0.467225  0
11.360000  0.466784  0
11.386667  0.466342  0
11.413333  0.465948  0
11.440000  0.465648  0
11.466667  0.465349  0
11.493333  0.465049  0
11.520000  0.464749  0
11.546667  0.464450  0
11.573333  0.464150  0
11.600000  0.463851  0
11.626667  0.463551  0
11.653333  0.463252  0
11.680000  0.462952  0
11.706667  0.462653  0
11.733333  0.462353  0
11.760000  0.462053  0
11.786667  0.461754  0
11.813333  0.461454  0
11.840000  0.461155  0
11.866667  0.460855  0
11.893333  0.460556  0
11.920000  0.460256  0
11.946667  0.459957  0
11.973333  0.459657  0
12.000000  0.459358  0
12.026667  0.459058  0
12.053333  0.458758  0
12.080000  0.458459  0
12.106667  0.458159  0
12.133333  0.457860  0
12.160000  0.457560  0
12.186667  0.457261  0
12.213333  0.456961  0
12.240000  0.456662  0
12.266667  0.456362  0
12.293333  0.456062  0
12.320000  0.455763  0
12.346667  0.455463  0
12.373333  0.455164  0
12.400000  0.454864  0
12.426667  0.454565  0
12.453333  0.454265  0
12.480000  0.453966  0
12.506667  0.453666  0
12.533333  0.453366  0
12.560000  0.453067  0
12.586667  0.452767  0
12.613333  0.452468  0
12.640000  0.452168  0
12.666667  0.451869  0
12.693333  0.451569  0
12.720000  0.451270  0
12.746667  0.450970  0
12.773333  0.450671  0
12.800000  0.450371  0
12.826667  0.450071  0
12.853333  0.449772  0
12.880000  0.449472  0
12.906667  0.449173  0
12.933333  0.448873  0
12.960000  0.448574  0
12.986667  0.448274  0
13.013333  0.447975  0
13.040000  0.447675  0
13.066667  0.447375  0
13.093333  0.447076  0
13.120000  0.446776  0
13.146667  0.446477  0
13.173333  0.446177  0
13.200000  0.445878  0
13.226667  0.445578  0
13.253333  0.445279  0
13.280000  0.444979  0
13.306667  0.444679  0
13.333333  0.444380  0
13.360000  0.444080  0
13.386667  0.443781  0
13.413333  0.443481  0
13.440000  0.443182  0
13.466667  0.442882  0
13.493333  0.442583  0
13.520000  0.442283  0
13.546667  0.441983  0
13.573333  0.441684  0
13.600000  0.441384  0
13.626667  0.441085  0
13.653333  0.440785  0
13.680000  0.440486  0
13.706667  0.440186  0
13.733333  0.439887  0
13.760000  0.439587  0
13.786667  0.439288  0
13.813333  0.438988  0
13.840000  0.438688  0
13.866667  0.438389  0
13.893333  0.438089  0
13.920000  0.437790  0
13.946667  0.437490  0
13.973333  0.437191  0
14.000000  0.436891  0
14.026667  0.436592  0
14.053333  0.436292  0
14.080000  0.435992  0
14.106667  0.435693  0
14.133333  0.435393  0
14.160000  0.435094  0
14.186667  0.434794  0
14.213333  0.434495  0
14.240000  0.434195  0
14.266667  0.433896  0
14.293333  0.433596  0
14.320000  0.433296  0
14.346667  0.432997  0
14.373333  0.432697  0
14.400000  0.432398  0
14.426667  0.432098  0
14.453333  0.431799  0
14.480000  0.431499  0
14.506667  0.431200  0
14.533333  0.430900  0
14.560000  0.430601  0
14.586667  0.430301  0
14.613333  0.430001  0
14.640000  0.429702  0
14.666667  0.429402  0
14.693333  0.429103  0
14.720000  0.428803  0
14.746667  0.428504  0
14.773333  0.428204  0
14.800000  0.427905  0
14.826667  0.427605  0
14.853333  0.427305  0
14.880000  0.427006  0
14.906667  0.426706  0
14.933333  0.426407  0
14.960000  0.426107  0
14.986667  0.425808  0
15.013333  0.425508  0
15.040000  0.425209  0
15.066667  0.424909  0
15.093333  0.424609  0
15.120000  0.424310  0
15.146667  0.424010  0
15.173333  0.423711  0
15.200000  0.423411  0
15.226667  0.423112  0
15.253333  0.422812  0
15.280000  0.422513  0
15.306667  0.422213  0
15.333333  0.421913  0
15.360000  0.421614  0
15.386667  0.421314  0
15.413333  0.421015  0
15.440000  0.420715  0
15.466667  0.420416  0
15.493333  0.420116  0
15.520000  0.419817  0
15.546667  0.419703  0
15.573333  0.419603  0
15.600000  0.419503  0
15.626667  0.419402  0
15.653333  0.419302  0
15.680000  0.419202  0
15.706667  0.419101  0
15.733333  0.419001  0
15.760000  0.418901  0
15.786667  0.418800  0
15.813333  0.418700  0
15.840000  0.418600  0
15.866667  0.418499  0
15.893333  0.418399  0
15.920000  0.418299  0
15.946667  0.418199  0
15.973333  0.418098  0
16.000000  0.417998  0
16.026667  0.417898  0
16.053333  0.417797  0
16.080000  0.417697  0
16.106667  0.417597  0
16.133333  0.417496  0
16.160000  0.417396  0
16.186667  0.417296  0
16.213333  0.417195  0
16.240000  0.417095  0
16.266667  0.416995  0
16.293333  0.416894  0
16.320000  0.416794  0
16.346667  0.416694  0
16.373333  0.416594  0
16.400000  0.416493  0
16.426667  0.416393  0
16.453333  0.416293  0
16.480000  0.416192  0
16.506667  0.416092  0
16.533333  0.415992  0
16.560000  0.415891  0
16.586667  0.415791  0
16.613333  0.415691  0
16.640000  0.415590  0
16.666667  0.415490  0
16.693333  0.415390  0
16.720000  0.415289  0
16.746667  0.415189  0
16.773333  0.415089  0
16.800000  0.414988  0
16.826667  0.414888  0
16.853333  0.414788  0
16.880000  0.414688  0
16.906667  0.414587  0
16.933333  0.414487  0
16.960000  0.414387  0
16.986667  0.414286  0
17.013333  0.414186  0
17.040000  0.414086  0
17.066667  0.413985  0
17.093333  0.413885  0
17.120000  0.413785  0
17.146667  0.413684  0
17.173333  0.413584  0
17.200000  0.413484  0
17.226667  0.413383  0
17.253333  0.413283  0
17.280000  0.413183  0
17.306667  0.413082  0
17.333333  0.412982  0
17.360000  0.412882  0
17.386667  0.412782  0
17.413333  0.412681  0
17.440000  0.412581  0
17.466667  0.412481  0
17.493333  0.412380  0
17.520000  0.412280  0
17.546667  0.412180  0
17.573333  0.412079  0
17.600000  0.411979  0
17.626667  0.411879  0
17.653333  0.411778  0
17.680000  0.411678  0
17.706667  0.411578  0
17.733333  0.411477  0
17.760000  0.411377  0
17.786667  0.411277  0
17.813333  0.411176  0
17.840000  0.411076  0
17.866667  0.410976  0
17.893333  0.410876  0
17.920000  0.410775  0
17.946667  0.410675  0
17.973333  0.410575  0
18.000000  0.410474  0
18.026667  0.410374  0
18.053333  0.410274  0
18.080000  0.410173  0
18.106667  0.410073  0
18.133333  0.409973  0
18.160000  0.409872  0
18.186667  0.409772  0
18.213333  0.409672  0
18.240000  0.409571  0
18.266667  0.409471  0
18.293333  0.409371  0
18.320000  0.409270  0
18.346667  0.409170  0
18.373333  0.409070  0
18.400000  0.408970  0
18.426667  0.408869  0
18.453333  0.408769  0
18.480000  0.408669  0
18.506667  0.408568  0
18.533333  0.408468  0
18.560000  0.408368  0
18.586667  0.408267  0
18.613333  0.408167  0
18.640000  0.408067  0
18.666667  0.407966  0
18.693333  0.407866  0
18.720000  0.407766  0
18.746667  0.407665  0
18.773333  0.407565  0
18.800000  0.407465  0
18.826667  0.407365  0
18.853333  0.407264  0
18.880000  0.407164  0
18.906667  0.407064  0
18.933333  0.406963  0
18.960000  0.406863  0
18.986667  0.406763  0
19.013333  0.406662  0
19.040000  0.406562  0
19.066667  0.406462  0
19.093333  0.406361  0
19.120000  0.406261  0
19.146667  0.406161  0
19.173333  0.406060  0
19.200000  0.405960  0
19.226667  0.405860  0
19.253333  0.405759  0
19.280000  0.405659  0
19.306667  0.405559  0
19.333333  0.405459  0
19.360000  0.405358  0
19.386667  0.405258  0
19.413333  0.405158  0
19.440000  0.405057  0
19.466667  0.404957  0
19.493333  0.404857  0
19.520000  0.404756  0
19.546667  0.404656  0
19.573333  0.404556  0
19.600000  0.404455  0
19.626667  0.404355  0
19.653333  0.404255  0
19.680000  0.404154  0
19.706667  0.404054  0
19.733333  0.403954  0
19.760000  0.403853  0
19.786667  0.403753  0
19.813333  0.403653  0
19.840000  0.403553  0
19.866667  0.403452  0
19.893333  0.403352  0
19.920000  0.403252  0
19.946667  0.403151  0
19.973333  0.403051  0
20.000000  0.402951  0
20.026667  0.402850  0
20.053333  0.402750  0
20.080000  0.402650  0
20.106667  0.402549  0
20.133333  0.402449  0
20.160000  0.402349  0
20.186667  0.402248  0
20.213333  0.402148  0
20.240000  0.402048  0
20.266667  0.401947  0
20.293333  0.401847  0
20.320000  0.401747  0
20.346667  0.401647  0
20.373333  0.401546  0
20.400000  0.401446  0
20.426667  0.401346  0
20.453333  0.401245  0
20.480000  0.401145  0
20.506667  0.401045  0
20.533333  0.400944  0
20.560000  0.400844  0
20.586667  0.400744  0
20.613333  0.400643  0
20.640000  0.400543  0
20.666667  0.400443  0
20.693333  0.400342  0
20.720000  0.400242  0
20.746667  0.400142  0
20.773333  0.400042  0
20.800000  0.399941  0
20.826667  0.399841  0
20.853333  0.399741  0
20.880000  0.399640  0
20.906667  0.399540  0
20.933333  0.399440  0
20.960000  0.399339  0
20.986667  0.399239  0
21.013333  0.399139  0
21.040000  0.399038  0
21.066667  0.398938  0
21.093333  0.398838  0
21.120000  0.398737  0
21.146667  0.398637  0
21.173333  0.398537  0
21.200000  0.398436  0
21.226667  0.398336  0
21.253333  0.398236  0
21.280000  0.398136  0
21.306667  0.398035  0
21.333333  0.397935  0
21.360000  0.397835  0
21.386667  0.397734  0
21.413333  0.397634  0
21.440000  0.397534  0
21.466667  0.397433  0
21.493333  0.397333  0
21.520000  0.397233  0
21.546667  0.397132  0
21.573333  0.397032  0
21.600000  0.396932  0
21.626667  0.396831  0
21.653333  0.396731  0
21.680000  0.396631  0
21.706667  0.396530  0
21.733333  0.396430  0
21.760000  0.396330  0
21.786667  0.396230  0
21.813333  0.396129  0
21.840000  0.396029  0
21.866667  0.395929  0
21.893333  0.395828  0
21.920000  0.395728  0
21.946667  0.395628  0
21.973333  0.395527  0
22.000000  0.395427  0
22.026667  0.395327  0
22.053333  0.395226  0
22.080000  0.395126  0
22.106667  0.395026  0
22.133333  0.394925  0
22.160000  0.394825  0
22.186667  0.394725  0
22.213333  0.394624  0
22.240000  0.394524  0
22.266667  0.394424  0
22.293333  0.394324  0
22.320000  0.394223  0
22.346667  0.394123  0
22.373333  0.394023  0
22.400000  0.393922  0
22.426667  0.393822  0
22.453333  0.393722  0
22.480000  0.393621  0
22.506667  0.393521  0
22.533333  0.393421  0
22.560000  0.393320  0
22.586667  0.393220  0
22.613333  0.393120  0
22.640000  0.393019  0
22.666667  0.392919  0
22.693333  0.392819  0
22.720000  0.392718  0
22.746667  0.392618  0
22.773333  0.392518  0
22.800000  0.392418  0
22.826667  0.392317  0
22.853333  0.392217  0
22.880000  0.392117  0
22.906667  0.392016  0
22.933333  0.391916  0
22.960000  0.391816  0
22.986667  0.391715  0
23.013333  0.391615  0
23.040000  0.391515  0
23.066667  0.391414  0
23.093333  0.391314  0
23.120000  0.391214  0
23.146667  0.391113  0
23.173333  0.391013  0
23.200000  0.390913  0
23.226667  0.390813  0
23.253333  0.390712  0
23.280000  0.390612  0
23.306667  0.390512  0
23.333333  0.390411  0
23.360000  0.390311  0
23.386667  0.390211  0
23.413333  0.390110  0
23.440000  0.390010  0
23.466667  0.389910  0
23.493333  0.389809  0
23.520000  0.389709  0
23.546667  0.389609  0
23.573333  0.389508  0
23.600000  0.389408  0
23.626667  0.389308  0
23.653333  0.389207  0
23.680000  0.389107  0
23.706667  0.389007  0
23.733333  0.388907  0
23.760000  0.388806  0
23.786667  0.388706  0
23.813333  0.388606  0
23.840000  0.388505  0
23.866667  0.388405  0
23.893333  0.388305  0
23.920000  0.388204  0
23.946667  0.388104  0
23.973333  0.388004  0
24.000000  0.387903  0
24.026667  0.387803  0
24.053333  0.387703  0
24.080000  0.387602  0
24.106667  0.387502  0
24.133333  0.387402  0
24.160000  0.387301  0
24.186667  0.387201  0
24.213333  0.387101  0
24.240000  0.387001  0
24.266667  0.386900  0
24.293333  0.386800  0
24.320000  0.386700  0
24.346667  0.386599  0
24.373333  0.386499  0
24.400000  0.386399  0
24.426667  0.386298  0
24.453333  0.386198  0
24.480000  0.386098  0
24.506667  0.385997  0
24.533333  0.385897  0
24.560000  0.385797  0
24.586667  0.385696  0
24.613333  0.385596  0
24.640000  0.385496  0
24.666667  0.385395  0
24.693333  0.385295  0
24.720000  0.385195  0
24.746667  0.385095  0
24.773333  0.384994  0
24.800000  0.384894  0
24.826667  0.384794  0
24.853333  0.384693  0
24.880000  0.384593  0
24.906667  0.384493  0
24.933333  0.384392  0
24.960000  0.384292  0
24.986667  0.384192  0
25.013333  0.384091  0
25.040000  0.383991  0
25.066667  0.383891  0
25.093333  0.383790  0
25.120000  0.383690  0
25.146667  0.383590  0
25.173333  0.383490  0
25.200000  0.383389  0
25.226667  0.383289  0
25.253333  0.383189  0
25.280000  0.383088  0
25.306667  0.382988  0
25.333333  0.382888  0
