2.586667  0.899284  0
2.613333  0.896313  0
2.640000  0.893343  0
2.666667  0.890372  0
2.693333  0.887402  0
2.720000  0.884431  0
2.746667  0.881461  0
2.773333  0.878490  0
2.800000  0.875520  0
2.826667  0.872550  0
2.853333  0.869579  0
2.880000  0.866609  0
2.906667  0.863638  0
2.933333  0.860668  0
2.960000  0.857697  0
2.986667  0.854727  0
3.013333  0.851756  0
3.040000  0.848786  0
3.066667  0.845815  0
3.093333  0.842845  0
3.120000  0.839874  0
3.146667  0.836904  0
3.173333  0.833933  0
3.200000  0.830963  0
3.226667  0.827992  0
3.253333  0.825022  0
3.280000  0.822051  0
3.306667  0.819081  0
3.333333  0.816110  0
3.360000  0.813140  0
3.386667  0.810169  0
3.413333  0.807199  0
3.440000  0.804228  0
3.466667  0.801258  0
3.493333  0.798287  0
3.520000  0.795317  0
3.546667  0.792346  0
3.573333  0.789376  0
3.600000  0.786405  0
3.626667  0.783435  0
3.653333  0.780464  0
3.680000  0.777494  0
3.706667  0.774523  0
3.733333  0.771553  0
3.760000  0.768582  0
3.786667  0.765612  0
3.813333  0.762641  0
3.840000  0.759671  0
3.866667  0.756700  0
3.893333  0.753730  0
3.920000  0.750759  0
3.946667  0.747789  0
3.973333  0.744819  0
4.000000  0.741848  0
4.026667  0.738878  0
4.053333  0.735907  0
4.080000  0.732937  0
4.106667  0.729966  0
4.133333  0.726996  0
4.160000  0.724025  0
4.186667  0.721055  0
4.213333  0.718084  0
4.240000  0.715114  0
4.266667  0.713135  0
4.293333  0.711508  0
4.320000  0.709744  0
4.346667  0.707913  0
4.373333  0.706001  0
4.400000  0.704036  0
4.426667  0.702036  0
4.453333  0.700006  0
4.480000  0.697975  0
4.506667  0.695944  0
4.533333  0.693934  0
4.560000  0.691953  0
4.586667  0.690000  0
4.613333  0.688102  0
4.640000  0.686231  0
4.666667  0.684431  0
4.693333  0.682654  0
4.720000  0.680957  0
4.746667  0.679275  0
4.773333  0.677677  0
4.800000  0.676086  0
4.826667  0.674582  0
4.853333  0.673079  0
4.880000  0.671668  0
4.906667  0.670257  0
4.933333  0.668941  0
4.960000  0.667629  0
4.986667  0.666417  0
5.013333  0.665217  0
5.040000  0.664124  0
5.066667  0.663053  0
5.093333  0.662095  0
5.120000  0.661172  0
5.146667  0.660365  0
5.173333  0.659609  0
5.200000  0.658969  0
5.226667  0.658396  0
5.253333  0.657932  0
5.280000  0.657554  0
5.306667  0.657274  0
5.333333  0.657094  0
5.360000  0.656999  0
5.386667  0.657016  0
5.413333  0.657101  0
5.440000  0.657304  0
5.466667  0.657556  0
5.493333  0.657923  0
5.520000  0.658322  0
5.546667  0.658825  0
5.573333  0.659344  0
5.600000  0.659943  0
5.626667  0.660548  0
5.653333  0.661200  0
5.680000  0.661852  0
5.706667  0.662508  0
5.733333  0.663164  0
5.760000  0.663779  0
5.786667  0.664393  0
5.813333  0.664934  0
5.840000  0.665468  0
5.866667  0.665910  0
5.893333  0.666336  0
5.920000  0.666668  0
5.946667  0.666974  0
5.973333  0.667196  0
6.000000  0.667386  0
6.026667  0.667512  0
6.053333  0.667605  0
6.080000  0.667658  0
6.106667  0.667682  0
6.133333  0.667689  0
6.160000  0.667680  0
6.186667  0.667670  0
6.213333  0.667659  0
6.240000  0.667657  0
6.266667  0.667669  0
6.293333  0.667692  0
6.320000  0.667741  0
6.346667  0.667799  0
6.373333  0.667886  0
6.400000  0.667977  0
6.426667  0.668091  0
6.453333  0.668205  0
6.480000  0.668326  0
6.506667  0.668445  0
6.533333  0.668546  0
6.560000  0.668647  0
6.586667  0.668702  0
6.613333  0.668756  0
6.640000  0.668744  0
6.666667  0.668727  0
6.693333  0.668631  0
6.720000  0.668524  0
6.746667  0.668334  0
6.773333  0.668124  0
6.800000  0.667837  0
6.826667  0.667521  0
6.853333  0.667137  0
6.880000  0.666719  0
6.906667  0.666244  0
6.933333  0.665730  0
6.960000  0.665171  0
6.986667  0.664571  0
7.013333  0.663935  0
7.040000  0.663257  0
7.066667  0.662551  0
7.093333  0.661802  0
7.120000  0.661029  0
7.146667  0.660212  0
7.173333  0.659377  0
7.200000  0.658493  0
7.226667  0.657595  0
7.253333  0.656645  0
7.280000  0.655686  0
7.306667  0.654672  0
7.333333  0.653654  0
7.360000  0.652582  0
7.386667  0.651510  0
7.413333  0.650394  0
7.440000  0.649278  0
7.466667  0.648139  0
7.493333  0.646998  0
7.520000  0.645858  0
7.546667  0.644719  0
7.573333  0.643606  0
7.600000  0.642498  0
7.626667  0.641438  0
7.653333  0.640394  0
7.680000  0.639410  0
7.706667  0.638455  0
7.733333  0.637565  0
7.760000  0.636715  0
7.786667  0.635926  0
7.813333  0.635187  0
7.840000  0.634497  0
7.866667  0.633858  0
7.893333  0.633254  0
7.920000  0.632696  0
7.946667  0.632156  0
7.973333  0.631649  0
8.000000  0.631148  0
8.026667  0.630659  0
8.053333  0.630168  0
8.080000  0.629668  0
8.106667  0.629161  0
8.133333  0.628623  0
8.160000  0.628079  0
8.186667  0.627488  0
8.213333  0.626894  0
8.240000  0.626243  0
8.266667  0.625592  0
8.293333  0.624887  0
8.320000  0.624179  0
8.346667  0.623430  0
8.373333  0.622676  0
8.400000  0.621895  0
8.426667  0.621109  0
8.453333  0.620311  0
8.480000  0.619509  0
8.506667  0.618707  0
8.533333  0.617904  0
8.560000  0.617108  0
8.586667  0.616315  0
8.613333  0.615534  0
8.640000  0.614760  0
8.666667  0.613999  0
8.693333  0.613248  0
8.720000  0.612509  0
8.746667  0.611784  0
8.773333  0.611070  0
8.800000  0.610373  0
8.826667  0.609685  0
8.853333  0.609019  0
8.880000  0.608362  0
8.906667  0.607732  0
8.933333  0.607110  0
8.960000  0.606525  0
8.986667  0.605946  0
9.013333  0.605416  0
9.040000  0.604889  0
9.066667  0.604426  0
9.093333  0.603963  0
9.120000  0.603577  0
9.146667  0.603192  0
9.173333  0.602888  0
9.200000  0.602591  0
9.226667  0.602375  0
9.253333  0.602173  0
9.280000  0.602050  0
9.306667  0.601948  0
9.333333  0.601574  0
9.360000  0.601098  0
9.386667  0.600623  0
9.413333  0.600148  0
9.440000  0.599672  0
9.466667  0.599197  0
9.493333  0.598721  0
9.520000  0.598246  0
9.546667  0.597771  0
9.573333  0.597295  0
9.600000  0.596820  0
9.626667  0.596345  0
9.653333  0.595869  0
9.680000  0.595394  0
9.706667  0.594919  0
9.733333  0.594443  0
9.760000  0.593968  0
9.786667  0.593493  0
9.813333  0.593017  0
9.840000  0.592542  0
9.866667  0.592066  0
9.893333  0.591591  0
9.920000  0.591116  0
9.946667  0.590640  0
9.973333  0.590165  0
10.000000  0.589690  0
10.026667  0.589214  0
10.053333  0.588739  0
10.080000  0.588264  0
10.106667  0.587788  0
10.133333  0.587313  0
10.160000  0.586838  0
10.186667  0.586362  0
10.213333  0.585887  0
10.240000  0.585411  0
10.266667  0.584936  0
10.293333  0.584461  0
10.320000  0.583985  0
10.346667  0.583510  0
10.373333  0.583035  0
10.400000  0.582559  0
10.426667  0.582084  0
10.453333  0.581609  0
10.480000  0.581133  0
10.506667  0.580658  0
10.533333  0.580183  0
10.560000  0.579707  0
10.586667  0.579232  0
10.613333  0.578756  0
10.640000  0.578281  0
10.666667  0.577806  0
10.693333  0.577330  0
10.720000  0.576855  0
10.746667  0.576380  0
10.773333  0.575904  0
10.800000  0.575429  0
10.826667  0.574954  0
10.853333  0.574478  0
10.880000  0.574003  0
10.906667  0.573528  0
10.933333  0.573052  0
10.960000  0.572577  0
10.986667  0.572101  0
11.013333  0.571626  0
11.040000  0.571151  0
11.066667  0.570675  0
11.093333  0.570200  0
11.120000  0.569725  0
11.146667  0.569249  0
11.173333  0.568774  0
11.200000  0.568299  0
11.226667  0.567823  0
11.253333  0.567348  0
11.280000  0.566873  0
11.306667  0.566397  0
11.333333  0.565922  0
11.360000  0.565447  0
11.386667  0.564971  0
11.413333  0.564496  0
11.440000  0.564020  0
11.466667  0.563545  0
11.493333  0.563070  0
11.520000  0.562594  0
11.546667  0.562119  0
11.573333  0.561644  0
11.600000  0.561168  0
11.626667  0.560693  0
11.653333  0.560218  0
11.680000  0.559742  0
11.706667  0.559267  0
11.733333  0.558792  0
11.760000  0.558316  0
11.786667  0.557841  0
11.813333  0.557365  0
11.840000  0.556890  0
11.866667  0.556415  0
11.893333  0.555939  0
11.920000  0.555464  0
11.946667  0.554989  0
11.973333  0.554513  0
12.000000  0.554038  0
12.026667  0.553563  0
12.053333  0.553087  0
12.080000  0.552612  0
12.106667  0.552137  0
12.133333  0.551661  0
12.160000  0.551186  0
12.186667  0.550710  0
12.213333  0.550235  0
12.240000  0.549760  0
12.266667  0.549284  0
12.293333  0.548809  0
12.320000  0.548334  0
12.346667  0.547858  0
12.373333  0.547383  0
12.400000  0.546908  0
12.426667  0.546432  0
12.453333  0.545957  0
12.480000  0.545482  0
12.506667  0.545006  0
12.533333  0.544531  0
12.560000  0.544055  0
12.586667  0.543580  0
12.613333  0.543105  0
12.640000  0.542629  0
12.666667  0.542154  0
12.693333  0.541679  0
12.720000  0.541203  0
12.746667  0.540728  0
12.773333  0.540253  0
12.800000  0.539777  0
12.826667  0.539302  0
12.853333  0.538827  0
12.880000  0.538351  0
12.906667  0.537876  0
12.933333  0.537400  0
12.960000  0.536925  0
12.986667  0.536450  0
13.013333  0.535974  0
13.040000  0.535499  0
13.066667  0.535024  0
13.093333  0.534548  0
13.120000  0.534073  0
13.146667  0.533598  0
13.173333  0.533122  0
13.200000  0.532647  0
13.226667  0.532172  0
13.253333  0.531696  0
13.280000  0.531221  0
13.306667  0.530745  0
13.333333  0.530270  0
13.360000  0.529795  0
13.386667  0.529319  0
13.413333  0.528844  0
13.440000  0.528369  0
13.466667  0.527893  0
13.493333  0.527418  0
13.520000  0.526943  0
13.546667  0.526467  0
13.573333  0.525992  0
13.600000  0.525517  0
13.626667  0.525041  0
13.653333  0.524566  0
13.680000  0.524091  0
13.706667  0.523615  0
13.733333  0.523140  0
13.760000  0.522664  0
13.786667  0.522189  0
13.813333  0.521714  0
13.840000  0.521238  0
13.866667  0.520763  0
13.893333  0.520288  0
13.920000  0.519812  0
13.946667  0.519337  0
13.973333  0.518862  0
14.000000  0.518386  0
14.026667  0.517911  0
14.053333  0.517436  0
14.080000  0.516960  0
14.106667  0.516485  0
14.133333  0.516009  0
14.160000  0.515534  0
14.186667  0.515059  0
14.213333  0.514583  0
14.240000  0.514108  0
14.266667  0.513633  0
14.293333  0.513157  0
14.320000  0.512682  0
14.346667  0.512207  0
14.373333  0.511731  0
14.400000  0.511256  0
14.426667  0.510781  0
14.453333  0.510305  0
14.480000  0.509830  0
14.506667  0.509354  0
14.533333  0.508879  0
14.560000  0.508404  0
14.586667  0.507928  0
14.613333  0.507453  0
14.640000  0.506978  0
14.666667  0.506502  0
14.693333  0.506027  0
14.720000  0.505552  0
14.746667  0.505076  0
14.773333  0.504601  0
14.800000  0.504126  0
14.826667  0.503650  0
14.853333  0.503175  0
14.880000  0.502699  0
