3.306667  0.629992  0
3.333333  0.629447  0
3.360000  0.628903  0
3.386667  0.628358  0
3.413333  0.627813  0
3.440000  0.627269  0
3.466667  0.626724  0
3.493333  0.626179  0
3.520000  0.625634  0
3.546667  0.625090  0
3.573333  0.624545  0
3.600000  0.624000  0
3.626667  0.623456  0
3.653333  0.622911  0
3.680000  0.622366  0
3.706667  0.621822  0
3.733333  0.621277  0
3.760000  0.620732  0
3.786667  0.620187  0
3.813333  0.619643  0
3.840000  0.619098  0
3.866667  0.618553  0
3.893333  0.618009  0
3.920000  0.617464  0
3.946667  0.616919  0
3.973333  0.616375  0
4.000000  0.615830  0
4.026667  0.615285  0
4.053333  0.614741  0
4.080000  0.614196  0
4.106667  0.613651  0
4.133333  0.613106  0
4.160000  0.612562  0
4.186667  0.612017  0
4.213333  0.611472  0
4.240000  0.610928  0
4.266667  0.610383  0
4.293333  0.609838  0
4.320000  0.609266  0
4.346667  0.608599  0
4.373333  0.607931  0
4.400000  0.607264  0
4.426667  0.606597  0
4.453333  0.605930  0
4.480000  0.605262  0
4.506667  0.604595  0
4.533333  0.603928  0
4.560000  0.603261  0
4.586667  0.602593  0
4.613333  0.601926  0
4.640000  0.601259  0
4.666667  0.600592  0
4.693333  0.599924  0
4.720000  0.599257  0
4.746667  0.598590  0
4.773333  0.597923  0
4.800000  0.597255  0
4.826667  0.596588  0
4.853333  0.595921  0
4.880000  0.595254  0
4.906667  0.594586  0
4.933333  0.593919  0
4.960000  0.593252  0
4.986667  0.592585  0
5.013333  0.591917  0
5.040000  0.591250  0
5.066667  0.590583  0
5.093333  0.589916  0
5.120000  0.589248  0
5.146667  0.588576  0
5.173333  0.587762  0
5.200000  0.586948  0
5.226667  0.586134  0
5.253333  0.585319  0
5.280000  0.584505  0
5.306667  0.583691  0
5.333333  0.582877  0
5.360000  0.582063  0
5.386667  0.581249  0
5.413333  0.580435  0
5.440000  0.579621  0
5.466667  0.578807  0
5.493333  0.577993  0
5.520000  0.577179  0
5.546667  0.576365  0
5.573333  0.575551  0
5.600000  0.574736  0
5.626667  0.573922  0
5.653333  0.573108  0
5.680000  0.572294  0
5.706667  0.571480  0
5.733333  0.570666  0
5.760000  0.569852  0
5.786667  0.569038  0
5.813333  0.568224  0
5.840000  0.567410  0
5.866667  0.566596  0
5.893333  0.565782  0
5.920000  0.564968  0
5.946667  0.564153  0
5.973333  0.563339  0
6.000000  0.562525  0
6.026667  0.561711  0
6.053333  0.560897  0
6.080000  0.560083  0
6.106667  0.559269  0
6.133333  0.558455  0
6.160000  0.557641  0
6.186667  0.556827  0
6.213333  0.555985  0
6.240000  0.555067  0
6.266667  0.554149  0
6.293333  0.553231  0
6.320000  0.552313  0
6.346667  0.551395  0
6.373333  0.550477  0
6.400000  0.549559  0
6.426667  0.548642  0
6.453333  0.547724  0
6.480000  0.546806  0
6.506667  0.545888  0
6.533333  0.544970  0
6.560000  0.544052  0
6.586667  0.543134  0
6.613333  0.542216  0
6.640000  0.541298  0
6.666667  0.540380  0
6.693333  0.539462  0
6.720000  0.538545  0
6.746667  0.537627  0
6.773333  0.536709  0
6.800000  0.535791  0
6.826667  0.534873  0
6.853333  0.533955  0
6.880000  0.533037  0
6.906667  0.532119  0
6.933333  0.531201  0
6.960000  0.530283  0
6.986667  0.529365  0
7.013333  0.528447  0
7.040000  0.527530  0
7.066667  0.526612  0
7.093333  0.525708  0
7.120000  0.524819  0
7.146667  0.523929  0
7.173333  0.523039  0
7.200000  0.522150  0
7.226667  0.521260  0
7.253333  0.520370  0
7.280000  0.519481  0
7.306667  0.518591  0
7.333333  0.517701  0
7.360000  0.516812  0
7.386667  0.515922  0
7.413333  0.515032  0
7.440000  0.514143  0
7.466667  0.513253  0
7.493333  0.512363  0
7.520000  0.511474  0
7.546667  0.510584  0
7.573333  0.509694  0
7.600000  0.508805  0
7.626667  0.507915  0
7.653333  0.507025  0
7.680000  0.506136  0
7.706667  0.505141  0
7.733333  0.503411  0
7.760000  0.501681  0
7.786667  0.499951  0
7.813333  0.498221  0
7.840000  0.496491  0
7.866667  0.494761  0
7.893333  0.493032  0
7.920000  0.491302  0
7.946667  0.489572  0
7.973333  0.487842  0
8.000000  0.486112  0
8.026667  0.484382  0
8.053333  0.482652  0
8.080000  0.480922  0
8.106667  0.479192  0
8.133333  0.477462  0
8.160000  0.475732  0
8.186667  0.474002  0
8.213333  0.472301  0
8.240000  0.470640  0
8.266667  0.468980  0
8.293333  0.467319  0
8.320000  0.465658  0
8.346667  0.463997  0
8.373333  0.462337  0
8.400000  0.460676  0
8.426667  0.459015  0
8.453333  0.457355  0
8.480000  0.455694  0
8.506667  0.454033  0
8.533333  0.452372  0
8.560000  0.450712  0
8.586667  0.449051  0
8.613333  0.447390  0
8.640000  0.445729  0
8.666667  0.444069  0
8.693333  0.442408  0
8.720000  0.440747  0
8.746667  0.439988  0
8.773333  0.439310  0
8.800000  0.438632  0
8.826667  0.437954  0
8.853333  0.437276  0
8.880000  0.436598  0
8.906667  0.435921  0
8.933333  0.435243  0
8.960000  0.434565  0
8.986667  0.433887  0
9.013333  0.433209  0
9.040000  0.432531  0
9.066667  0.431853  0
9.093333  0.431176  0
9.120000  0.430498  0
9.146667  0.429820  0
9.173333  0.429142  0
9.200000  0.428464  0
9.226667  0.427786  0
9.253333  0.427109  0
9.280000  0.426431  0
9.306667  0.425753  0
9.333333  0.425075  0
9.360000  0.424397  0
9.386667  0.423719  0
9.413333  0.423041  0
9.440000  0.422364  0
9.466667  0.421759  0
9.493333  0.421198  0
9.520000  0.420637  0
9.546667  0.420076  0
9.573333  0.419515  0
9.600000  0.418954  0
9.626667  0.418392  0
9.653333  0.417831  0
9.680000  0.417270  0
9.706667  0.416709  0
9.733333  0.416148  0
9.760000  0.415587  0
9.786667  0.415026  0
9.813333  0.414465  0
9.840000  0.413904  0
9.866667  0.413343  0
9.893333  0.412782  0
9.920000  0.412221  0
9.946667  0.411660  0
9.973333  0.411099  0
10.000000  0.410538  0
10.026667  0.409977  0
10.053333  0.409416  0
10.080000  0.408855  0
10.106667  0.408294  0
10.133333  0.407732  0
10.160000  0.407171  0
10.186667  0.406610  0
10.213333  0.406049  0
10.240000  0.405900  0
10.266667  0.405871  0
10.293333  0.405842  0
10.320000  0.405813  0
10.346667  0.405784  0
10.373333  0.405755  0
10.400000  0.405725  0
10.426667  0.405696  0
10.453333  0.405667  0
10.480000  0.405638  0
10.506667  0.405609  0
10.533333  0.405580  0
10.560000  0.405551  0
10.586667  0.405522  0
10.613333  0.405493  0
10.640000  0.405464  0
10.666667  0.405435  0
10.693333  0.405406  0
10.720000  0.405377  0
10.746667  0.405347  0
10.773333  0.405318  0
10.800000  0.405289  0
10.826667  0.405260  0
10.853333  0.405231  0
10.880000  0.405202  0
10.906667  0.405173  0
10.933333  0.405144  0
10.960000  0.405115  0
10.986667  0.405086  0
11.013333  0.405057  0
11.040000  0.405028  0
11.066667  0.404999  0
11.093333  0.404970  0
11.120000  0.404940  0
11.146667  0.404911  0
11.173333  0.404882  0
11.200000  0.404853  0
11.226667  0.404824  0
11.253333  0.404795  0
11.280000  0.404766  0
11.306667  0.404737  0
11.333333  0.404708  0
11.360000  0.404679  0
11.386667  0.404650  0
11.413333  0.404621  0
11.440000  0.404592  0
11.466667  0.404562  0
11.493333  0.404533  0
11.520000  0.404504  0
11.546667  0.404475  0
11.573333  0.404446  0
11.600000  0.404417  0
11.626667  0.404388  0
11.653333  0.404359  0
11.680000  0.404330  0
11.706667  0.404301  0
11.733333  0.404272  0
11.760000  0.404243  0
11.786667  0.404214  0
11.813333  0.404185  0
11.840000  0.404155  0
11.866667  0.404126  0
11.893333  0.404097  0
11.920000  0.404068  0
11.946667  0.404039  0
11.973333  0.404010  0
12.000000  0.403981  0
12.026667  0.403952  0
12.053333  0.403923  0
12.080000  0.403894  0
12.106667  0.403865  0
12.133333  0.403836  0
12.160000  0.403807  0
12.186667  0.403777  0
12.213333  0.403748  0
12.240000  0.403719  0
12.266667  0.403690  0
12.293333  0.403661  0
12.320000  0.403632  0
12.346667  0.403596  0
12.373333  0.403535  0
12.400000  0.403474  0
12.426667  0.403413  0
12.453333  0.403353  0
12.480000  0.403292  0
12.506667  0.403231  0
12.533333  0.403170  0
12.560000  0.403110  0
12.586667  0.403049  0
12.613333  0.402988  0
12.640000  0.402927  0
12.666667  0.402867  0
12.693333  0.402806  0
12.720000  0.402745  0
12.746667  0.402685  0
12.773333  0.402624  0
12.800000  0.402563  0
12.826667  0.402502  0
12.853333  0.402442  0
12.880000  0.402381  0
12.906667  0.402320  0
12.933333  0.402259  0
12.960000  0.402199  0
12.986667  0.402138  0
13.013333  0.402077  0
13.040000  0.402017  0
13.066667  0.401956  0
13.093333  0.401895  0
13.120000  0.401834  0
13.146667  0.401774  0
13.173333  0.401713  0
13.200000  0.401652  0
13.226667  0.401591  0
13.253333  0.401531  0
13.280000  0.401470  0
13.306667  0.401409  0
13.333333  0.401349  0
13.360000  0.401288  0
13.386667  0.401227  0
13.413333  0.401166  0
13.440000  0.401106  0
13.466667  0.401045  0
13.493333  0.400984  0
13.520000  0.400923  0
13.546667  0.400863  0
13.573333  0.400802  0
13.600000  0.400741  0
13.626667  0.400681  0
13.653333  0.400620  0
13.680000  0.400559  0
13.706667  0.400498  0
13.733333  0.400438  0
13.760000  0.400377  0
13.786667  0.400316  0
13.813333  0.400255  0
13.840000  0.400195  0
13.866667  0.400134  0
13.893333  0.400073  0
13.920000  0.400013  0
13.946667  0.399952  0
13.973333  0.399891  0
14.000000  0.399830  0
14.026667  0.399770  0
14.053333  0.399709  0
14.080000  0.399648  0
14.106667  0.399587  0
14.133333  0.399527  0
14.160000  0.399466  0
14.186667  0.399405  0
14.213333  0.399345  0
14.240000  0.399284  0
14.266667  0.399223  0
14.293333  0.399162  0
14.320000  0.399102  0
14.346667  0.399041  0
14.373333  0.398980  0
14.400000  0.398919  0
14.426667  0.398859  0
14.453333  0.398798  0
14.480000  0.398737  0
14.506667  0.398677  0
14.533333  0.398616  0
14.560000  0.398555  0
14.586667  0.398494  0
14.613333  0.398434  0
14.640000  0.398373  0
14.666667  0.398312  0
14.693333  0.398251  0
14.720000  0.398191  0
14.746667  0.398130  0
14.773333  0.398069  0
14.800000  0.398009  0
14.826667  0.397948  0
14.853333  0.397887  0
14.880000  0.397826  0
14.906667  0.397766  0
14.933333  0.397705  0
14.960000  0.397644  0
14.986667  0.397583  0
15.013333  0.397523  0
15.040000  0.397462  0
15.066667  0.397401  0
15.093333  0.397340  0
15.120000  0.397280  0
15.146667  0.397219  0
15.173333  0.397158  0
15.200000  0.397098  0
15.226667  0.397037  0
15.253333  0.396976  0
15.280000  0.396915  0
15.306667  0.396855  0
15.333333  0.396794  0
15.360000  0.396733  0
15.386667  0.396672  0
15.413333  0.396612  0
15.440000  0.396551  0
15.466667  0.396490  0
15.493333  0.396430  0
15.520000  0.396369  0
15.546667  0.396308  0
15.573333  0.396247  0
15.600000  0.396187  0
15.626667  0.396126  0
15.653333  0.396065  0
15.680000  0.396004  0
15.706667  0.395944  0
15.733333  0.395883  0
15.760000  0.395822  0
15.786667  0.395762  0
15.813333  0.395701  0
15.840000  0.395640  0
15.866667  0.395579  0
15.893333  0.395519  0
15.920000  0.395458  0
15.946667  0.395397  0
15.973333  0.395336  0
16.000000  0.395276  0
16.026667  0.395215  0
16.053333  0.395154  0
16.080000  0.395094  0
16.106667  0.395033  0
16.133333  0.394972  0
16.160000  0.394911  0
16.186667  0.394851  0
16.213333  0.394790  0
16.240000  0.394729  0
16.266667  0.394668  0
16.293333  0.394608  0
16.320000  0.394547  0
16.346667  0.394486  0
16.373333  0.394426  0
16.400000  0.394365  0
16.426667  0.394304  0
16.453333  0.394243  0
16.480000  0.394183  0
16.506667  0.394122  0
16.533333  0.394061  0
16.560000  0.394000  0
16.586667  0.393940  0
16.613333  0.393879  0
16.640000  0.393818  0
16.666667  0.393758  0
16.693333  0.393697  0
16.720000  0.393636  0
16.746667  0.393575  0
16.773333  0.393515  0
16.800000  0.393454  0
16.826667  0.393393  0
16.853333  0.393332  0
16.880000  0.393272  0
16.906667  0.393211  0
16.933333  0.393150  0
16.960000  0.393090  0
16.986667  0.393029  0
17.013333  0.392968  0
17.040000  0.392907  0
17.066667  0.392847  0
17.093333  0.392786  0
17.120000  0.392725  0
17.146667  0.392664  0
17.173333  0.392604  0
17.200000  0.392543  0
17.226667  0.392482  0
17.253333  0.392421  0
17.280000  0.392361  0
17.306667  0.392300  0
17.333333  0.392239  0
17.360000  0.392179  0
17.386667  0.392118  0
17.413333  0.392057  0
17.440000  0.391996  0
17.466667  0.391936  0
17.493333  0.391875  0
17.520000  0.391814  0
17.546667  0.391753  0
17.573333  0.391693  0
17.600000  0.391632  0
17.626667  0.391571  0
17.653333  0.391511  0
17.680000  0.391450  0
17.706667  0.391389  0
17.733333  0.391328  0
17.760000  0.391268  0
17.786667  0.391207  0
17.813333  0.391146  0
17.840000  0.391085  0
17.866667  0.391025  0
17.893333  0.390964  0
17.920000  0.390903  0
17.946667  0.390843  0
17.973333  0.390782  0
18.000000  0.390721  0
18.026667  0.390660  0
18.053333  0.390600  0
18.080000  0.390539  0
18.106667  0.390478  0
18.133333  0.390417  0
18.160000  0.390357  0
18.186667  0.390296  0
18.213333  0.390235  0
18.240000  0.390175  0
18.266667  0.390114  0
18.293333  0.390053  0
18.320000  0.389992  0
18.346667  0.389932  0
18.373333  0.389871  0
18.400000  0.389810  0
18.426667  0.389749  0
18.453333  0.389684  0
18.480000  0.389617  0
18.506667  0.389549  0
18.533333  0.389482  0
18.560000  0.389415  0
18.586667  0.389348  0
18.613333  0.389280  0
18.640000  0.389213  0
18.666667  0.389146  0
18.693333  0.389079  0
18.720000  0.389011  0
18.746667  0.388944  0
18.773333  0.388877  0
18.800000  0.388810  0
18.826667  0.388743  0
18.853333  0.388675  0
18.880000  0.388608  0
18.906667  0.388541  0
18.933333  0.388474  0
18.960000  0.388406  0
18.986667  0.388339  0
19.013333  0.388272  0
19.040000  0.388205  0
19.066667  0.388137  0
19.093333  0.388070  0
19.120000  0.388003  0
19.146667  0.387936  0
19.173333  0.387869  0
19.200000  0.387801  0
19.226667  0.387734  0
19.253333  0.387667  0
19.280000  0.387600  0
19.306667  0.387532  0
19.333333  0.387465  0
19.360000  0.387398  0
19.386667  0.387331  0
19.413333  0.387263  0
19.440000  0.387196  0
19.466667  0.387129  0
19.493333  0.387062  0
19.520000  0.386995  0
19.546667  0.386927  0
19.573333  0.386860  0
19.600000  0.386793  0
19.626667  0.386726  0
19.653333  0.386658  0
19.680000  0.386591  0
19.706667  0.386524  0
19.733333  0.386457  0
19.760000  0.386389  0
19.786667  0.386322  0
19.813333  0.386255  0
19.840000  0.386188  0
19.866667  0.386121  0
19.893333  0.386053  0
19.920000  0.385986  0
19.946667  0.385919  0
19.973333  0.385852  0
20.000000  0.385784  0
20.026667  0.385717  0
20.053333  0.385650  0
20.080000  0.385583  0
20.106667  0.385516  0
20.133333  0.385448  0
20.160000  0.385381  0
20.186667  0.385314  0
20.213333  0.385247  0
20.240000  0.385179  0
20.266667  0.385112  0
20.293333  0.385045  0
20.320000  0.384978  0
20.346667  0.384910  0
20.373333  0.384843  0
20.400000  0.384776  0
20.426667  0.384709  0
20.453333  0.384642  0
20.480000  0.384574  0
20.506667  0.384507  0
20.533333  0.384440  0
20.560000  0.384373  0
20.586667  0.384305  0
20.613333  0.384238  0
20.640000  0.384171  0
20.666667  0.384104  0
20.693333  0.384036  0
20.720000  0.383969  0
20.746667  0.383902  0
20.773333  0.383835  0
20.800000  0.383768  0
20.826667  0.383700  0
20.853333  0.383633  0
20.880000  0.383566  0
20.906667  0.383499  0
20.933333  0.383431  0
20.960000  0.383364  0
20.986667  0.383297  0
21.013333  0.383230  0
21.040000  0.383162  0
21.066667  0.383095  0
21.093333  0.383028  0
21.120000  0.382961  0
21.146667  0.382894  0
21.173333  0.382826  0
21.200000  0.382759  0
21.226667  0.382692  0
21.253333  0.382625  0
21.280000  0.382557  0
21.306667  0.382490  0
21.333333  0.382423  0
21.360000  0.382356  0
21.386667  0.382288  0
21.413333  0.382221  0
21.440000  0.382154  0
21.466667  0.382087  0
21.493333  0.382020  0
21.520000  0.381952  0
21.546667  0.381885  0
21.573333  0.381818  0
21.600000  0.381751  0
21.626667  0.381683  0
21.653333  0.381616  0
21.680000  0.381549  0
21.706667  0.381482  0
21.733333  0.381415  0
21.760000  0.381347  0
21.786667  0.381280  0
21.813333  0.381213  0
21.840000  0.381146  0
21.866667  0.381078  0
21.893333  0.381011  0
21.920000  0.380944  0
21.946667  0.380877  0
21.973333  0.380809  0
22.000000  0.380742  0
22.026667  0.380675  0
22.053333  0.380608  0
22.080000  0.380541  0
22.106667  0.380473  0
22.133333  0.380406  0
22.160000  0.380339  0
22.186667  0.380272  0
22.213333  0.380204  0
22.240000  0.380137  0
22.266667  0.380070  0
22.293333  0.380003  0
22.320000  0.379935  0
22.346667  0.379868  0
22.373333  0.379801  0
22.400000  0.379734  0
22.426667  0.379667  0
22.453333  0.379599  0
22.480000  0.379532  0
22.506667  0.379465  0
22.533333  0.379398  0
22.560000  0.379330  0
22.586667  0.379263  0
22.613333  0.379196  0
22.640000  0.379129  0
22.666667  0.379061  0
22.693333  0.378994  0
22.720000  0.378927  0
22.746667  0.378860  0
22.773333  0.378793  0
22.800000  0.378725  0
22.826667  0.378658  0
22.853333  0.378591  0
22.880000  0.378524  0
22.906667  0.378456  0
22.933333  0.378389  0
22.960000  0.378322  0
22.986667  0.378255  0
23.013333  0.378187  0
23.040000  0.378120  0
23.066667  0.378053  0
23.093333  0.377986  0
23.120000  0.377919  0
23.146667  0.377851  0
23.173333  0.377784  0
23.200000  0.377717  0
23.226667  0.377650  0
23.253333  0.377582  0
23.280000  0.377515  0
23.306667  0.377448  0
23.333333  0.377381  0
23.360000  0.377314  0
23.386667  0.377246  0
23.413333  0.377179  0
23.440000  0.377112  0
23.466667  0.377045  0
23.493333  0.376977  0
23.520000  0.376910  0
23.546667  0.376843  0
23.573333  0.376776  0
23.600000  0.376708  0
23.626667  0.376641  0
23.653333  0.376574  0
23.680000  0.376507  0
23.706667  0.376440  0
23.733333  0.376372  0
23.760000  0.376305  0
23.786667  0.376238  0
23.813333  0.376171  0
23.840000  0.376103  0
23.866667  0.376036  0
23.893333  0.375969  0
23.920000  0.375902  0
23.946667  0.375834  0
23.973333  0.375767  0
24.000000  0.375700  0
24.026667  0.375633  0
24.053333  0.375566  0
24.080000  0.375498  0
24.106667  0.375431  0
24.133333  0.375364  0
24.160000  0.375297  0
24.186667  0.375229  0
24.213333  0.375162  0
24.240000  0.375095  0
24.266667  0.375028  0
24.293333  0.374960  0
24.320000  0.374893  0
24.346667  0.374826  0
24.373333  0.374759  0
24.400000  0.374692  0
24.426667  0.374624  0
24.453333  0.374557  0
24.480000  0.374490  0
24.506667  0.374423  0
24.533333  0.374355  0
24.560000  0.374288  0
24.586667  0.374221  0
24.613333  0.374154  0
24.640000  0.374086  0
24.666667  0.374019  0
24.693333  0.373952  0
24.720000  0.373885  0
24.746667  0.373818  0
24.773333  0.373750  0
24.800000  0.373683  0
24.826667  0.373616  0
24.853333  0.373549  0
24.880000  0.373481  0
24.906667  0.373414  0
24.933333  0.373347  0
24.960000  0.373280  0
24.986667  0.373213  0
25.013333  0.373145  0
25.040000  0.373078  0
25.066667  0.373011  0
25.093333  0.372944  0
25.120000  0.372876  0
25.146667  0.372809  0
25.173333  0.372742  0
25.200000  0.372675  0
25.226667  0.372607  0
25.253333  0.372540  0
25.280000  0.372473  0
25.306667  0.372406  0
25.333333  0.372339  0
25.360000  0.372271  0
25.386667  0.372204  0
25.413333  0.372137  0
25.440000  0.372070  0
25.466667  0.372002  0
25.493333  0.371935  0
25.520000  0.371868  0
25.546667  0.371801  0
25.573333  0.371733  0
25.600000  0.371666  0
25.626667  0.371599  0
25.653333  0.371532  0
25.680000  0.371465  0
25.706667  0.371397  0
25.733333  0.371330  0
25.760000  0.371263  0
25.786667  0.371196  0
25.813333  0.371128  0
25.840000  0.371061  0
25.866667  0.370994  0
25.893333  0.370927  0
25.920000  0.370859  0
25.946667  0.370792  0
25.973333  0.370725  0
26.000000  0.370658  0
26.026667  0.370591  0
26.053333  0.370523  0
26.080000  0.370456  0
26.106667  0.370389  0
26.133333  0.370322  0
26.160000  0.370254  0
26.186667  0.370187  0
26.213333  0.370120  0
26.240000  0.370053  0
26.266667  0.369985  0
26.293333  0.369918  0
26.320000  0.369851  0
26.346667  0.369784  0
26.373333  0.369717  0
26.400000  0.369649  0
26.426667  0.369582  0
26.453333  0.369515  0
26.480000  0.369448  0
26.506667  0.369380  0
26.533333  0.369313  0
26.560000  0.369246  0
26.586667  0.369179  0
26.613333  0.369112  0
26.640000  0.369044  0
26.666667  0.368977  0
