2.800000  0.973102  0
2.826667  0.972023  0
2.853333  0.970248  0
2.880000  0.968186  0
2.906667  0.966049  0
2.933333  0.963899  0
2.960000  0.961749  0
2.986667  0.959598  0
3.013333  0.957448  0
3.040000  0.955297  0
3.066667  0.953146  0
3.093333  0.950995  0
3.120000  0.948845  0
3.146667  0.946694  0
3.173333  0.944544  0
3.200000  0.942399  0
3.226667  0.940270  0
3.253333  0.938178  0
3.280000  0.936142  0
3.306667  0.934156  0
3.333333  0.932201  0
3.360000  0.930258  0
3.386667  0.928317  0
3.413333  0.926378  0
3.440000  0.924438  0
3.466667  0.922499  0
3.493333  0.920564  0
3.520000  0.918649  0
3.546667  0.916792  0
3.573333  0.915047  0
3.600000  0.913434  0
3.626667  0.911919  0
3.653333  0.910449  0
3.680000  0.908992  0
3.706667  0.907536  0
3.733333  0.906082  0
3.760000  0.904627  0
3.786667  0.903172  0
3.813333  0.901715  0
3.840000  0.900251  0
3.866667  0.898759  0
3.893333  0.897207  0
3.920000  0.895575  0
3.946667  0.893877  0
3.973333  0.892145  0
4.000000  0.890402  0
4.026667  0.888656  0
4.053333  0.886910  0
4.080000  0.885164  0
4.106667  0.883419  0
4.133333  0.881673  0
4.160000  0.879930  0
4.186667  0.878192  0
4.213333  0.876462  0
4.240000  0.874741  0
4.266667  0.873026  0
4.293333  0.871314  0
4.320000  0.869602  0
4.346667  0.867891  0
4.373333  0.866179  0
4.400000  0.864467  0
4.426667  0.862756  0
4.453333  0.861043  0
4.480000  0.859328  0
4.506667  0.857600  0
4.533333  0.855838  0
4.560000  0.854021  0
4.586667  0.852145  0
4.613333  0.850229  0
4.640000  0.848294  0
4.666667  0.846355  0
4.693333  0.844416  0
4.720000  0.842476  0
4.746667  0.840536  0
4.773333  0.838596  0
4.800000  0.836656  0
4.826667  0.834713  0
4.853333  0.832751  0
4.880000  0.830720  0
4.906667  0.828524  0
4.933333  0.826080  0
4.960000  0.823397  0
4.986667  0.820565  0
5.013333  0.817674  0
5.040000  0.814767  0
5.066667  0.811857  0
5.093333  0.808948  0
5.120000  0.806038  0
5.146667  0.803128  0
5.173333  0.800218  0
5.200000  0.797308  0
5.226667  0.794393  0
5.253333  0.791451  0
5.280000  0.788415  0
5.306667  0.785182  0
5.333333  0.781697  0
5.360000  0.778016  0
5.386667  0.774242  0
5.413333  0.770442  0
5.440000  0.766638  0
5.466667  0.762833  0
5.493333  0.759034  0
5.520000  0.755259  0
5.546667  0.751565  0
5.573333  0.748039  0
5.600000  0.744722  0
5.626667  0.741566  0
5.653333  0.738485  0
5.680000  0.735426  0
5.706667  0.732370  0
5.733333  0.729315  0
5.760000  0.726260  0
5.786667  0.723204  0
5.813333  0.720149  0
5.840000  0.717094  0
5.866667  0.714039  0
5.893333  0.710986  0
5.920000  0.707944  0
5.946667  0.704942  0
5.973333  0.702032  0
6.000000  0.699250  0
6.026667  0.696585  0
6.053333  0.693986  0
6.080000  0.691411  0
6.106667  0.688843  0
6.133333  0.686275  0
6.160000  0.683708  0
6.186667  0.681141  0
6.213333  0.678573  0
6.240000  0.676009  0
6.266667  0.673461  0
6.293333  0.670974  0
6.320000  0.668624  0
6.346667  0.666471  0
6.373333  0.664497  0
6.400000  0.662628  0
6.426667  0.660798  0
6.453333  0.658978  0
6.480000  0.657159  0
6.506667  0.655340  0
6.533333  0.653522  0
6.560000  0.651702  0
6.586667  0.649875  0
6.613333  0.648023  0
6.640000  0.646104  0
6.666667  0.644079  0
6.693333  0.641945  0
6.720000  0.639737  0
6.746667  0.637498  0
6.773333  0.635251  0
6.800000  0.633003  0
6.826667  0.630755  0
6.853333  0.628506  0
6.880000  0.626258  0
6.906667  0.624009  0
6.933333  0.621761  0
6.960000  0.619513  0
6.986667  0.617264  0
7.013333  0.615014  0
7.040000  0.612755  0
7.066667  0.610462  0
7.093333  0.608091  0
7.120000  0.605600  0
7.146667  0.602994  0
7.173333  0.600315  0
7.200000  0.597608  0
7.226667  0.594894  0
7.253333  0.592178  0
7.280000  0.589463  0
7.306667  0.586747  0
7.333333  0.584034  0
7.360000  0.581330  0
7.386667  0.578660  0
7.413333  0.576054  0
7.440000  0.573530  0
7.466667  0.571066  0
7.493333  0.568632  0
7.520000  0.566206  0
7.546667  0.563781  0
7.573333  0.561356  0
7.600000  0.558931  0
7.626667  0.556506  0
7.653333  0.554082  0
7.680000  0.551659  0
7.706667  0.549246  0
7.733333  0.546879  0
7.760000  0.544633  0
7.786667  0.542599  0
7.813333  0.540801  0
7.840000  0.539171  0
7.866667  0.537615  0
7.893333  0.536080  0
7.920000  0.534548  0
7.946667  0.533016  0
7.973333  0.531485  0
8.000000  0.529953  0
8.026667  0.528422  0
8.053333  0.526891  0
8.080000  0.525361  0
8.106667  0.523840  0
8.133333  0.522351  0
8.160000  0.520934  0
8.186667  0.519618  0
8.213333  0.518394  0
8.240000  0.517223  0
8.266667  0.516071  0
8.293333  0.514924  0
8.320000  0.513778  0
8.346667  0.512632  0
8.373333  0.511485  0
8.400000  0.510339  0
8.426667  0.509193  0
8.453333  0.508046  0
8.480000  0.506900  0
8.506667  0.505754  0
8.533333  0.504608  0
8.560000  0.503461  0
8.586667  0.502315  0
8.613333  0.501169  0
8.640000  0.500023  0
8.666667  0.498876  0
8.693333  0.497730  0
8.720000  0.496584  0
8.746667  0.495438  0
8.773333  0.494293  0
8.800000  0.493151  0
8.826667  0.492017  0
8.853333  0.490897  0
8.880000  0.489792  0
8.906667  0.488695  0
8.933333  0.487603  0
8.960000  0.486511  0
8.986667  0.485420  0
9.013333  0.484329  0
9.040000  0.483238  0
9.066667  0.482147  0
9.093333  0.481056  0
9.120000  0.479965  0
9.146667  0.478873  0
9.173333  0.477782  0
9.200000  0.476691  0
9.226667  0.475600  0
9.253333  0.474509  0
9.280000  0.473418  0
9.306667  0.472326  0
9.333333  0.471235  0
9.360000  0.470144  0
9.386667  0.469053  0
9.413333  0.467962  0
9.440000  0.466871  0
9.466667  0.465780  0
9.493333  0.464688  0
9.520000  0.463597  0
9.546667  0.462506  0
9.573333  0.461416  0
9.600000  0.460330  0
9.626667  0.459262  0
9.653333  0.458231  0
9.680000  0.457253  0
9.706667  0.456320  0
9.733333  0.455414  0
9.760000  0.454516  0
9.786667  0.453620  0
9.813333  0.452725  0
9.840000  0.451830  0
9.866667  0.450934  0
9.893333  0.450039  0
9.920000  0.449144  0
9.946667  0.448248  0
9.973333  0.447353  0
10.000000  0.446458  0
10.026667  0.445562  0
10.053333  0.444667  0
10.080000  0.443772  0
10.106667  0.442876  0
10.133333  0.441981  0
10.160000  0.441086  0
10.186667  0.440191  0
10.213333  0.439295  0
10.240000  0.438400  0
10.266667  0.437505  0
10.293333  0.436609  0
10.320000  0.435714  0
10.346667  0.434819  0
10.373333  0.433928  0
10.400000  0.433056  0
10.426667  0.432253  0
10.453333  0.431601  0
10.480000  0.431148  0
10.506667  0.430862  0
10.533333  0.430661  0
10.560000  0.430488  0
10.586667  0.430321  0
10.613333  0.430154  0
10.640000  0.429988  0
10.666667  0.429822  0
10.693333  0.429655  0
10.720000  0.429489  0
10.746667  0.429323  0
10.773333  0.429157  0
10.800000  0.428990  0
10.826667  0.428824  0
10.853333  0.428658  0
10.880000  0.428492  0
10.906667  0.428325  0
10.933333  0.428159  0
10.960000  0.427993  0
10.986667  0.427826  0
11.013333  0.427660  0
11.040000  0.427494  0
11.066667  0.427328  0
11.093333  0.427161  0
11.120000  0.426995  0
11.146667  0.426829  0
11.173333  0.426663  0
11.200000  0.426496  0
11.226667  0.426330  0
11.253333  0.426164  0
11.280000  0.425997  0
11.306667  0.425831  0
11.333333  0.425665  0
11.360000  0.425499  0
11.386667  0.425332  0
11.413333  0.425166  0
11.440000  0.425000  0
11.466667  0.424834  0
11.493333  0.424667  0
11.520000  0.424501  0
11.546667  0.424335  0
11.573333  0.424168  0
11.600000  0.424002  0
11.626667  0.423836  0
11.653333  0.423670  0
11.680000  0.423503  0
11.706667  0.423337  0
11.733333  0.423171  0
11.760000  0.423005  0
11.786667  0.422838  0
11.813333  0.422673  0
11.840000  0.422512  0
11.866667  0.422361  0
11.893333  0.422229  0
11.920000  0.422119  0
11.946667  0.422025  0
11.973333  0.421937  0
12.000000  0.421851  0
12.026667  0.421766  0
12.053333  0.421681  0
12.080000  0.421596  0
12.106667  0.421510  0
12.133333  0.421425  0
12.160000  0.421340  0
12.186667  0.421254  0
12.213333  0.421169  0
12.240000  0.421084  0
12.266667  0.420999  0
12.293333  0.420913  0
12.320000  0.420828  0
12.346667  0.420743  0
12.373333  0.420658  0
12.400000  0.420572  0
12.426667  0.420487  0
12.453333  0.420402  0
12.480000  0.420317  0
12.506667  0.420231  0
12.533333  0.420146  0
12.560000  0.420061  0
12.586667  0.419975  0
12.613333  0.419890  0
12.640000  0.419805  0
12.666667  0.419720  0
12.693333  0.419634  0
12.720000  0.419549  0
12.746667  0.419464  0
12.773333  0.419379  0
12.800000  0.419293  0
12.826667  0.419208  0
12.853333  0.419123  0
12.880000  0.419038  0
12.906667  0.418952  0
12.933333  0.418867  0
12.960000  0.418782  0
12.986667  0.418696  0
13.013333  0.418611  0
13.040000  0.418526  0
13.066667  0.418441  0
13.093333  0.418355  0
13.120000  0.418270  0
13.146667  0.418185  0
13.173333  0.418100  0
13.200000  0.418014  0
13.226667  0.417929  0
13.253333  0.417844  0
13.280000  0.417759  0
13.306667  0.417673  0
13.333333  0.417588  0
13.360000  0.417503  0
13.386667  0.417417  0
13.413333  0.417332  0
13.440000  0.417247  0
13.466667  0.417162  0
13.493333  0.417076  0
13.520000  0.416991  0
13.546667  0.416906  0
13.573333  0.416821  0
13.600000  0.416735  0
13.626667  0.416650  0
13.653333  0.416565  0
13.680000  0.416480  0
13.706667  0.416394  0
13.733333  0.416309  0
13.760000  0.416224  0
13.786667  0.416138  0
13.813333  0.416053  0
13.840000  0.415968  0
13.866667  0.415883  0
13.893333  0.415797  0
13.920000  0.415712  0
13.946667  0.415627  0
13.973333  0.415542  0
14.000000  0.415456  0
14.026667  0.415371  0
14.053333  0.415286  0
14.080000  0.415201  0
14.106667  0.415115  0
14.133333  0.415030  0
14.160000  0.414945  0
14.186667  0.414859  0
14.213333  0.414774  0
14.240000  0.414689  0
14.266667  0.414604  0
14.293333  0.414518  0
14.320000  0.414433  0
14.346667  0.414348  0
14.373333  0.414263  0
14.400000  0.414177  0
14.426667  0.414092  0
14.453333  0.414007  0
14.480000  0.413922  0
14.506667  0.413836  0
14.533333  0.413751  0
14.560000  0.413666  0
14.586667  0.413580  0
14.613333  0.413495  0
14.640000  0.413410  0
14.666667  0.413325  0
14.693333  0.413239  0
14.720000  0.413154  0
14.746667  0.413069  0
14.773333  0.412984  0
14.800000  0.412898  0
14.826667  0.412813  0
14.853333  0.412728  0
14.880000  0.412643  0
14.906667  0.412557  0
14.933333  0.412472  0
14.960000  0.412387  0
14.986667  0.412301  0
15.013333  0.412216  0
15.040000  0.412131  0
15.066667  0.412046  0
15.093333  0.411960  0
15.120000  0.411875  0
15.146667  0.411790  0
15.173333  0.411705  0
15.200000  0.411619  0
15.226667  0.411534  0
15.253333  0.411449  0
15.280000  0.411364  0
15.306667  0.411278  0
15.333333  0.411193  0
15.360000  0.411108  0
15.386667  0.411022  0
15.413333  0.410937  0
15.440000  0.410852  0
15.466667  0.410767  0
15.493333  0.410681  0
15.520000  0.410596  0
15.546667  0.410511  0
15.573333  0.410426  0
15.600000  0.410340  0
15.626667  0.410255  0
15.653333  0.410170  0
15.680000  0.410085  0
15.706667  0.409999  0
15.733333  0.409914  0
15.760000  0.409829  0
15.786667  0.409743  0
15.813333  0.409658  0
15.840000  0.409573  0
15.866667  0.409488  0
15.893333  0.409402  0
15.920000  0.409317  0
15.946667  0.409232  0
15.973333  0.409147  0
16.000000  0.409061  0
16.026667  0.408976  0
16.053333  0.408891  0
16.080000  0.408806  0
16.106667  0.408720  0
16.133333  0.408635  0
16.160000  0.408550  0
16.186667  0.408464  0
16.213333  0.408379  0
16.240000  0.408294  0
16.266667  0.408209  0
16.293333  0.408123  0
16.320000  0.408038  0
16.346667  0.407953  0
16.373333  0.407868  0
16.400000  0.407782  0
16.426667  0.407697  0
16.453333  0.407612  0
16.480000  0.407526  0
16.506667  0.407441  0
16.533333  0.407356  0
16.560000  0.407271  0
16.586667  0.407185  0
16.613333  0.407100  0
16.640000  0.407015  0
16.666667  0.406930  0
16.693333  0.406844  0
16.720000  0.406759  0
16.746667  0.406674  0
16.773333  0.406589  0
16.800000  0.406503  0
16.826667  0.406418  0
16.853333  0.406333  0
16.880000  0.406247  0
16.906667  0.406162  0
16.933333  0.406077  0
16.960000  0.405992  0
16.986667  0.405906  0
17.013333  0.405821  0
17.040000  0.405736  0
17.066667  0.405651  0
17.093333  0.405565  0
17.120000  0.405480  0
17.146667  0.405395  0
17.173333  0.405310  0
17.200000  0.405224  0
17.226667  0.405139  0
17.253333  0.405054  0
17.280000  0.404968  0
17.306667  0.404883  0
17.333333  0.404798  0
17.360000  0.404713  0
17.386667  0.404627  0
17.413333  0.404542  0
17.440000  0.404457  0
17.466667  0.404372  0
17.493333  0.404288  0
17.520000  0.404204  0
17.546667  0.404120  0
17.573333  0.404037  0
17.600000  0.403953  0
17.626667  0.403869  0
17.653333  0.403786  0
17.680000  0.403702  0
17.706667  0.403618  0
17.733333  0.403534  0
17.760000  0.403451  0
17.786667  0.403367  0
17.813333  0.403283  0
17.840000  0.403199  0
17.866667  0.403116  0
17.893333  0.403032  0
17.920000  0.402948  0
17.946667  0.402864  0
17.973333  0.402781  0
18.000000  0.402697  0
18.026667  0.402613  0
18.053333  0.402530  0
18.080000  0.402446  0
18.106667  0.402362  0
18.133333  0.402278  0
18.160000  0.402195  0
18.186667  0.402111  0
18.213333  0.402027  0
18.240000  0.401943  0
18.266667  0.401860  0
18.293333  0.401776  0
18.320000  0.401692  0
18.346667  0.401608  0
18.373333  0.401525  0
18.400000  0.401441  0
18.426667  0.401357  0
18.453333  0.401274  0
18.480000  0.401190  0
18.506667  0.401106  0
18.533333  0.401022  0
18.560000  0.400939  0
18.586667  0.400855  0
18.613333  0.400771  0
18.640000  0.400687  0
18.666667  0.400604  0
18.693333  0.400520  0
18.720000  0.400436  0
18.746667  0.400352  0
18.773333  0.400269  0
18.800000  0.400185  0
18.826667  0.400101  0
18.853333  0.400018  0
18.880000  0.399934  0
18.906667  0.399850  0
18.933333  0.399766  0
18.960000  0.399683  0
18.986667  0.399599  0
19.013333  0.399515  0
19.040000  0.399431  0
19.066667  0.399348  0
19.093333  0.399264  0
19.120000  0.399180  0
19.146667  0.399096  0
19.173333  0.399013  0
19.200000  0.398929  0
19.226667  0.398845  0
19.253333  0.398762  0
19.280000  0.398678  0
19.306667  0.398594  0
19.333333  0.398510  0
19.360000  0.398427  0
19.386667  0.398343  0
19.413333  0.398259  0
19.440000  0.398175  0
19.466667  0.398092  0
19.493333  0.398008  0
19.520000  0.397924  0
19.546667  0.397840  0
19.573333  0.397757  0
19.600000  0.397673  0
19.626667  0.397589  0
19.653333  0.397506  0
19.680000  0.397422  0
19.706667  0.397338  0
19.733333  0.397254  0
19.760000  0.397171  0
19.786667  0.397087  0
19.813333  0.397003  0
19.840000  0.396919  0
19.866667  0.396836  0
19.893333  0.396752  0
19.920000  0.396668  0
19.946667  0.396584  0
19.973333  0.396501  0
20.000000  0.396417  0
20.026667  0.396333  0
20.053333  0.396250  0
20.080000  0.396166  0
20.106667  0.396082  0
20.133333  0.395998  0
20.160000  0.395915  0
20.186667  0.395831  0
20.213333  0.395748  0
20.240000  0.395667  0
20.266667  0.395598  0
20.293333  0.395556  0
