2.880000  0.910713  0
2.906667  0.909460  0
2.933333  0.907068  0
2.960000  0.903740  0
2.986667  0.899712  0
3.013333  0.895208  0
3.040000  0.890410  0
3.066667  0.885445  0
3.093333  0.880392  0
3.120000  0.875297  0
3.146667  0.870184  0
3.173333  0.865069  0
3.200000  0.859970  0
3.226667  0.854908  0
3.253333  0.849919  0
3.280000  0.845047  0
3.306667  0.840344  0
3.333333  0.835863  0
3.360000  0.831644  0
3.386667  0.827707  0
3.413333  0.824046  0
3.440000  0.820632  0
3.466667  0.817421  0
3.493333  0.814369  0
3.520000  0.811437  0
3.546667  0.808597  0
3.573333  0.805829  0
3.600000  0.803121  0
3.626667  0.800462  0
3.653333  0.797844  0
3.680000  0.795260  0
3.706667  0.792708  0
3.733333  0.790192  0
3.760000  0.787730  0
3.786667  0.785354  0
3.813333  0.783111  0
3.840000  0.781054  0
3.866667  0.779238  0
3.893333  0.777705  0
3.920000  0.776472  0
3.946667  0.775528  0
3.973333  0.774836  0
4.000000  0.774342  0
4.026667  0.773990  0
4.053333  0.773731  0
4.080000  0.773525  0
4.106667  0.773347  0
4.133333  0.773182  0
4.160000  0.773020  0
4.186667  0.772858  0
4.213333  0.772690  0
4.240000  0.772514  0
4.266667  0.772328  0
4.293333  0.772128  0
4.320000  0.771911  0
4.346667  0.771671  0
4.373333  0.771392  0
4.400000  0.771054  0
4.426667  0.770619  0
4.453333  0.770041  0
4.480000  0.769264  0
4.506667  0.768237  0
4.533333  0.766925  0
4.560000  0.765316  0
4.586667  0.763429  0
4.613333  0.761306  0
4.640000  0.758999  0
4.666667  0.756565  0
4.693333  0.754050  0
4.720000  0.751487  0
4.746667  0.748898  0
4.773333  0.746292  0
4.800000  0.743673  0
4.826667  0.741037  0
4.853333  0.738379  0
4.880000  0.735692  0
4.906667  0.732971  0
4.933333  0.730212  0
4.960000  0.727415  0
4.986667  0.724584  0
5.013333  0.721725  0
5.040000  0.718844  0
5.066667  0.715945  0
5.093333  0.713029  0
5.120000  0.710089  0
5.146667  0.707110  0
5.173333  0.704063  0
5.200000  0.700911  0
5.226667  0.697608  0
5.253333  0.694107  0
5.280000  0.690372  0
5.306667  0.686387  0
5.333333  0.682161  0
5.360000  0.677726  0
5.386667  0.673133  0
5.413333  0.668443  0
5.440000  0.663721  0
5.466667  0.659030  0
5.493333  0.654426  0
5.520000  0.649957  0
5.546667  0.645658  0
5.573333  0.641545  0
5.600000  0.637612  0
5.626667  0.633840  0
5.653333  0.630197  0
5.680000  0.626649  0
5.706667  0.623172  0
5.733333  0.619753  0
5.760000  0.616394  0
5.786667  0.613120  0
5.813333  0.609967  0
5.840000  0.606986  0
5.866667  0.604228  0
5.893333  0.601733  0
5.920000  0.599520  0
5.946667  0.597580  0
5.973333  0.595882  0
6.000000  0.594376  0
6.026667  0.593005  0
6.053333  0.591720  0
6.080000  0.590478  0
6.106667  0.589244  0
6.133333  0.587994  0
6.160000  0.586709  0
6.186667  0.585374  0
6.213333  0.583981  0
6.240000  0.582529  0
6.266667  0.581023  0
6.293333  0.579473  0
6.320000  0.577893  0
6.346667  0.576304  0
6.373333  0.574726  0
6.400000  0.573185  0
6.426667  0.571713  0
6.453333  0.570341  0
6.480000  0.569101  0
6.506667  0.568017  0
6.533333  0.567100  0
6.560000  0.566344  0
6.586667  0.565733  0
6.613333  0.565242  0
6.640000  0.564840  0
6.666667  0.564501  0
6.693333  0.564202  0
6.720000  0.563927  0
6.746667  0.563661  0
6.773333  0.563395  0
6.800000  0.563118  0
6.826667  0.562824  0
6.853333  0.562506  0
6.880000  0.562157  0
6.906667  0.561774  0
6.933333  0.561353  0
6.960000  0.560891  0
6.986667  0.560389  0
7.013333  0.559847  0
7.040000  0.559268  0
7.066667  0.558656  0
7.093333  0.558016  0
7.120000  0.557354  0
7.146667  0.556676  0
7.173333  0.555989  0
7.200000  0.555299  0
7.226667  0.554609  0
7.253333  0.553926  0
7.280000  0.553250  0
7.306667  0.552584  0
7.333333  0.551927  0
7.360000  0.551278  0
7.386667  0.550634  0
7.413333  0.549991  0
7.440000  0.549345  0
7.466667  0.548690  0
7.493333  0.548019  0
7.520000  0.547327  0
7.546667  0.546606  0
7.573333  0.545849  0
7.600000  0.545050  0
7.626667  0.544202  0
7.653333  0.543300  0
7.680000  0.542337  0
7.706667  0.541312  0
7.733333  0.540220  0
7.760000  0.539062  0
7.786667  0.537837  0
7.813333  0.536548  0
7.840000  0.535199  0
7.866667  0.533795  0
7.893333  0.532345  0
7.920000  0.530857  0
7.946667  0.529342  0
7.973333  0.527811  0
8.000000  0.526805  0
8.026667  0.525799  0
8.053333  0.524793  0
8.080000  0.523788  0
8.106667  0.522782  0
8.133333  0.521776  0
8.160000  0.520770  0
8.186667  0.519764  0
8.213333  0.518758  0
8.240000  0.517752  0
8.266667  0.516746  0
8.293333  0.515741  0
8.320000  0.514735  0
8.346667  0.513729  0
8.373333  0.512723  0
8.400000  0.511717  0
8.426667  0.510711  0
8.453333  0.509705  0
8.480000  0.508700  0
8.506667  0.507694  0
8.533333  0.506688  0
8.560000  0.505682  0
8.586667  0.505061  0
8.613333  0.504442  0
8.640000  0.503826  0
8.666667  0.503216  0
8.693333  0.502613  0
8.720000  0.502019  0
8.746667  0.501436  0
8.773333  0.500866  0
8.800000  0.500312  0
8.826667  0.499774  0
8.853333  0.499256  0
8.880000  0.498758  0
8.906667  0.498284  0
8.933333  0.497834  0
8.960000  0.497411  0
8.986667  0.497016  0
9.013333  0.496650  0
9.040000  0.496312  0
9.066667  0.496003  0
9.093333  0.495721  0
9.120000  0.495464  0
9.146667  0.495231  0
9.173333  0.495020  0
9.200000  0.494827  0
9.226667  0.494652  0
9.253333  0.494493  0
9.280000  0.494348  0
9.306667  0.494219  0
9.333333  0.494104  0
9.360000  0.494004  0
9.386667  0.493920  0
9.413333  0.493850  0
9.440000  0.493795  0
9.466667  0.493753  0
9.493333  0.493719  0
9.520000  0.493689  0
9.546667  0.493658  0
9.573333  0.493618  0
9.600000  0.493561  0
9.626667  0.493480  0
9.653333  0.493366  0
9.680000  0.493210  0
9.706667  0.493006  0
9.733333  0.492747  0
9.760000  0.492430  0
9.786667  0.492050  0
9.813333  0.491605  0
9.840000  0.491096  0
9.866667  0.490523  0
9.893333  0.489887  0
9.920000  0.489193  0
9.946667  0.488442  0
9.973333  0.487638  0
10.000000  0.486786  0
10.026667  0.485888  0
10.053333  0.484948  0
10.080000  0.483969  0
10.106667  0.482956  0
10.133333  0.481912  0
10.160000  0.480841  0
10.186667  0.479749  0
10.213333  0.478641  0
10.240000  0.477523  0
10.266667  0.476401  0
10.293333  0.475285  0
10.320000  0.474180  0
10.346667  0.473893  0
10.373333  0.473607  0
10.400000  0.473320  0
10.426667  0.473034  0
10.453333  0.472747  0
10.480000  0.472461  0
10.506667  0.472174  0
10.533333  0.471888  0
10.560000  0.471601  0
10.586667  0.471314  0
10.613333  0.471028  0
10.640000  0.470741  0
10.666667  0.470455  0
10.693333  0.470168  0
10.720000  0.469882  0
10.746667  0.469595  0
10.773333  0.469309  0
10.800000  0.469022  0
10.826667  0.468736  0
10.853333  0.468449  0
10.880000  0.468162  0
10.906667  0.467876  0
10.933333  0.467589  0
10.960000  0.467303  0
10.986667  0.467016  0
11.013333  0.466730  0
11.040000  0.466443  0
11.066667  0.466157  0
11.093333  0.465870  0
11.120000  0.465583  0
11.146667  0.465297  0
11.173333  0.465010  0
11.200000  0.464724  0
11.226667  0.464437  0
11.253333  0.464151  0
11.280000  0.463864  0
11.306667  0.463578  0
11.333333  0.463291  0
11.360000  0.463005  0
11.386667  0.462718  0
11.413333  0.462431  0
11.440000  0.462145  0
11.466667  0.461858  0
11.493333  0.461572  0
11.520000  0.461285  0
11.546667  0.460999  0
11.573333  0.460712  0
11.600000  0.460426  0
11.626667  0.460139  0
11.653333  0.460076  0
11.680000  0.459998  0
11.706667  0.459907  0
11.733333  0.459806  0
11.760000  0.459699  0
11.786667  0.459589  0
11.813333  0.459480  0
11.840000  0.459376  0
11.866667  0.459280  0
11.893333  0.459194  0
11.920000  0.459120  0
11.946667  0.459060  0
11.973333  0.459012  0
12.000000  0.458976  0
12.026667  0.458949  0
12.053333  0.458929  0
12.080000  0.458912  0
12.106667  0.458894  0
12.133333  0.458871  0
12.160000  0.458840  0
12.186667  0.458796  0
12.213333  0.458737  0
12.240000  0.458662  0
12.266667  0.458570  0
12.293333  0.458461  0
12.320000  0.458336  0
12.346667  0.458198  0
12.373333  0.458051  0
12.400000  0.457898  0
12.426667  0.457744  0
12.453333  0.457594  0
12.480000  0.457452  0
12.506667  0.457321  0
12.533333  0.457206  0
12.560000  0.457109  0
12.586667  0.457032  0
12.613333  0.456976  0
12.640000  0.456941  0
12.666667  0.456929  0
12.693333  0.456937  0
12.720000  0.456964  0
12.746667  0.457008  0
12.773333  0.457066  0
12.800000  0.457136  0
12.826667  0.457213  0
12.853333  0.457294  0
12.880000  0.457374  0
12.906667  0.457449  0
12.933333  0.457515  0
12.960000  0.457567  0
12.986667  0.457601  0
13.013333  0.457615  0
13.040000  0.457605  0
13.066667  0.457572  0
13.093333  0.457514  0
13.120000  0.457432  0
13.146667  0.457328  0
13.173333  0.457204  0
13.200000  0.457062  0
13.226667  0.456908  0
13.253333  0.456744  0
13.280000  0.456574  0
13.306667  0.456402  0
13.333333  0.456233  0
13.360000  0.456068  0
13.386667  0.455911  0
13.413333  0.455765  0
13.440000  0.455631  0
13.466667  0.455511  0
13.493333  0.455406  0
13.520000  0.455315  0
13.546667  0.455237  0
13.573333  0.455172  0
13.600000  0.455117  0
13.626667  0.455069  0
13.653333  0.455026  0
13.680000  0.454983  0
13.706667  0.454936  0
13.733333  0.454883  0
13.760000  0.454819  0
13.786667  0.454742  0
13.813333  0.454648  0
13.840000  0.454536  0
13.866667  0.454403  0
13.893333  0.454247  0
13.920000  0.454069  0
13.946667  0.453866  0
13.973333  0.453639  0
14.000000  0.453387  0
14.026667  0.453109  0
14.053333  0.452806  0
14.080000  0.452477  0
14.106667  0.452120  0
14.133333  0.451736  0
14.160000  0.451323  0
14.186667  0.450881  0
14.213333  0.450409  0
14.240000  0.449908  0
14.266667  0.449379  0
14.293333  0.448824  0
14.320000  0.448246  0
14.346667  0.447650  0
14.373333  0.447043  0
14.400000  0.446432  0
14.426667  0.445824  0
14.453333  0.445230  0
14.480000  0.444657  0
14.506667  0.444114  0
14.533333  0.443609  0
14.560000  0.443147  0
14.586667  0.442732  0
14.613333  0.442366  0
14.640000  0.442049  0
14.666667  0.441780  0
14.693333  0.441554  0
14.720000  0.441368  0
14.746667  0.441214  0
14.773333  0.441088  0
14.800000  0.440984  0
14.826667  0.440896  0
14.853333  0.440819  0
14.880000  0.440748  0
14.906667  0.440677  0
14.933333  0.440601  0
14.960000  0.440515  0
14.986667  0.440415  0
15.013333  0.440300  0
15.040000  0.440169  0
15.066667  0.440024  0
15.093333  0.439867  0
15.120000  0.439703  0
15.146667  0.439534  0
15.173333  0.439362  0
15.200000  0.439188  0
15.226667  0.439014  0
15.253333  0.438839  0
15.280000  0.438664  0
15.306667  0.438489  0
15.333333  0.438315  0
15.360000  0.438140  0
15.386667  0.437965  0
15.413333  0.437790  0
15.440000  0.437615  0
15.466667  0.437440  0
15.493333  0.437265  0
15.520000  0.437090  0
15.546667  0.436915  0
15.573333  0.436740  0
15.600000  0.436565  0
15.626667  0.436390  0
15.653333  0.436215  0
15.680000  0.436040  0
15.706667  0.435865  0
15.733333  0.435690  0
15.760000  0.435515  0
15.786667  0.435341  0
15.813333  0.435166  0
15.840000  0.434991  0
15.866667  0.434816  0
15.893333  0.434641  0
15.920000  0.434466  0
15.946667  0.434291  0
15.973333  0.434116  0
16.000000  0.433941  0
16.026667  0.433766  0
16.053333  0.433591  0
16.080000  0.433416  0
16.106667  0.433241  0
16.133333  0.433066  0
16.160000  0.432891  0
16.186667  0.432716  0
16.213333  0.432541  0
16.240000  0.432366  0
16.266667  0.432192  0
16.293333  0.432017  0
16.320000  0.431842  0
16.346667  0.431667  0
16.373333  0.431492  0
16.400000  0.431317  0
16.426667  0.431142  0
16.453333  0.430967  0
16.480000  0.430792  0
16.506667  0.430617  0
16.533333  0.430442  0
16.560000  0.430267  0
16.586667  0.430092  0
16.613333  0.429917  0
16.640000  0.429742  0
16.666667  0.429567  0
16.693333  0.429392  0
16.720000  0.429217  0
16.746667  0.429043  0
16.773333  0.428868  0
16.800000  0.428693  0
16.826667  0.428518  0
16.853333  0.428343  0
16.880000  0.428168  0
16.906667  0.427993  0
16.933333  0.427818  0
16.960000  0.427643  0
16.986667  0.427468  0
17.013333  0.427293  0
17.040000  0.427118  0
17.066667  0.426943  0
17.093333  0.426768  0
17.120000  0.426593  0
17.146667  0.426418  0
17.173333  0.426243  0
17.200000  0.426069  0
17.226667  0.425894  0
17.253333  0.425719  0
17.280000  0.425544  0
17.306667  0.425369  0
17.333333  0.425194  0
17.360000  0.425019  0
17.386667  0.424844  0
17.413333  0.424669  0
17.440000  0.424494  0
17.466667  0.424319  0
17.493333  0.424144  0
17.520000  0.423969  0
17.546667  0.423794  0
17.573333  0.423619  0
17.600000  0.423444  0
17.626667  0.423269  0
17.653333  0.423094  0
17.680000  0.422920  0
17.706667  0.422745  0
17.733333  0.422570  0
17.760000  0.422395  0
17.786667  0.422220  0
17.813333  0.422045  0
17.840000  0.421870  0
17.866667  0.421695  0
17.893333  0.421520  0
17.920000  0.421345  0
17.946667  0.421170  0
17.973333  0.420995  0
18.000000  0.420820  0
18.026667  0.420645  0
18.053333  0.420470  0
18.080000  0.420295  0
18.106667  0.420120  0
18.133333  0.419946  0
18.160000  0.419771  0
18.186667  0.419596  0
18.213333  0.419421  0
18.240000  0.419246  0
18.266667  0.419071  0
18.293333  0.418896  0
18.320000  0.418722  0
18.346667  0.418549  0
18.373333  0.418376  0
18.400000  0.418206  0
18.426667  0.418037  0
18.453333  0.417871  0
18.480000  0.417709  0
18.506667  0.417549  0
18.533333  0.417392  0
18.560000  0.417237  0
18.586667  0.417084  0
18.613333  0.416933  0
18.640000  0.416782  0
18.666667  0.416631  0
18.693333  0.416481  0
18.720000  0.416330  0
18.746667  0.416180  0
18.773333  0.416030  0
18.800000  0.415880  0
18.826667  0.415729  0
18.853333  0.415579  0
18.880000  0.415429  0
18.906667  0.415278  0
18.933333  0.415128  0
18.960000  0.414978  0
18.986667  0.414828  0
19.013333  0.414677  0
19.040000  0.414527  0
19.066667  0.414377  0
19.093333  0.414227  0
19.120000  0.414076  0
19.146667  0.413926  0
19.173333  0.413776  0
19.200000  0.413625  0
19.226667  0.413475  0
19.253333  0.413325  0
19.280000  0.413175  0
19.306667  0.413024  0
19.333333  0.412874  0
19.360000  0.412724  0
19.386667  0.412574  0
19.413333  0.412423  0
19.440000  0.412273  0
19.466667  0.412123  0
19.493333  0.411973  0
19.520000  0.411822  0
19.546667  0.411672  0
19.573333  0.411522  0
19.600000  0.411371  0
19.626667  0.411221  0
19.653333  0.411071  0
19.680000  0.410921  0
19.706667  0.410770  0
19.733333  0.410620  0
19.760000  0.410470  0
19.786667  0.410320  0
19.813333  0.410169  0
19.840000  0.410019  0
19.866667  0.409869  0
19.893333  0.409719  0
19.920000  0.409568  0
19.946667  0.409418  0
19.973333  0.409268  0
20.000000  0.409117  0
20.026667  0.408967  0
20.053333  0.408817  0
20.080000  0.408667  0
20.106667  0.408516  0
20.133333  0.408366  0
20.160000  0.408216  0
20.186667  0.408066  0
20.213333  0.407915  0
20.240000  0.407765  0
20.266667  0.407615  0
20.293333  0.407465  0
20.320000  0.407314  0
20.346667  0.407164  0
20.373333  0.407014  0
20.400000  0.406863  0
20.426667  0.406713  0
20.453333  0.406563  0
20.480000  0.406413  0
20.506667  0.406262  0
20.533333  0.406112  0
20.560000  0.405962  0
20.586667  0.405812  0
20.613333  0.405661  0
20.640000  0.405511  0
20.666667  0.405361  0
20.693333  0.405210  0
20.720000  0.405060  0
20.746667  0.404910  0
20.773333  0.404760  0
20.800000  0.404609  0
20.826667  0.404459  0
20.853333  0.404309  0
20.880000  0.404159  0
20.906667  0.404008  0
20.933333  0.403858  0
20.960000  0.403708  0
20.986667  0.403558  0
21.013333  0.403407  0
21.040000  0.403257  0
21.066667  0.403107  0
21.093333  0.402956  0
21.120000  0.402806  0
21.146667  0.402656  0
21.173333  0.402506  0
21.200000  0.402355  0
21.226667  0.402205  0
21.253333  0.402055  0
21.280000  0.401905  0
21.306667  0.401754  0
21.333333  0.401604  0
21.360000  0.401454  0
21.386667  0.401304  0
21.413333  0.401153  0
21.440000  0.401003  0
21.466667  0.400853  0
21.493333  0.400702  0
21.520000  0.400552  0
21.546667  0.400402  0
21.573333  0.400252  0
21.600000  0.400101  0
21.626667  0.399951  0
21.653333  0.399801  0
21.680000  0.399651  0
21.706667  0.399500  0
21.733333  0.399350  0
21.760000  0.399200  0
21.786667  0.399050  0
21.813333  0.398899  0
21.840000  0.398749  0
21.866667  0.398599  0
21.893333  0.398448  0
21.920000  0.398298  0
21.946667  0.398148  0
21.973333  0.397998  0
22.000000  0.397847  0
22.026667  0.397697  0
22.053333  0.397547  0
22.080000  0.397397  0
22.106667  0.397246  0
22.133333  0.397096  0
22.160000  0.396946  0
22.186667  0.396795  0
22.213333  0.396645  0
22.240000  0.396495  0
22.266667  0.396345  0
22.293333  0.396194  0
22.320000  0.396044  0
22.346667  0.395894  0
22.373333  0.395744  0
22.400000  0.395593  0
22.426667  0.395443  0
22.453333  0.395293  0
22.480000  0.395143  0
22.506667  0.394992  0
22.533333  0.394842  0
22.560000  0.394692  0
22.586667  0.394543  0
22.613333  0.394394  0
22.640000  0.394248  0
22.666667  0.394107  0
22.693333  0.393974  0
22.720000  0.393855  0
22.746667  0.393757  0
22.773333  0.393687  0
22.800000  0.393650  0
