2.693333  0.880805  0
2.720000  0.877350  0
2.746667  0.873895  0
2.773333  0.870439  0
2.800000  0.866984  0
2.826667  0.863529  0
2.853333  0.860074  0
2.880000  0.856618  0
2.906667  0.853163  0
2.933333  0.849708  0
2.960000  0.846252  0
2.986667  0.842797  0
3.013333  0.840041  0
3.040000  0.837737  0
3.066667  0.835434  0
3.093333  0.833130  0
3.120000  0.830827  0
3.146667  0.828523  0
3.173333  0.826220  0
3.200000  0.823916  0
3.226667  0.821613  0
3.253333  0.819309  0
3.280000  0.817006  0
3.306667  0.814702  0
3.333333  0.812398  0
3.360000  0.810095  0
3.386667  0.807791  0
3.413333  0.805488  0
3.440000  0.803184  0
3.466667  0.800881  0
3.493333  0.798514  0
3.520000  0.795916  0
3.546667  0.793318  0
3.573333  0.790720  0
3.600000  0.788122  0
3.626667  0.785524  0
3.653333  0.782926  0
3.680000  0.780328  0
3.706667  0.777730  0
3.733333  0.775132  0
3.760000  0.772534  0
3.786667  0.769936  0
3.813333  0.767338  0
3.840000  0.764740  0
3.866667  0.762142  0
3.893333  0.759544  0
3.920000  0.756947  0
3.946667  0.754349  0
3.973333  0.751751  0
4.000000  0.749153  0
4.026667  0.746555  0
4.053333  0.743957  0
4.080000  0.741228  0
4.106667  0.738457  0
4.133333  0.735685  0
4.160000  0.732914  0
4.186667  0.730143  0
4.213333  0.727372  0
4.240000  0.724601  0
4.266667  0.721829  0
4.293333  0.719058  0
4.320000  0.716287  0
4.346667  0.713516  0
4.373333  0.710745  0
4.400000  0.707974  0
4.426667  0.705202  0
4.453333  0.702431  0
4.480000  0.699660  0
4.506667  0.697725  0
4.533333  0.696216  0
4.560000  0.694707  0
4.586667  0.693199  0
4.613333  0.691690  0
4.640000  0.690181  0
4.666667  0.688672  0
4.693333  0.687164  0
4.720000  0.685655  0
4.746667  0.684146  0
4.773333  0.682637  0
4.800000  0.681129  0
4.826667  0.679620  0
4.853333  0.678111  0
4.880000  0.676602  0
4.906667  0.675094  0
4.933333  0.673585  0
4.960000  0.672076  0
4.986667  0.670567  0
5.013333  0.669059  0
5.040000  0.667550  0
5.066667  0.667339  0
5.093333  0.667168  0
5.120000  0.666997  0
5.146667  0.666825  0
5.173333  0.666654  0
5.200000  0.666483  0
5.226667  0.666312  0
5.253333  0.666141  0
5.280000  0.665970  0
5.306667  0.665798  0
5.333333  0.665627  0
5.360000  0.665456  0
5.386667  0.665285  0
5.413333  0.665114  0
5.440000  0.664943  0
5.466667  0.664771  0
5.493333  0.664600  0
5.520000  0.664429  0
5.546667  0.664258  0
5.573333  0.664087  0
5.600000  0.663916  0
5.626667  0.663745  0
5.653333  0.663573  0
5.680000  0.663402  0
5.706667  0.663231  0
5.733333  0.663060  0
5.760000  0.662956  0
5.786667  0.662859  0
5.813333  0.662762  0
5.840000  0.662666  0
5.866667  0.662569  0
5.893333  0.662472  0
5.920000  0.662375  0
5.946667  0.662278  0
5.973333  0.662181  0
6.000000  0.662084  0
6.026667  0.661987  0
6.053333  0.661890  0
6.080000  0.661793  0
6.106667  0.661696  0
6.133333  0.661599  0
6.160000  0.661502  0
6.186667  0.661405  0
6.213333  0.661308  0
6.240000  0.661211  0
6.266667  0.661114  0
6.293333  0.661017  0
6.320000  0.660920  0
6.346667  0.660823  0
6.373333  0.660815  0
6.400000  0.660815  0
6.426667  0.660815  0
6.453333  0.660815  0
6.480000  0.660815  0
6.506667  0.660815  0
6.533333  0.660815  0
6.560000  0.660815  0
6.586667  0.660815  0
6.613333  0.660815  0
6.640000  0.660815  0
6.666667  0.660815  0
6.693333  0.660815  0
6.720000  0.660815  0
6.746667  0.660815  0
6.773333  0.660815  0
6.800000  0.660651  0
6.826667  0.660452  0
6.853333  0.660254  0
6.880000  0.660056  0
6.906667  0.659857  0
6.933333  0.659659  0
6.960000  0.659460  0
6.986667  0.659262  0
7.013333  0.659064  0
7.040000  0.658865  0
7.066667  0.658667  0
7.093333  0.658468  0
7.120000  0.658270  0
7.146667  0.658072  0
7.173333  0.657873  0
7.200000  0.657675  0
7.226667  0.657476  0
7.253333  0.657278  0
7.280000  0.657080  0
7.306667  0.656881  0
7.333333  0.656683  0
7.360000  0.656485  0
7.386667  0.656286  0
7.413333  0.656088  0
7.440000  0.655889  0
7.466667  0.655691  0
7.493333  0.655493  0
7.520000  0.655294  0
7.546667  0.655096  0
7.573333  0.654897  0
7.600000  0.654699  0
7.626667  0.654501  0
7.653333  0.654302  0
7.680000  0.654046  0
7.706667  0.653319  0
7.733333  0.652591  0
7.760000  0.651864  0
7.786667  0.651137  0
7.813333  0.650409  0
7.840000  0.649682  0
7.866667  0.648954  0
7.893333  0.648227  0
7.920000  0.647499  0
7.946667  0.646772  0
7.973333  0.646045  0
8.000000  0.645317  0
8.026667  0.644590  0
8.053333  0.643862  0
8.080000  0.643135  0
8.106667  0.642407  0
8.133333  0.641680  0
8.160000  0.640953  0
8.186667  0.640225  0
8.213333  0.639498  0
8.240000  0.638770  0
8.266667  0.638043  0
8.293333  0.637315  0
8.320000  0.636588  0
8.346667  0.635861  0
8.373333  0.635133  0
8.400000  0.634406  0
8.426667  0.633569  0
8.453333  0.632632  0
8.480000  0.631695  0
8.506667  0.630758  0
8.533333  0.629821  0
8.560000  0.628884  0
8.586667  0.627947  0
8.613333  0.627010  0
8.640000  0.626073  0
8.666667  0.625136  0
8.693333  0.624199  0
8.720000  0.623262  0
8.746667  0.622325  0
8.773333  0.621388  0
8.800000  0.620451  0
8.826667  0.619514  0
8.853333  0.618577  0
8.880000  0.617640  0
8.906667  0.616703  0
8.933333  0.615766  0
8.960000  0.614829  0
8.986667  0.613892  0
9.013333  0.612955  0
9.040000  0.612018  0
9.066667  0.611081  0
9.093333  0.610144  0
9.120000  0.609206  0
9.146667  0.608269  0
9.173333  0.607332  0
9.200000  0.606395  0
9.226667  0.605458  0
9.253333  0.604521  0
9.280000  0.603584  0
9.306667  0.602647  0
9.333333  0.601710  0
9.360000  0.600773  0
9.386667  0.599836  0
9.413333  0.598899  0
9.440000  0.597962  0
9.466667  0.597025  0
9.493333  0.596088  0
9.520000  0.595151  0
9.546667  0.594214  0
9.573333  0.593277  0
9.600000  0.592340  0
9.626667  0.591551  0
9.653333  0.591104  0
9.680000  0.590656  0
9.706667  0.590208  0
9.733333  0.589761  0
9.760000  0.589313  0
9.786667  0.588866  0
9.813333  0.588418  0
9.840000  0.587970  0
9.866667  0.587523  0
9.893333  0.587075  0
9.920000  0.586627  0
9.946667  0.586180  0
9.973333  0.585732  0
10.000000  0.585284  0
10.026667  0.584837  0
10.053333  0.584389  0
10.080000  0.583941  0
10.106667  0.583494  0
10.133333  0.583046  0
10.160000  0.582598  0
10.186667  0.582151  0
10.213333  0.581703  0
10.240000  0.581255  0
10.266667  0.580808  0
10.293333  0.580360  0
10.320000  0.579912  0
10.346667  0.579465  0
10.373333  0.579017  0
10.400000  0.578570  0
10.426667  0.578122  0
10.453333  0.577674  0
10.480000  0.577227  0
10.506667  0.576779  0
10.533333  0.576331  0
10.560000  0.575884  0
10.586667  0.575436  0
10.613333  0.574988  0
10.640000  0.574541  0
10.666667  0.574093  0
10.693333  0.573632  0
10.720000  0.573156  0
10.746667  0.572680  0
10.773333  0.572204  0
10.800000  0.571728  0
10.826667  0.571252  0
10.853333  0.570776  0
10.880000  0.570300  0
10.906667  0.569823  0
10.933333  0.569347  0
10.960000  0.568871  0
10.986667  0.568395  0
11.013333  0.567919  0
11.040000  0.567443  0
11.066667  0.566967  0
11.093333  0.566490  0
11.120000  0.566014  0
11.146667  0.565538  0
11.173333  0.565062  0
11.200000  0.564586  0
11.226667  0.564110  0
11.253333  0.563634  0
11.280000  0.563157  0
11.306667  0.562681  0
11.333333  0.562205  0
11.360000  0.561729  0
11.386667  0.561253  0
11.413333  0.560777  0
11.440000  0.560301  0
11.466667  0.559824  0
11.493333  0.559348  0
11.520000  0.558872  0
11.546667  0.558396  0
11.573333  0.557920  0
11.600000  0.557444  0
11.626667  0.556968  0
11.653333  0.556491  0
11.680000  0.556015  0
11.706667  0.555539  0
11.733333  0.555063  0
11.760000  0.554587  0
11.786667  0.554111  0
11.813333  0.553589  0
11.840000  0.552961  0
11.866667  0.552334  0
11.893333  0.551706  0
11.920000  0.551079  0
11.946667  0.550451  0
11.973333  0.549823  0
12.000000  0.549196  0
12.026667  0.548568  0
12.053333  0.547941  0
12.080000  0.547313  0
12.106667  0.546685  0
12.133333  0.546058  0
12.160000  0.545430  0
12.186667  0.544803  0
12.213333  0.544175  0
12.240000  0.543547  0
12.266667  0.542920  0
12.293333  0.542292  0
12.320000  0.541665  0
12.346667  0.541037  0
12.373333  0.540410  0
12.400000  0.539782  0
12.426667  0.539154  0
12.453333  0.538527  0
12.480000  0.537899  0
12.506667  0.537272  0
12.533333  0.536644  0
12.560000  0.536016  0
12.586667  0.535389  0
12.613333  0.534761  0
12.640000  0.534134  0
12.666667  0.533506  0
12.693333  0.532878  0
12.720000  0.532251  0
12.746667  0.531623  0
12.773333  0.530996  0
12.800000  0.530368  0
12.826667  0.529740  0
12.853333  0.529121  0
12.880000  0.528529  0
12.906667  0.527937  0
12.933333  0.527345  0
12.960000  0.526753  0
12.986667  0.526162  0
13.013333  0.525570  0
13.040000  0.524978  0
13.066667  0.524386  0
13.093333  0.523794  0
13.120000  0.523203  0
13.146667  0.522611  0
13.173333  0.522019  0
13.200000  0.521427  0
13.226667  0.520835  0
13.253333  0.520244  0
13.280000  0.519652  0
13.306667  0.519060  0
13.333333  0.518468  0
13.360000  0.517876  0
13.386667  0.517284  0
13.413333  0.516693  0
13.440000  0.516101  0
13.466667  0.515509  0
13.493333  0.514917  0
13.520000  0.514325  0
13.546667  0.513734  0
13.573333  0.513142  0
13.600000  0.512550  0
13.626667  0.511958  0
13.653333  0.511366  0
13.680000  0.510775  0
13.706667  0.510183  0
13.733333  0.509591  0
13.760000  0.508999  0
13.786667  0.508407  0
13.813333  0.507816  0
13.840000  0.507224  0
13.866667  0.506632  0
13.893333  0.506040  0
13.920000  0.505448  0
13.946667  0.504856  0
13.973333  0.504265  0
14.000000  0.503673  0
14.026667  0.503081  0
14.053333  0.502489  0
14.080000  0.501774  0
14.106667  0.501060  0
14.133333  0.500345  0
14.160000  0.499630  0
14.186667  0.498916  0
14.213333  0.498201  0
14.240000  0.497486  0
14.266667  0.496772  0
14.293333  0.496057  0
14.320000  0.495342  0
14.346667  0.494628  0
14.373333  0.493913  0
14.400000  0.493198  0
14.426667  0.492484  0
14.453333  0.491769  0
14.480000  0.491054  0
14.506667  0.490340  0
14.533333  0.489625  0
14.560000  0.488910  0
14.586667  0.488196  0
14.613333  0.487481  0
14.640000  0.486766  0
14.666667  0.486052  0
14.693333  0.485337  0
14.720000  0.484622  0
14.746667  0.483908  0
14.773333  0.483193  0
14.800000  0.482478  0
14.826667  0.481764  0
14.853333  0.481049  0
14.880000  0.480334  0
14.906667  0.479620  0
14.933333  0.478905  0
14.960000  0.478190  0
14.986667  0.477476  0
15.013333  0.476761  0
15.040000  0.476046  0
15.066667  0.475332  0
15.093333  0.474617  0
15.120000  0.473902  0
15.146667  0.473187  0
15.173333  0.472473  0
15.200000  0.471758  0
15.226667  0.471196  0
15.253333  0.470962  0
15.280000  0.470727  0
15.306667  0.470492  0
15.333333  0.470258  0
15.360000  0.470023  0
15.386667  0.469788  0
15.413333  0.469554  0
15.440000  0.469319  0
15.466667  0.469084  0
15.493333  0.468850  0
15.520000  0.468615  0
15.546667  0.468380  0
15.573333  0.468146  0
15.600000  0.467911  0
15.626667  0.467676  0
15.653333  0.467442  0
15.680000  0.467207  0
15.706667  0.466973  0
15.733333  0.466738  0
15.760000  0.466503  0
15.786667  0.466269  0
15.813333  0.466034  0
15.840000  0.465799  0
15.866667  0.465565  0
15.893333  0.465330  0
15.920000  0.465095  0
15.946667  0.464861  0
15.973333  0.464626  0
16.000000  0.464391  0
16.026667  0.464157  0
16.053333  0.463922  0
16.080000  0.463687  0
16.106667  0.463453  0
16.133333  0.463218  0
16.160000  0.462983  0
16.186667  0.462749  0
16.213333  0.462514  0
16.240000  0.462279  0
16.266667  0.462045  0
16.293333  0.461810  0
16.320000  0.461575  0
16.346667  0.461341  0
16.373333  0.461106  0
16.400000  0.460871  0
16.426667  0.460637  0
16.453333  0.460402  0
16.480000  0.460168  0
16.506667  0.459765  0
16.533333  0.459321  0
16.560000  0.458877  0
16.586667  0.458433  0
16.613333  0.457989  0
16.640000  0.457545  0
16.666667  0.457102  0
16.693333  0.456658  0
16.720000  0.456214  0
16.746667  0.455770  0
16.773333  0.455326  0
16.800000  0.454882  0
16.826667  0.454438  0
16.853333  0.453995  0
16.880000  0.453551  0
16.906667  0.453107  0
16.933333  0.452663  0
16.960000  0.452219  0
16.986667  0.451775  0
17.013333  0.451331  0
17.040000  0.450888  0
17.066667  0.450444  0
17.093333  0.450000  0
17.120000  0.449556  0
17.146667  0.449112  0
17.173333  0.448668  0
17.200000  0.448224  0
17.226667  0.447781  0
17.253333  0.447337  0
17.280000  0.446893  0
17.306667  0.446449  0
17.333333  0.446005  0
17.360000  0.445561  0
17.386667  0.445117  0
17.413333  0.444674  0
17.440000  0.444230  0
17.466667  0.443786  0
17.493333  0.443342  0
17.520000  0.442898  0
17.546667  0.442454  0
17.573333  0.442010  0
17.600000  0.441567  0
17.626667  0.441123  0
17.653333  0.440679  0
17.680000  0.440235  0
17.706667  0.439948  0
17.733333  0.439771  0
17.760000  0.439594  0
17.786667  0.439417  0
17.813333  0.439239  0
17.840000  0.439062  0
17.866667  0.438885  0
17.893333  0.438708  0
17.920000  0.438531  0
17.946667  0.438354  0
17.973333  0.438177  0
18.000000  0.438000  0
18.026667  0.437823  0
18.053333  0.437645  0
18.080000  0.437468  0
18.106667  0.437291  0
18.133333  0.437114  0
18.160000  0.436937  0
18.186667  0.436760  0
18.213333  0.436583  0
18.240000  0.436406  0
18.266667  0.436229  0
18.293333  0.436051  0
18.320000  0.435874  0
18.346667  0.435697  0
18.373333  0.435520  0
18.400000  0.435343  0
18.426667  0.435166  0
18.453333  0.434989  0
18.480000  0.434812  0
18.506667  0.434634  0
18.533333  0.434457  0
18.560000  0.434280  0
18.586667  0.434103  0
18.613333  0.433926  0
18.640000  0.433749  0
18.666667  0.433572  0
18.693333  0.433395  0
18.720000  0.433218  0
18.746667  0.433040  0
18.773333  0.432863  0
18.800000  0.432686  0
18.826667  0.432509  0
18.853333  0.432332  0
18.880000  0.432155  0
18.906667  0.431978  0
18.933333  0.431801  0
18.960000  0.431624  0
18.986667  0.431446  0
19.013333  0.431269  0
19.040000  0.431092  0
19.066667  0.430915  0
19.093333  0.430738  0
19.120000  0.430561  0
19.146667  0.430384  0
19.173333  0.430207  0
19.200000  0.430030  0
19.226667  0.429852  0
19.253333  0.429675  0
19.280000  0.429498  0
19.306667  0.429321  0
19.333333  0.429144  0
19.360000  0.428967  0
19.386667  0.428790  0
19.413333  0.428613  0
19.440000  0.428435  0
19.466667  0.428258  0
19.493333  0.428081  0
19.520000  0.427904  0
19.546667  0.427727  0
19.573333  0.427550  0
19.600000  0.427373  0
19.626667  0.427196  0
19.653333  0.427019  0
19.680000  0.426841  0
19.706667  0.426664  0
19.733333  0.426487  0
19.760000  0.426310  0
19.786667  0.426133  0
19.813333  0.425956  0
19.840000  0.425779  0
19.866667  0.425602  0
19.893333  0.425425  0
19.920000  0.425247  0
19.946667  0.425070  0
19.973333  0.424893  0
20.000000  0.424716  0
20.026667  0.424539  0
20.053333  0.424386  0
20.080000  0.424263  0
20.106667  0.424139  0
20.133333  0.424016  0
20.160000  0.423893  0
20.186667  0.423769  0
20.213333  0.423646  0
20.240000  0.423522  0
20.266667  0.423399  0
20.293333  0.423275  0
20.320000  0.423152  0
20.346667  0.423028  0
20.373333  0.422905  0
20.400000  0.422782  0
20.426667  0.422658  0
20.453333  0.422535  0
20.480000  0.422411  0
20.506667  0.422288  0
20.533333  0.422164  0
20.560000  0.422041  0
20.586667  0.421917  0
20.613333  0.421794  0
20.640000  0.421671  0
20.666667  0.421547  0
20.693333  0.421424  0
20.720000  0.421300  0
20.746667  0.421177  0
20.773333  0.421053  0
20.800000  0.420930  0
20.826667  0.420806  0
20.853333  0.420683  0
20.880000  0.420560  0
20.906667  0.420436  0
20.933333  0.420313  0
20.960000  0.420189  0
20.986667  0.420066  0
21.013333  0.419942  0
21.040000  0.419819  0
21.066667  0.419695  0
21.093333  0.419572  0
21.120000  0.419449  0
21.146667  0.419325  0
21.173333  0.419202  0
21.200000  0.419078  0
21.226667  0.418955  0
21.253333  0.418831  0
21.280000  0.418708  0
21.306667  0.418584  0
21.333333  0.418461  0
21.360000  0.418338  0
21.386667  0.418214  0
21.413333  0.418091  0
21.440000  0.417967  0
21.466667  0.417844  0
21.493333  0.417720  0
21.520000  0.417597  0
21.546667  0.417473  0
21.573333  0.417350  0
21.600000  0.417227  0
21.626667  0.417103  0
21.653333  0.416980  0
21.680000  0.416856  0
21.706667  0.416733  0
21.733333  0.416609  0
21.760000  0.416486  0
21.786667  0.416362  0
21.813333  0.416239  0
21.840000  0.416116  0
21.866667  0.415992  0
21.893333  0.415869  0
21.920000  0.415745  0
21.946667  0.415622  0
21.973333  0.415498  0
22.000000  0.415375  0
22.026667  0.415252  0
22.053333  0.415128  0
22.080000  0.415005  0
22.106667  0.414881  0
22.133333  0.414758  0
22.160000  0.414634  0
22.186667  0.414511  0
22.213333  0.414387  0
22.240000  0.414264  0
22.266667  0.414141  0
22.293333  0.414017  0
22.320000  0.413894  0
22.346667  0.413770  0
22.373333  0.413647  0
22.400000  0.413523  0
22.426667  0.413400  0
22.453333  0.413276  0
22.480000  0.413153  0
22.506667  0.413030  0
22.533333  0.412906  0
22.560000  0.412783  0
22.586667  0.412659  0
22.613333  0.412536  0
22.640000  0.412412  0
22.666667  0.412289  0
22.693333  0.412165  0
22.720000  0.412042  0
22.746667  0.411919  0
22.773333  0.411795  0
22.800000  0.411672  0
22.826667  0.411548  0
22.853333  0.411425  0
22.880000  0.411301  0
22.906667  0.411178  0
22.933333  0.411054  0
22.960000  0.410931  0
22.986667  0.410808  0
23.013333  0.410684  0
23.040000  0.410561  0
23.066667  0.410437  0
23.093333  0.410314  0
23.120000  0.410190  0
23.146667  0.410067  0
23.173333  0.409943  0
23.200000  0.409820  0
23.226667  0.409697  0
23.253333  0.409573  0
23.280000  0.409450  0
23.306667  0.409326  0
23.333333  0.409203  0
23.360000  0.409079  0
23.386667  0.408956  0
