3.440000  0.790722  0
3.466667  0.788900  0
3.493333  0.787079  0
3.520000  0.785257  0
3.546667  0.783435  0
3.573333  0.781614  0
3.600000  0.779792  0
3.626667  0.777970  0
3.653333  0.776148  0
3.680000  0.774327  0
3.706667  0.772505  0
3.733333  0.770683  0
3.760000  0.768862  0
3.786667  0.767040  0
3.813333  0.765218  0
3.840000  0.763396  0
3.866667  0.761575  0
3.893333  0.759753  0
3.920000  0.757931  0
3.946667  0.756110  0
3.973333  0.754288  0
4.000000  0.752466  0
4.026667  0.750645  0
4.053333  0.748823  0
4.080000  0.747001  0
4.106667  0.745179  0
4.133333  0.743358  0
4.160000  0.741536  0
4.186667  0.739714  0
4.213333  0.737893  0
4.240000  0.736071  0
4.266667  0.734249  0
4.293333  0.732427  0
4.320000  0.730606  0
4.346667  0.728784  0
4.373333  0.726962  0
4.400000  0.725141  0
4.426667  0.723319  0
4.453333  0.721497  0
4.480000  0.719676  0
4.506667  0.717854  0
4.533333  0.716032  0
4.560000  0.714210  0
4.586667  0.712389  0
4.613333  0.710567  0
4.640000  0.708745  0
4.666667  0.706924  0
4.693333  0.705102  0
4.720000  0.703280  0
4.746667  0.701459  0
4.773333  0.699637  0
4.800000  0.697815  0
4.826667  0.695993  0
4.853333  0.694172  0
4.880000  0.692533  0
4.906667  0.691770  0
4.933333  0.691008  0
4.960000  0.690245  0
4.986667  0.689483  0
5.013333  0.688720  0
5.040000  0.687957  0
5.066667  0.687195  0
5.093333  0.686432  0
5.120000  0.685670  0
5.146667  0.684907  0
5.173333  0.684144  0
5.200000  0.683382  0
5.226667  0.682619  0
5.253333  0.681857  0
5.280000  0.681094  0
5.306667  0.680332  0
5.333333  0.679569  0
5.360000  0.678806  0
5.386667  0.678044  0
5.413333  0.677281  0
5.440000  0.676519  0
5.466667  0.675756  0
5.493333  0.674994  0
5.520000  0.674231  0
5.546667  0.673468  0
5.573333  0.672706  0
5.600000  0.671943  0
5.626667  0.671181  0
5.653333  0.670418  0
5.680000  0.669656  0
5.706667  0.668893  0
5.733333  0.668130  0
5.760000  0.667368  0
5.786667  0.666605  0
5.813333  0.665843  0
5.840000  0.665080  0
5.866667  0.664318  0
5.893333  0.663555  0
5.920000  0.662792  0
5.946667  0.662030  0
5.973333  0.661267  0
6.000000  0.660505  0
6.026667  0.659742  0
6.053333  0.658980  0
6.080000  0.658217  0
6.106667  0.657454  0
6.133333  0.656692  0
6.160000  0.655929  0
6.186667  0.655167  0
6.213333  0.654404  0
6.240000  0.653642  0
6.266667  0.652879  0
6.293333  0.652116  0
6.320000  0.651354  0
6.346667  0.650668  0
6.373333  0.650036  0
6.400000  0.649404  0
6.426667  0.648772  0
6.453333  0.648140  0
6.480000  0.647508  0
6.506667  0.646876  0
6.533333  0.646244  0
6.560000  0.645612  0
6.586667  0.644980  0
6.613333  0.644348  0
6.640000  0.643716  0
6.666667  0.643084  0
6.693333  0.642452  0
6.720000  0.641820  0
6.746667  0.641188  0
6.773333  0.640556  0
6.800000  0.639924  0
6.826667  0.639292  0
6.853333  0.638660  0
6.880000  0.638028  0
6.906667  0.637396  0
6.933333  0.636764  0
6.960000  0.636132  0
6.986667  0.635500  0
7.013333  0.634868  0
7.040000  0.634236  0
7.066667  0.633604  0
7.093333  0.632972  0
7.120000  0.632340  0
7.146667  0.631708  0
7.173333  0.631076  0
7.200000  0.630444  0
7.226667  0.629812  0
7.253333  0.629180  0
7.280000  0.628548  0
7.306667  0.627916  0
7.333333  0.627284  0
7.360000  0.626652  0
7.386667  0.626020  0
7.413333  0.625388  0
7.440000  0.624756  0
7.466667  0.624124  0
7.493333  0.623492  0
7.520000  0.622860  0
7.546667  0.622228  0
7.573333  0.621596  0
7.600000  0.620968  0
7.626667  0.620496  0
7.653333  0.620024  0
7.680000  0.619552  0
7.706667  0.619081  0
7.733333  0.618609  0
7.760000  0.618137  0
7.786667  0.617665  0
7.813333  0.617193  0
7.840000  0.616722  0
7.866667  0.616250  0
7.893333  0.615778  0
7.920000  0.615306  0
7.946667  0.614834  0
7.973333  0.614363  0
8.000000  0.613891  0
8.026667  0.613419  0
8.053333  0.612947  0
8.080000  0.612475  0
8.106667  0.612004  0
8.133333  0.611532  0
8.160000  0.611060  0
8.186667  0.610588  0
8.213333  0.610116  0
8.240000  0.609645  0
8.266667  0.609173  0
8.293333  0.608701  0
8.320000  0.608229  0
8.346667  0.607757  0
8.373333  0.607286  0
8.400000  0.606814  0
8.426667  0.606342  0
8.453333  0.605870  0
8.480000  0.605398  0
8.506667  0.604927  0
8.533333  0.604455  0
8.560000  0.603983  0
8.586667  0.603511  0
8.613333  0.603040  0
8.640000  0.602568  0
8.666667  0.602096  0
8.693333  0.601624  0
8.720000  0.601152  0
8.746667  0.600681  0
8.773333  0.600209  0
8.800000  0.599737  0
8.826667  0.599265  0
8.853333  0.598793  0
8.880000  0.598322  0
8.906667  0.597850  0
8.933333  0.597378  0
8.960000  0.596906  0
8.986667  0.596434  0
9.013333  0.595963  0
9.040000  0.595491  0
9.066667  0.595019  0
9.093333  0.594547  0
9.120000  0.594075  0
9.146667  0.593604  0
9.173333  0.593132  0
9.200000  0.592660  0
9.226667  0.592188  0
9.253333  0.591716  0
9.280000  0.591245  0
9.306667  0.590773  0
9.333333  0.590301  0
9.360000  0.589829  0
9.386667  0.589357  0
9.413333  0.588886  0
9.440000  0.588365  0
9.466667  0.587772  0
9.493333  0.587179  0
9.520000  0.586585  0
9.546667  0.585992  0
9.573333  0.585399  0
9.600000  0.584806  0
9.626667  0.584213  0
9.653333  0.583620  0
9.680000  0.583027  0
9.706667  0.582434  0
9.733333  0.581841  0
9.760000  0.581247  0
9.786667  0.580654  0
9.813333  0.580061  0
9.840000  0.579468  0
9.866667  0.578875  0
9.893333  0.578282  0
9.920000  0.577689  0
9.946667  0.577096  0
9.973333  0.576502  0
10.000000  0.575909  0
10.026667  0.575316  0
10.053333  0.574723  0
10.080000  0.574130  0
10.106667  0.573537  0
10.133333  0.572944  0
10.160000  0.572351  0
10.186667  0.571758  0
10.213333  0.571164  0
10.240000  0.570571  0
10.266667  0.569978  0
10.293333  0.569385  0
10.320000  0.568792  0
10.346667  0.568199  0
10.373333  0.567606  0
10.400000  0.567013  0
10.426667  0.566420  0
10.453333  0.565826  0
10.480000  0.565233  0
10.506667  0.564640  0
10.533333  0.564047  0
10.560000  0.563454  0
10.586667  0.562861  0
10.613333  0.562268  0
10.640000  0.561675  0
10.666667  0.561082  0
10.693333  0.560488  0
10.720000  0.559895  0
10.746667  0.559302  0
10.773333  0.558709  0
10.800000  0.558116  0
10.826667  0.557523  0
10.853333  0.556930  0
10.880000  0.556337  0
10.906667  0.555744  0
10.933333  0.555150  0
10.960000  0.554557  0
10.986667  0.553964  0
11.013333  0.553371  0
11.040000  0.552778  0
11.066667  0.552185  0
11.093333  0.551592  0
11.120000  0.550999  0
11.146667  0.550406  0
11.173333  0.549812  0
11.200000  0.549219  0
11.226667  0.548626  0
11.253333  0.548033  0
11.280000  0.547440  0
11.306667  0.546847  0
11.333333  0.546254  0
11.360000  0.545661  0
11.386667  0.545067  0
11.413333  0.544474  0
11.440000  0.543881  0
11.466667  0.543288  0
11.493333  0.542695  0
11.520000  0.542102  0
11.546667  0.541509  0
11.573333  0.540916  0
11.600000  0.540323  0
11.626667  0.539729  0
11.653333  0.539136  0
11.680000  0.538543  0
11.706667  0.537950  0
11.733333  0.537357  0
11.760000  0.536764  0
11.786667  0.536171  0
11.813333  0.535578  0
11.840000  0.535240  0
11.866667  0.534997  0
11.893333  0.534753  0
11.920000  0.534509  0
11.946667  0.534265  0
11.973333  0.534022  0
12.000000  0.533778  0
12.026667  0.533534  0
12.053333  0.533290  0
12.080000  0.533047  0
12.106667  0.532803  0
12.133333  0.532559  0
12.160000  0.532315  0
12.186667  0.532072  0
12.213333  0.531828  0
12.240000  0.531584  0
12.266667  0.531340  0
12.293333  0.531097  0
12.320000  0.530853  0
12.346667  0.530609  0
12.373333  0.530365  0
12.400000  0.530122  0
12.426667  0.529878  0
12.453333  0.529634  0
12.480000  0.529390  0
12.506667  0.529147  0
12.533333  0.528903  0
12.560000  0.528659  0
12.586667  0.528415  0
12.613333  0.528172  0
12.640000  0.527928  0
12.666667  0.527684  0
12.693333  0.527441  0
12.720000  0.527197  0
12.746667  0.526953  0
12.773333  0.526709  0
12.800000  0.526466  0
12.826667  0.526222  0
12.853333  0.525978  0
12.880000  0.525734  0
12.906667  0.525491  0
12.933333  0.525247  0
12.960000  0.525003  0
12.986667  0.524759  0
13.013333  0.524516  0
13.040000  0.524272  0
13.066667  0.524028  0
13.093333  0.523784  0
13.120000  0.523541  0
13.146667  0.523297  0
13.173333  0.523053  0
13.200000  0.522809  0
13.226667  0.522566  0
13.253333  0.522322  0
13.280000  0.522078  0
13.306667  0.521834  0
13.333333  0.521591  0
13.360000  0.521347  0
13.386667  0.521103  0
13.413333  0.520859  0
13.440000  0.520616  0
13.466667  0.520372  0
13.493333  0.520128  0
13.520000  0.519884  0
13.546667  0.519641  0
13.573333  0.519397  0
13.600000  0.519153  0
13.626667  0.518909  0
13.653333  0.518666  0
13.680000  0.518422  0
13.706667  0.518178  0
13.733333  0.517934  0
13.760000  0.517691  0
13.786667  0.517447  0
13.813333  0.517203  0
13.840000  0.516959  0
13.866667  0.516716  0
13.893333  0.516472  0
13.920000  0.516228  0
13.946667  0.515984  0
13.973333  0.515741  0
14.000000  0.515497  0
14.026667  0.515253  0
14.053333  0.515010  0
14.080000  0.514766  0
14.106667  0.514522  0
14.133333  0.514278  0
14.160000  0.514035  0
14.186667  0.513791  0
14.213333  0.513547  0
14.240000  0.513303  0
14.266667  0.513060  0
14.293333  0.512816  0
14.320000  0.512572  0
14.346667  0.512328  0
14.373333  0.512085  0
14.400000  0.511841  0
14.426667  0.511597  0
14.453333  0.511353  0
14.480000  0.511110  0
14.506667  0.510866  0
14.533333  0.510622  0
14.560000  0.510378  0
14.586667  0.510135  0
14.613333  0.509891  0
14.640000  0.509647  0
14.666667  0.509403  0
14.693333  0.509160  0
14.720000  0.508916  0
14.746667  0.508672  0
14.773333  0.508428  0
14.800000  0.508185  0
14.826667  0.507941  0
14.853333  0.507697  0
14.880000  0.507595  0
14.906667  0.507512  0
14.933333  0.507428  0
14.960000  0.507344  0
14.986667  0.507261  0
15.013333  0.507177  0
15.040000  0.507094  0
15.066667  0.507010  0
15.093333  0.506926  0
15.120000  0.506843  0
15.146667  0.506759  0
15.173333  0.506675  0
15.200000  0.506592  0
15.226667  0.506508  0
15.253333  0.506424  0
15.280000  0.506341  0
15.306667  0.506257  0
15.333333  0.506173  0
15.360000  0.506090  0
15.386667  0.506006  0
15.413333  0.505923  0
15.440000  0.505839  0
15.466667  0.505755  0
15.493333  0.505672  0
15.520000  0.505588  0
15.546667  0.505504  0
15.573333  0.505421  0
15.600000  0.505337  0
15.626667  0.505253  0
15.653333  0.505170  0
15.680000  0.505086  0
15.706667  0.505002  0
15.733333  0.504919  0
15.760000  0.504835  0
15.786667  0.504751  0
15.813333  0.504668  0
15.840000  0.504584  0
15.866667  0.504501  0
15.893333  0.504417  0
15.920000  0.504333  0
15.946667  0.504250  0
15.973333  0.504166  0
16.000000  0.504082  0
16.026667  0.503999  0
16.053333  0.503915  0
16.080000  0.503831  0
16.106667  0.503748  0
16.133333  0.503664  0
16.160000  0.503580  0
16.186667  0.503497  0
16.213333  0.503413  0
16.240000  0.503330  0
16.266667  0.503246  0
16.293333  0.503162  0
16.320000  0.503079  0
16.346667  0.502995  0
16.373333  0.502911  0
16.400000  0.502828  0
16.426667  0.502744  0
16.453333  0.502660  0
16.480000  0.502577  0
16.506667  0.502493  0
16.533333  0.502409  0
16.560000  0.502326  0
16.586667  0.502242  0
16.613333  0.502159  0
16.640000  0.502075  0
16.666667  0.501991  0
16.693333  0.501908  0
16.720000  0.501824  0
16.746667  0.501740  0
16.773333  0.501657  0
16.800000  0.501573  0
16.826667  0.501489  0
16.853333  0.501406  0
16.880000  0.501322  0
16.906667  0.501238  0
16.933333  0.501155  0
16.960000  0.501071  0
16.986667  0.500988  0
17.013333  0.500904  0
17.040000  0.500820  0
17.066667  0.500737  0
17.093333  0.500653  0
17.120000  0.500569  0
17.146667  0.500486  0
17.173333  0.500402  0
17.200000  0.500318  0
17.226667  0.500235  0
17.253333  0.500151  0
17.280000  0.500067  0
17.306667  0.499984  0
17.333333  0.499900  0
17.360000  0.499816  0
17.386667  0.499733  0
17.413333  0.499649  0
17.440000  0.499566  0
17.466667  0.499482  0
17.493333  0.499398  0
17.520000  0.499315  0
17.546667  0.499231  0
17.573333  0.499147  0
17.600000  0.499064  0
17.626667  0.498980  0
17.653333  0.498896  0
17.680000  0.498813  0
17.706667  0.498729  0
17.733333  0.498645  0
17.760000  0.498562  0
17.786667  0.498478  0
17.813333  0.498395  0
17.840000  0.498311  0
17.866667  0.498227  0
17.893333  0.498144  0
17.920000  0.498060  0
17.946667  0.497976  0
17.973333  0.497893  0
18.000000  0.497809  0
18.026667  0.497725  0
18.053333  0.497642  0
18.080000  0.497558  0
18.106667  0.497474  0
18.133333  0.497391  0
18.160000  0.497307  0
18.186667  0.497224  0
18.213333  0.497140  0
18.240000  0.497056  0
18.266667  0.496973  0
18.293333  0.496889  0
18.320000  0.496805  0
18.346667  0.496722  0
18.373333  0.496638  0
18.400000  0.496554  0
18.426667  0.496471  0
18.453333  0.496387  0
18.480000  0.496303  0
18.506667  0.496220  0
18.533333  0.496136  0
18.560000  0.496052  0
18.586667  0.495969  0
18.613333  0.495885  0
18.640000  0.495802  0
18.666667  0.495718  0
18.693333  0.495634  0
18.720000  0.495551  0
18.746667  0.495467  0
18.773333  0.495383  0
18.800000  0.495300  0
18.826667  0.495216  0
18.853333  0.495132  0
18.880000  0.495049  0
18.906667  0.494965  0
18.933333  0.494881  0
18.960000  0.494798  0
18.986667  0.494714  0
19.013333  0.494631  0
19.040000  0.494547  0
19.066667  0.494463  0
19.093333  0.494380  0
19.120000  0.494296  0
19.146667  0.494212  0
19.173333  0.494129  0
19.200000  0.494045  0
19.226667  0.493961  0
19.253333  0.493878  0
19.280000  0.493794  0
19.306667  0.493710  0
19.333333  0.493627  0
19.360000  0.493543  0
19.386667  0.493460  0
19.413333  0.493376  0
19.440000  0.493292  0
19.466667  0.493209  0
19.493333  0.493125  0
19.520000  0.493041  0
19.546667  0.492958  0
19.573333  0.492874  0
19.600000  0.492790  0
19.626667  0.492707  0
19.653333  0.492623  0
19.680000  0.492539  0
19.706667  0.492456  0
19.733333  0.492372  0
19.760000  0.492289  0
19.786667  0.492205  0
19.813333  0.492121  0
19.840000  0.492038  0
19.866667  0.491954  0
19.893333  0.491870  0
19.920000  0.491787  0
19.946667  0.491703  0
19.973333  0.491619  0
20.000000  0.491536  0
20.026667  0.491452  0
20.053333  0.491368  0
20.080000  0.491285  0
20.106667  0.491201  0
20.133333  0.491117  0
20.160000  0.491034  0
20.186667  0.490950  0
20.213333  0.490867  0
20.240000  0.490783  0
20.266667  0.490699  0
20.293333  0.490616  0
20.320000  0.490532  0
20.346667  0.490448  0
20.373333  0.490365  0
20.400000  0.490281  0
20.426667  0.490197  0
20.453333  0.490114  0
20.480000  0.490030  0
20.506667  0.489946  0
20.533333  0.489863  0
20.560000  0.489779  0
20.586667  0.489696  0
20.613333  0.489612  0
20.640000  0.489528  0
20.666667  0.489445  0
20.693333  0.489361  0
20.720000  0.489277  0
20.746667  0.489194  0
20.773333  0.489110  0
20.800000  0.489026  0
20.826667  0.488943  0
20.853333  0.488859  0
20.880000  0.488775  0
20.906667  0.488692  0
20.933333  0.488608  0
20.960000  0.488525  0
20.986667  0.488441  0
21.013333  0.488357  0
21.040000  0.488274  0
21.066667  0.488190  0
21.093333  0.488106  0
21.120000  0.488023  0
21.146667  0.487939  0
21.173333  0.487855  0
21.200000  0.487772  0
21.226667  0.487688  0
21.253333  0.487604  0
21.280000  0.487521  0
21.306667  0.487437  0
21.333333  0.487354  0
21.360000  0.487270  0
21.386667  0.487186  0
21.413333  0.487103  0
21.440000  0.487019  0
21.466667  0.486935  0
21.493333  0.486852  0
21.520000  0.486768  0
21.546667  0.486684  0
21.573333  0.486601  0
21.600000  0.486517  0
21.626667  0.486433  0
21.653333  0.486350  0
21.680000  0.486266  0
21.706667  0.486182  0
21.733333  0.486099  0
21.760000  0.486015  0
21.786667  0.485932  0
21.813333  0.485848  0
21.840000  0.485764  0
21.866667  0.485681  0
21.893333  0.485597  0
21.920000  0.485513  0
21.946667  0.485430  0
21.973333  0.485346  0
22.000000  0.485262  0
22.026667  0.485179  0
22.053333  0.485095  0
22.080000  0.485011  0
22.106667  0.484928  0
22.133333  0.484844  0
22.160000  0.484761  0
22.186667  0.484677  0
22.213333  0.484593  0
22.240000  0.484510  0
22.266667  0.484426  0
22.293333  0.484342  0
22.320000  0.484259  0
22.346667  0.484175  0
22.373333  0.484091  0
22.400000  0.484008  0
22.426667  0.483924  0
22.453333  0.483840  0
22.480000  0.483757  0
22.506667  0.483673  0
22.533333  0.483590  0
22.560000  0.483506  0
22.586667  0.483422  0
22.613333  0.483339  0
22.640000  0.483255  0
22.666667  0.483171  0
22.693333  0.483088  0
22.720000  0.483004  0
22.746667  0.482920  0
22.773333  0.482837  0
22.800000  0.482753  0
22.826667  0.482669  0
22.853333  0.482586  0
22.880000  0.482502  0
22.906667  0.482418  0
22.933333  0.482335  0
22.960000  0.482251  0
