2.560000  0.772884  0
2.586667  0.771468  0
2.613333  0.770053  0
2.640000  0.768637  0
2.666667  0.767222  0
2.693333  0.765807  0
2.720000  0.764391  0
2.746667  0.762976  0
2.773333  0.761561  0
2.800000  0.760145  0
2.826667  0.758730  0
2.853333  0.757314  0
2.880000  0.755899  0
2.906667  0.754484  0
2.933333  0.753068  0
2.960000  0.751653  0
2.986667  0.750237  0
3.013333  0.748822  0
3.040000  0.747407  0
3.066667  0.745991  0
3.093333  0.744576  0
3.120000  0.743161  0
3.146667  0.741745  0
3.173333  0.740330  0
3.200000  0.738914  0
3.226667  0.737499  0
3.253333  0.736084  0
3.280000  0.734668  0
3.306667  0.733253  0
3.333333  0.731837  0
3.360000  0.730422  0
3.386667  0.729007  0
3.413333  0.727591  0
3.440000  0.726176  0
3.466667  0.724823  0
3.493333  0.723727  0
3.520000  0.722631  0
3.546667  0.721535  0
3.573333  0.720439  0
3.600000  0.719343  0
3.626667  0.718247  0
3.653333  0.717151  0
3.680000  0.716055  0
3.706667  0.714960  0
3.733333  0.713864  0
3.760000  0.712768  0
3.786667  0.711672  0
3.813333  0.710576  0
3.840000  0.709480  0
3.866667  0.708384  0
3.893333  0.707288  0
3.920000  0.706192  0
3.946667  0.705096  0
3.973333  0.704000  0
4.000000  0.702904  0
4.026667  0.701808  0
4.053333  0.700712  0
4.080000  0.699616  0
4.106667  0.698520  0
4.133333  0.697424  0
4.160000  0.696328  0
4.186667  0.695232  0
4.213333  0.694136  0
4.240000  0.693040  0
4.266667  0.691944  0
4.293333  0.690848  0
4.320000  0.689752  0
4.346667  0.688656  0
4.373333  0.687560  0
4.400000  0.686464  0
4.426667  0.685335  0
4.453333  0.684137  0
4.480000  0.682940  0
4.506667  0.681742  0
4.533333  0.680545  0
4.560000  0.679347  0
4.586667  0.678149  0
4.613333  0.676952  0
4.640000  0.675754  0
4.666667  0.674556  0
4.693333  0.673359  0
4.720000  0.672161  0
4.746667  0.670963  0
4.773333  0.669766  0
4.800000  0.668568  0
4.826667  0.667371  0
4.853333  0.666173  0
4.880000  0.664975  0
4.906667  0.663778  0
4.933333  0.662580  0
4.960000  0.661382  0
4.986667  0.660185  0
5.013333  0.658987  0
5.040000  0.657790  0
5.066667  0.656592  0
5.093333  0.655394  0
5.120000  0.654197  0
5.146667  0.652999  0
5.173333  0.651801  0
5.200000  0.650604  0
5.226667  0.649406  0
5.253333  0.648208  0
5.280000  0.647011  0
5.306667  0.645813  0
5.333333  0.644616  0
5.360000  0.643418  0
5.386667  0.642220  0
5.413333  0.641023  0
5.440000  0.639825  0
5.466667  0.638627  0
5.493333  0.637430  0
5.520000  0.636420  0
5.546667  0.635463  0
5.573333  0.634507  0
5.600000  0.633550  0
5.626667  0.632593  0
5.653333  0.631637  0
5.680000  0.630680  0
5.706667  0.629724  0
5.733333  0.628767  0
5.760000  0.627810  0
5.786667  0.626854  0
5.813333  0.625897  0
5.840000  0.624940  0
5.866667  0.623984  0
5.893333  0.623027  0
5.920000  0.622071  0
5.946667  0.621114  0
5.973333  0.620157  0
6.000000  0.619201  0
6.026667  0.618244  0
6.053333  0.617287  0
6.080000  0.616331  0
6.106667  0.615374  0
6.133333  0.614417  0
6.160000  0.613944  0
6.186667  0.613784  0
6.213333  0.613624  0
6.240000  0.613463  0
6.266667  0.613303  0
6.293333  0.613143  0
6.320000  0.612982  0
6.346667  0.612822  0
6.373333  0.612662  0
6.400000  0.612502  0
6.426667  0.612341  0
6.453333  0.612181  0
6.480000  0.612021  0
6.506667  0.611860  0
6.533333  0.611700  0
6.560000  0.611540  0
6.586667  0.611379  0
6.613333  0.611219  0
6.640000  0.611059  0
6.666667  0.610899  0
6.693333  0.610738  0
6.720000  0.610578  0
6.746667  0.610418  0
6.773333  0.610257  0
6.800000  0.610097  0
6.826667  0.609937  0
6.853333  0.609776  0
6.880000  0.609616  0
6.906667  0.609456  0
6.933333  0.608566  0
6.960000  0.607442  0
6.986667  0.606317  0
7.013333  0.605192  0
7.040000  0.604067  0
7.066667  0.602942  0
7.093333  0.601817  0
7.120000  0.600692  0
7.146667  0.599567  0
7.173333  0.598443  0
7.200000  0.597318  0
7.226667  0.596193  0
7.253333  0.595068  0
7.280000  0.593943  0
7.306667  0.592818  0
7.333333  0.591693  0
7.360000  0.590568  0
7.386667  0.589444  0
7.413333  0.588319  0
7.440000  0.587194  0
7.466667  0.586069  0
7.493333  0.584944  0
7.520000  0.583851  0
7.546667  0.582948  0
7.573333  0.582046  0
7.600000  0.581143  0
7.626667  0.580241  0
7.653333  0.579338  0
7.680000  0.578436  0
7.706667  0.577533  0
7.733333  0.576631  0
7.760000  0.575728  0
7.786667  0.574825  0
7.813333  0.573923  0
7.840000  0.573020  0
7.866667  0.572118  0
7.893333  0.571215  0
7.920000  0.570313  0
7.946667  0.569410  0
7.973333  0.568507  0
8.000000  0.567605  0
8.026667  0.566702  0
8.053333  0.565800  0
8.080000  0.564897  0
8.106667  0.563995  0
8.133333  0.563092  0
8.160000  0.562189  0
8.186667  0.561287  0
8.213333  0.560384  0
8.240000  0.559482  0
8.266667  0.558579  0
8.293333  0.557677  0
8.320000  0.556774  0
8.346667  0.555872  0
8.373333  0.554969  0
8.400000  0.554066  0
8.426667  0.553164  0
8.453333  0.552261  0
8.480000  0.551413  0
8.506667  0.550709  0
8.533333  0.550006  0
8.560000  0.549302  0
8.586667  0.548598  0
8.613333  0.547895  0
8.640000  0.547191  0
8.666667  0.546487  0
8.693333  0.545784  0
8.720000  0.545080  0
8.746667  0.544376  0
8.773333  0.543673  0
8.800000  0.542969  0
8.826667  0.542265  0
8.853333  0.541561  0
8.880000  0.540858  0
8.906667  0.540154  0
8.933333  0.539450  0
8.960000  0.538747  0
8.986667  0.538043  0
9.013333  0.537339  0
9.040000  0.536636  0
9.066667  0.535932  0
9.093333  0.535228  0
9.120000  0.534525  0
9.146667  0.533821  0
9.173333  0.533117  0
9.200000  0.532413  0
9.226667  0.531710  0
9.253333  0.531006  0
9.280000  0.530302  0
9.306667  0.529599  0
9.333333  0.528895  0
9.360000  0.528191  0
9.386667  0.527488  0
9.413333  0.526784  0
9.440000  0.526080  0
9.466667  0.525377  0
9.493333  0.524673  0
9.520000  0.523969  0
9.546667  0.523265  0
9.573333  0.522562  0
9.600000  0.521858  0
9.626667  0.521154  0
9.653333  0.520451  0
9.680000  0.519747  0
9.706667  0.519138  0
9.733333  0.518789  0
9.760000  0.518441  0
9.786667  0.518092  0
9.813333  0.517743  0
9.840000  0.517394  0
9.866667  0.517045  0
9.893333  0.516696  0
9.920000  0.516347  0
9.946667  0.515998  0
9.973333  0.515649  0
10.000000  0.515301  0
10.026667  0.514952  0
10.053333  0.514603  0
10.080000  0.514254  0
10.106667  0.513905  0
10.133333  0.513556  0
10.160000  0.513207  0
10.186667  0.512858  0
10.213333  0.512509  0
10.240000  0.512161  0
10.266667  0.511812  0
10.293333  0.511463  0
10.320000  0.511114  0
10.346667  0.510765  0
10.373333  0.510416  0
10.400000  0.510067  0
10.426667  0.509718  0
10.453333  0.509369  0
10.480000  0.509020  0
10.506667  0.508672  0
10.533333  0.508323  0
10.560000  0.507974  0
10.586667  0.507625  0
10.613333  0.507276  0
10.640000  0.506927  0
10.666667  0.506578  0
10.693333  0.506229  0
10.720000  0.505880  0
10.746667  0.505532  0
10.773333  0.505183  0
10.800000  0.504834  0
10.826667  0.504485  0
10.853333  0.504136  0
10.880000  0.503787  0
10.906667  0.503438  0
10.933333  0.503089  0
10.960000  0.502740  0
10.986667  0.502392  0
11.013333  0.502043  0
11.040000  0.501694  0
11.066667  0.501345  0
11.093333  0.500996  0
11.120000  0.500647  0
11.146667  0.500298  0
11.173333  0.499949  0
11.200000  0.499600  0
11.226667  0.499252  0
11.253333  0.498903  0
11.280000  0.498554  0
11.306667  0.498205  0
11.333333  0.497856  0
11.360000  0.497507  0
11.386667  0.497158  0
11.413333  0.496809  0
11.440000  0.496460  0
11.466667  0.496112  0
11.493333  0.495763  0
11.520000  0.495414  0
11.546667  0.495065  0
11.573333  0.494716  0
11.600000  0.494367  0
11.626667  0.494018  0
11.653333  0.493669  0
11.680000  0.493320  0
11.706667  0.492972  0
11.733333  0.492623  0
11.760000  0.492274  0
11.786667  0.491925  0
11.813333  0.491576  0
11.840000  0.491227  0
11.866667  0.490878  0
11.893333  0.490529  0
11.920000  0.490180  0
11.946667  0.489832  0
11.973333  0.489483  0
12.000000  0.489134  0
12.026667  0.488785  0
12.053333  0.488436  0
12.080000  0.488087  0
12.106667  0.487738  0
12.133333  0.487389  0
12.160000  0.487040  0
12.186667  0.486692  0
12.213333  0.486343  0
12.240000  0.485994  0
12.266667  0.485645  0
12.293333  0.485296  0
12.320000  0.484947  0
12.346667  0.484598  0
12.373333  0.484249  0
12.400000  0.483900  0
12.426667  0.483552  0
12.453333  0.483203  0
12.480000  0.482854  0
12.506667  0.482505  0
12.533333  0.482156  0
12.560000  0.481807  0
12.586667  0.481458  0
12.613333  0.481109  0
12.640000  0.480760  0
12.666667  0.480411  0
12.693333  0.480063  0
12.720000  0.479714  0
12.746667  0.479365  0
12.773333  0.479016  0
12.800000  0.478667  0
12.826667  0.478318  0
12.853333  0.477969  0
12.880000  0.477620  0
12.906667  0.477335  0
12.933333  0.477052  0
12.960000  0.476769  0
12.986667  0.476486  0
13.013333  0.476203  0
13.040000  0.475920  0
13.066667  0.475637  0
13.093333  0.475354  0
13.120000  0.475071  0
13.146667  0.474788  0
13.173333  0.474505  0
13.200000  0.474222  0
13.226667  0.473939  0
13.253333  0.473656  0
13.280000  0.473373  0
13.306667  0.473090  0
13.333333  0.472807  0
13.360000  0.472524  0
13.386667  0.472241  0
13.413333  0.471958  0
13.440000  0.471675  0
13.466667  0.471392  0
13.493333  0.471109  0
13.520000  0.470826  0
13.546667  0.470542  0
13.573333  0.470259  0
13.600000  0.469976  0
13.626667  0.469693  0
13.653333  0.469410  0
13.680000  0.469127  0
13.706667  0.468844  0
13.733333  0.468561  0
13.760000  0.468278  0
13.786667  0.467995  0
13.813333  0.467712  0
13.840000  0.467429  0
13.866667  0.467146  0
13.893333  0.466863  0
13.920000  0.466580  0
13.946667  0.466297  0
13.973333  0.466014  0
14.000000  0.465731  0
14.026667  0.465448  0
14.053333  0.465165  0
14.080000  0.464882  0
14.106667  0.464599  0
14.133333  0.464316  0
14.160000  0.464033  0
14.186667  0.463750  0
14.213333  0.463467  0
14.240000  0.463184  0
14.266667  0.462901  0
14.293333  0.462618  0
14.320000  0.462335  0
14.346667  0.462052  0
14.373333  0.461769  0
14.400000  0.461486  0
14.426667  0.461203  0
14.453333  0.460920  0
14.480000  0.460637  0
14.506667  0.460354  0
14.533333  0.460071  0
14.560000  0.459788  0
14.586667  0.459505  0
14.613333  0.459222  0
14.640000  0.458939  0
14.666667  0.458656  0
14.693333  0.458373  0
14.720000  0.458090  0
14.746667  0.457807  0
14.773333  0.457524  0
14.800000  0.457241  0
14.826667  0.456957  0
14.853333  0.456674  0
14.880000  0.456391  0
14.906667  0.456108  0
14.933333  0.455825  0
14.960000  0.455542  0
14.986667  0.455259  0
15.013333  0.454976  0
15.040000  0.454693  0
15.066667  0.454410  0
15.093333  0.454127  0
15.120000  0.453844  0
15.146667  0.453561  0
15.173333  0.453278  0
15.200000  0.452995  0
15.226667  0.452712  0
15.253333  0.452429  0
15.280000  0.452146  0
15.306667  0.451863  0
15.333333  0.451580  0
15.360000  0.451297  0
15.386667  0.451014  0
15.413333  0.450731  0
15.440000  0.450448  0
15.466667  0.450165  0
15.493333  0.449882  0
15.520000  0.449599  0
15.546667  0.449316  0
15.573333  0.449033  0
15.600000  0.448750  0
15.626667  0.448467  0
15.653333  0.448184  0
15.680000  0.447901  0
15.706667  0.447618  0
15.733333  0.447335  0
15.760000  0.447052  0
15.786667  0.446769  0
15.813333  0.446486  0
15.840000  0.446203  0
15.866667  0.445920  0
15.893333  0.445637  0
15.920000  0.445354  0
15.946667  0.445071  0
15.973333  0.444788  0
16.000000  0.444505  0
16.026667  0.444222  0
16.053333  0.443939  0
16.080000  0.443656  0
16.106667  0.443372  0
16.133333  0.443089  0
16.160000  0.442806  0
16.186667  0.442523  0
16.213333  0.442240  0
16.240000  0.441957  0
16.266667  0.441674  0
16.293333  0.441391  0
16.320000  0.441108  0
16.346667  0.440825  0
16.373333  0.440542  0
16.400000  0.440259  0
16.426667  0.439976  0
16.453333  0.439693  0
16.480000  0.439410  0
16.506667  0.439127  0
16.533333  0.438844  0
16.560000  0.438561  0
16.586667  0.438278  0
16.613333  0.437995  0
16.640000  0.437712  0
16.666667  0.437429  0
16.693333  0.437146  0
16.720000  0.436863  0
16.746667  0.436580  0
16.773333  0.436297  0
16.800000  0.436014  0
16.826667  0.435731  0
16.853333  0.435448  0
16.880000  0.435165  0
16.906667  0.434882  0
16.933333  0.434599  0
16.960000  0.434316  0
16.986667  0.434033  0
17.013333  0.433750  0
17.040000  0.433467  0
17.066667  0.433184  0
17.093333  0.432901  0
17.120000  0.432618  0
17.146667  0.432335  0
17.173333  0.432052  0
17.200000  0.431769  0
17.226667  0.431486  0
17.253333  0.431203  0
17.280000  0.430920  0
17.306667  0.430637  0
17.333333  0.430354  0
17.360000  0.430071  0
17.386667  0.429787  0
17.413333  0.429504  0
17.440000  0.429221  0
17.466667  0.428938  0
17.493333  0.428655  0
17.520000  0.428372  0
17.546667  0.428089  0
17.573333  0.427806  0
17.600000  0.427523  0
17.626667  0.427240  0
17.653333  0.426957  0
17.680000  0.426674  0
17.706667  0.426391  0
17.733333  0.426108  0
17.760000  0.425825  0
17.786667  0.425542  0
17.813333  0.425259  0
17.840000  0.424976  0
17.866667  0.424693  0
17.893333  0.424417  0
17.920000  0.424301  0
17.946667  0.424185  0
17.973333  0.424069  0
18.000000  0.423953  0
18.026667  0.423837  0
18.053333  0.423721  0
18.080000  0.423605  0
18.106667  0.423489  0
18.133333  0.423373  0
18.160000  0.423257  0
18.186667  0.423141  0
18.213333  0.423025  0
18.240000  0.422909  0
18.266667  0.422793  0
18.293333  0.422677  0
18.320000  0.422562  0
18.346667  0.422446  0
18.373333  0.422330  0
18.400000  0.422214  0
18.426667  0.422098  0
18.453333  0.421982  0
18.480000  0.421866  0
18.506667  0.421750  0
18.533333  0.421634  0
18.560000  0.421518  0
18.586667  0.421402  0
18.613333  0.421286  0
18.640000  0.421170  0
18.666667  0.421054  0
18.693333  0.420938  0
18.720000  0.420822  0
18.746667  0.420706  0
18.773333  0.420590  0
18.800000  0.420474  0
18.826667  0.420358  0
18.853333  0.420242  0
18.880000  0.420126  0
18.906667  0.420010  0
18.933333  0.419894  0
18.960000  0.419778  0
18.986667  0.419662  0
19.013333  0.419546  0
19.040000  0.419430  0
19.066667  0.419314  0
19.093333  0.419198  0
19.120000  0.419082  0
19.146667  0.418966  0
19.173333  0.418850  0
19.200000  0.418734  0
19.226667  0.418618  0
19.253333  0.418502  0
19.280000  0.418387  0
19.306667  0.418271  0
19.333333  0.418155  0
19.360000  0.418039  0
19.386667  0.417923  0
19.413333  0.417807  0
19.440000  0.417691  0
19.466667  0.417575  0
19.493333  0.417459  0
19.520000  0.417343  0
19.546667  0.417227  0
19.573333  0.417111  0
19.600000  0.416995  0
19.626667  0.416879  0
19.653333  0.416763  0
19.680000  0.416647  0
19.706667  0.416531  0
19.733333  0.416415  0
19.760000  0.416299  0
19.786667  0.416183  0
19.813333  0.416067  0
19.840000  0.415951  0
19.866667  0.415835  0
19.893333  0.415719  0
19.920000  0.415603  0
19.946667  0.415487  0
19.973333  0.415371  0
20.000000  0.415255  0
20.026667  0.415139  0
20.053333  0.415023  0
20.080000  0.414907  0
20.106667  0.414791  0
20.133333  0.414675  0
20.160000  0.414559  0
20.186667  0.414443  0
20.213333  0.414328  0
20.240000  0.414212  0
20.266667  0.414096  0
20.293333  0.413980  0
20.320000  0.413864  0
20.346667  0.413748  0
20.373333  0.413632  0
20.400000  0.413516  0
20.426667  0.413400  0
20.453333  0.413284  0
20.480000  0.413168  0
20.506667  0.413052  0
20.533333  0.412936  0
20.560000  0.412820  0
20.586667  0.412704  0
20.613333  0.412588  0
20.640000  0.412472  0
20.666667  0.412356  0
20.693333  0.412240  0
20.720000  0.412124  0
20.746667  0.412008  0
20.773333  0.411892  0
20.800000  0.411776  0
20.826667  0.411660  0
20.853333  0.411544  0
20.880000  0.411428  0
20.906667  0.411312  0
20.933333  0.411196  0
20.960000  0.411080  0
20.986667  0.410964  0
21.013333  0.410848  0
21.040000  0.410732  0
21.066667  0.410616  0
21.093333  0.410500  0
21.120000  0.410384  0
21.146667  0.410268  0
21.173333  0.410153  0
21.200000  0.410037  0
21.226667  0.409921  0
21.253333  0.409805  0
21.280000  0.409689  0
21.306667  0.409573  0
21.333333  0.409457  0
21.360000  0.409341  0
21.386667  0.409225  0
21.413333  0.409109  0
21.440000  0.408993  0
21.466667  0.408877  0
21.493333  0.408761  0
21.520000  0.408645  0
21.546667  0.408529  0
21.573333  0.408413  0
21.600000  0.408297  0
21.626667  0.408181  0
21.653333  0.408065  0
21.680000  0.407949  0
21.706667  0.407833  0
21.733333  0.407717  0
21.760000  0.407601  0
21.786667  0.407485  0
21.813333  0.407369  0
21.840000  0.407253  0
21.866667  0.407137  0
21.893333  0.407021  0
21.920000  0.406905  0
21.946667  0.406789  0
21.973333  0.406673  0
22.000000  0.406557  0
22.026667  0.406441  0
22.053333  0.406325  0
22.080000  0.406209  0
22.106667  0.406094  0
22.133333  0.405978  0
22.160000  0.405862  0
22.186667  0.405746  0
22.213333  0.405630  0
22.240000  0.405514  0
22.266667  0.405398  0
22.293333  0.405282  0
22.320000  0.405166  0
22.346667  0.405050  0
22.373333  0.404934  0
22.400000  0.404818  0
22.426667  0.404702  0
22.453333  0.404586  0
22.480000  0.404470  0
22.506667  0.404354  0
22.533333  0.404238  0
22.560000  0.404122  0
22.586667  0.404006  0
22.613333  0.403890  0
22.640000  0.403774  0
22.666667  0.403658  0
22.693333  0.403542  0
22.720000  0.403426  0
22.746667  0.403310  0
22.773333  0.403194  0
22.800000  0.403078  0
22.826667  0.402962  0
22.853333  0.402846  0
22.880000  0.402730  0
22.906667  0.402614  0
22.933333  0.402498  0
22.960000  0.402382  0
22.986667  0.402266  0
23.013333  0.402150  0
23.040000  0.402034  0
23.066667  0.401919  0
23.093333  0.401803  0
23.120000  0.401687  0
23.146667  0.401571  0
23.173333  0.401455  0
23.200000  0.401339  0
23.226667  0.401223  0
23.253333  0.401107  0
23.280000  0.400991  0
23.306667  0.400875  0
23.333333  0.400759  0
23.360000  0.400643  0
23.386667  0.400527  0
23.413333  0.400411  0
23.440000  0.400295  0
23.466667  0.400179  0
23.493333  0.400063  0
23.520000  0.399947  0
23.546667  0.399831  0
23.573333  0.399715  0
23.600000  0.399599  0
23.626667  0.399483  0
23.653333  0.399367  0
23.680000  0.399251  0
23.706667  0.399135  0
23.733333  0.399019  0
23.760000  0.398903  0
23.786667  0.398787  0
23.813333  0.398671  0
23.840000  0.398555  0
23.866667  0.398439  0
23.893333  0.398323  0
23.920000  0.398207  0
23.946667  0.398091  0
23.973333  0.397975  0
24.000000  0.397859  0
24.026667  0.397744  0
24.053333  0.397628  0
24.080000  0.397512  0
24.106667  0.397396  0
24.133333  0.397280  0
24.160000  0.397164  0
24.186667  0.397048  0
24.213333  0.396932  0
24.240000  0.396816  0
24.266667  0.396700  0
24.293333  0.396584  0
24.320000  0.396468  0
24.346667  0.396352  0
24.373333  0.396236  0
24.400000  0.396120  0
24.426667  0.396004  0
24.453333  0.395888  0
24.480000  0.395772  0
24.506667  0.395656  0
24.533333  0.395540  0
24.560000  0.395424  0
24.586667  0.395308  0
24.613333  0.395192  0
24.640000  0.395076  0
24.666667  0.394960  0
24.693333  0.394844  0
24.720000  0.394728  0
24.746667  0.394612  0
24.773333  0.394496  0
24.800000  0.394380  0
24.826667  0.394264  0
24.853333  0.394148  0
24.880000  0.394032  0
24.906667  0.393916  0
24.933333  0.393800  0
24.960000  0.393685  0
24.986667  0.393569  0
25.013333  0.393453  0
25.040000  0.393337  0
25.066667  0.393221  0
25.093333  0.393105  0
25.120000  0.392989  0
25.146667  0.392873  0
25.173333  0.392757  0
25.200000  0.392641  0
25.226667  0.392525  0
25.253333  0.392409  0
25.280000  0.392293  0
25.306667  0.392177  0
25.333333  0.392061  0
