4.586667  0.766399  0
4.613333  0.766097  0
4.640000  0.765794  0
4.666667  0.765492  0
4.693333  0.765189  0
4.720000  0.764886  0
4.746667  0.764584  0
4.773333  0.764281  0
4.800000  0.763979  0
4.826667  0.763676  0
4.853333  0.763373  0
4.880000  0.763071  0
4.906667  0.762768  0
4.933333  0.762465  0
4.960000  0.762163  0
4.986667  0.761860  0
5.013333  0.761558  0
5.040000  0.761255  0
5.066667  0.760952  0
5.093333  0.760650  0
5.120000  0.760347  0
5.146667  0.760045  0
5.173333  0.759742  0
5.200000  0.759439  0
5.226667  0.759137  0
5.253333  0.758834  0
5.280000  0.758532  0
5.306667  0.758229  0
5.333333  0.757926  0
5.360000  0.757624  0
5.386667  0.757321  0
5.413333  0.757019  0
5.440000  0.756716  0
5.466667  0.756413  0
5.493333  0.756111  0
5.520000  0.755808  0
5.546667  0.755505  0
5.573333  0.755203  0
5.600000  0.754782  0
5.626667  0.754302  0
5.653333  0.753821  0
5.680000  0.753340  0
5.706667  0.752859  0
5.733333  0.752378  0
5.760000  0.751897  0
5.786667  0.751416  0
5.813333  0.750935  0
5.840000  0.750454  0
5.866667  0.749973  0
5.893333  0.749493  0
5.920000  0.749012  0
5.946667  0.748531  0
5.973333  0.748050  0
6.000000  0.747569  0
6.026667  0.747088  0
6.053333  0.746607  0
6.080000  0.746126  0
6.106667  0.745645  0
6.133333  0.745164  0
6.160000  0.744684  0
6.186667  0.744203  0
6.213333  0.743722  0
6.240000  0.743241  0
6.266667  0.742760  0
6.293333  0.742279  0
6.320000  0.741798  0
6.346667  0.741317  0
6.373333  0.740265  0
6.400000  0.739079  0
6.426667  0.737893  0
6.453333  0.736707  0
6.480000  0.735520  0
6.506667  0.734334  0
6.533333  0.733148  0
6.560000  0.731962  0
6.586667  0.730775  0
6.613333  0.729589  0
6.640000  0.728403  0
6.666667  0.727217  0
6.693333  0.726031  0
6.720000  0.724844  0
6.746667  0.723658  0
6.773333  0.722472  0
6.800000  0.721286  0
6.826667  0.720099  0
6.853333  0.718913  0
6.880000  0.717727  0
6.906667  0.716541  0
6.933333  0.715355  0
6.960000  0.714168  0
6.986667  0.712982  0
7.013333  0.711796  0
7.040000  0.710610  0
7.066667  0.709423  0
7.093333  0.708237  0
7.120000  0.707051  0
7.146667  0.705865  0
7.173333  0.704679  0
7.200000  0.703492  0
7.226667  0.702306  0
7.253333  0.701120  0
7.280000  0.699934  0
7.306667  0.698747  0
7.333333  0.697561  0
7.360000  0.696375  0
7.386667  0.695189  0
7.413333  0.694002  0
7.440000  0.692816  0
7.466667  0.691630  0
7.493333  0.690444  0
7.520000  0.689258  0
7.546667  0.688071  0
7.573333  0.686885  0
7.600000  0.685699  0
7.626667  0.684513  0
7.653333  0.683326  0
7.680000  0.682140  0
7.706667  0.680954  0
7.733333  0.679768  0
7.760000  0.678582  0
7.786667  0.677395  0
7.813333  0.676209  0
7.840000  0.675023  0
7.866667  0.673837  0
7.893333  0.672650  0
7.920000  0.671464  0
7.946667  0.670278  0
7.973333  0.669092  0
8.000000  0.667905  0
8.026667  0.666592  0
8.053333  0.665109  0
8.080000  0.663627  0
8.106667  0.662144  0
8.133333  0.660661  0
8.160000  0.659178  0
8.186667  0.657695  0
8.213333  0.656213  0
8.240000  0.654730  0
8.266667  0.653247  0
8.293333  0.651764  0
8.320000  0.650282  0
8.346667  0.648799  0
8.373333  0.647316  0
8.400000  0.645833  0
8.426667  0.644350  0
8.453333  0.643092  0
8.480000  0.641879  0
8.506667  0.640666  0
8.533333  0.639453  0
8.560000  0.638240  0
8.586667  0.637026  0
8.613333  0.635813  0
8.640000  0.634600  0
8.666667  0.633387  0
8.693333  0.632174  0
8.720000  0.630960  0
8.746667  0.629747  0
8.773333  0.628534  0
8.800000  0.627321  0
8.826667  0.626108  0
8.853333  0.624895  0
8.880000  0.623681  0
8.906667  0.623035  0
8.933333  0.622658  0
8.960000  0.622280  0
8.986667  0.621903  0
9.013333  0.621526  0
9.040000  0.621148  0
9.066667  0.620771  0
9.093333  0.620393  0
9.120000  0.620016  0
9.146667  0.619638  0
9.173333  0.619261  0
9.200000  0.618883  0
9.226667  0.618506  0
9.253333  0.618129  0
9.280000  0.617751  0
9.306667  0.617374  0
9.333333  0.616996  0
9.360000  0.616619  0
9.386667  0.616241  0
9.413333  0.615864  0
9.440000  0.615487  0
9.466667  0.615109  0
9.493333  0.614732  0
9.520000  0.614354  0
9.546667  0.613977  0
9.573333  0.613599  0
9.600000  0.613222  0
9.626667  0.612844  0
9.653333  0.612467  0
9.680000  0.612090  0
9.706667  0.611712  0
9.733333  0.611335  0
9.760000  0.610957  0
9.786667  0.610580  0
9.813333  0.610202  0
9.840000  0.609825  0
9.866667  0.609448  0
9.893333  0.609070  0
9.920000  0.608693  0
9.946667  0.608315  0
9.973333  0.607938  0
10.000000  0.607560  0
10.026667  0.607183  0
10.053333  0.607009  0
10.080000  0.606889  0
10.106667  0.606769  0
10.133333  0.606648  0
10.160000  0.606528  0
10.186667  0.606408  0
10.213333  0.606288  0
10.240000  0.606168  0
10.266667  0.606047  0
10.293333  0.605927  0
10.320000  0.605807  0
10.346667  0.605687  0
10.373333  0.605566  0
10.400000  0.605446  0
10.426667  0.605326  0
10.453333  0.605206  0
10.480000  0.605086  0
10.506667  0.604965  0
10.533333  0.604845  0
10.560000  0.604725  0
10.586667  0.604605  0
10.613333  0.604484  0
10.640000  0.604364  0
10.666667  0.604244  0
10.693333  0.604124  0
10.720000  0.604003  0
10.746667  0.603883  0
10.773333  0.603763  0
10.800000  0.603643  0
10.826667  0.603523  0
10.853333  0.603402  0
10.880000  0.603282  0
10.906667  0.603162  0
10.933333  0.603042  0
10.960000  0.602921  0
10.986667  0.602801  0
11.013333  0.602681  0
11.040000  0.602561  0
11.066667  0.602441  0
11.093333  0.602320  0
11.120000  0.602200  0
11.146667  0.602080  0
11.173333  0.601960  0
11.200000  0.601839  0
11.226667  0.601719  0
11.253333  0.601599  0
11.280000  0.601479  0
11.306667  0.601359  0
11.333333  0.601238  0
11.360000  0.601118  0
11.386667  0.600998  0
11.413333  0.600878  0
11.440000  0.600757  0
11.466667  0.600637  0
11.493333  0.600517  0
11.520000  0.600397  0
11.546667  0.600277  0
11.573333  0.600142  0
11.600000  0.599859  0
11.626667  0.599577  0
11.653333  0.599294  0
11.680000  0.599012  0
11.706667  0.598730  0
11.733333  0.598447  0
11.760000  0.598165  0
11.786667  0.597882  0
11.813333  0.597600  0
11.840000  0.597317  0
11.866667  0.597035  0
11.893333  0.596753  0
11.920000  0.596470  0
11.946667  0.596188  0
11.973333  0.595905  0
12.000000  0.595623  0
12.026667  0.595340  0
12.053333  0.595058  0
12.080000  0.594776  0
12.106667  0.594493  0
12.133333  0.594211  0
12.160000  0.593928  0
12.186667  0.593646  0
12.213333  0.593363  0
12.240000  0.593081  0
12.266667  0.592798  0
12.293333  0.592516  0
12.320000  0.592234  0
12.346667  0.591951  0
12.373333  0.591669  0
12.400000  0.591386  0
12.426667  0.591104  0
12.453333  0.590821  0
12.480000  0.590539  0
12.506667  0.590257  0
12.533333  0.589974  0
12.560000  0.589692  0
12.586667  0.589409  0
12.613333  0.589127  0
12.640000  0.588844  0
12.666667  0.588562  0
12.693333  0.588280  0
12.720000  0.587997  0
12.746667  0.587715  0
12.773333  0.587432  0
12.800000  0.587150  0
12.826667  0.586867  0
12.853333  0.586585  0
12.880000  0.586302  0
12.906667  0.586020  0
12.933333  0.585738  0
12.960000  0.585455  0
12.986667  0.585173  0
13.013333  0.584890  0
13.040000  0.584608  0
13.066667  0.584325  0
13.093333  0.584043  0
13.120000  0.583761  0
13.146667  0.583478  0
13.173333  0.583196  0
13.200000  0.582913  0
13.226667  0.582631  0
13.253333  0.582348  0
13.280000  0.582066  0
13.306667  0.581784  0
13.333333  0.581501  0
13.360000  0.581219  0
13.386667  0.580936  0
13.413333  0.580654  0
13.440000  0.580371  0
13.466667  0.580089  0
13.493333  0.579806  0
13.520000  0.579524  0
13.546667  0.579242  0
13.573333  0.578959  0
13.600000  0.578677  0
13.626667  0.578394  0
13.653333  0.578112  0
13.680000  0.577829  0
13.706667  0.577547  0
13.733333  0.577265  0
13.760000  0.576982  0
13.786667  0.576700  0
13.813333  0.576417  0
13.840000  0.576135  0
13.866667  0.575852  0
13.893333  0.575570  0
13.920000  0.575288  0
13.946667  0.575005  0
13.973333  0.574723  0
14.000000  0.574440  0
14.026667  0.574158  0
14.053333  0.573875  0
14.080000  0.573593  0
14.106667  0.573310  0
14.133333  0.573028  0
14.160000  0.572746  0
14.186667  0.572463  0
14.213333  0.572181  0
14.240000  0.571898  0
14.266667  0.571616  0
14.293333  0.571333  0
14.320000  0.571051  0
14.346667  0.570769  0
14.373333  0.570486  0
14.400000  0.570204  0
14.426667  0.569921  0
14.453333  0.569639  0
14.480000  0.569356  0
14.506667  0.569074  0
14.533333  0.568792  0
14.560000  0.568509  0
14.586667  0.568227  0
14.613333  0.567944  0
14.640000  0.567699  0
14.666667  0.567498  0
14.693333  0.567297  0
14.720000  0.567095  0
14.746667  0.566894  0
14.773333  0.566693  0
14.800000  0.566491  0
14.826667  0.566290  0
14.853333  0.566088  0
14.880000  0.565887  0
14.906667  0.565686  0
14.933333  0.565484  0
14.960000  0.565283  0
14.986667  0.565082  0
15.013333  0.564880  0
15.040000  0.564679  0
15.066667  0.564478  0
15.093333  0.564276  0
15.120000  0.564075  0
15.146667  0.563873  0
15.173333  0.563672  0
15.200000  0.563471  0
15.226667  0.563269  0
15.253333  0.563068  0
15.280000  0.562867  0
15.306667  0.562665  0
15.333333  0.562464  0
15.360000  0.562263  0
15.386667  0.562061  0
15.413333  0.561860  0
15.440000  0.561658  0
15.466667  0.561457  0
15.493333  0.561256  0
15.520000  0.561054  0
15.546667  0.560853  0
15.573333  0.560652  0
15.600000  0.560450  0
15.626667  0.560249  0
15.653333  0.560048  0
15.680000  0.559846  0
15.706667  0.559645  0
15.733333  0.559443  0
15.760000  0.559242  0
15.786667  0.559041  0
15.813333  0.558839  0
15.840000  0.558638  0
15.866667  0.558437  0
15.893333  0.558235  0
15.920000  0.558034  0
15.946667  0.557833  0
15.973333  0.557631  0
16.000000  0.557430  0
16.026667  0.557228  0
16.053333  0.557027  0
16.080000  0.556826  0
16.106667  0.556624  0
16.133333  0.556423  0
16.160000  0.556222  0
16.186667  0.556020  0
16.213333  0.555819  0
16.240000  0.555617  0
16.266667  0.555416  0
16.293333  0.555215  0
16.320000  0.555013  0
16.346667  0.554812  0
16.373333  0.554611  0
16.400000  0.554409  0
16.426667  0.554208  0
16.453333  0.554007  0
16.480000  0.553805  0
16.506667  0.553604  0
16.533333  0.553402  0
16.560000  0.553201  0
16.586667  0.553000  0
16.613333  0.552798  0
16.640000  0.552597  0
16.666667  0.552396  0
16.693333  0.552194  0
16.720000  0.551993  0
16.746667  0.551792  0
16.773333  0.551590  0
16.800000  0.551389  0
16.826667  0.551187  0
16.853333  0.550986  0
16.880000  0.550785  0
16.906667  0.550583  0
16.933333  0.550382  0
16.960000  0.550181  0
16.986667  0.549979  0
17.013333  0.549778  0
17.040000  0.549577  0
17.066667  0.549375  0
17.093333  0.549174  0
17.120000  0.548972  0
17.146667  0.548771  0
17.173333  0.548570  0
17.200000  0.548368  0
17.226667  0.548167  0
17.253333  0.547966  0
17.280000  0.547764  0
17.306667  0.547563  0
17.333333  0.547361  0
17.360000  0.547160  0
17.386667  0.546959  0
17.413333  0.546757  0
17.440000  0.546556  0
17.466667  0.546355  0
17.493333  0.546153  0
17.520000  0.545952  0
17.546667  0.545751  0
17.573333  0.545549  0
17.600000  0.545348  0
17.626667  0.545146  0
17.653333  0.544945  0
17.680000  0.544744  0
17.706667  0.544542  0
17.733333  0.544341  0
17.760000  0.544140  0
17.786667  0.543938  0
17.813333  0.543737  0
17.840000  0.543536  0
17.866667  0.543334  0
17.893333  0.543133  0
17.920000  0.542931  0
17.946667  0.542730  0
17.973333  0.542529  0
18.000000  0.542348  0
18.026667  0.542292  0
18.053333  0.542235  0
18.080000  0.542179  0
18.106667  0.542123  0
18.133333  0.542067  0
18.160000  0.542010  0
18.186667  0.541954  0
18.213333  0.541898  0
18.240000  0.541841  0
18.266667  0.541785  0
18.293333  0.541729  0
18.320000  0.541672  0
18.346667  0.541616  0
18.373333  0.541560  0
18.400000  0.541503  0
18.426667  0.541447  0
18.453333  0.541391  0
18.480000  0.541335  0
18.506667  0.541278  0
18.533333  0.541222  0
18.560000  0.541166  0
18.586667  0.541109  0
18.613333  0.541053  0
18.640000  0.540997  0
18.666667  0.540940  0
18.693333  0.540884  0
18.720000  0.540828  0
18.746667  0.540771  0
18.773333  0.540715  0
18.800000  0.540659  0
18.826667  0.540603  0
18.853333  0.540546  0
18.880000  0.540490  0
18.906667  0.540434  0
18.933333  0.540377  0
18.960000  0.540321  0
18.986667  0.540265  0
19.013333  0.540208  0
19.040000  0.540152  0
19.066667  0.540096  0
19.093333  0.540039  0
19.120000  0.539983  0
19.146667  0.539927  0
19.173333  0.539871  0
19.200000  0.539814  0
19.226667  0.539758  0
19.253333  0.539702  0
19.280000  0.539645  0
19.306667  0.539589  0
19.333333  0.539533  0
19.360000  0.539476  0
19.386667  0.539420  0
19.413333  0.539364  0
19.440000  0.539307  0
19.466667  0.539251  0
19.493333  0.539195  0
19.520000  0.539139  0
19.546667  0.539082  0
19.573333  0.539026  0
19.600000  0.538970  0
19.626667  0.538913  0
19.653333  0.538857  0
19.680000  0.538801  0
19.706667  0.538744  0
19.733333  0.538688  0
19.760000  0.538632  0
19.786667  0.538575  0
19.813333  0.538519  0
19.840000  0.538463  0
19.866667  0.538406  0
19.893333  0.538350  0
19.920000  0.538294  0
19.946667  0.538238  0
19.973333  0.538181  0
20.000000  0.538125  0
20.026667  0.538069  0
20.053333  0.538012  0
20.080000  0.537956  0
20.106667  0.537900  0
20.133333  0.537843  0
20.160000  0.537787  0
20.186667  0.537731  0
20.213333  0.537674  0
20.240000  0.537618  0
20.266667  0.537562  0
20.293333  0.537506  0
20.320000  0.537449  0
20.346667  0.537393  0
20.373333  0.537337  0
20.400000  0.537280  0
20.426667  0.537224  0
20.453333  0.537168  0
20.480000  0.537111  0
20.506667  0.537055  0
20.533333  0.536999  0
20.560000  0.536942  0
20.586667  0.536886  0
20.613333  0.536830  0
20.640000  0.536774  0
20.666667  0.536717  0
20.693333  0.536661  0
20.720000  0.536605  0
20.746667  0.536548  0
20.773333  0.536492  0
20.800000  0.536436  0
20.826667  0.536379  0
20.853333  0.536323  0
20.880000  0.536267  0
20.906667  0.536210  0
20.933333  0.536154  0
20.960000  0.536098  0
20.986667  0.536042  0
21.013333  0.535985  0
21.040000  0.535929  0
21.066667  0.535873  0
21.093333  0.535816  0
21.120000  0.535760  0
21.146667  0.535704  0
21.173333  0.535647  0
21.200000  0.535591  0
21.226667  0.535535  0
21.253333  0.535478  0
21.280000  0.535422  0
21.306667  0.535366  0
21.333333  0.535310  0
21.360000  0.535253  0
21.386667  0.535197  0
21.413333  0.535141  0
21.440000  0.535084  0
21.466667  0.535028  0
21.493333  0.534972  0
21.520000  0.534915  0
21.546667  0.534859  0
21.573333  0.534803  0
21.600000  0.534746  0
21.626667  0.534690  0
21.653333  0.534634  0
21.680000  0.534578  0
21.706667  0.534521  0
21.733333  0.534465  0
21.760000  0.534409  0
21.786667  0.534352  0
21.813333  0.534296  0
21.840000  0.534240  0
21.866667  0.534183  0
21.893333  0.534127  0
21.920000  0.534071  0
21.946667  0.534014  0
21.973333  0.533958  0
22.000000  0.533902  0
22.026667  0.533846  0
22.053333  0.533789  0
22.080000  0.533733  0
22.106667  0.533677  0
22.133333  0.533620  0
22.160000  0.533564  0
22.186667  0.533508  0
22.213333  0.533451  0
22.240000  0.533395  0
22.266667  0.533339  0
22.293333  0.533282  0
22.320000  0.533226  0
22.346667  0.533170  0
22.373333  0.533114  0
22.400000  0.533057  0
22.426667  0.533001  0
22.453333  0.532945  0
22.480000  0.532888  0
22.506667  0.532832  0
22.533333  0.532776  0
22.560000  0.532719  0
22.586667  0.532663  0
22.613333  0.532607  0
22.640000  0.532550  0
22.666667  0.532494  0
22.693333  0.532438  0
22.720000  0.532382  0
22.746667  0.532325  0
22.773333  0.532269  0
22.800000  0.532213  0
22.826667  0.532156  0
22.853333  0.532100  0
22.880000  0.532044  0
22.906667  0.531987  0
22.933333  0.531931  0
22.960000  0.531875  0
22.986667  0.531818  0
23.013333  0.531762  0
23.040000  0.531706  0
23.066667  0.531650  0
23.093333  0.531593  0
23.120000  0.531537  0
23.146667  0.531481  0
23.173333  0.531424  0
23.200000  0.531368  0
23.226667  0.531312  0
23.253333  0.531255  0
23.280000  0.531199  0
23.306667  0.531143  0
23.333333  0.531086  0
23.360000  0.531030  0
23.386667  0.530974  0
23.413333  0.530918  0
23.440000  0.530861  0
23.466667  0.530805  0
23.493333  0.530749  0
23.520000  0.530692  0
23.546667  0.530636  0
23.573333  0.530580  0
23.600000  0.530523  0
23.626667  0.530467  0
23.653333  0.530411  0
23.680000  0.530354  0
23.706667  0.530298  0
23.733333  0.530242  0
23.760000  0.530185  0
23.786667  0.530129  0
23.813333  0.530073  0
23.840000  0.530017  0
23.866667  0.529960  0
23.893333  0.529904  0
23.920000  0.529848  0
23.946667  0.529791  0
23.973333  0.529735  0
24.000000  0.529679  0
24.026667  0.529622  0
24.053333  0.529566  0
24.080000  0.529510  0
24.106667  0.529453  0
24.133333  0.529397  0
24.160000  0.529341  0
24.186667  0.529285  0
24.213333  0.529228  0
24.240000  0.529172  0
24.266667  0.529116  0
24.293333  0.529059  0
24.320000  0.529003  0
24.346667  0.528947  0
24.373333  0.528890  0
24.400000  0.528834  0
24.426667  0.528778  0
24.453333  0.528721  0
24.480000  0.528665  0
24.506667  0.528609  0
24.533333  0.528553  0
24.560000  0.528496  0
24.586667  0.528449  0
24.613333  0.528406  0
24.640000  0.528362  0
24.666667  0.528318  0
24.693333  0.528275  0
24.720000  0.528231  0
24.746667  0.528188  0
24.773333  0.528144  0
24.800000  0.528100  0
24.826667  0.528057  0
24.853333  0.528013  0
24.880000  0.527970  0
24.906667  0.527926  0
24.933333  0.527882  0
24.960000  0.527839  0
24.986667  0.527795  0
25.013333  0.527752  0
25.040000  0.527708  0
25.066667  0.527664  0
25.093333  0.527621  0
25.120000  0.527577  0
25.146667  0.527533  0
25.173333  0.527490  0
25.200000  0.527446  0
25.226667  0.527403  0
25.253333  0.527359  0
25.280000  0.527315  0
25.306667  0.527272  0
25.333333  0.527228  0
25.360000  0.527185  0
25.386667  0.527141  0
25.413333  0.527097  0
25.440000  0.527054  0
25.466667  0.527010  0
25.493333  0.526967  0
25.520000  0.526923  0
25.546667  0.526879  0
25.573333  0.526836  0
25.600000  0.526792  0
25.626667  0.526748  0
25.653333  0.526705  0
25.680000  0.526661  0
25.706667  0.526618  0
25.733333  0.526574  0
25.760000  0.526530  0
25.786667  0.526487  0
25.813333  0.526443  0
25.840000  0.526400  0
25.866667  0.526356  0
25.893333  0.526312  0
25.920000  0.526269  0
25.946667  0.526225  0
25.973333  0.526182  0
26.000000  0.526138  0
26.026667  0.526094  0
26.053333  0.526051  0
26.080000  0.526007  0
26.106667  0.525963  0
26.133333  0.525920  0
26.160000  0.525876  0
26.186667  0.525833  0
26.213333  0.525789  0
26.240000  0.525745  0
26.266667  0.525702  0
26.293333  0.525658  0
26.320000  0.525615  0
26.346667  0.525571  0
26.373333  0.525527  0
26.400000  0.525484  0
26.426667  0.525440  0
26.453333  0.525397  0
26.480000  0.525353  0
26.506667  0.525309  0
26.533333  0.525266  0
26.560000  0.525222  0
26.586667  0.525178  0
26.613333  0.525135  0
26.640000  0.525091  0
26.666667  0.525048  0
26.693333  0.525004  0
26.720000  0.524960  0
26.746667  0.524917  0
26.773333  0.524873  0
26.800000  0.524830  0
26.826667  0.524786  0
26.853333  0.524742  0
26.880000  0.524699  0
26.906667  0.524655  0
26.933333  0.524612  0
26.960000  0.524568  0
26.986667  0.524524  0
27.013333  0.524481  0
27.040000  0.524437  0
27.066667  0.524393  0
27.093333  0.524350  0
27.120000  0.524306  0
27.146667  0.524263  0
27.173333  0.524219  0
27.200000  0.524175  0
27.226667  0.524132  0
27.253333  0.524088  0
27.280000  0.524045  0
27.306667  0.524001  0
27.333333  0.523957  0
27.360000  0.523914  0
27.386667  0.523870  0
27.413333  0.523827  0
27.440000  0.523783  0
27.466667  0.523739  0
27.493333  0.523696  0
27.520000  0.523652  0
27.546667  0.523608  0
27.573333  0.523565  0
27.600000  0.523521  0
27.626667  0.523478  0
27.653333  0.523434  0
27.680000  0.523390  0
27.706667  0.523347  0
27.733333  0.523303  0
27.760000  0.523260  0
27.786667  0.523216  0
27.813333  0.523172  0
27.840000  0.523129  0
27.866667  0.523085  0
27.893333  0.523042  0
27.920000  0.522998  0
27.946667  0.522954  0
27.973333  0.522911  0
28.000000  0.522867  0
28.026667  0.522823  0
28.053333  0.522780  0
28.080000  0.522736  0
28.106667  0.522693  0
28.133333  0.522649  0
28.160000  0.522605  0
28.186667  0.522562  0
28.213333  0.522518  0
28.240000  0.522475  0
28.266667  0.522431  0
28.293333  0.522387  0
28.320000  0.522344  0
28.346667  0.522300  0
28.373333  0.522257  0
28.400000  0.522213  0
28.426667  0.522169  0
28.453333  0.522126  0
28.480000  0.522082  0
28.506667  0.522038  0
28.533333  0.521995  0
28.560000  0.521951  0
28.586667  0.521908  0
28.613333  0.521864  0
28.640000  0.521820  0
28.666667  0.521777  0
28.693333  0.521733  0
28.720000  0.521690  0
28.746667  0.521646  0
28.773333  0.521602  0
28.800000  0.521559  0
