2.106667  0.781912  0
2.133333  0.780494  0
2.160000  0.779076  0
2.186667  0.777657  0
2.213333  0.776239  0
2.240000  0.774821  0
2.266667  0.773402  0
2.293333  0.771984  0
2.320000  0.770566  0
2.346667  0.769148  0
2.373333  0.767729  0
2.400000  0.766311  0
2.426667  0.764893  0
2.453333  0.763474  0
2.480000  0.762056  0
2.506667  0.760638  0
2.533333  0.759219  0
2.560000  0.757801  0
2.586667  0.756383  0
2.613333  0.754964  0
2.640000  0.753546  0
2.666667  0.752128  0
2.693333  0.750709  0
2.720000  0.749291  0
2.746667  0.747873  0
2.773333  0.746454  0
2.800000  0.745036  0
2.826667  0.743618  0
2.853333  0.742200  0
2.880000  0.740781  0
2.906667  0.739363  0
2.933333  0.737945  0
2.960000  0.736526  0
2.986667  0.735108  0
3.013333  0.733690  0
3.040000  0.732271  0
3.066667  0.731063  0
3.093333  0.729910  0
3.120000  0.728756  0
3.146667  0.727603  0
3.173333  0.726450  0
3.200000  0.725296  0
3.226667  0.724143  0
3.253333  0.722990  0
3.280000  0.721837  0
3.306667  0.720683  0
3.333333  0.719530  0
3.360000  0.718377  0
3.386667  0.717224  0
3.413333  0.716070  0
3.440000  0.714917  0
3.466667  0.713764  0
3.493333  0.712610  0
3.520000  0.711457  0
3.546667  0.710304  0
3.573333  0.709151  0
3.600000  0.707997  0
3.626667  0.706844  0
3.653333  0.705691  0
3.680000  0.704537  0
3.706667  0.703384  0
3.733333  0.702231  0
3.760000  0.701078  0
3.786667  0.699924  0
3.813333  0.698667  0
3.840000  0.697370  0
3.866667  0.696072  0
3.893333  0.694775  0
3.920000  0.693478  0
3.946667  0.692180  0
3.973333  0.690883  0
4.000000  0.689585  0
4.026667  0.688288  0
4.053333  0.686990  0
4.080000  0.685693  0
4.106667  0.684395  0
4.133333  0.683098  0
4.160000  0.681801  0
4.186667  0.680503  0
4.213333  0.679206  0
4.240000  0.677908  0
4.266667  0.676611  0
4.293333  0.675313  0
4.320000  0.674016  0
4.346667  0.672719  0
4.373333  0.671421  0
4.400000  0.670124  0
4.426667  0.668826  0
4.453333  0.667529  0
4.480000  0.666135  0
4.506667  0.664711  0
4.533333  0.663288  0
4.560000  0.661864  0
4.586667  0.660441  0
4.613333  0.659017  0
4.640000  0.657594  0
4.666667  0.656170  0
4.693333  0.654747  0
4.720000  0.653323  0
4.746667  0.651900  0
4.773333  0.650476  0
4.800000  0.649053  0
4.826667  0.647629  0
4.853333  0.646206  0
4.880000  0.644783  0
4.906667  0.643359  0
4.933333  0.641936  0
4.960000  0.640512  0
4.986667  0.639202  0
5.013333  0.638194  0
5.040000  0.637186  0
5.066667  0.636177  0
5.093333  0.635169  0
5.120000  0.634161  0
5.146667  0.633153  0
5.173333  0.632144  0
5.200000  0.631136  0
5.226667  0.630128  0
5.253333  0.629119  0
5.280000  0.628111  0
5.306667  0.627103  0
5.333333  0.626095  0
5.360000  0.625086  0
5.386667  0.624078  0
5.413333  0.623070  0
5.440000  0.622061  0
5.466667  0.621053  0
5.493333  0.620045  0
5.520000  0.619036  0
5.546667  0.618028  0
5.573333  0.617020  0
5.600000  0.616012  0
5.626667  0.615003  0
5.653333  0.613995  0
5.680000  0.612987  0
5.706667  0.611978  0
5.733333  0.610970  0
5.760000  0.609962  0
5.786667  0.608954  0
5.813333  0.607945  0
5.840000  0.606937  0
5.866667  0.605929  0
5.893333  0.604920  0
5.920000  0.603912  0
5.946667  0.602904  0
5.973333  0.601896  0
6.000000  0.600887  0
6.026667  0.600106  0
6.053333  0.599895  0
6.080000  0.599683  0
6.106667  0.599471  0
6.133333  0.599259  0
6.160000  0.599047  0
6.186667  0.598836  0
6.213333  0.598624  0
6.240000  0.598412  0
6.266667  0.598200  0
6.293333  0.597988  0
6.320000  0.597776  0
6.346667  0.597565  0
6.373333  0.597353  0
6.400000  0.597141  0
6.426667  0.596929  0
6.453333  0.596717  0
6.480000  0.596505  0
6.506667  0.596294  0
6.533333  0.596082  0
6.560000  0.595870  0
6.586667  0.595658  0
6.613333  0.595446  0
6.640000  0.595234  0
6.666667  0.595023  0
6.693333  0.594811  0
6.720000  0.594599  0
6.746667  0.594387  0
6.773333  0.594175  0
6.800000  0.593964  0
6.826667  0.593752  0
6.853333  0.593540  0
6.880000  0.593328  0
6.906667  0.592584  0
6.933333  0.591380  0
6.960000  0.590175  0
6.986667  0.588970  0
7.013333  0.587765  0
7.040000  0.586560  0
7.066667  0.585356  0
7.093333  0.584151  0
7.120000  0.582946  0
7.146667  0.581741  0
7.173333  0.580537  0
7.200000  0.579332  0
7.226667  0.578127  0
7.253333  0.576922  0
7.280000  0.575718  0
7.306667  0.574513  0
7.333333  0.573308  0
7.360000  0.572103  0
7.386667  0.570899  0
7.413333  0.569694  0
7.440000  0.568489  0
7.466667  0.567284  0
7.493333  0.566080  0
7.520000  0.564875  0
7.546667  0.563670  0
7.573333  0.562503  0
7.600000  0.561362  0
7.626667  0.560221  0
7.653333  0.559081  0
7.680000  0.557940  0
7.706667  0.556800  0
7.733333  0.555659  0
7.760000  0.554518  0
7.786667  0.553378  0
7.813333  0.552237  0
7.840000  0.551097  0
7.866667  0.549956  0
7.893333  0.548815  0
7.920000  0.547675  0
7.946667  0.546534  0
7.973333  0.545394  0
8.000000  0.544253  0
8.026667  0.543112  0
8.053333  0.541972  0
8.080000  0.540831  0
8.106667  0.539691  0
8.133333  0.538550  0
8.160000  0.537409  0
8.186667  0.536269  0
8.213333  0.535128  0
8.240000  0.533988  0
8.266667  0.532847  0
8.293333  0.531706  0
8.320000  0.530566  0
8.346667  0.529425  0
8.373333  0.528427  0
8.400000  0.528109  0
8.426667  0.527791  0
8.453333  0.527473  0
8.480000  0.527156  0
8.506667  0.526838  0
8.533333  0.526520  0
8.560000  0.526202  0
8.586667  0.525885  0
8.613333  0.525567  0
8.640000  0.525249  0
8.666667  0.524932  0
8.693333  0.524614  0
8.720000  0.524296  0
8.746667  0.523978  0
8.773333  0.523661  0
8.800000  0.523343  0
8.826667  0.523025  0
8.853333  0.522707  0
8.880000  0.522390  0
8.906667  0.522072  0
8.933333  0.521754  0
8.960000  0.521436  0
8.986667  0.521119  0
9.013333  0.520801  0
9.040000  0.520483  0
9.066667  0.520165  0
9.093333  0.519848  0
9.120000  0.519530  0
9.146667  0.519212  0
9.173333  0.518894  0
9.200000  0.518577  0
9.226667  0.518259  0
9.253333  0.517941  0
9.280000  0.517624  0
9.306667  0.517306  0
9.333333  0.516988  0
9.360000  0.516670  0
9.386667  0.516353  0
9.413333  0.516035  0
9.440000  0.515717  0
9.466667  0.515399  0
9.493333  0.515082  0
9.520000  0.514764  0
9.546667  0.514480  0
9.573333  0.514230  0
9.600000  0.513980  0
9.626667  0.513730  0
9.653333  0.513480  0
9.680000  0.513229  0
9.706667  0.512979  0
9.733333  0.512729  0
9.760000  0.512479  0
9.786667  0.512229  0
9.813333  0.511978  0
9.840000  0.511728  0
9.866667  0.511478  0
9.893333  0.511228  0
9.920000  0.510978  0
9.946667  0.510727  0
9.973333  0.510477  0
10.000000  0.510227  0
10.026667  0.509977  0
10.053333  0.509727  0
10.080000  0.509476  0
10.106667  0.509226  0
10.133333  0.508976  0
10.160000  0.508726  0
10.186667  0.508476  0
10.213333  0.508225  0
10.240000  0.507975  0
10.266667  0.507725  0
10.293333  0.507475  0
10.320000  0.507225  0
10.346667  0.506974  0
10.373333  0.506724  0
10.400000  0.506474  0
10.426667  0.506224  0
10.453333  0.505974  0
10.480000  0.505723  0
10.506667  0.505473  0
10.533333  0.505223  0
10.560000  0.504973  0
10.586667  0.504723  0
10.613333  0.504472  0
10.640000  0.504222  0
10.666667  0.503972  0
10.693333  0.503722  0
10.720000  0.503472  0
10.746667  0.503221  0
10.773333  0.502971  0
10.800000  0.502721  0
10.826667  0.502471  0
10.853333  0.502221  0
10.880000  0.501970  0
10.906667  0.501720  0
10.933333  0.501470  0
10.960000  0.501220  0
10.986667  0.500970  0
11.013333  0.500719  0
11.040000  0.500469  0
11.066667  0.500219  0
11.093333  0.499969  0
11.120000  0.499719  0
11.146667  0.499468  0
11.173333  0.499218  0
11.200000  0.498968  0
11.226667  0.498718  0
11.253333  0.498468  0
11.280000  0.498218  0
11.306667  0.497967  0
11.333333  0.497717  0
11.360000  0.497467  0
11.386667  0.497217  0
11.413333  0.496967  0
11.440000  0.496716  0
11.466667  0.496466  0
11.493333  0.496216  0
11.520000  0.495966  0
11.546667  0.495716  0
11.573333  0.495465  0
11.600000  0.495215  0
11.626667  0.494965  0
11.653333  0.494715  0
11.680000  0.494465  0
11.706667  0.494214  0
11.733333  0.493964  0
11.760000  0.493714  0
11.786667  0.493464  0
11.813333  0.493214  0
11.840000  0.492963  0
11.866667  0.492713  0
11.893333  0.492463  0
11.920000  0.492213  0
11.946667  0.491963  0
11.973333  0.491712  0
12.000000  0.491462  0
12.026667  0.491212  0
12.053333  0.490962  0
12.080000  0.490712  0
12.106667  0.490461  0
12.133333  0.490211  0
12.160000  0.489961  0
12.186667  0.489711  0
12.213333  0.489461  0
12.240000  0.489210  0
12.266667  0.488960  0
12.293333  0.488710  0
12.320000  0.488460  0
12.346667  0.488210  0
12.373333  0.487959  0
12.400000  0.487709  0
12.426667  0.487459  0
12.453333  0.487209  0
12.480000  0.486959  0
12.506667  0.486708  0
12.533333  0.486458  0
12.560000  0.486208  0
12.586667  0.485958  0
12.613333  0.485708  0
12.640000  0.485457  0
12.666667  0.485207  0
12.693333  0.484957  0
12.720000  0.484707  0
12.746667  0.484457  0
12.773333  0.484207  0
12.800000  0.483956  0
12.826667  0.483706  0
12.853333  0.483456  0
12.880000  0.483206  0
12.906667  0.482956  0
12.933333  0.482705  0
12.960000  0.482455  0
12.986667  0.482205  0
13.013333  0.481955  0
13.040000  0.481705  0
13.066667  0.481454  0
13.093333  0.481204  0
13.120000  0.480954  0
13.146667  0.480704  0
13.173333  0.480454  0
13.200000  0.480203  0
13.226667  0.479953  0
13.253333  0.479703  0
13.280000  0.479453  0
13.306667  0.479203  0
13.333333  0.478952  0
13.360000  0.478702  0
13.386667  0.478452  0
13.413333  0.478202  0
13.440000  0.477952  0
13.466667  0.477701  0
13.493333  0.477451  0
13.520000  0.477201  0
13.546667  0.476951  0
13.573333  0.476701  0
13.600000  0.476450  0
13.626667  0.476200  0
13.653333  0.475950  0
13.680000  0.475700  0
13.706667  0.475450  0
13.733333  0.475199  0
13.760000  0.474949  0
13.786667  0.474699  0
13.813333  0.474449  0
13.840000  0.474199  0
13.866667  0.473948  0
13.893333  0.473698  0
13.920000  0.473448  0
13.946667  0.473198  0
13.973333  0.472948  0
14.000000  0.472697  0
14.026667  0.472447  0
14.053333  0.472197  0
14.080000  0.471947  0
14.106667  0.471697  0
14.133333  0.471446  0
14.160000  0.471196  0
14.186667  0.470946  0
14.213333  0.470696  0
14.240000  0.470446  0
14.266667  0.470195  0
14.293333  0.469945  0
14.320000  0.469695  0
14.346667  0.469445  0
14.373333  0.469195  0
14.400000  0.468945  0
14.426667  0.468694  0
14.453333  0.468444  0
14.480000  0.468194  0
14.506667  0.467944  0
14.533333  0.467694  0
14.560000  0.467443  0
14.586667  0.467193  0
14.613333  0.466943  0
14.640000  0.466693  0
14.666667  0.466443  0
14.693333  0.466192  0
14.720000  0.465942  0
14.746667  0.465692  0
14.773333  0.465442  0
14.800000  0.465192  0
14.826667  0.464941  0
14.853333  0.464691  0
14.880000  0.464441  0
14.906667  0.464191  0
14.933333  0.463941  0
14.960000  0.463690  0
14.986667  0.463440  0
15.013333  0.463190  0
15.040000  0.462940  0
15.066667  0.462690  0
15.093333  0.462439  0
15.120000  0.462189  0
15.146667  0.461939  0
15.173333  0.461689  0
15.200000  0.461439  0
15.226667  0.461188  0
15.253333  0.460938  0
15.280000  0.460688  0
15.306667  0.460438  0
15.333333  0.460188  0
15.360000  0.459937  0
15.386667  0.459687  0
15.413333  0.459437  0
15.440000  0.459187  0
15.466667  0.458937  0
15.493333  0.458686  0
15.520000  0.458436  0
15.546667  0.458186  0
15.573333  0.457936  0
15.600000  0.457686  0
15.626667  0.457435  0
15.653333  0.457185  0
15.680000  0.456935  0
15.706667  0.456685  0
15.733333  0.456435  0
15.760000  0.456184  0
15.786667  0.455934  0
15.813333  0.455684  0
15.840000  0.455434  0
15.866667  0.455184  0
15.893333  0.454933  0
15.920000  0.454683  0
15.946667  0.454433  0
15.973333  0.454183  0
16.000000  0.453933  0
16.026667  0.453683  0
16.053333  0.453432  0
16.080000  0.453182  0
16.106667  0.452932  0
16.133333  0.452682  0
16.160000  0.452432  0
16.186667  0.452181  0
16.213333  0.451931  0
16.240000  0.451681  0
16.266667  0.451431  0
16.293333  0.451181  0
16.320000  0.450930  0
16.346667  0.450680  0
16.373333  0.450430  0
16.400000  0.450180  0
16.426667  0.449930  0
16.453333  0.449679  0
16.480000  0.449429  0
16.506667  0.449179  0
16.533333  0.448929  0
16.560000  0.448679  0
16.586667  0.448428  0
16.613333  0.448178  0
16.640000  0.447928  0
16.666667  0.447678  0
16.693333  0.447428  0
16.720000  0.447177  0
16.746667  0.446927  0
16.773333  0.446677  0
16.800000  0.446427  0
16.826667  0.446177  0
16.853333  0.445926  0
16.880000  0.445676  0
16.906667  0.445426  0
16.933333  0.445176  0
16.960000  0.444926  0
16.986667  0.444675  0
17.013333  0.444425  0
17.040000  0.444175  0
17.066667  0.443925  0
17.093333  0.443675  0
17.120000  0.443424  0
17.146667  0.443174  0
17.173333  0.442924  0
17.200000  0.442674  0
17.226667  0.442424  0
17.253333  0.442173  0
17.280000  0.441923  0
17.306667  0.441673  0
17.333333  0.441423  0
17.360000  0.441173  0
17.386667  0.440922  0
17.413333  0.440672  0
17.440000  0.440422  0
17.466667  0.440172  0
17.493333  0.439922  0
17.520000  0.439671  0
17.546667  0.439421  0
17.573333  0.439171  0
17.600000  0.438921  0
17.626667  0.438671  0
17.653333  0.438421  0
17.680000  0.438170  0
17.706667  0.437920  0
17.733333  0.437670  0
17.760000  0.437420  0
17.786667  0.437170  0
17.813333  0.436919  0
17.840000  0.436669  0
17.866667  0.436419  0
17.893333  0.436169  0
17.920000  0.435957  0
17.946667  0.435854  0
17.973333  0.435751  0
18.000000  0.435648  0
18.026667  0.435545  0
18.053333  0.435443  0
18.080000  0.435340  0
18.106667  0.435237  0
18.133333  0.435134  0
18.160000  0.435031  0
18.186667  0.434928  0
18.213333  0.434825  0
18.240000  0.434722  0
18.266667  0.434619  0
18.293333  0.434516  0
18.320000  0.434414  0
18.346667  0.434311  0
18.373333  0.434208  0
18.400000  0.434105  0
18.426667  0.434002  0
18.453333  0.433899  0
18.480000  0.433796  0
18.506667  0.433693  0
18.533333  0.433590  0
18.560000  0.433487  0
18.586667  0.433384  0
18.613333  0.433282  0
18.640000  0.433179  0
18.666667  0.433076  0
18.693333  0.432973  0
18.720000  0.432870  0
18.746667  0.432767  0
18.773333  0.432664  0
18.800000  0.432561  0
18.826667  0.432458  0
18.853333  0.432355  0
18.880000  0.432252  0
18.906667  0.432150  0
18.933333  0.432047  0
18.960000  0.431944  0
18.986667  0.431841  0
19.013333  0.431738  0
19.040000  0.431635  0
19.066667  0.431532  0
19.093333  0.431429  0
19.120000  0.431326  0
19.146667  0.431223  0
19.173333  0.431121  0
19.200000  0.431018  0
19.226667  0.430915  0
19.253333  0.430812  0
19.280000  0.430709  0
19.306667  0.430606  0
19.333333  0.430503  0
19.360000  0.430400  0
19.386667  0.430297  0
19.413333  0.430194  0
19.440000  0.430091  0
19.466667  0.429989  0
19.493333  0.429886  0
19.520000  0.429783  0
19.546667  0.429680  0
19.573333  0.429577  0
19.600000  0.429474  0
19.626667  0.429371  0
19.653333  0.429268  0
19.680000  0.429165  0
19.706667  0.429062  0
19.733333  0.428960  0
19.760000  0.428857  0
19.786667  0.428754  0
19.813333  0.428651  0
19.840000  0.428548  0
19.866667  0.428445  0
19.893333  0.428342  0
19.920000  0.428239  0
19.946667  0.428136  0
19.973333  0.428033  0
20.000000  0.427930  0
20.026667  0.427828  0
20.053333  0.427725  0
20.080000  0.427622  0
20.106667  0.427519  0
20.133333  0.427416  0
20.160000  0.427313  0
20.186667  0.427210  0
20.213333  0.427107  0
20.240000  0.427004  0
20.266667  0.426901  0
20.293333  0.426798  0
20.320000  0.426696  0
20.346667  0.426593  0
20.373333  0.426490  0
20.400000  0.426387  0
20.426667  0.426284  0
20.453333  0.426181  0
20.480000  0.426078  0
20.506667  0.425975  0
20.533333  0.425872  0
20.560000  0.425769  0
20.586667  0.425667  0
20.613333  0.425564  0
20.640000  0.425461  0
20.666667  0.425358  0
20.693333  0.425255  0
20.720000  0.425152  0
20.746667  0.425049  0
20.773333  0.424946  0
20.800000  0.424843  0
20.826667  0.424740  0
20.853333  0.424637  0
20.880000  0.424535  0
20.906667  0.424432  0
20.933333  0.424329  0
20.960000  0.424226  0
20.986667  0.424123  0
21.013333  0.424020  0
21.040000  0.423917  0
21.066667  0.423814  0
21.093333  0.423711  0
21.120000  0.423608  0
21.146667  0.423505  0
21.173333  0.423403  0
21.200000  0.423300  0
21.226667  0.423197  0
21.253333  0.423094  0
21.280000  0.422991  0
21.306667  0.422888  0
21.333333  0.422785  0
21.360000  0.422682  0
21.386667  0.422579  0
21.413333  0.422476  0
21.440000  0.422374  0
21.466667  0.422271  0
21.493333  0.422168  0
21.520000  0.422065  0
21.546667  0.421962  0
21.573333  0.421859  0
21.600000  0.421756  0
21.626667  0.421653  0
21.653333  0.421550  0
21.680000  0.421447  0
21.706667  0.421344  0
21.733333  0.421242  0
21.760000  0.421139  0
21.786667  0.421036  0
21.813333  0.420933  0
21.840000  0.420830  0
21.866667  0.420727  0
21.893333  0.420624  0
21.920000  0.420521  0
21.946667  0.420418  0
21.973333  0.420315  0
22.000000  0.420212  0
22.026667  0.420110  0
22.053333  0.420007  0
22.080000  0.419904  0
22.106667  0.419801  0
22.133333  0.419698  0
22.160000  0.419595  0
22.186667  0.419492  0
22.213333  0.419389  0
22.240000  0.419286  0
22.266667  0.419183  0
22.293333  0.419081  0
22.320000  0.418978  0
22.346667  0.418875  0
22.373333  0.418772  0
22.400000  0.418669  0
22.426667  0.418566  0
22.453333  0.418463  0
22.480000  0.418360  0
22.506667  0.418257  0
22.533333  0.418154  0
22.560000  0.418051  0
22.586667  0.417949  0
22.613333  0.417846  0
22.640000  0.417743  0
22.666667  0.417640  0
22.693333  0.417537  0
22.720000  0.417434  0
22.746667  0.417331  0
22.773333  0.417228  0
22.800000  0.417125  0
22.826667  0.417022  0
22.853333  0.416919  0
22.880000  0.416817  0
22.906667  0.416714  0
22.933333  0.416611  0
22.960000  0.416508  0
22.986667  0.416405  0
23.013333  0.416302  0
23.040000  0.416199  0
23.066667  0.416096  0
23.093333  0.415993  0
23.120000  0.415890  0
23.146667  0.415788  0
23.173333  0.415685  0
23.200000  0.415582  0
23.226667  0.415479  0
23.253333  0.415376  0
23.280000  0.415273  0
23.306667  0.415170  0
23.333333  0.415067  0
23.360000  0.414964  0
23.386667  0.414861  0
23.413333  0.414758  0
23.440000  0.414656  0
23.466667  0.414553  0
23.493333  0.414450  0
23.520000  0.414347  0
23.546667  0.414244  0
23.573333  0.414141  0
23.600000  0.414038  0
23.626667  0.413935  0
23.653333  0.413832  0
23.680000  0.413729  0
23.706667  0.413626  0
23.733333  0.413524  0
23.760000  0.413421  0
23.786667  0.413318  0
23.813333  0.413215  0
23.840000  0.413112  0
23.866667  0.413009  0
23.893333  0.412906  0
23.920000  0.412803  0
23.946667  0.412700  0
23.973333  0.412597  0
24.000000  0.412495  0
24.026667  0.412392  0
24.053333  0.412289  0
24.080000  0.412186  0
24.106667  0.412083  0
24.133333  0.411980  0
24.160000  0.411877  0
24.186667  0.411774  0
24.213333  0.411671  0
24.240000  0.411568  0
24.266667  0.411465  0
24.293333  0.411363  0
24.320000  0.411260  0
24.346667  0.411157  0
24.373333  0.411054  0
24.400000  0.410951  0
24.426667  0.410848  0
24.453333  0.410745  0
24.480000  0.410642  0
