2.960000  0.747626  0
2.986667  0.746507  0
3.013333  0.745388  0
3.040000  0.744269  0
3.066667  0.743149  0
3.093333  0.742030  0
3.120000  0.740911  0
3.146667  0.739792  0
3.173333  0.738673  0
3.200000  0.737554  0
3.226667  0.736435  0
3.253333  0.735315  0
3.280000  0.734196  0
3.306667  0.733077  0
3.333333  0.731958  0
3.360000  0.730839  0
3.386667  0.729720  0
3.413333  0.728601  0
3.440000  0.727482  0
3.466667  0.726362  0
3.493333  0.725418  0
3.520000  0.725111  0
3.546667  0.724805  0
3.573333  0.724499  0
3.600000  0.724192  0
3.626667  0.723886  0
3.653333  0.723580  0
3.680000  0.723274  0
3.706667  0.722967  0
3.733333  0.722661  0
3.760000  0.722355  0
3.786667  0.722048  0
3.813333  0.721742  0
3.840000  0.721436  0
3.866667  0.721129  0
3.893333  0.720171  0
3.920000  0.718867  0
3.946667  0.717562  0
3.973333  0.716258  0
4.000000  0.714954  0
4.026667  0.713649  0
4.053333  0.712345  0
4.080000  0.711041  0
4.106667  0.709736  0
4.133333  0.708432  0
4.160000  0.707128  0
4.186667  0.705823  0
4.213333  0.704519  0
4.240000  0.703214  0
4.266667  0.701910  0
4.293333  0.700606  0
4.320000  0.699301  0
4.346667  0.697997  0
4.373333  0.696693  0
4.400000  0.695388  0
4.426667  0.694084  0
4.453333  0.692780  0
4.480000  0.691255  0
4.506667  0.689436  0
4.533333  0.687618  0
4.560000  0.685799  0
4.586667  0.683980  0
4.613333  0.682162  0
4.640000  0.680343  0
4.666667  0.678525  0
4.693333  0.676706  0
4.720000  0.674888  0
4.746667  0.673069  0
4.773333  0.671250  0
4.800000  0.669474  0
4.826667  0.667907  0
4.853333  0.666340  0
4.880000  0.664773  0
4.906667  0.663207  0
4.933333  0.661640  0
4.960000  0.660073  0
4.986667  0.658506  0
5.013333  0.656940  0
5.040000  0.655373  0
5.066667  0.653806  0
5.093333  0.652239  0
5.120000  0.650672  0
5.146667  0.649106  0
5.173333  0.647539  0
5.200000  0.645972  0
5.226667  0.644405  0
5.253333  0.642838  0
5.280000  0.641272  0
5.306667  0.639705  0
5.333333  0.637997  0
5.360000  0.635847  0
5.386667  0.633696  0
5.413333  0.631545  0
5.440000  0.629395  0
5.466667  0.627244  0
5.493333  0.625093  0
5.520000  0.622943  0
5.546667  0.620792  0
5.573333  0.618641  0
5.600000  0.616491  0
5.626667  0.614340  0
5.653333  0.612189  0
5.680000  0.610039  0
5.706667  0.607888  0
5.733333  0.605737  0
5.760000  0.603587  0
5.786667  0.601436  0
5.813333  0.599469  0
5.840000  0.597617  0
5.866667  0.595766  0
5.893333  0.593914  0
5.920000  0.592062  0
5.946667  0.590211  0
5.973333  0.588359  0
6.000000  0.586507  0
6.026667  0.584711  0
6.053333  0.583159  0
6.080000  0.581607  0
6.106667  0.580056  0
6.133333  0.578504  0
6.160000  0.576952  0
6.186667  0.575400  0
6.213333  0.573848  0
6.240000  0.572296  0
6.266667  0.570744  0
6.293333  0.569193  0
6.320000  0.567641  0
6.346667  0.565738  0
6.373333  0.563677  0
6.400000  0.561616  0
6.426667  0.559555  0
6.453333  0.557494  0
6.480000  0.555433  0
6.506667  0.553372  0
6.533333  0.551311  0
6.560000  0.549250  0
6.586667  0.547188  0
6.613333  0.545127  0
6.640000  0.543066  0
6.666667  0.541005  0
6.693333  0.538944  0
6.720000  0.536883  0
6.746667  0.534822  0
6.773333  0.532761  0
6.800000  0.530700  0
6.826667  0.528818  0
6.853333  0.527364  0
6.880000  0.525909  0
6.906667  0.524454  0
6.933333  0.522999  0
6.960000  0.521544  0
6.986667  0.520089  0
7.013333  0.518634  0
7.040000  0.517179  0
7.066667  0.515725  0
7.093333  0.514270  0
7.120000  0.512815  0
7.146667  0.511360  0
7.173333  0.509905  0
7.200000  0.508450  0
7.226667  0.506995  0
7.253333  0.505541  0
7.280000  0.504086  0
7.306667  0.502631  0
7.333333  0.500080  0
7.360000  0.497413  0
7.386667  0.494745  0
7.413333  0.494506  0
7.440000  0.494021  0
7.466667  0.493285  0
7.493333  0.492313  0
7.520000  0.491151  0
7.546667  0.489879  0
7.573333  0.488600  0
7.600000  0.487415  0
7.626667  0.486404  0
7.653333  0.485603  0
7.680000  0.485001  0
7.706667  0.484544  0
7.733333  0.484153  0
7.760000  0.483757  0
7.786667  0.483311  0
7.813333  0.482806  0
7.840000  0.482272  0
7.866667  0.481754  0
7.893333  0.481303  0
7.920000  0.480958  0
7.946667  0.480744  0
7.973333  0.480668  0
8.000000  0.480721  0
8.026667  0.480873  0
8.053333  0.481076  0
8.080000  0.481278  0
8.106667  0.481435  0
8.133333  0.481529  0
8.160000  0.481570  0
8.186667  0.481583  0
8.213333  0.481592  0
8.240000  0.481600  0
8.266667  0.481590  0
8.293333  0.481529  0
8.320000  0.481389  0
8.346667  0.481156  0
8.373333  0.480835  0
8.400000  0.480446  0
8.426667  0.480014  0
8.453333  0.479567  0
8.480000  0.479131  0
8.506667  0.478720  0
8.533333  0.478340  0
8.560000  0.477985  0
8.586667  0.477639  0
8.613333  0.477285  0
8.640000  0.476917  0
8.666667  0.476542  0
8.693333  0.476183  0
8.720000  0.475866  0
8.746667  0.475608  0
8.773333  0.475409  0
8.800000  0.475250  0
8.826667  0.475098  0
8.853333  0.474920  0
8.880000  0.474687  0
8.906667  0.474385  0
8.933333  0.474013  0
8.960000  0.473579  0
8.986667  0.473098  0
9.013333  0.472582  0
9.040000  0.472046  0
9.066667  0.471497  0
9.093333  0.470941  0
9.120000  0.470382  0
9.146667  0.469822  0
9.173333  0.469262  0
9.200000  0.468701  0
9.226667  0.468140  0
9.253333  0.467579  0
9.280000  0.467018  0
9.306667  0.466457  0
9.333333  0.465896  0
9.360000  0.465335  0
9.386667  0.464774  0
9.413333  0.464213  0
9.440000  0.463652  0
9.466667  0.463091  0
9.493333  0.462530  0
9.520000  0.461969  0
9.546667  0.461408  0
9.573333  0.460847  0
9.600000  0.460286  0
9.626667  0.459725  0
9.653333  0.459164  0
9.680000  0.458603  0
9.706667  0.458042  0
9.733333  0.457481  0
9.760000  0.456920  0
9.786667  0.456359  0
9.813333  0.455798  0
9.840000  0.455237  0
9.866667  0.454676  0
9.893333  0.454115  0
9.920000  0.453554  0
9.946667  0.452993  0
9.973333  0.452432  0
10.000000  0.451871  0
10.026667  0.451310  0
10.053333  0.450749  0
10.080000  0.450188  0
10.106667  0.449627  0
10.133333  0.449066  0
10.160000  0.448505  0
10.186667  0.447944  0
10.213333  0.447383  0
10.240000  0.446822  0
10.266667  0.446261  0
10.293333  0.445700  0
10.320000  0.445139  0
10.346667  0.444578  0
10.373333  0.444017  0
10.400000  0.443456  0
10.426667  0.442895  0
10.453333  0.442334  0
10.480000  0.441774  0
10.506667  0.441213  0
10.533333  0.440652  0
10.560000  0.440091  0
10.586667  0.439530  0
10.613333  0.438969  0
10.640000  0.438408  0
10.666667  0.437847  0
10.693333  0.437286  0
10.720000  0.436725  0
10.746667  0.436164  0
10.773333  0.435603  0
10.800000  0.435042  0
10.826667  0.434481  0
10.853333  0.433920  0
10.880000  0.433359  0
10.906667  0.432798  0
10.933333  0.432237  0
10.960000  0.431676  0
10.986667  0.431115  0
11.013333  0.430554  0
11.040000  0.429994  0
11.066667  0.429435  0
11.093333  0.428879  0
11.120000  0.428327  0
11.146667  0.427783  0
11.173333  0.427250  0
11.200000  0.426731  0
11.226667  0.426232  0
11.253333  0.425755  0
11.280000  0.425300  0
11.306667  0.424867  0
11.333333  0.424451  0
11.360000  0.424046  0
11.386667  0.423647  0
11.413333  0.423252  0
11.440000  0.422868  0
11.466667  0.422513  0
11.493333  0.422214  0
11.520000  0.422006  0
11.546667  0.421924  0
11.573333  0.422003  0
11.600000  0.422269  0
11.626667  0.422742  0
11.653333  0.423426  0
11.680000  0.424299  0
11.706667  0.425304  0
11.733333  0.426352  0
11.760000  0.427331  0
11.786667  0.428130  0
11.813333  0.428664  0
11.840000  0.428882  0
11.866667  0.428778  0
11.893333  0.428387  0
11.920000  0.427777  0
11.946667  0.427038  0
11.973333  0.426266  0
12.000000  0.425543  0
12.026667  0.424927  0
12.053333  0.424445  0
12.080000  0.424097  0
12.106667  0.423861  0
12.133333  0.423704  0
12.160000  0.423593  0
12.186667  0.423500  0
12.213333  0.423411  0
12.240000  0.423324  0
12.266667  0.423242  0
12.293333  0.423172  0
12.320000  0.423117  0
12.346667  0.423074  0
12.373333  0.423036  0
12.400000  0.422985  0
12.426667  0.422899  0
12.453333  0.422741  0
12.480000  0.422472  0
12.506667  0.422054  0
12.533333  0.421474  0
12.560000  0.420760  0
12.586667  0.419998  0
12.613333  0.419319  0
12.640000  0.418857  0
12.666667  0.418698  0
12.693333  0.418834  0
12.720000  0.419165  0
12.746667  0.419538  0
12.773333  0.419810  0
12.800000  0.419902  0
12.826667  0.419812  0
12.853333  0.419592  0
12.880000  0.419311  0
12.906667  0.419028  0
12.933333  0.418779  0
12.960000  0.418581  0
12.986667  0.418434  0
13.013333  0.418330  0
13.040000  0.418253  0
13.066667  0.418185  0
13.093333  0.418109  0
13.120000  0.418016  0
13.146667  0.417909  0
13.173333  0.417794  0
13.200000  0.417680  0
13.226667  0.417575  0
13.253333  0.417479  0
13.280000  0.417389  0
13.306667  0.417299  0
13.333333  0.417207  0
13.360000  0.417118  0
13.386667  0.417038  0
13.413333  0.416976  0
13.440000  0.416932  0
13.466667  0.416897  0
13.493333  0.416854  0
13.520000  0.416786  0
13.546667  0.416687  0
13.573333  0.416558  0
13.600000  0.416412  0
13.626667  0.416265  0
13.653333  0.416134  0
13.680000  0.416029  0
13.706667  0.415952  0
13.733333  0.415898  0
13.760000  0.415859  0
13.786667  0.415826  0
13.813333  0.415801  0
13.840000  0.415798  0
13.866667  0.415833  0
13.893333  0.415915  0
13.920000  0.416034  0
13.946667  0.416158  0
13.973333  0.416247  0
14.000000  0.416266  0
14.026667  0.416203  0
14.053333  0.416075  0
14.080000  0.415914  0
14.106667  0.415753  0
14.133333  0.415606  0
14.160000  0.415465  0
14.186667  0.415307  0
14.213333  0.415108  0
14.240000  0.414852  0
14.266667  0.414544  0
14.293333  0.414202  0
14.320000  0.413852  0
14.346667  0.413527  0
14.373333  0.413254  0
14.400000  0.413054  0
14.426667  0.412930  0
14.453333  0.412873  0
14.480000  0.412854  0
14.506667  0.412843  0
14.533333  0.412811  0
14.560000  0.412742  0
14.586667  0.412637  0
14.613333  0.412508  0
14.640000  0.412372  0
14.666667  0.412242  0
14.693333  0.412126  0
14.720000  0.412024  0
14.746667  0.411936  0
14.773333  0.411855  0
14.800000  0.411774  0
14.826667  0.411684  0
14.853333  0.411573  0
14.880000  0.411439  0
14.906667  0.411286  0
14.933333  0.411133  0
14.960000  0.411006  0
14.986667  0.410934  0
15.013333  0.410848  0
15.040000  0.410763  0
15.066667  0.410677  0
15.093333  0.410591  0
15.120000  0.410505  0
15.146667  0.410420  0
15.173333  0.410334  0
15.200000  0.410248  0
15.226667  0.410162  0
15.253333  0.410077  0
15.280000  0.409991  0
15.306667  0.409905  0
15.333333  0.409820  0
15.360000  0.409734  0
15.386667  0.409648  0
15.413333  0.409562  0
15.440000  0.409477  0
15.466667  0.409391  0
15.493333  0.409305  0
15.520000  0.409219  0
15.546667  0.409134  0
15.573333  0.409048  0
15.600000  0.408962  0
15.626667  0.408876  0
15.653333  0.408791  0
15.680000  0.408705  0
15.706667  0.408619  0
15.733333  0.408533  0
15.760000  0.408448  0
15.786667  0.408362  0
15.813333  0.408276  0
15.840000  0.408190  0
15.866667  0.408105  0
15.893333  0.408019  0
15.920000  0.407933  0
15.946667  0.407847  0
15.973333  0.407762  0
16.000000  0.407676  0
16.026667  0.407590  0
16.053333  0.407504  0
16.080000  0.407419  0
16.106667  0.407333  0
16.133333  0.407247  0
16.160000  0.407161  0
16.186667  0.407076  0
16.213333  0.406990  0
16.240000  0.406904  0
16.266667  0.406818  0
16.293333  0.406733  0
16.320000  0.406647  0
16.346667  0.406561  0
16.373333  0.406475  0
16.400000  0.406390  0
16.426667  0.406304  0
16.453333  0.406218  0
16.480000  0.406133  0
16.506667  0.406047  0
16.533333  0.405961  0
16.560000  0.405875  0
16.586667  0.405790  0
16.613333  0.405704  0
16.640000  0.405618  0
16.666667  0.405532  0
16.693333  0.405447  0
16.720000  0.405361  0
16.746667  0.405275  0
16.773333  0.405189  0
16.800000  0.405104  0
16.826667  0.405018  0
16.853333  0.404932  0
16.880000  0.404846  0
16.906667  0.404761  0
16.933333  0.404675  0
16.960000  0.404589  0
16.986667  0.404503  0
17.013333  0.404418  0
17.040000  0.404332  0
17.066667  0.404246  0
17.093333  0.404160  0
17.120000  0.404075  0
17.146667  0.403989  0
17.173333  0.403903  0
17.200000  0.403817  0
17.226667  0.403732  0
17.253333  0.403646  0
17.280000  0.403560  0
17.306667  0.403474  0
17.333333  0.403389  0
17.360000  0.403303  0
17.386667  0.403217  0
17.413333  0.403131  0
17.440000  0.403046  0
17.466667  0.402960  0
17.493333  0.402874  0
17.520000  0.402789  0
17.546667  0.402703  0
17.573333  0.402617  0
17.600000  0.402531  0
17.626667  0.402446  0
17.653333  0.402360  0
17.680000  0.402274  0
17.706667  0.402188  0
17.733333  0.402103  0
17.760000  0.402017  0
17.786667  0.401931  0
17.813333  0.401845  0
17.840000  0.401760  0
17.866667  0.401674  0
17.893333  0.401588  0
17.920000  0.401502  0
17.946667  0.401417  0
17.973333  0.401331  0
18.000000  0.401245  0
18.026667  0.401159  0
18.053333  0.401074  0
18.080000  0.400988  0
18.106667  0.400902  0
18.133333  0.400816  0
18.160000  0.400731  0
18.186667  0.400645  0
18.213333  0.400559  0
18.240000  0.400473  0
18.266667  0.400388  0
18.293333  0.400302  0
18.320000  0.400216  0
18.346667  0.400130  0
18.373333  0.400045  0
18.400000  0.399959  0
18.426667  0.399873  0
18.453333  0.399787  0
18.480000  0.399702  0
18.506667  0.399616  0
18.533333  0.399530  0
18.560000  0.399445  0
18.586667  0.399359  0
18.613333  0.399273  0
18.640000  0.399187  0
18.666667  0.399102  0
18.693333  0.399016  0
18.720000  0.398930  0
18.746667  0.398844  0
18.773333  0.398759  0
18.800000  0.398673  0
18.826667  0.398587  0
18.853333  0.398501  0
18.880000  0.398416  0
18.906667  0.398330  0
18.933333  0.398244  0
18.960000  0.398158  0
18.986667  0.398073  0
19.013333  0.397987  0
19.040000  0.397901  0
19.066667  0.397815  0
19.093333  0.397730  0
19.120000  0.397644  0
19.146667  0.397558  0
19.173333  0.397472  0
19.200000  0.397387  0
19.226667  0.397301  0
19.253333  0.397215  0
19.280000  0.397129  0
19.306667  0.397044  0
19.333333  0.396958  0
19.360000  0.396872  0
19.386667  0.396786  0
19.413333  0.396701  0
19.440000  0.396615  0
19.466667  0.396529  0
19.493333  0.396443  0
19.520000  0.396358  0
19.546667  0.396272  0
19.573333  0.396186  0
19.600000  0.396101  0
19.626667  0.396015  0
19.653333  0.395929  0
19.680000  0.395843  0
19.706667  0.395758  0
19.733333  0.395672  0
19.760000  0.395586  0
19.786667  0.395500  0
19.813333  0.395415  0
19.840000  0.395329  0
19.866667  0.395243  0
19.893333  0.395157  0
19.920000  0.395072  0
19.946667  0.394986  0
19.973333  0.394900  0
20.000000  0.394814  0
20.026667  0.394729  0
20.053333  0.394643  0
20.080000  0.394557  0
20.106667  0.394471  0
20.133333  0.394386  0
20.160000  0.394300  0
20.186667  0.394214  0
20.213333  0.394128  0
20.240000  0.394043  0
20.266667  0.393957  0
20.293333  0.393871  0
20.320000  0.393785  0
20.346667  0.393700  0
20.373333  0.393614  0
20.400000  0.393528  0
20.426667  0.393442  0
20.453333  0.393357  0
20.480000  0.393271  0
20.506667  0.393185  0
20.533333  0.393099  0
20.560000  0.393014  0
20.586667  0.392928  0
20.613333  0.392842  0
20.640000  0.392756  0
20.666667  0.392671  0
20.693333  0.392585  0
20.720000  0.392499  0
20.746667  0.392414  0
20.773333  0.392328  0
20.800000  0.392242  0
20.826667  0.392156  0
20.853333  0.392071  0
20.880000  0.391985  0
20.906667  0.391899  0
20.933333  0.391813  0
20.960000  0.391728  0
20.986667  0.391642  0
21.013333  0.391556  0
21.040000  0.391470  0
21.066667  0.391385  0
21.093333  0.391299  0
21.120000  0.391213  0
21.146667  0.391127  0
21.173333  0.391042  0
21.200000  0.390956  0
21.226667  0.390870  0
21.253333  0.390784  0
21.280000  0.390699  0
21.306667  0.390613  0
21.333333  0.390527  0
21.360000  0.390441  0
21.386667  0.390356  0
21.413333  0.390270  0
21.440000  0.390184  0
21.466667  0.390098  0
21.493333  0.390013  0
21.520000  0.389927  0
21.546667  0.389841  0
21.573333  0.389755  0
21.600000  0.389670  0
21.626667  0.389584  0
21.653333  0.389498  0
21.680000  0.389412  0
21.706667  0.389327  0
21.733333  0.389241  0
21.760000  0.389155  0
21.786667  0.389070  0
21.813333  0.388984  0
21.840000  0.388898  0
21.866667  0.388812  0
21.893333  0.388727  0
21.920000  0.388641  0
21.946667  0.388555  0
21.973333  0.388469  0
22.000000  0.388384  0
22.026667  0.388298  0
22.053333  0.388212  0
22.080000  0.388126  0
22.106667  0.388041  0
22.133333  0.387955  0
22.160000  0.387869  0
22.186667  0.387783  0
22.213333  0.387698  0
22.240000  0.387612  0
22.266667  0.387526  0
22.293333  0.387440  0
22.320000  0.387355  0
22.346667  0.387269  0
22.373333  0.387183  0
22.400000  0.387097  0
22.426667  0.387012  0
22.453333  0.386926  0
22.480000  0.386840  0
22.506667  0.386754  0
22.533333  0.386669  0
22.560000  0.386583  0
