2.640000  0.716647  0
2.666667  0.716508  0
2.693333  0.716234  0
2.720000  0.715828  0
2.746667  0.715300  0
2.773333  0.714659  0
2.800000  0.713917  0
2.826667  0.713085  0
2.853333  0.712176  0
2.880000  0.711202  0
2.906667  0.710174  0
2.933333  0.709103  0
2.960000  0.708000  0
2.986667  0.706872  0
3.013333  0.705727  0
3.040000  0.704572  0
3.066667  0.703412  0
3.093333  0.702254  0
3.120000  0.701102  0
3.146667  0.699960  0
3.173333  0.698833  0
3.200000  0.697723  0
3.226667  0.696636  0
3.253333  0.695574  0
3.280000  0.694540  0
3.306667  0.693537  0
3.333333  0.692566  0
3.360000  0.691628  0
3.386667  0.690724  0
3.413333  0.689854  0
3.440000  0.689016  0
3.466667  0.688208  0
3.493333  0.687430  0
3.520000  0.686678  0
3.546667  0.685949  0
3.573333  0.685242  0
3.600000  0.684555  0
3.626667  0.683886  0
3.653333  0.683233  0
3.680000  0.682597  0
3.706667  0.681977  0
3.733333  0.681374  0
3.760000  0.680787  0
3.786667  0.680216  0
3.813333  0.679658  0
3.840000  0.679110  0
3.866667  0.678565  0
3.893333  0.678016  0
3.920000  0.677451  0
3.946667  0.676858  0
3.973333  0.676222  0
4.000000  0.675530  0
4.026667  0.674769  0
4.053333  0.673930  0
4.080000  0.673010  0
4.106667  0.672009  0
4.133333  0.670938  0
4.160000  0.669813  0
4.186667  0.668657  0
4.213333  0.667497  0
4.240000  0.666364  0
4.266667  0.665290  0
4.293333  0.664300  0
4.320000  0.663415  0
4.346667  0.662649  0
4.373333  0.662004  0
4.400000  0.661473  0
4.426667  0.661038  0
4.453333  0.660675  0
4.480000  0.660355  0
4.506667  0.660046  0
4.533333  0.659717  0
4.560000  0.659343  0
4.586667  0.658903  0
4.613333  0.658384  0
4.640000  0.657779  0
4.666667  0.657086  0
4.693333  0.656309  0
4.720000  0.655454  0
4.746667  0.654530  0
4.773333  0.653546  0
4.800000  0.652517  0
4.826667  0.651460  0
4.853333  0.650395  0
4.880000  0.649340  0
4.906667  0.648310  0
4.933333  0.647312  0
4.960000  0.646345  0
4.986667  0.645403  0
5.013333  0.644480  0
5.040000  0.643567  0
5.066667  0.642660  0
5.093333  0.641755  0
5.120000  0.640851  0
5.146667  0.639948  0
5.173333  0.639044  0
5.200000  0.638141  0
5.226667  0.637238  0
5.253333  0.636335  0
5.280000  0.635431  0
5.306667  0.634528  0
5.333333  0.633625  0
5.360000  0.632722  0
5.386667  0.631818  0
5.413333  0.630915  0
5.440000  0.630012  0
5.466667  0.629109  0
5.493333  0.628206  0
5.520000  0.627302  0
5.546667  0.626399  0
5.573333  0.625496  0
5.600000  0.624593  0
5.626667  0.623689  0
5.653333  0.622786  0
5.680000  0.621883  0
5.706667  0.620980  0
5.733333  0.620076  0
5.760000  0.619173  0
5.786667  0.618270  0
5.813333  0.617367  0
5.840000  0.616463  0
5.866667  0.615560  0
5.893333  0.614657  0
5.920000  0.613754  0
5.946667  0.612851  0
5.973333  0.611947  0
6.000000  0.611044  0
6.026667  0.610141  0
6.053333  0.609238  0
6.080000  0.608334  0
6.106667  0.607431  0
6.133333  0.606528  0
6.160000  0.605625  0
6.186667  0.604721  0
6.213333  0.603818  0
6.240000  0.602915  0
6.266667  0.602012  0
6.293333  0.601108  0
6.320000  0.600205  0
6.346667  0.599302  0
6.373333  0.598399  0
6.400000  0.597496  0
6.426667  0.596592  0
6.453333  0.595689  0
6.480000  0.594786  0
6.506667  0.593883  0
6.533333  0.592979  0
6.560000  0.592076  0
6.586667  0.591173  0
6.613333  0.590270  0
6.640000  0.589366  0
6.666667  0.588463  0
6.693333  0.587560  0
6.720000  0.586657  0
6.746667  0.585753  0
6.773333  0.584850  0
6.800000  0.583947  0
6.826667  0.583044  0
6.853333  0.582140  0
6.880000  0.581237  0
6.906667  0.580334  0
6.933333  0.579431  0
6.960000  0.578528  0
6.986667  0.577624  0
7.013333  0.576721  0
7.040000  0.575818  0
7.066667  0.574915  0
7.093333  0.574011  0
7.120000  0.573108  0
7.146667  0.572205  0
7.173333  0.571302  0
7.200000  0.570398  0
7.226667  0.569495  0
7.253333  0.568592  0
7.280000  0.567689  0
7.306667  0.566785  0
7.333333  0.565882  0
7.360000  0.564979  0
7.386667  0.564076  0
7.413333  0.563173  0
7.440000  0.562269  0
7.466667  0.561366  0
7.493333  0.560463  0
7.520000  0.559560  0
7.546667  0.558656  0
7.573333  0.557753  0
7.600000  0.556850  0
7.626667  0.555947  0
7.653333  0.555043  0
7.680000  0.554140  0
7.706667  0.553235  0
7.733333  0.552329  0
7.760000  0.551418  0
7.786667  0.550499  0
7.813333  0.549566  0
7.840000  0.548610  0
7.866667  0.547626  0
7.893333  0.546609  0
7.920000  0.545560  0
7.946667  0.544485  0
7.973333  0.543393  0
8.000000  0.542294  0
8.026667  0.541199  0
8.053333  0.540112  0
8.080000  0.539036  0
8.106667  0.537970  0
8.133333  0.536912  0
8.160000  0.535858  0
8.186667  0.534803  0
8.213333  0.533742  0
8.240000  0.532672  0
8.266667  0.531586  0
8.293333  0.530482  0
8.320000  0.529358  0
8.346667  0.528212  0
8.373333  0.527046  0
8.400000  0.525864  0
8.426667  0.524671  0
8.453333  0.523476  0
8.480000  0.522292  0
8.506667  0.521131  0
8.533333  0.520009  0
8.560000  0.518940  0
8.586667  0.517940  0
8.613333  0.517022  0
8.640000  0.516197  0
8.666667  0.515472  0
8.693333  0.514850  0
8.720000  0.514330  0
8.746667  0.513906  0
8.773333  0.513570  0
8.800000  0.513308  0
8.826667  0.513106  0
8.853333  0.512947  0
8.880000  0.512815  0
8.906667  0.512696  0
8.933333  0.512576  0
8.960000  0.512443  0
8.986667  0.512290  0
9.013333  0.512112  0
9.040000  0.511907  0
9.066667  0.511675  0
9.093333  0.511418  0
9.120000  0.511141  0
9.146667  0.510848  0
9.173333  0.510544  0
9.200000  0.510234  0
9.226667  0.509919  0
9.253333  0.509602  0
9.280000  0.509283  0
9.306667  0.508958  0
9.333333  0.508625  0
9.360000  0.508279  0
9.386667  0.507913  0
9.413333  0.507523  0
9.440000  0.507104  0
9.466667  0.506652  0
9.493333  0.506165  0
9.520000  0.505642  0
9.546667  0.505087  0
9.573333  0.504501  0
9.600000  0.503891  0
9.626667  0.503263  0
9.653333  0.502624  0
9.680000  0.501982  0
9.706667  0.501342  0
9.733333  0.500710  0
9.760000  0.500089  0
9.786667  0.499481  0
9.813333  0.498885  0
9.840000  0.498297  0
9.866667  0.497708  0
9.893333  0.497109  0
9.920000  0.496487  0
9.946667  0.495824  0
9.973333  0.495103  0
10.000000  0.494305  0
10.026667  0.493410  0
10.053333  0.492399  0
10.080000  0.491255  0
10.106667  0.489964  0
10.133333  0.488518  0
10.160000  0.486911  0
10.186667  0.485147  0
10.213333  0.483234  0
10.240000  0.481186  0
10.266667  0.479023  0
10.293333  0.476772  0
10.320000  0.474460  0
10.346667  0.472118  0
10.373333  0.469777  0
10.400000  0.467464  0
10.426667  0.465207  0
10.453333  0.463026  0
10.480000  0.460938  0
10.506667  0.458952  0
10.533333  0.457073  0
10.560000  0.455301  0
10.586667  0.453629  0
10.613333  0.452048  0
10.640000  0.450544  0
10.666667  0.449104  0
10.693333  0.447710  0
10.720000  0.446349  0
10.746667  0.445007  0
10.773333  0.443671  0
10.800000  0.442334  0
10.826667  0.440990  0
10.853333  0.439638  0
10.880000  0.438282  0
10.906667  0.436929  0
10.933333  0.435590  0
10.960000  0.434277  0
10.986667  0.433007  0
11.013333  0.431795  0
11.040000  0.430656  0
11.066667  0.429603  0
11.093333  0.428649  0
11.120000  0.427798  0
11.146667  0.427056  0
11.173333  0.426419  0
11.200000  0.425885  0
11.226667  0.425443  0
11.253333  0.425083  0
11.280000  0.424793  0
11.306667  0.424557  0
11.333333  0.424363  0
11.360000  0.424197  0
11.386667  0.424047  0
11.413333  0.423903  0
11.440000  0.423757  0
11.466667  0.423601  0
11.493333  0.423430  0
11.520000  0.423240  0
11.546667  0.423030  0
11.573333  0.422796  0
11.600000  0.422538  0
11.626667  0.422255  0
11.653333  0.421946  0
11.680000  0.421611  0
11.706667  0.421250  0
11.733333  0.420861  0
11.760000  0.420447  0
11.786667  0.420006  0
11.813333  0.419539  0
11.840000  0.419048  0
11.866667  0.418536  0
11.893333  0.418004  0
11.920000  0.417457  0
11.946667  0.416900  0
11.973333  0.416336  0
12.000000  0.415773  0
12.026667  0.415215  0
12.053333  0.414669  0
12.080000  0.414140  0
12.106667  0.413632  0
12.133333  0.413150  0
12.160000  0.412696  0
12.186667  0.412272  0
12.213333  0.411880  0
12.240000  0.411520  0
12.266667  0.411192  0
12.293333  0.410897  0
12.320000  0.410634  0
12.346667  0.410402  0
12.373333  0.410200  0
12.400000  0.410028  0
12.426667  0.409885  0
12.453333  0.409769  0
12.480000  0.409679  0
12.506667  0.409612  0
12.533333  0.409565  0
12.560000  0.409535  0
12.586667  0.409520  0
12.613333  0.409516  0
12.640000  0.409519  0
12.666667  0.409528  0
12.693333  0.409539  0
12.720000  0.409551  0
12.746667  0.409563  0
12.773333  0.409574  0
12.800000  0.409585  0
12.826667  0.409595  0
12.853333  0.409604  0
12.880000  0.409614  0
12.906667  0.409624  0
12.933333  0.409634  0
12.960000  0.409643  0
12.986667  0.409652  0
13.013333  0.409659  0
13.040000  0.409663  0
13.066667  0.409664  0
13.093333  0.409659  0
13.120000  0.409650  0
13.146667  0.409636  0
13.173333  0.409618  0
13.200000  0.409596  0
13.226667  0.409572  0
13.253333  0.409547  0
13.280000  0.409525  0
13.306667  0.409507  0
13.333333  0.409494  0
13.360000  0.409488  0
13.386667  0.409490  0
13.413333  0.409500  0
13.440000  0.409517  0
13.466667  0.409539  0
13.493333  0.409566  0
13.520000  0.409593  0
13.546667  0.409620  0
13.573333  0.409642  0
13.600000  0.409657  0
13.626667  0.409662  0
13.653333  0.409655  0
13.680000  0.409634  0
13.706667  0.409598  0
13.733333  0.409545  0
13.760000  0.409475  0
13.786667  0.409390  0
13.813333  0.409291  0
13.840000  0.409179  0
13.866667  0.409058  0
13.893333  0.408931  0
13.920000  0.408802  0
13.946667  0.408676  0
13.973333  0.408556  0
14.000000  0.408447  0
14.026667  0.408354  0
14.053333  0.408278  0
14.080000  0.408224  0
14.106667  0.408193  0
14.133333  0.408186  0
14.160000  0.408203  0
14.186667  0.408241  0
14.213333  0.408300  0
14.240000  0.408374  0
14.266667  0.408461  0
14.293333  0.408555  0
14.320000  0.408651  0
14.346667  0.408745  0
14.373333  0.408831  0
14.400000  0.408907  0
14.426667  0.408969  0
14.453333  0.409014  0
14.480000  0.409044  0
14.506667  0.409058  0
14.533333  0.409057  0
14.560000  0.409045  0
14.586667  0.409024  0
14.613333  0.408998  0
14.640000  0.408970  0
14.666667  0.408943  0
14.693333  0.408920  0
14.720000  0.408903  0
14.746667  0.408893  0
14.773333  0.408890  0
14.800000  0.408895  0
14.826667  0.408906  0
14.853333  0.408921  0
14.880000  0.408940  0
14.906667  0.408958  0
14.933333  0.408975  0
14.960000  0.408988  0
14.986667  0.408996  0
15.013333  0.408996  0
15.040000  0.408988  0
15.066667  0.408972  0
15.093333  0.408947  0
15.120000  0.408913  0
15.146667  0.408871  0
15.173333  0.408821  0
15.200000  0.408765  0
15.226667  0.408702  0
15.253333  0.408635  0
15.280000  0.408564  0
15.306667  0.408490  0
15.333333  0.408413  0
15.360000  0.408334  0
15.386667  0.408254  0
15.413333  0.408173  0
15.440000  0.408091  0
15.466667  0.408008  0
15.493333  0.407926  0
15.520000  0.407843  0
15.546667  0.407759  0
15.573333  0.407676  0
15.600000  0.407593  0
15.626667  0.407509  0
15.653333  0.407426  0
15.680000  0.407342  0
15.706667  0.407259  0
15.733333  0.407176  0
15.760000  0.407092  0
15.786667  0.407009  0
15.813333  0.406925  0
15.840000  0.406842  0
15.866667  0.406758  0
15.893333  0.406675  0
15.920000  0.406592  0
15.946667  0.406508  0
15.973333  0.406425  0
16.000000  0.406341  0
16.026667  0.406258  0
16.053333  0.406174  0
16.080000  0.406091  0
16.106667  0.406007  0
16.133333  0.405924  0
16.160000  0.405841  0
16.186667  0.405757  0
16.213333  0.405674  0
16.240000  0.405590  0
16.266667  0.405507  0
16.293333  0.405423  0
16.320000  0.405340  0
16.346667  0.405256  0
16.373333  0.405173  0
16.400000  0.405090  0
16.426667  0.405006  0
16.453333  0.404923  0
16.480000  0.404839  0
16.506667  0.404756  0
16.533333  0.404672  0
16.560000  0.404589  0
16.586667  0.404505  0
16.613333  0.404422  0
16.640000  0.404339  0
16.666667  0.404255  0
16.693333  0.404172  0
16.720000  0.404088  0
16.746667  0.404005  0
16.773333  0.403921  0
16.800000  0.403838  0
16.826667  0.403754  0
16.853333  0.403671  0
16.880000  0.403588  0
16.906667  0.403504  0
16.933333  0.403421  0
16.960000  0.403337  0
16.986667  0.403254  0
17.013333  0.403170  0
17.040000  0.403087  0
17.066667  0.403003  0
17.093333  0.402920  0
17.120000  0.402837  0
17.146667  0.402753  0
17.173333  0.402670  0
17.200000  0.402586  0
17.226667  0.402503  0
17.253333  0.402419  0
17.280000  0.402336  0
17.306667  0.402252  0
17.333333  0.402169  0
17.360000  0.402086  0
17.386667  0.402002  0
17.413333  0.401919  0
17.440000  0.401835  0
17.466667  0.401752  0
17.493333  0.401668  0
17.520000  0.401585  0
17.546667  0.401501  0
17.573333  0.401418  0
17.600000  0.401335  0
17.626667  0.401251  0
17.653333  0.401168  0
17.680000  0.401084  0
17.706667  0.401001  0
17.733333  0.400917  0
17.760000  0.400834  0
17.786667  0.400751  0
17.813333  0.400667  0
17.840000  0.400584  0
17.866667  0.400500  0
17.893333  0.400417  0
17.920000  0.400333  0
17.946667  0.400250  0
17.973333  0.400166  0
18.000000  0.400083  0
18.026667  0.400000  0
18.053333  0.399916  0
18.080000  0.399833  0
18.106667  0.399749  0
18.133333  0.399666  0
18.160000  0.399582  0
18.186667  0.399499  0
18.213333  0.399415  0
18.240000  0.399332  0
18.266667  0.399249  0
18.293333  0.399165  0
18.320000  0.399082  0
18.346667  0.398998  0
18.373333  0.398915  0
18.400000  0.398831  0
18.426667  0.398748  0
18.453333  0.398664  0
18.480000  0.398581  0
18.506667  0.398498  0
18.533333  0.398414  0
18.560000  0.398331  0
18.586667  0.398247  0
18.613333  0.398164  0
18.640000  0.398080  0
18.666667  0.397997  0
18.693333  0.397913  0
18.720000  0.397830  0
18.746667  0.397747  0
18.773333  0.397663  0
18.800000  0.397580  0
18.826667  0.397496  0
18.853333  0.397413  0
18.880000  0.397329  0
18.906667  0.397246  0
18.933333  0.397162  0
18.960000  0.397079  0
18.986667  0.396996  0
19.013333  0.396912  0
19.040000  0.396829  0
19.066667  0.396745  0
19.093333  0.396662  0
19.120000  0.396578  0
19.146667  0.396495  0
19.173333  0.396411  0
19.200000  0.396328  0
19.226667  0.396245  0
19.253333  0.396161  0
19.280000  0.396078  0
19.306667  0.395994  0
19.333333  0.395911  0
19.360000  0.395827  0
19.386667  0.395744  0
19.413333  0.395660  0
19.440000  0.395577  0
19.466667  0.395494  0
19.493333  0.395410  0
19.520000  0.395327  0
19.546667  0.395243  0
19.573333  0.395160  0
19.600000  0.395076  0
19.626667  0.394993  0
19.653333  0.394910  0
19.680000  0.394826  0
19.706667  0.394743  0
19.733333  0.394659  0
19.760000  0.394576  0
19.786667  0.394492  0
19.813333  0.394409  0
19.840000  0.394325  0
19.866667  0.394242  0
19.893333  0.394159  0
19.920000  0.394075  0
19.946667  0.393992  0
19.973333  0.393908  0
20.000000  0.393825  0
20.026667  0.393741  0
20.053333  0.393658  0
20.080000  0.393574  0
20.106667  0.393491  0
20.133333  0.393408  0
20.160000  0.393324  0
20.186667  0.393241  0
20.213333  0.393157  0
20.240000  0.393074  0
20.266667  0.392990  0
20.293333  0.392907  0
20.320000  0.392823  0
20.346667  0.392740  0
20.373333  0.392657  0
20.400000  0.392573  0
20.426667  0.392490  0
20.453333  0.392406  0
20.480000  0.392323  0
20.506667  0.392239  0
20.533333  0.392156  0
20.560000  0.392072  0
20.586667  0.391989  0
20.613333  0.391906  0
20.640000  0.391822  0
20.666667  0.391739  0
20.693333  0.391655  0
20.720000  0.391572  0
20.746667  0.391488  0
20.773333  0.391405  0
20.800000  0.391321  0
20.826667  0.391238  0
20.853333  0.391155  0
20.880000  0.391071  0
20.906667  0.390988  0
20.933333  0.390904  0
20.960000  0.390821  0
20.986667  0.390737  0
21.013333  0.390654  0
21.040000  0.390570  0
21.066667  0.390487  0
21.093333  0.390404  0
21.120000  0.390320  0
21.146667  0.390237  0
21.173333  0.390153  0
21.200000  0.390070  0
21.226667  0.389986  0
21.253333  0.389903  0
21.280000  0.389820  0
21.306667  0.389736  0
21.333333  0.389653  0
21.360000  0.389569  0
21.386667  0.389486  0
21.413333  0.389402  0
21.440000  0.389319  0
21.466667  0.389235  0
21.493333  0.389152  0
21.520000  0.389069  0
21.546667  0.388985  0
21.573333  0.388902  0
21.600000  0.388818  0
21.626667  0.388735  0
21.653333  0.388651  0
21.680000  0.388568  0
21.706667  0.388485  0
21.733333  0.388401  0
21.760000  0.388318  0
21.786667  0.388235  0
21.813333  0.388151  0
21.840000  0.388069  0
21.866667  0.387986  0
21.893333  0.387904  0
21.920000  0.387822  0
21.946667  0.387741  0
21.973333  0.387661  0
22.000000  0.387583  0
22.026667  0.387507  0
22.053333  0.387432  0
22.080000  0.387362  0
22.106667  0.387294  0
22.133333  0.387232  0
22.160000  0.387174  0
22.186667  0.387123  0
22.213333  0.387079  0
22.240000  0.387043  0
22.266667  0.387015  0
22.293333  0.386996  0
22.320000  0.386986  0
