4.666667  0.768355  0
4.693333  0.767528  0
4.720000  0.766702  0
4.746667  0.765876  0
4.773333  0.765049  0
4.800000  0.764223  0
4.826667  0.763396  0
4.853333  0.762570  0
4.880000  0.761743  0
4.906667  0.760917  0
4.933333  0.760090  0
4.960000  0.759264  0
4.986667  0.758437  0
5.013333  0.757611  0
5.040000  0.756784  0
5.066667  0.755958  0
5.093333  0.755131  0
5.120000  0.754305  0
5.146667  0.753479  0
5.173333  0.752652  0
5.200000  0.751826  0
5.226667  0.750999  0
5.253333  0.750173  0
5.280000  0.749346  0
5.306667  0.748520  0
5.333333  0.747693  0
5.360000  0.746867  0
5.386667  0.746040  0
5.413333  0.745214  0
5.440000  0.744387  0
5.466667  0.743561  0
5.493333  0.742734  0
5.520000  0.741908  0
5.546667  0.741081  0
5.573333  0.740255  0
5.600000  0.739429  0
5.626667  0.738602  0
5.653333  0.737776  0
5.680000  0.736949  0
5.706667  0.736123  0
5.733333  0.735296  0
5.760000  0.734470  0
5.786667  0.733643  0
5.813333  0.732817  0
5.840000  0.731990  0
5.866667  0.731164  0
5.893333  0.730337  0
5.920000  0.729532  0
5.946667  0.728818  0
5.973333  0.728104  0
6.000000  0.727390  0
6.026667  0.726676  0
6.053333  0.725962  0
6.080000  0.725248  0
6.106667  0.724534  0
6.133333  0.723820  0
6.160000  0.723106  0
6.186667  0.722392  0
6.213333  0.721678  0
6.240000  0.720964  0
6.266667  0.720251  0
6.293333  0.719537  0
6.320000  0.718823  0
6.346667  0.718109  0
6.373333  0.717395  0
6.400000  0.716681  0
6.426667  0.715967  0
6.453333  0.715253  0
6.480000  0.714539  0
6.506667  0.713825  0
6.533333  0.713111  0
6.560000  0.712397  0
6.586667  0.711683  0
6.613333  0.710969  0
6.640000  0.710255  0
6.666667  0.709542  0
6.693333  0.708828  0
6.720000  0.708114  0
6.746667  0.707400  0
6.773333  0.706686  0
6.800000  0.705972  0
6.826667  0.705258  0
6.853333  0.704544  0
6.880000  0.703830  0
6.906667  0.703116  0
6.933333  0.702402  0
6.960000  0.701688  0
6.986667  0.700974  0
7.013333  0.700260  0
7.040000  0.699567  0
7.066667  0.699118  0
7.093333  0.698668  0
7.120000  0.698219  0
7.146667  0.697770  0
7.173333  0.697320  0
7.200000  0.696871  0
7.226667  0.696422  0
7.253333  0.695972  0
7.280000  0.695523  0
7.306667  0.695074  0
7.333333  0.694624  0
7.360000  0.694175  0
7.386667  0.693726  0
7.413333  0.693276  0
7.440000  0.692827  0
7.466667  0.692378  0
7.493333  0.691928  0
7.520000  0.691479  0
7.546667  0.691030  0
7.573333  0.690580  0
7.600000  0.690131  0
7.626667  0.689682  0
7.653333  0.689232  0
7.680000  0.688783  0
7.706667  0.688334  0
7.733333  0.687812  0
7.760000  0.687153  0
7.786667  0.686494  0
7.813333  0.685835  0
7.840000  0.685176  0
7.866667  0.684517  0
7.893333  0.683858  0
7.920000  0.683199  0
7.946667  0.682540  0
7.973333  0.681881  0
8.000000  0.681222  0
8.026667  0.680563  0
8.053333  0.679904  0
8.080000  0.679245  0
8.106667  0.678586  0
8.133333  0.677927  0
8.160000  0.677268  0
8.186667  0.676609  0
8.213333  0.675950  0
8.240000  0.675291  0
8.266667  0.674632  0
8.293333  0.673710  0
8.320000  0.672149  0
8.346667  0.670588  0
8.373333  0.669027  0
8.400000  0.667466  0
8.426667  0.665906  0
8.453333  0.664345  0
8.480000  0.662784  0
8.506667  0.661223  0
8.533333  0.659662  0
8.560000  0.658101  0
8.586667  0.656541  0
8.613333  0.654980  0
8.640000  0.653419  0
8.666667  0.651858  0
8.693333  0.650297  0
8.720000  0.648737  0
8.746667  0.647176  0
8.773333  0.645615  0
8.800000  0.644054  0
8.826667  0.642493  0
8.853333  0.640932  0
8.880000  0.639372  0
8.906667  0.637811  0
8.933333  0.636250  0
8.960000  0.634689  0
8.986667  0.633128  0
9.013333  0.631567  0
9.040000  0.630007  0
9.066667  0.628446  0
9.093333  0.627553  0
9.120000  0.627004  0
9.146667  0.626455  0
9.173333  0.625906  0
9.200000  0.625357  0
9.226667  0.624807  0
9.253333  0.624258  0
9.280000  0.623709  0
9.306667  0.623160  0
9.333333  0.622611  0
9.360000  0.622062  0
9.386667  0.621512  0
9.413333  0.620963  0
9.440000  0.620414  0
9.466667  0.619865  0
9.493333  0.619316  0
9.520000  0.618767  0
9.546667  0.618217  0
9.573333  0.617668  0
9.600000  0.617119  0
9.626667  0.616570  0
9.653333  0.616021  0
9.680000  0.615471  0
9.706667  0.614922  0
9.733333  0.614373  0
9.760000  0.613824  0
9.786667  0.613275  0
9.813333  0.612726  0
9.840000  0.612176  0
9.866667  0.611627  0
9.893333  0.611078  0
9.920000  0.610529  0
9.946667  0.609980  0
9.973333  0.609430  0
10.000000  0.608881  0
10.026667  0.608332  0
10.053333  0.607783  0
10.080000  0.607234  0
10.106667  0.606685  0
10.133333  0.606135  0
10.160000  0.605586  0
10.186667  0.605037  0
10.213333  0.604685  0
10.240000  0.604492  0
10.266667  0.604299  0
10.293333  0.604106  0
10.320000  0.603914  0
10.346667  0.603721  0
10.373333  0.603528  0
10.400000  0.603335  0
10.426667  0.603142  0
10.453333  0.602949  0
10.480000  0.602756  0
10.506667  0.602563  0
10.533333  0.602371  0
10.560000  0.602178  0
10.586667  0.601985  0
10.613333  0.601792  0
10.640000  0.601599  0
10.666667  0.601406  0
10.693333  0.601213  0
10.720000  0.601020  0
10.746667  0.600827  0
10.773333  0.600635  0
10.800000  0.600442  0
10.826667  0.600249  0
10.853333  0.600056  0
10.880000  0.599863  0
10.906667  0.599670  0
10.933333  0.599477  0
10.960000  0.599284  0
10.986667  0.599092  0
11.013333  0.598899  0
11.040000  0.598706  0
11.066667  0.598513  0
11.093333  0.598320  0
11.120000  0.598127  0
11.146667  0.597934  0
11.173333  0.597741  0
11.200000  0.597548  0
11.226667  0.597356  0
11.253333  0.597163  0
11.280000  0.596970  0
11.306667  0.596777  0
11.333333  0.596584  0
11.360000  0.596391  0
11.386667  0.596198  0
11.413333  0.596005  0
11.440000  0.595813  0
11.466667  0.595620  0
11.493333  0.595427  0
11.520000  0.595234  0
11.546667  0.595041  0
11.573333  0.594848  0
11.600000  0.594655  0
11.626667  0.594462  0
11.653333  0.594269  0
11.680000  0.594077  0
11.706667  0.593884  0
11.733333  0.593691  0
11.760000  0.593498  0
11.786667  0.593305  0
11.813333  0.593112  0
11.840000  0.592919  0
11.866667  0.592726  0
11.893333  0.592534  0
11.920000  0.592341  0
11.946667  0.592148  0
11.973333  0.591955  0
12.000000  0.591762  0
12.026667  0.591569  0
12.053333  0.591376  0
12.080000  0.591183  0
12.106667  0.590990  0
12.133333  0.590798  0
12.160000  0.590605  0
12.186667  0.590412  0
12.213333  0.590219  0
12.240000  0.590026  0
12.266667  0.589833  0
12.293333  0.589640  0
12.320000  0.589447  0
12.346667  0.589255  0
12.373333  0.589062  0
12.400000  0.588869  0
12.426667  0.588676  0
12.453333  0.588483  0
12.480000  0.588290  0
12.506667  0.588097  0
12.533333  0.587904  0
12.560000  0.587711  0
12.586667  0.587519  0
12.613333  0.587326  0
12.640000  0.587133  0
12.666667  0.586940  0
12.693333  0.586747  0
12.720000  0.586554  0
12.746667  0.586361  0
12.773333  0.586149  0
12.800000  0.585925  0
12.826667  0.585701  0
12.853333  0.585477  0
12.880000  0.585253  0
12.906667  0.585029  0
12.933333  0.584806  0
12.960000  0.584582  0
12.986667  0.584358  0
13.013333  0.584134  0
13.040000  0.583910  0
13.066667  0.583687  0
13.093333  0.583463  0
13.120000  0.583239  0
13.146667  0.583015  0
13.173333  0.582791  0
13.200000  0.582567  0
13.226667  0.582344  0
13.253333  0.582120  0
13.280000  0.581896  0
13.306667  0.581672  0
13.333333  0.581448  0
13.360000  0.581225  0
13.386667  0.581001  0
13.413333  0.580777  0
13.440000  0.580553  0
13.466667  0.580329  0
13.493333  0.580105  0
13.520000  0.579882  0
13.546667  0.579658  0
13.573333  0.579434  0
13.600000  0.579210  0
13.626667  0.578986  0
13.653333  0.578763  0
13.680000  0.578539  0
13.706667  0.578315  0
13.733333  0.578091  0
13.760000  0.577867  0
13.786667  0.577643  0
13.813333  0.577420  0
13.840000  0.577196  0
13.866667  0.576972  0
13.893333  0.576748  0
13.920000  0.576524  0
13.946667  0.576301  0
13.973333  0.576077  0
14.000000  0.575853  0
14.026667  0.575629  0
14.053333  0.575405  0
14.080000  0.575182  0
14.106667  0.574958  0
14.133333  0.574734  0
14.160000  0.574510  0
14.186667  0.574286  0
14.213333  0.574062  0
14.240000  0.573839  0
14.266667  0.573615  0
14.293333  0.573391  0
14.320000  0.573167  0
14.346667  0.572943  0
14.373333  0.572720  0
14.400000  0.572496  0
14.426667  0.572272  0
14.453333  0.572048  0
14.480000  0.571824  0
14.506667  0.571600  0
14.533333  0.571377  0
14.560000  0.571153  0
14.586667  0.570929  0
14.613333  0.570705  0
14.640000  0.570481  0
14.666667  0.570258  0
14.693333  0.570034  0
14.720000  0.569810  0
14.746667  0.569586  0
14.773333  0.569362  0
14.800000  0.569138  0
14.826667  0.568915  0
14.853333  0.568691  0
14.880000  0.568467  0
14.906667  0.568243  0
14.933333  0.568019  0
14.960000  0.567796  0
14.986667  0.567572  0
15.013333  0.567348  0
15.040000  0.567124  0
15.066667  0.566900  0
15.093333  0.566676  0
15.120000  0.566453  0
15.146667  0.566229  0
15.173333  0.566005  0
15.200000  0.565781  0
15.226667  0.565557  0
15.253333  0.565334  0
15.280000  0.565110  0
15.306667  0.564886  0
15.333333  0.564662  0
15.360000  0.564438  0
15.386667  0.564215  0
15.413333  0.563991  0
15.440000  0.563767  0
15.466667  0.563543  0
15.493333  0.563319  0
15.520000  0.563095  0
15.546667  0.562872  0
15.573333  0.562648  0
15.600000  0.562424  0
15.626667  0.562200  0
15.653333  0.561976  0
15.680000  0.561753  0
15.706667  0.561529  0
15.733333  0.561305  0
15.760000  0.561081  0
15.786667  0.560857  0
15.813333  0.560633  0
15.840000  0.560410  0
15.866667  0.560186  0
15.893333  0.559962  0
15.920000  0.559738  0
15.946667  0.559514  0
15.973333  0.559291  0
16.000000  0.559067  0
16.026667  0.558843  0
16.053333  0.558619  0
16.080000  0.558395  0
16.106667  0.558171  0
16.133333  0.557948  0
16.160000  0.557724  0
16.186667  0.557500  0
16.213333  0.557276  0
16.240000  0.557052  0
16.266667  0.556829  0
16.293333  0.556605  0
16.320000  0.556381  0
16.346667  0.556157  0
16.373333  0.555933  0
16.400000  0.555709  0
16.426667  0.555486  0
16.453333  0.555262  0
16.480000  0.555038  0
16.506667  0.554814  0
16.533333  0.554590  0
16.560000  0.554367  0
16.586667  0.554143  0
16.613333  0.553919  0
16.640000  0.553695  0
16.666667  0.553471  0
16.693333  0.553248  0
16.720000  0.553024  0
16.746667  0.552800  0
16.773333  0.552576  0
16.800000  0.552352  0
16.826667  0.552128  0
16.853333  0.551905  0
16.880000  0.551681  0
16.906667  0.551457  0
16.933333  0.551233  0
16.960000  0.551009  0
16.986667  0.550786  0
17.013333  0.550562  0
17.040000  0.550338  0
17.066667  0.550114  0
17.093333  0.549890  0
17.120000  0.549666  0
17.146667  0.549443  0
17.173333  0.549272  0
17.200000  0.549208  0
17.226667  0.549144  0
17.253333  0.549080  0
17.280000  0.549016  0
17.306667  0.548952  0
17.333333  0.548888  0
17.360000  0.548824  0
17.386667  0.548760  0
17.413333  0.548696  0
17.440000  0.548632  0
17.466667  0.548568  0
17.493333  0.548504  0
17.520000  0.548440  0
17.546667  0.548376  0
17.573333  0.548312  0
17.600000  0.548248  0
17.626667  0.548184  0
17.653333  0.548120  0
17.680000  0.548056  0
17.706667  0.547992  0
17.733333  0.547928  0
17.760000  0.547864  0
17.786667  0.547800  0
17.813333  0.547736  0
17.840000  0.547672  0
17.866667  0.547608  0
17.893333  0.547544  0
17.920000  0.547480  0
17.946667  0.547416  0
17.973333  0.547352  0
18.000000  0.547288  0
18.026667  0.547224  0
18.053333  0.547160  0
18.080000  0.547096  0
18.106667  0.547032  0
18.133333  0.546968  0
18.160000  0.546904  0
18.186667  0.546840  0
18.213333  0.546776  0
18.240000  0.546712  0
18.266667  0.546648  0
18.293333  0.546584  0
18.320000  0.546520  0
18.346667  0.546456  0
18.373333  0.546392  0
18.400000  0.546328  0
18.426667  0.546264  0
18.453333  0.546200  0
18.480000  0.546136  0
18.506667  0.546072  0
18.533333  0.546008  0
18.560000  0.545944  0
18.586667  0.545880  0
18.613333  0.545816  0
18.640000  0.545752  0
18.666667  0.545688  0
18.693333  0.545624  0
18.720000  0.545560  0
18.746667  0.545496  0
18.773333  0.545432  0
18.800000  0.545368  0
18.826667  0.545304  0
18.853333  0.545240  0
18.880000  0.545176  0
18.906667  0.545112  0
18.933333  0.545048  0
18.960000  0.544984  0
18.986667  0.544920  0
19.013333  0.544856  0
19.040000  0.544792  0
19.066667  0.544728  0
19.093333  0.544664  0
19.120000  0.544600  0
19.146667  0.544536  0
19.173333  0.544472  0
19.200000  0.544408  0
19.226667  0.544344  0
19.253333  0.544280  0
19.280000  0.544216  0
19.306667  0.544152  0
19.333333  0.544088  0
19.360000  0.544024  0
19.386667  0.543960  0
19.413333  0.543896  0
19.440000  0.543832  0
19.466667  0.543768  0
19.493333  0.543704  0
19.520000  0.543640  0
19.546667  0.543576  0
19.573333  0.543512  0
19.600000  0.543448  0
19.626667  0.543384  0
19.653333  0.543320  0
19.680000  0.543256  0
19.706667  0.543192  0
19.733333  0.543128  0
19.760000  0.543064  0
19.786667  0.543000  0
19.813333  0.542936  0
19.840000  0.542872  0
19.866667  0.542808  0
19.893333  0.542744  0
19.920000  0.542680  0
19.946667  0.542616  0
19.973333  0.542552  0
20.000000  0.542488  0
20.026667  0.542424  0
20.053333  0.542360  0
20.080000  0.542296  0
20.106667  0.542232  0
20.133333  0.542168  0
20.160000  0.542104  0
20.186667  0.542040  0
20.213333  0.541976  0
20.240000  0.541912  0
20.266667  0.541848  0
20.293333  0.541783  0
20.320000  0.541719  0
20.346667  0.541655  0
20.373333  0.541591  0
20.400000  0.541527  0
20.426667  0.541463  0
20.453333  0.541399  0
20.480000  0.541335  0
20.506667  0.541271  0
20.533333  0.541207  0
20.560000  0.541143  0
20.586667  0.541079  0
20.613333  0.541015  0
20.640000  0.540951  0
20.666667  0.540887  0
20.693333  0.540823  0
20.720000  0.540759  0
20.746667  0.540695  0
20.773333  0.540631  0
20.800000  0.540567  0
20.826667  0.540503  0
20.853333  0.540439  0
20.880000  0.540375  0
20.906667  0.540311  0
20.933333  0.540247  0
20.960000  0.540183  0
20.986667  0.540119  0
21.013333  0.540055  0
21.040000  0.539991  0
21.066667  0.539927  0
21.093333  0.539863  0
21.120000  0.539799  0
21.146667  0.539735  0
21.173333  0.539671  0
21.200000  0.539607  0
21.226667  0.539543  0
21.253333  0.539479  0
21.280000  0.539415  0
21.306667  0.539351  0
21.333333  0.539287  0
21.360000  0.539223  0
21.386667  0.539159  0
21.413333  0.539095  0
21.440000  0.539031  0
21.466667  0.538967  0
21.493333  0.538903  0
21.520000  0.538839  0
21.546667  0.538775  0
21.573333  0.538711  0
21.600000  0.538647  0
21.626667  0.538583  0
21.653333  0.538519  0
21.680000  0.538455  0
21.706667  0.538391  0
21.733333  0.538327  0
21.760000  0.538263  0
21.786667  0.538199  0
21.813333  0.538135  0
21.840000  0.538071  0
21.866667  0.538007  0
21.893333  0.537943  0
21.920000  0.537879  0
21.946667  0.537815  0
21.973333  0.537751  0
22.000000  0.537687  0
22.026667  0.537623  0
22.053333  0.537559  0
22.080000  0.537495  0
22.106667  0.537431  0
22.133333  0.537367  0
22.160000  0.537303  0
22.186667  0.537239  0
22.213333  0.537175  0
22.240000  0.537111  0
22.266667  0.537047  0
22.293333  0.536983  0
22.320000  0.536919  0
22.346667  0.536855  0
22.373333  0.536791  0
22.400000  0.536727  0
22.426667  0.536663  0
22.453333  0.536599  0
22.480000  0.536535  0
22.506667  0.536471  0
22.533333  0.536407  0
22.560000  0.536343  0
22.586667  0.536279  0
22.613333  0.536215  0
22.640000  0.536151  0
22.666667  0.536087  0
22.693333  0.536023  0
22.720000  0.535959  0
22.746667  0.535895  0
22.773333  0.535831  0
22.800000  0.535767  0
22.826667  0.535703  0
22.853333  0.535639  0
22.880000  0.535575  0
22.906667  0.535511  0
22.933333  0.535447  0
22.960000  0.535393  0
22.986667  0.535346  0
23.013333  0.535299  0
23.040000  0.535252  0
23.066667  0.535205  0
23.093333  0.535158  0
23.120000  0.535111  0
23.146667  0.535064  0
23.173333  0.535017  0
23.200000  0.534970  0
23.226667  0.534923  0
23.253333  0.534876  0
23.280000  0.534829  0
23.306667  0.534783  0
23.333333  0.534736  0
23.360000  0.534689  0
23.386667  0.534642  0
23.413333  0.534595  0
23.440000  0.534548  0
23.466667  0.534501  0
23.493333  0.534454  0
23.520000  0.534407  0
23.546667  0.534360  0
23.573333  0.534313  0
23.600000  0.534266  0
23.626667  0.534219  0
23.653333  0.534173  0
23.680000  0.534126  0
23.706667  0.534079  0
23.733333  0.534032  0
23.760000  0.533985  0
23.786667  0.533938  0
23.813333  0.533891  0
23.840000  0.533844  0
23.866667  0.533797  0
23.893333  0.533750  0
23.920000  0.533703  0
23.946667  0.533656  0
23.973333  0.533609  0
24.000000  0.533563  0
24.026667  0.533516  0
24.053333  0.533469  0
24.080000  0.533422  0
24.106667  0.533375  0
24.133333  0.533328  0
24.160000  0.533281  0
24.186667  0.533234  0
24.213333  0.533187  0
24.240000  0.533140  0
24.266667  0.533093  0
24.293333  0.533046  0
24.320000  0.532999  0
24.346667  0.532953  0
24.373333  0.532906  0
24.400000  0.532859  0
24.426667  0.532812  0
24.453333  0.532765  0
24.480000  0.532718  0
24.506667  0.532671  0
24.533333  0.532624  0
24.560000  0.532577  0
24.586667  0.532530  0
24.613333  0.532483  0
24.640000  0.532436  0
24.666667  0.532389  0
24.693333  0.532343  0
24.720000  0.532296  0
24.746667  0.532249  0
24.773333  0.532202  0
24.800000  0.532155  0
24.826667  0.532108  0
24.853333  0.532061  0
24.880000  0.532014  0
24.906667  0.531967  0
24.933333  0.531920  0
24.960000  0.531873  0
24.986667  0.531826  0
25.013333  0.531779  0
25.040000  0.531733  0
25.066667  0.531686  0
25.093333  0.531639  0
25.120000  0.531592  0
25.146667  0.531545  0
25.173333  0.531498  0
25.200000  0.531451  0
25.226667  0.531404  0
25.253333  0.531357  0
25.280000  0.531310  0
25.306667  0.531263  0
25.333333  0.531216  0
25.360000  0.531169  0
25.386667  0.531123  0
25.413333  0.531076  0
25.440000  0.531029  0
25.466667  0.530982  0
25.493333  0.530935  0
25.520000  0.530888  0
25.546667  0.530841  0
25.573333  0.530794  0
25.600000  0.530747  0
25.626667  0.530700  0
25.653333  0.530653  0
25.680000  0.530606  0
25.706667  0.530559  0
25.733333  0.530513  0
25.760000  0.530466  0
25.786667  0.530419  0
25.813333  0.530372  0
25.840000  0.530325  0
25.866667  0.530278  0
25.893333  0.530231  0
25.920000  0.530184  0
25.946667  0.530137  0
25.973333  0.530090  0
26.000000  0.530043  0
26.026667  0.529996  0
26.053333  0.529949  0
26.080000  0.529903  0
26.106667  0.529856  0
26.133333  0.529809  0
26.160000  0.529762  0
26.186667  0.529715  0
26.213333  0.529668  0
26.240000  0.529621  0
26.266667  0.529574  0
26.293333  0.529527  0
26.320000  0.529480  0
26.346667  0.529433  0
26.373333  0.529386  0
26.400000  0.529339  0
26.426667  0.529292  0
26.453333  0.529246  0
26.480000  0.529199  0
26.506667  0.529152  0
26.533333  0.529105  0
26.560000  0.529058  0
26.586667  0.529011  0
26.613333  0.528964  0
26.640000  0.528917  0
26.666667  0.528870  0
26.693333  0.528823  0
26.720000  0.528776  0
26.746667  0.528729  0
26.773333  0.528682  0
26.800000  0.528636  0
26.826667  0.528589  0
26.853333  0.528542  0
26.880000  0.528495  0
26.906667  0.528448  0
26.933333  0.528401  0
26.960000  0.528354  0
26.986667  0.528307  0
27.013333  0.528260  0
27.040000  0.528213  0
27.066667  0.528166  0
27.093333  0.528119  0
27.120000  0.528072  0
27.146667  0.528026  0
27.173333  0.527979  0
27.200000  0.527932  0
27.226667  0.527885  0
27.253333  0.527838  0
27.280000  0.527791  0
27.306667  0.527744  0
27.333333  0.527697  0
27.360000  0.527650  0
27.386667  0.527603  0
27.413333  0.527556  0
27.440000  0.527509  0
27.466667  0.527462  0
27.493333  0.527416  0
27.520000  0.527369  0
27.546667  0.527322  0
27.573333  0.527275  0
27.600000  0.527228  0
27.626667  0.527181  0
27.653333  0.527134  0
27.680000  0.527087  0
27.706667  0.527040  0
27.733333  0.526993  0
27.760000  0.526946  0
27.786667  0.526899  0
27.813333  0.526852  0
27.840000  0.526806  0
27.866667  0.526759  0
27.893333  0.526712  0
27.920000  0.526665  0
27.946667  0.526618  0
27.973333  0.526571  0
28.000000  0.526524  0
28.026667  0.526477  0
28.053333  0.526430  0
28.080000  0.526383  0
28.106667  0.526336  0
28.133333  0.526289  0
28.160000  0.526242  0
28.186667  0.526196  0
28.213333  0.526149  0
28.240000  0.526102  0
28.266667  0.526055  0
28.293333  0.526008  0
28.320000  0.525961  0
28.346667  0.525914  0
28.373333  0.525867  0
28.400000  0.525820  0
28.426667  0.525773  0
28.453333  0.525726  0
28.480000  0.525679  0
28.506667  0.525632  0
28.533333  0.525586  0
28.560000  0.525539  0
28.586667  0.525492  0
28.613333  0.525445  0
28.640000  0.525398  0
28.666667  0.525351  0
28.693333  0.525304  0
28.720000  0.525257  0
28.746667  0.525210  0
28.773333  0.525163  0
28.800000  0.525116  0
28.826667  0.525069  0
28.853333  0.525022  0
28.880000  0.524976  0
28.906667  0.524929  0
28.933333  0.524882  0
28.960000  0.524835  0
28.986667  0.524788  0
29.013333  0.524741  0
29.040000  0.524694  0
29.066667  0.524647  0
29.093333  0.524600  0
29.120000  0.524553  0
29.146667  0.524506  0
29.173333  0.524459  0
29.200000  0.524412  0
29.226667  0.524366  0
29.253333  0.524319  0
29.280000  0.524272  0
29.306667  0.524225  0
29.333333  0.524178  0
29.360000  0.524131  0
29.386667  0.524084  0
29.413333  0.524037  0
29.440000  0.523990  0
29.466667  0.523943  0
29.493333  0.523896  0
