4.453333  0.682741  0
4.480000  0.681512  0
4.506667  0.680282  0
4.533333  0.679052  0
4.560000  0.677823  0
4.586667  0.676593  0
4.613333  0.675364  0
4.640000  0.674134  0
4.666667  0.672904  0
4.693333  0.671675  0
4.720000  0.670445  0
4.746667  0.669215  0
4.773333  0.667986  0
4.800000  0.666756  0
4.826667  0.665527  0
4.853333  0.664297  0
4.880000  0.663067  0
4.906667  0.661838  0
4.933333  0.660608  0
4.960000  0.659378  0
4.986667  0.658149  0
5.013333  0.656919  0
5.040000  0.655690  0
5.066667  0.654460  0
5.093333  0.653230  0
5.120000  0.652001  0
5.146667  0.650771  0
5.173333  0.649541  0
5.200000  0.648312  0
5.226667  0.647082  0
5.253333  0.645853  0
5.280000  0.644623  0
5.306667  0.643563  0
5.333333  0.642626  0
5.360000  0.641690  0
5.386667  0.640753  0
5.413333  0.639817  0
5.440000  0.638880  0
5.466667  0.637944  0
5.493333  0.637007  0
5.520000  0.636071  0
5.546667  0.635134  0
5.573333  0.634198  0
5.600000  0.633261  0
5.626667  0.632325  0
5.653333  0.631388  0
5.680000  0.630452  0
5.706667  0.629515  0
5.733333  0.628579  0
5.760000  0.627642  0
5.786667  0.626706  0
5.813333  0.625769  0
5.840000  0.624833  0
5.866667  0.623896  0
5.893333  0.622960  0
5.920000  0.622023  0
5.946667  0.621087  0
5.973333  0.620150  0
6.000000  0.619214  0
6.026667  0.618277  0
6.053333  0.617341  0
6.080000  0.616404  0
6.106667  0.615327  0
6.133333  0.614242  0
6.160000  0.613157  0
6.186667  0.612072  0
6.213333  0.610987  0
6.240000  0.609902  0
6.266667  0.608817  0
6.293333  0.607732  0
6.320000  0.606648  0
6.346667  0.605563  0
6.373333  0.604478  0
6.400000  0.603393  0
6.426667  0.602308  0
6.453333  0.601223  0
6.480000  0.600138  0
6.506667  0.599053  0
6.533333  0.597968  0
6.560000  0.596883  0
6.586667  0.595798  0
6.613333  0.594713  0
6.640000  0.593628  0
6.666667  0.592543  0
6.693333  0.591458  0
6.720000  0.590373  0
6.746667  0.589288  0
6.773333  0.588203  0
6.800000  0.587118  0
6.826667  0.586033  0
6.853333  0.584948  0
6.880000  0.583863  0
6.906667  0.582778  0
6.933333  0.581693  0
6.960000  0.579290  0
6.986667  0.576854  0
7.013333  0.574418  0
7.040000  0.571982  0
7.066667  0.569546  0
7.093333  0.567110  0
7.120000  0.564674  0
7.146667  0.562238  0
7.173333  0.559802  0
7.200000  0.557366  0
7.226667  0.554930  0
7.253333  0.552494  0
7.280000  0.550058  0
7.306667  0.547622  0
7.333333  0.545186  0
7.360000  0.542750  0
7.386667  0.540314  0
7.413333  0.537878  0
7.440000  0.535442  0
7.466667  0.533006  0
7.493333  0.530570  0
7.520000  0.528325  0
7.546667  0.527226  0
7.573333  0.526128  0
7.600000  0.525030  0
7.626667  0.523931  0
7.653333  0.522833  0
7.680000  0.521734  0
7.706667  0.520636  0
7.733333  0.519538  0
7.760000  0.518439  0
7.786667  0.517341  0
7.813333  0.516243  0
7.840000  0.515144  0
7.866667  0.514046  0
7.893333  0.512948  0
7.920000  0.511849  0
7.946667  0.510751  0
7.973333  0.509653  0
8.000000  0.508554  0
8.026667  0.507456  0
8.053333  0.506357  0
8.080000  0.505301  0
8.106667  0.504672  0
8.133333  0.504043  0
8.160000  0.503414  0
8.186667  0.502785  0
8.213333  0.502156  0
8.240000  0.501527  0
8.266667  0.500898  0
8.293333  0.500269  0
8.320000  0.499639  0
8.346667  0.499010  0
8.373333  0.498381  0
8.400000  0.497752  0
8.426667  0.497123  0
8.453333  0.496494  0
8.480000  0.495865  0
8.506667  0.495236  0
8.533333  0.494607  0
8.560000  0.493978  0
8.586667  0.493349  0
8.613333  0.492720  0
8.640000  0.492091  0
8.666667  0.491462  0
8.693333  0.490833  0
8.720000  0.490204  0
8.746667  0.489574  0
8.773333  0.489061  0
8.800000  0.488756  0
8.826667  0.488451  0
8.853333  0.488145  0
8.880000  0.487840  0
8.906667  0.487535  0
8.933333  0.487229  0
8.960000  0.486924  0
8.986667  0.486619  0
9.013333  0.486314  0
9.040000  0.486008  0
9.066667  0.485703  0
9.093333  0.485398  0
9.120000  0.485092  0
9.146667  0.484787  0
9.173333  0.484482  0
9.200000  0.484177  0
9.226667  0.483871  0
9.253333  0.483566  0
9.280000  0.483261  0
9.306667  0.482955  0
9.333333  0.482650  0
9.360000  0.482345  0
9.386667  0.482040  0
9.413333  0.481734  0
9.440000  0.481429  0
9.466667  0.481124  0
9.493333  0.480819  0
9.520000  0.480513  0
9.546667  0.480208  0
9.573333  0.479903  0
9.600000  0.479597  0
9.626667  0.479292  0
9.653333  0.478987  0
9.680000  0.478682  0
9.706667  0.478376  0
9.733333  0.478071  0
9.760000  0.477766  0
9.786667  0.477460  0
9.813333  0.477155  0
9.840000  0.476850  0
9.866667  0.476545  0
9.893333  0.476239  0
9.920000  0.475934  0
9.946667  0.475629  0
9.973333  0.475324  0
10.000000  0.475018  0
10.026667  0.474713  0
10.053333  0.474408  0
10.080000  0.474102  0
10.106667  0.473797  0
10.133333  0.473492  0
10.160000  0.473187  0
10.186667  0.472936  0
10.213333  0.472795  0
10.240000  0.472654  0
10.266667  0.472512  0
10.293333  0.472371  0
10.320000  0.472230  0
10.346667  0.472089  0
10.373333  0.471947  0
10.400000  0.471806  0
10.426667  0.471665  0
10.453333  0.471524  0
10.480000  0.471383  0
10.506667  0.471241  0
10.533333  0.471100  0
10.560000  0.470959  0
10.586667  0.470818  0
10.613333  0.470676  0
10.640000  0.470535  0
10.666667  0.470394  0
10.693333  0.470253  0
10.720000  0.470112  0
10.746667  0.469970  0
10.773333  0.469829  0
10.800000  0.469688  0
10.826667  0.469547  0
10.853333  0.469406  0
10.880000  0.469264  0
10.906667  0.469123  0
10.933333  0.468982  0
10.960000  0.468841  0
10.986667  0.468699  0
11.013333  0.468558  0
11.040000  0.468417  0
11.066667  0.468276  0
11.093333  0.468135  0
11.120000  0.467993  0
11.146667  0.467852  0
11.173333  0.467711  0
11.200000  0.467570  0
11.226667  0.467428  0
11.253333  0.467287  0
11.280000  0.467146  0
11.306667  0.467005  0
11.333333  0.466864  0
11.360000  0.466722  0
11.386667  0.466581  0
11.413333  0.466440  0
11.440000  0.466299  0
11.466667  0.466158  0
11.493333  0.465951  0
11.520000  0.465494  0
11.546667  0.465038  0
11.573333  0.464582  0
11.600000  0.464126  0
11.626667  0.463669  0
11.653333  0.463213  0
11.680000  0.462757  0
11.706667  0.462301  0
11.733333  0.461845  0
11.760000  0.461388  0
11.786667  0.460932  0
11.813333  0.460476  0
11.840000  0.460020  0
11.866667  0.459563  0
11.893333  0.459107  0
11.920000  0.458651  0
11.946667  0.458195  0
11.973333  0.457738  0
12.000000  0.457282  0
12.026667  0.456826  0
12.053333  0.456370  0
12.080000  0.455913  0
12.106667  0.455457  0
12.133333  0.455001  0
12.160000  0.454545  0
12.186667  0.454088  0
12.213333  0.453632  0
12.240000  0.453176  0
12.266667  0.452720  0
12.293333  0.452263  0
12.320000  0.451807  0
12.346667  0.451351  0
12.373333  0.450895  0
12.400000  0.450438  0
12.426667  0.449982  0
12.453333  0.449526  0
12.480000  0.449070  0
12.506667  0.448614  0
12.533333  0.448157  0
12.560000  0.447701  0
12.586667  0.447245  0
12.613333  0.446789  0
12.640000  0.446332  0
12.666667  0.445876  0
12.693333  0.445420  0
12.720000  0.444964  0
12.746667  0.444507  0
12.773333  0.444051  0
12.800000  0.443595  0
12.826667  0.443139  0
12.853333  0.442791  0
12.880000  0.442541  0
12.906667  0.442292  0
12.933333  0.442042  0
12.960000  0.441793  0
12.986667  0.441543  0
13.013333  0.441293  0
13.040000  0.441044  0
13.066667  0.440794  0
13.093333  0.440545  0
13.120000  0.440295  0
13.146667  0.440046  0
13.173333  0.439796  0
13.200000  0.439547  0
13.226667  0.439297  0
13.253333  0.439048  0
13.280000  0.438798  0
13.306667  0.438549  0
13.333333  0.438299  0
13.360000  0.438050  0
13.386667  0.437800  0
13.413333  0.437551  0
13.440000  0.437301  0
13.466667  0.437051  0
13.493333  0.436802  0
13.520000  0.436552  0
13.546667  0.436303  0
13.573333  0.436053  0
13.600000  0.435804  0
13.626667  0.435554  0
13.653333  0.435305  0
13.680000  0.435055  0
13.706667  0.434806  0
13.733333  0.434556  0
13.760000  0.434307  0
13.786667  0.434057  0
13.813333  0.433808  0
13.840000  0.433558  0
13.866667  0.433309  0
13.893333  0.433059  0
13.920000  0.432809  0
13.946667  0.432560  0
13.973333  0.432310  0
14.000000  0.432061  0
14.026667  0.431811  0
14.053333  0.431562  0
14.080000  0.431312  0
14.106667  0.431063  0
14.133333  0.430813  0
14.160000  0.430564  0
14.186667  0.430314  0
14.213333  0.430065  0
14.240000  0.429815  0
14.266667  0.429566  0
14.293333  0.429316  0
14.320000  0.429067  0
14.346667  0.428817  0
14.373333  0.428567  0
14.400000  0.428318  0
14.426667  0.428068  0
14.453333  0.427819  0
14.480000  0.427569  0
14.506667  0.427320  0
14.533333  0.427070  0
14.560000  0.426821  0
14.586667  0.426571  0
14.613333  0.426322  0
14.640000  0.426072  0
14.666667  0.425823  0
14.693333  0.425573  0
14.720000  0.425324  0
14.746667  0.425074  0
14.773333  0.424825  0
14.800000  0.424575  0
14.826667  0.424325  0
14.853333  0.424076  0
14.880000  0.423826  0
14.906667  0.423577  0
14.933333  0.423327  0
14.960000  0.423078  0
14.986667  0.422828  0
15.013333  0.422579  0
15.040000  0.422329  0
15.066667  0.422080  0
15.093333  0.421830  0
15.120000  0.421581  0
15.146667  0.421331  0
15.173333  0.421082  0
15.200000  0.420832  0
15.226667  0.420583  0
15.253333  0.420333  0
15.280000  0.420083  0
15.306667  0.419834  0
15.333333  0.419584  0
15.360000  0.419335  0
15.386667  0.419085  0
15.413333  0.418836  0
15.440000  0.418586  0
15.466667  0.418337  0
15.493333  0.418087  0
15.520000  0.417838  0
15.546667  0.417588  0
15.573333  0.417339  0
15.600000  0.417089  0
15.626667  0.416840  0
15.653333  0.416590  0
15.680000  0.416341  0
15.706667  0.416091  0
15.733333  0.415841  0
15.760000  0.415592  0
15.786667  0.415342  0
15.813333  0.415093  0
15.840000  0.414843  0
15.866667  0.414594  0
15.893333  0.414344  0
15.920000  0.414095  0
15.946667  0.413845  0
15.973333  0.413596  0
16.000000  0.413346  0
16.026667  0.413097  0
16.053333  0.412847  0
16.080000  0.412598  0
16.106667  0.412348  0
16.133333  0.412098  0
16.160000  0.411849  0
16.186667  0.411599  0
16.213333  0.411350  0
16.240000  0.411100  0
16.266667  0.410851  0
16.293333  0.410601  0
16.320000  0.410352  0
16.346667  0.410102  0
16.373333  0.409853  0
16.400000  0.409603  0
16.426667  0.409354  0
16.453333  0.409104  0
16.480000  0.408855  0
16.506667  0.408605  0
16.533333  0.408356  0
16.560000  0.408106  0
16.586667  0.407856  0
16.613333  0.407607  0
16.640000  0.407357  0
16.666667  0.407108  0
16.693333  0.406858  0
16.720000  0.406609  0
16.746667  0.406359  0
16.773333  0.406110  0
16.800000  0.405860  0
16.826667  0.405611  0
16.853333  0.405361  0
16.880000  0.405112  0
16.906667  0.404862  0
16.933333  0.404613  0
16.960000  0.404363  0
16.986667  0.404114  0
17.013333  0.403864  0
17.040000  0.403614  0
17.066667  0.403365  0
17.093333  0.403115  0
17.120000  0.402866  0
17.146667  0.402616  0
17.173333  0.402367  0
17.200000  0.402117  0
17.226667  0.401868  0
17.253333  0.401618  0
17.280000  0.401369  0
17.306667  0.401119  0
17.333333  0.400870  0
17.360000  0.400620  0
17.386667  0.400371  0
17.413333  0.400121  0
17.440000  0.399872  0
17.466667  0.399622  0
17.493333  0.399372  0
17.520000  0.399123  0
17.546667  0.398873  0
17.573333  0.398624  0
17.600000  0.398374  0
17.626667  0.398125  0
17.653333  0.397875  0
17.680000  0.397626  0
17.706667  0.397376  0
17.733333  0.397127  0
17.760000  0.396877  0
17.786667  0.396628  0
17.813333  0.396378  0
17.840000  0.396129  0
17.866667  0.395879  0
17.893333  0.395630  0
17.920000  0.395380  0
17.946667  0.395130  0
17.973333  0.394881  0
18.000000  0.394631  0
18.026667  0.394382  0
18.053333  0.394132  0
18.080000  0.393883  0
18.106667  0.393633  0
18.133333  0.393384  0
18.160000  0.393134  0
18.186667  0.392885  0
18.213333  0.392635  0
18.240000  0.392386  0
18.266667  0.392136  0
18.293333  0.391887  0
18.320000  0.391637  0
18.346667  0.391388  0
18.373333  0.391138  0
18.400000  0.390888  0
18.426667  0.390639  0
18.453333  0.390389  0
18.480000  0.390140  0
18.506667  0.389890  0
18.533333  0.389641  0
18.560000  0.389391  0
18.586667  0.389142  0
18.613333  0.388892  0
18.640000  0.388643  0
18.666667  0.388393  0
18.693333  0.388144  0
18.720000  0.387894  0
18.746667  0.387645  0
18.773333  0.387395  0
18.800000  0.387146  0
18.826667  0.386896  0
18.853333  0.386646  0
18.880000  0.386397  0
18.906667  0.386147  0
18.933333  0.385898  0
18.960000  0.385648  0
18.986667  0.385399  0
19.013333  0.385149  0
19.040000  0.384900  0
19.066667  0.384650  0
19.093333  0.384401  0
19.120000  0.384151  0
19.146667  0.383902  0
19.173333  0.383652  0
19.200000  0.383403  0
19.226667  0.383153  0
19.253333  0.382904  0
