3.040000  0.739327  0
3.066667  0.738349  0
3.093333  0.737370  0
3.120000  0.736391  0
3.146667  0.735413  0
3.173333  0.734434  0
3.200000  0.733455  0
3.226667  0.732477  0
3.253333  0.731498  0
3.280000  0.730519  0
3.306667  0.729541  0
3.333333  0.728562  0
3.360000  0.727583  0
3.386667  0.726605  0
3.413333  0.725626  0
3.440000  0.724648  0
3.466667  0.723669  0
3.493333  0.722690  0
3.520000  0.721712  0
3.546667  0.720733  0
3.573333  0.719754  0
3.600000  0.718776  0
3.626667  0.717797  0
3.653333  0.716275  0
3.680000  0.714516  0
3.706667  0.712757  0
3.733333  0.710998  0
3.760000  0.709239  0
3.786667  0.707480  0
3.813333  0.705721  0
3.840000  0.703962  0
3.866667  0.702203  0
3.893333  0.700444  0
3.920000  0.698685  0
3.946667  0.696926  0
3.973333  0.695167  0
4.000000  0.693408  0
4.026667  0.691649  0
4.053333  0.689897  0
4.080000  0.688242  0
4.106667  0.686587  0
4.133333  0.684932  0
4.160000  0.683278  0
4.186667  0.681623  0
4.213333  0.679968  0
4.240000  0.678314  0
4.266667  0.676659  0
4.293333  0.675004  0
4.320000  0.673350  0
4.346667  0.671695  0
4.373333  0.670040  0
4.400000  0.668385  0
4.426667  0.666731  0
4.453333  0.665076  0
4.480000  0.663421  0
4.506667  0.661767  0
4.533333  0.660112  0
4.560000  0.658457  0
4.586667  0.656802  0
4.613333  0.655148  0
4.640000  0.653350  0
4.666667  0.651537  0
4.693333  0.649725  0
4.720000  0.647913  0
4.746667  0.646100  0
4.773333  0.644288  0
4.800000  0.642476  0
4.826667  0.640663  0
4.853333  0.638851  0
4.880000  0.637039  0
4.906667  0.635227  0
4.933333  0.633414  0
4.960000  0.631602  0
4.986667  0.629790  0
5.013333  0.627977  0
5.040000  0.626165  0
5.066667  0.624353  0
5.093333  0.622540  0
5.120000  0.620728  0
5.146667  0.618916  0
5.173333  0.617104  0
5.200000  0.615291  0
5.226667  0.613479  0
5.253333  0.611667  0
5.280000  0.609854  0
5.306667  0.608042  0
5.333333  0.606230  0
5.360000  0.604532  0
5.386667  0.603076  0
5.413333  0.601619  0
5.440000  0.600163  0
5.466667  0.598707  0
5.493333  0.597250  0
5.520000  0.595794  0
5.546667  0.594338  0
5.573333  0.592881  0
5.600000  0.591425  0
5.626667  0.589969  0
5.653333  0.588512  0
5.680000  0.587056  0
5.706667  0.585600  0
5.733333  0.584144  0
5.760000  0.582687  0
5.786667  0.581231  0
5.813333  0.579775  0
5.840000  0.578318  0
5.866667  0.576862  0
5.893333  0.575406  0
5.920000  0.573949  0
5.946667  0.572493  0
5.973333  0.571037  0
6.000000  0.569580  0
6.026667  0.568124  0
6.053333  0.566723  0
6.080000  0.565364  0
6.106667  0.564005  0
6.133333  0.562646  0
6.160000  0.561286  0
6.186667  0.559927  0
6.213333  0.558568  0
6.240000  0.557209  0
6.266667  0.555850  0
6.293333  0.554490  0
6.320000  0.553131  0
6.346667  0.551772  0
6.373333  0.550413  0
6.400000  0.549053  0
6.426667  0.547694  0
6.453333  0.546335  0
6.480000  0.544976  0
6.506667  0.543617  0
6.533333  0.542257  0
6.560000  0.540898  0
6.586667  0.539539  0
6.613333  0.538180  0
6.640000  0.536820  0
6.666667  0.535461  0
6.693333  0.534102  0
6.720000  0.532743  0
6.746667  0.531383  0
6.773333  0.530024  0
6.800000  0.528665  0
6.826667  0.527306  0
6.853333  0.525947  0
6.880000  0.524707  0
6.906667  0.523743  0
6.933333  0.522778  0
6.960000  0.521813  0
6.986667  0.520849  0
7.013333  0.519884  0
7.040000  0.518920  0
7.066667  0.517955  0
7.093333  0.516990  0
7.120000  0.516026  0
7.146667  0.515061  0
7.173333  0.514096  0
7.200000  0.513132  0
7.226667  0.512167  0
7.253333  0.511203  0
7.280000  0.510238  0
7.306667  0.509273  0
7.333333  0.508309  0
7.360000  0.507344  0
7.386667  0.506380  0
7.413333  0.505415  0
7.440000  0.504450  0
7.466667  0.503486  0
7.493333  0.502521  0
7.520000  0.501557  0
7.546667  0.500592  0
7.573333  0.499627  0
7.600000  0.498663  0
7.626667  0.497698  0
7.653333  0.496725  0
7.680000  0.495749  0
7.706667  0.494773  0
7.733333  0.493797  0
7.760000  0.492821  0
7.786667  0.491845  0
7.813333  0.490869  0
7.840000  0.489894  0
7.866667  0.488918  0
7.893333  0.487942  0
7.920000  0.486966  0
7.946667  0.485990  0
7.973333  0.485014  0
8.000000  0.484038  0
8.026667  0.483063  0
8.053333  0.482087  0
8.080000  0.481111  0
8.106667  0.480135  0
8.133333  0.479159  0
8.160000  0.478183  0
8.186667  0.477207  0
8.213333  0.476232  0
8.240000  0.475256  0
8.266667  0.474280  0
8.293333  0.473304  0
8.320000  0.472328  0
8.346667  0.471352  0
8.373333  0.470377  0
8.400000  0.469401  0
8.426667  0.468425  0
8.453333  0.467449  0
8.480000  0.466473  0
8.506667  0.465497  0
8.533333  0.464521  0
8.560000  0.463546  0
8.586667  0.462570  0
8.613333  0.462148  0
8.640000  0.461768  0
8.666667  0.461389  0
8.693333  0.461010  0
8.720000  0.460631  0
8.746667  0.460251  0
8.773333  0.459872  0
8.800000  0.459493  0
8.826667  0.459113  0
8.853333  0.458734  0
8.880000  0.458355  0
8.906667  0.457975  0
8.933333  0.457596  0
8.960000  0.457217  0
8.986667  0.456837  0
9.013333  0.456458  0
9.040000  0.456079  0
9.066667  0.455699  0
9.093333  0.455320  0
9.120000  0.454941  0
9.146667  0.454561  0
9.173333  0.454182  0
9.200000  0.453803  0
9.226667  0.453423  0
9.253333  0.453044  0
9.280000  0.452665  0
9.306667  0.452286  0
9.333333  0.451906  0
9.360000  0.451527  0
9.386667  0.451148  0
9.413333  0.450768  0
9.440000  0.450389  0
9.466667  0.450010  0
9.493333  0.449630  0
9.520000  0.449251  0
9.546667  0.448872  0
9.573333  0.448492  0
9.600000  0.448113  0
9.626667  0.447734  0
9.653333  0.447307  0
9.680000  0.446803  0
9.706667  0.446300  0
9.733333  0.445796  0
9.760000  0.445293  0
9.786667  0.444790  0
9.813333  0.444286  0
9.840000  0.443783  0
9.866667  0.443279  0
9.893333  0.442776  0
9.920000  0.442273  0
9.946667  0.441769  0
9.973333  0.441266  0
10.000000  0.440762  0
10.026667  0.440259  0
10.053333  0.439755  0
10.080000  0.439252  0
10.106667  0.438749  0
10.133333  0.438245  0
10.160000  0.437742  0
10.186667  0.437238  0
10.213333  0.436735  0
10.240000  0.436232  0
10.266667  0.435728  0
10.293333  0.435225  0
10.320000  0.434721  0
10.346667  0.434218  0
10.373333  0.433714  0
10.400000  0.433211  0
10.426667  0.432708  0
10.453333  0.432204  0
10.480000  0.431701  0
10.506667  0.431197  0
10.533333  0.430694  0
10.560000  0.430191  0
10.586667  0.429687  0
10.613333  0.429184  0
10.640000  0.428680  0
10.666667  0.428177  0
10.693333  0.427673  0
10.720000  0.427170  0
10.746667  0.426667  0
10.773333  0.426163  0
10.800000  0.425660  0
10.826667  0.425156  0
10.853333  0.424653  0
10.880000  0.424150  0
10.906667  0.423646  0
10.933333  0.423143  0
10.960000  0.422639  0
10.986667  0.422136  0
11.013333  0.421633  0
11.040000  0.421129  0
11.066667  0.420626  0
11.093333  0.420122  0
11.120000  0.419619  0
11.146667  0.419115  0
11.173333  0.418612  0
11.200000  0.418109  0
11.226667  0.417605  0
11.253333  0.417102  0
11.280000  0.416598  0
11.306667  0.416095  0
11.333333  0.415592  0
11.360000  0.415088  0
11.386667  0.414585  0
11.413333  0.414081  0
11.440000  0.413578  0
11.466667  0.413074  0
11.493333  0.412571  0
11.520000  0.412068  0
11.546667  0.411564  0
11.573333  0.411061  0
11.600000  0.410557  0
11.626667  0.410054  0
11.653333  0.409779  0
11.680000  0.409532  0
11.706667  0.409285  0
11.733333  0.409038  0
11.760000  0.408791  0
11.786667  0.408544  0
11.813333  0.408297  0
11.840000  0.408049  0
11.866667  0.407802  0
11.893333  0.407555  0
11.920000  0.407308  0
11.946667  0.407061  0
11.973333  0.406814  0
12.000000  0.406567  0
12.026667  0.406320  0
12.053333  0.406072  0
12.080000  0.405825  0
12.106667  0.405578  0
12.133333  0.405331  0
12.160000  0.405084  0
12.186667  0.404837  0
12.213333  0.404590  0
12.240000  0.404342  0
12.266667  0.404095  0
12.293333  0.403848  0
12.320000  0.403601  0
12.346667  0.403354  0
12.373333  0.403107  0
12.400000  0.402860  0
12.426667  0.402613  0
12.453333  0.402365  0
12.480000  0.402118  0
12.506667  0.401871  0
12.533333  0.401624  0
12.560000  0.401377  0
12.586667  0.401130  0
12.613333  0.400883  0
12.640000  0.400635  0
12.666667  0.400388  0
12.693333  0.400141  0
12.720000  0.399894  0
12.746667  0.399647  0
12.773333  0.399400  0
12.800000  0.399153  0
12.826667  0.398906  0
12.853333  0.398658  0
12.880000  0.398411  0
12.906667  0.398164  0
12.933333  0.397917  0
12.960000  0.397670  0
12.986667  0.397423  0
13.013333  0.397176  0
13.040000  0.396929  0
13.066667  0.396681  0
13.093333  0.396434  0
13.120000  0.396187  0
13.146667  0.395940  0
13.173333  0.395693  0
13.200000  0.395446  0
13.226667  0.395199  0
13.253333  0.394951  0
13.280000  0.394704  0
13.306667  0.394457  0
13.333333  0.394210  0
13.360000  0.393963  0
13.386667  0.393716  0
13.413333  0.393469  0
13.440000  0.393222  0
13.466667  0.392974  0
13.493333  0.392727  0
13.520000  0.392480  0
13.546667  0.392233  0
13.573333  0.391986  0
13.600000  0.391739  0
13.626667  0.391492  0
13.653333  0.391244  0
13.680000  0.390997  0
13.706667  0.390750  0
13.733333  0.390503  0
13.760000  0.390256  0
13.786667  0.390009  0
13.813333  0.390000  0
13.840000  0.390000  0
13.866667  0.390000  0
13.893333  0.390000  0
13.920000  0.390000  0
13.946667  0.390000  0
13.973333  0.390000  0
14.000000  0.390000  0
14.026667  0.390000  0
14.053333  0.390000  0
14.080000  0.390000  0
14.106667  0.390000  0
14.133333  0.390000  0
14.160000  0.390000  0
14.186667  0.390000  0
14.213333  0.390000  0
14.240000  0.390000  0
14.266667  0.390000  0
14.293333  0.390000  0
14.320000  0.390000  0
14.346667  0.390000  0
14.373333  0.390000  0
14.400000  0.390000  0
14.426667  0.390000  0
14.453333  0.390000  0
14.480000  0.390000  0
14.506667  0.390000  0
14.533333  0.390000  0
14.560000  0.390000  0
14.586667  0.390000  0
14.613333  0.390000  0
14.640000  0.390000  0
14.666667  0.390000  0
14.693333  0.390000  0
14.720000  0.390000  0
14.746667  0.390000  0
14.773333  0.390000  0
14.800000  0.390000  0
14.826667  0.390000  0
14.853333  0.390000  0
14.880000  0.390000  0
14.906667  0.390000  0
14.933333  0.390000  0
14.960000  0.390000  0
14.986667  0.390000  0
15.013333  0.390000  0
15.040000  0.390000  0
15.066667  0.390000  0
15.093333  0.390000  0
15.120000  0.390000  0
15.146667  0.390000  0
15.173333  0.390000  0
15.200000  0.390000  0
15.226667  0.390000  0
15.253333  0.390000  0
15.280000  0.390000  0
15.306667  0.390000  0
15.333333  0.390000  0
15.360000  0.390000  0
15.386667  0.390000  0
15.413333  0.390000  0
15.440000  0.390000  0
15.466667  0.390000  0
15.493333  0.390000  0
15.520000  0.390000  0
15.546667  0.390000  0
15.573333  0.390000  0
15.600000  0.390000  0
15.626667  0.390000  0
15.653333  0.390000  0
15.680000  0.390000  0
15.706667  0.390000  0
15.733333  0.390000  0
15.760000  0.390000  0
15.786667  0.390000  0
15.813333  0.390000  0
15.840000  0.390000  0
15.866667  0.390000  0
15.893333  0.390000  0
15.920000  0.390000  0
15.946667  0.390000  0
15.973333  0.390000  0
16.000000  0.390000  0
16.026667  0.390000  0
16.053333  0.390000  0
16.080000  0.390000  0
16.106667  0.390000  0
16.133333  0.389983  0
16.160000  0.389954  0
16.186667  0.389924  0
16.213333  0.389895  0
16.240000  0.389866  0
16.266667  0.389837  0
16.293333  0.389808  0
16.320000  0.389779  0
16.346667  0.389750  0
16.373333  0.389721  0
16.400000  0.389692  0
16.426667  0.389663  0
16.453333  0.389634  0
16.480000  0.389605  0
16.506667  0.389576  0
16.533333  0.389546  0
16.560000  0.389517  0
16.586667  0.389488  0
16.613333  0.389459  0
16.640000  0.389430  0
16.666667  0.389401  0
16.693333  0.389372  0
16.720000  0.389343  0
16.746667  0.389314  0
16.773333  0.389285  0
16.800000  0.389256  0
16.826667  0.389227  0
16.853333  0.389198  0
16.880000  0.389169  0
16.906667  0.389139  0
16.933333  0.389110  0
16.960000  0.389081  0
16.986667  0.389052  0
17.013333  0.389023  0
17.040000  0.388994  0
17.066667  0.388965  0
17.093333  0.388936  0
17.120000  0.388907  0
17.146667  0.388878  0
17.173333  0.388849  0
17.200000  0.388820  0
17.226667  0.388791  0
17.253333  0.388761  0
17.280000  0.388732  0
17.306667  0.388703  0
17.333333  0.388674  0
17.360000  0.388645  0
17.386667  0.388616  0
17.413333  0.388587  0
17.440000  0.388558  0
17.466667  0.388529  0
17.493333  0.388500  0
17.520000  0.388471  0
17.546667  0.388442  0
17.573333  0.388413  0
17.600000  0.388384  0
17.626667  0.388354  0
17.653333  0.388325  0
17.680000  0.388296  0
17.706667  0.388267  0
17.733333  0.388238  0
17.760000  0.388209  0
17.786667  0.388180  0
17.813333  0.388151  0
17.840000  0.388122  0
17.866667  0.388093  0
17.893333  0.388064  0
17.920000  0.388035  0
17.946667  0.388006  0
17.973333  0.387976  0
18.000000  0.387947  0
18.026667  0.387918  0
18.053333  0.387889  0
18.080000  0.387860  0
18.106667  0.387831  0
18.133333  0.387802  0
18.160000  0.387773  0
18.186667  0.387744  0
18.213333  0.387715  0
18.240000  0.387686  0
18.266667  0.387657  0
18.293333  0.387628  0
18.320000  0.387599  0
18.346667  0.387569  0
18.373333  0.387540  0
18.400000  0.387511  0
18.426667  0.387482  0
18.453333  0.387453  0
18.480000  0.387424  0
18.506667  0.387395  0
18.533333  0.387366  0
18.560000  0.387337  0
18.586667  0.387308  0
18.613333  0.387279  0
18.640000  0.387250  0
18.666667  0.387221  0
18.693333  0.387191  0
18.720000  0.387162  0
18.746667  0.387133  0
18.773333  0.387104  0
18.800000  0.387075  0
18.826667  0.387046  0
18.853333  0.387017  0
18.880000  0.386988  0
18.906667  0.386959  0
18.933333  0.386930  0
18.960000  0.386901  0
18.986667  0.386872  0
19.013333  0.386843  0
19.040000  0.386814  0
19.066667  0.386784  0
19.093333  0.386755  0
19.120000  0.386726  0
19.146667  0.386697  0
19.173333  0.386668  0
19.200000  0.386639  0
19.226667  0.386610  0
19.253333  0.386581  0
19.280000  0.386552  0
19.306667  0.386523  0
19.333333  0.386494  0
19.360000  0.386465  0
19.386667  0.386436  0
19.413333  0.386406  0
19.440000  0.386377  0
19.466667  0.386348  0
19.493333  0.386319  0
19.520000  0.386290  0
19.546667  0.386261  0
19.573333  0.386232  0
19.600000  0.386203  0
19.626667  0.386174  0
19.653333  0.386145  0
19.680000  0.386116  0
19.706667  0.386087  0
19.733333  0.386058  0
19.760000  0.386029  0
19.786667  0.385999  0
19.813333  0.385970  0
19.840000  0.385941  0
19.866667  0.385912  0
19.893333  0.385883  0
19.920000  0.385854  0
19.946667  0.385825  0
19.973333  0.385796  0
20.000000  0.385767  0
20.026667  0.385738  0
20.053333  0.385709  0
20.080000  0.385680  0
20.106667  0.385651  0
20.133333  0.385621  0
20.160000  0.385592  0
20.186667  0.385563  0
20.213333  0.385534  0
20.240000  0.385505  0
20.266667  0.385476  0
20.293333  0.385447  0
20.320000  0.385418  0
20.346667  0.385389  0
20.373333  0.385360  0
20.400000  0.385331  0
20.426667  0.385302  0
20.453333  0.385273  0
20.480000  0.385243  0
20.506667  0.385214  0
20.533333  0.385185  0
20.560000  0.385156  0
20.586667  0.385127  0
20.613333  0.385098  0
20.640000  0.385069  0
20.666667  0.385040  0
20.693333  0.385011  0
