2.773333  0.702572  0
2.800000  0.702376  0
2.826667  0.702089  0
2.853333  0.701784  0
2.880000  0.701478  0
2.906667  0.701172  0
2.933333  0.700865  0
2.960000  0.700559  0
2.986667  0.700253  0
3.013333  0.699946  0
3.040000  0.699640  0
3.066667  0.699334  0
3.093333  0.699024  0
3.120000  0.698700  0
3.146667  0.698353  0
3.173333  0.697993  0
3.200000  0.697630  0
3.226667  0.697266  0
3.253333  0.696902  0
3.280000  0.696538  0
3.306667  0.696175  0
3.333333  0.695811  0
3.360000  0.695447  0
3.386667  0.695083  0
3.413333  0.694711  0
3.440000  0.694301  0
3.466667  0.693824  0
3.493333  0.693292  0
3.520000  0.692741  0
3.546667  0.692187  0
3.573333  0.691633  0
3.600000  0.691079  0
3.626667  0.690525  0
3.653333  0.689970  0
3.680000  0.689416  0
3.706667  0.688862  0
3.733333  0.688308  0
3.760000  0.687754  0
3.786667  0.687199  0
3.813333  0.686644  0
3.840000  0.686072  0
3.866667  0.685421  0
3.893333  0.684616  0
3.920000  0.683680  0
3.946667  0.682690  0
3.973333  0.681690  0
4.000000  0.680690  0
4.026667  0.679690  0
4.053333  0.678690  0
4.080000  0.677689  0
4.106667  0.676689  0
4.133333  0.675689  0
4.160000  0.674689  0
4.186667  0.673689  0
4.213333  0.672688  0
4.240000  0.671688  0
4.266667  0.670688  0
4.293333  0.669686  0
4.320000  0.668677  0
4.346667  0.667658  0
4.373333  0.666633  0
4.400000  0.665606  0
4.426667  0.664579  0
4.453333  0.663552  0
4.480000  0.662525  0
4.506667  0.661498  0
4.533333  0.660471  0
4.560000  0.659444  0
4.586667  0.658418  0
4.613333  0.657391  0
4.640000  0.656364  0
4.666667  0.655337  0
4.693333  0.654310  0
4.720000  0.653283  0
4.746667  0.652256  0
4.773333  0.651229  0
4.800000  0.650202  0
4.826667  0.649175  0
4.853333  0.648148  0
4.880000  0.647121  0
4.906667  0.646094  0
4.933333  0.645067  0
4.960000  0.644040  0
4.986667  0.643013  0
5.013333  0.641986  0
5.040000  0.640959  0
5.066667  0.639932  0
5.093333  0.638905  0
5.120000  0.637879  0
5.146667  0.636852  0
5.173333  0.635825  0
5.200000  0.634798  0
5.226667  0.633771  0
5.253333  0.632744  0
5.280000  0.631717  0
5.306667  0.630690  0
5.333333  0.629663  0
5.360000  0.628636  0
5.386667  0.627609  0
5.413333  0.626582  0
5.440000  0.625555  0
5.466667  0.624528  0
5.493333  0.623501  0
5.520000  0.622474  0
5.546667  0.621447  0
5.573333  0.620420  0
5.600000  0.619393  0
5.626667  0.618367  0
5.653333  0.617340  0
5.680000  0.616313  0
5.706667  0.615286  0
5.733333  0.614259  0
5.760000  0.613232  0
5.786667  0.612205  0
5.813333  0.611178  0
5.840000  0.610151  0
5.866667  0.609124  0
5.893333  0.608097  0
5.920000  0.607070  0
5.946667  0.606043  0
5.973333  0.605016  0
6.000000  0.603989  0
6.026667  0.602963  0
6.053333  0.601939  0
6.080000  0.600917  0
6.106667  0.599852  0
6.133333  0.598684  0
6.160000  0.597447  0
6.186667  0.596194  0
6.213333  0.594939  0
6.240000  0.593685  0
6.266667  0.592430  0
6.293333  0.591175  0
6.320000  0.589921  0
6.346667  0.588666  0
6.373333  0.587411  0
6.400000  0.586157  0
6.426667  0.584902  0
6.453333  0.583647  0
6.480000  0.582393  0
6.506667  0.581138  0
6.533333  0.579883  0
6.560000  0.578629  0
6.586667  0.577371  0
6.613333  0.576084  0
6.640000  0.574658  0
6.666667  0.572994  0
6.693333  0.571168  0
6.720000  0.569296  0
6.746667  0.567419  0
6.773333  0.565540  0
6.800000  0.563662  0
6.826667  0.561784  0
6.853333  0.559906  0
6.880000  0.558028  0
6.906667  0.556150  0
6.933333  0.554271  0
6.960000  0.552393  0
6.986667  0.550515  0
7.013333  0.548637  0
7.040000  0.546759  0
7.066667  0.544880  0
7.093333  0.543002  0
7.120000  0.541124  0
7.146667  0.539246  0
7.173333  0.537368  0
7.200000  0.535490  0
7.226667  0.533623  0
7.253333  0.531807  0
7.280000  0.530100  0
7.306667  0.528505  0
7.333333  0.526960  0
7.360000  0.525425  0
7.386667  0.523891  0
7.413333  0.522357  0
7.440000  0.520823  0
7.466667  0.519290  0
7.493333  0.517756  0
7.520000  0.516222  0
7.546667  0.514688  0
7.573333  0.513154  0
7.600000  0.511620  0
7.626667  0.510086  0
7.653333  0.508552  0
7.680000  0.507018  0
7.706667  0.505484  0
7.733333  0.503950  0
7.760000  0.502417  0
7.786667  0.500883  0
7.813333  0.499351  0
7.840000  0.497841  0
7.866667  0.496436  0
7.893333  0.495209  0
7.920000  0.494104  0
7.946667  0.493034  0
7.973333  0.491970  0
8.000000  0.490905  0
8.026667  0.489840  0
8.053333  0.488776  0
8.080000  0.487711  0
8.106667  0.486647  0
8.133333  0.485582  0
8.160000  0.484518  0
8.186667  0.483453  0
8.213333  0.482388  0
8.240000  0.481324  0
8.266667  0.480259  0
8.293333  0.479195  0
8.320000  0.478130  0
8.346667  0.477066  0
8.373333  0.476001  0
8.400000  0.474937  0
8.426667  0.473872  0
8.453333  0.472807  0
8.480000  0.471743  0
8.506667  0.470678  0
8.533333  0.469614  0
8.560000  0.468549  0
8.586667  0.467485  0
8.613333  0.466421  0
8.640000  0.465371  0
8.666667  0.464391  0
8.693333  0.463565  0
8.720000  0.462896  0
8.746667  0.462302  0
8.773333  0.461722  0
8.800000  0.461143  0
8.826667  0.460565  0
8.853333  0.459986  0
8.880000  0.459407  0
8.906667  0.458829  0
8.933333  0.458250  0
8.960000  0.457671  0
8.986667  0.457093  0
9.013333  0.456514  0
9.040000  0.455935  0
9.066667  0.455357  0
9.093333  0.454778  0
9.120000  0.454199  0
9.146667  0.453621  0
9.173333  0.453042  0
9.200000  0.452463  0
9.226667  0.451885  0
9.253333  0.451306  0
9.280000  0.450728  0
9.306667  0.450149  0
9.333333  0.449570  0
9.360000  0.448992  0
9.386667  0.448413  0
9.413333  0.447834  0
9.440000  0.447256  0
9.466667  0.446678  0
9.493333  0.446106  0
9.520000  0.445568  0
9.546667  0.445101  0
9.573333  0.444705  0
9.600000  0.444343  0
9.626667  0.443986  0
9.653333  0.443630  0
9.680000  0.443274  0
9.706667  0.442919  0
9.733333  0.442563  0
9.760000  0.442207  0
9.786667  0.441851  0
9.813333  0.441495  0
9.840000  0.441139  0
9.866667  0.440783  0
9.893333  0.440427  0
9.920000  0.440072  0
9.946667  0.439716  0
9.973333  0.439360  0
10.000000  0.439004  0
10.026667  0.438648  0
10.053333  0.438292  0
10.080000  0.437936  0
10.106667  0.437581  0
10.133333  0.437225  0
10.160000  0.436869  0
10.186667  0.436513  0
10.213333  0.436157  0
10.240000  0.435801  0
10.266667  0.435445  0
10.293333  0.435089  0
10.320000  0.434734  0
10.346667  0.434378  0
10.373333  0.434022  0
10.400000  0.433666  0
10.426667  0.433310  0
10.453333  0.432954  0
10.480000  0.432598  0
10.506667  0.432243  0
10.533333  0.431889  0
10.560000  0.431544  0
10.586667  0.431220  0
10.613333  0.430916  0
10.640000  0.430620  0
10.666667  0.430327  0
10.693333  0.430033  0
10.720000  0.429740  0
10.746667  0.429446  0
10.773333  0.429153  0
10.800000  0.428860  0
10.826667  0.428566  0
10.853333  0.428273  0
10.880000  0.427979  0
10.906667  0.427686  0
10.933333  0.427392  0
10.960000  0.427099  0
10.986667  0.426805  0
11.013333  0.426512  0
11.040000  0.426218  0
11.066667  0.425925  0
11.093333  0.425631  0
11.120000  0.425338  0
11.146667  0.425045  0
11.173333  0.424751  0
11.200000  0.424458  0
11.226667  0.424164  0
11.253333  0.423871  0
11.280000  0.423577  0
11.306667  0.423284  0
11.333333  0.422990  0
11.360000  0.422697  0
11.386667  0.422403  0
11.413333  0.422111  0
11.440000  0.421829  0
11.466667  0.421594  0
11.493333  0.421437  0
11.520000  0.421328  0
11.546667  0.421229  0
11.573333  0.421131  0
11.600000  0.421033  0
11.626667  0.420934  0
11.653333  0.420836  0
11.680000  0.420738  0
11.706667  0.420640  0
11.733333  0.420542  0
11.760000  0.420443  0
11.786667  0.420345  0
11.813333  0.420247  0
11.840000  0.420149  0
11.866667  0.420051  0
11.893333  0.419953  0
11.920000  0.419854  0
11.946667  0.419756  0
11.973333  0.419658  0
12.000000  0.419560  0
12.026667  0.419462  0
12.053333  0.419363  0
12.080000  0.419265  0
12.106667  0.419167  0
12.133333  0.419069  0
12.160000  0.418971  0
12.186667  0.418873  0
12.213333  0.418774  0
12.240000  0.418676  0
12.266667  0.418578  0
12.293333  0.418480  0
12.320000  0.418382  0
12.346667  0.418284  0
12.373333  0.418185  0
12.400000  0.418087  0
12.426667  0.417989  0
12.453333  0.417891  0
12.480000  0.417793  0
12.506667  0.417694  0
12.533333  0.417596  0
12.560000  0.417498  0
12.586667  0.417400  0
12.613333  0.417302  0
12.640000  0.417204  0
12.666667  0.417105  0
12.693333  0.417007  0
12.720000  0.416909  0
12.746667  0.416811  0
12.773333  0.416713  0
12.800000  0.416614  0
12.826667  0.416516  0
12.853333  0.416418  0
12.880000  0.416320  0
12.906667  0.416222  0
12.933333  0.416124  0
12.960000  0.416025  0
12.986667  0.415927  0
13.013333  0.415829  0
13.040000  0.415731  0
13.066667  0.415633  0
13.093333  0.415534  0
13.120000  0.415436  0
13.146667  0.415338  0
13.173333  0.415240  0
13.200000  0.415142  0
13.226667  0.415044  0
13.253333  0.414945  0
13.280000  0.414847  0
13.306667  0.414749  0
13.333333  0.414651  0
13.360000  0.414553  0
13.386667  0.414454  0
13.413333  0.414356  0
13.440000  0.414258  0
13.466667  0.414160  0
13.493333  0.414062  0
13.520000  0.413964  0
13.546667  0.413865  0
13.573333  0.413767  0
13.600000  0.413669  0
13.626667  0.413571  0
13.653333  0.413473  0
13.680000  0.413374  0
13.706667  0.413276  0
13.733333  0.413178  0
13.760000  0.413080  0
13.786667  0.412982  0
13.813333  0.412884  0
13.840000  0.412785  0
13.866667  0.412687  0
13.893333  0.412589  0
13.920000  0.412491  0
13.946667  0.412393  0
13.973333  0.412294  0
14.000000  0.412196  0
14.026667  0.412098  0
14.053333  0.412000  0
14.080000  0.411902  0
14.106667  0.411804  0
14.133333  0.411705  0
14.160000  0.411607  0
14.186667  0.411509  0
14.213333  0.411411  0
14.240000  0.411313  0
14.266667  0.411214  0
14.293333  0.411116  0
14.320000  0.411018  0
14.346667  0.410920  0
14.373333  0.410822  0
14.400000  0.410724  0
14.426667  0.410625  0
14.453333  0.410527  0
14.480000  0.410429  0
14.506667  0.410331  0
14.533333  0.410233  0
14.560000  0.410134  0
14.586667  0.410036  0
14.613333  0.409938  0
14.640000  0.409840  0
14.666667  0.409742  0
14.693333  0.409644  0
14.720000  0.409545  0
14.746667  0.409447  0
14.773333  0.409349  0
14.800000  0.409251  0
14.826667  0.409153  0
14.853333  0.409054  0
14.880000  0.408956  0
14.906667  0.408858  0
14.933333  0.408760  0
14.960000  0.408662  0
14.986667  0.408564  0
15.013333  0.408465  0
15.040000  0.408367  0
15.066667  0.408269  0
15.093333  0.408171  0
15.120000  0.408073  0
15.146667  0.407974  0
15.173333  0.407876  0
15.200000  0.407778  0
15.226667  0.407680  0
15.253333  0.407582  0
15.280000  0.407484  0
15.306667  0.407385  0
15.333333  0.407287  0
15.360000  0.407189  0
15.386667  0.407091  0
15.413333  0.406993  0
15.440000  0.406894  0
15.466667  0.406796  0
15.493333  0.406698  0
15.520000  0.406600  0
15.546667  0.406502  0
15.573333  0.406404  0
15.600000  0.406305  0
15.626667  0.406207  0
15.653333  0.406109  0
15.680000  0.406011  0
15.706667  0.405913  0
15.733333  0.405814  0
15.760000  0.405716  0
15.786667  0.405618  0
15.813333  0.405520  0
15.840000  0.405422  0
15.866667  0.405324  0
15.893333  0.405225  0
15.920000  0.405127  0
15.946667  0.405029  0
15.973333  0.404931  0
16.000000  0.404833  0
16.026667  0.404734  0
16.053333  0.404636  0
16.080000  0.404538  0
16.106667  0.404440  0
16.133333  0.404342  0
16.160000  0.404244  0
16.186667  0.404145  0
16.213333  0.404047  0
16.240000  0.403949  0
16.266667  0.403851  0
16.293333  0.403753  0
16.320000  0.403655  0
16.346667  0.403556  0
16.373333  0.403458  0
16.400000  0.403360  0
16.426667  0.403262  0
16.453333  0.403164  0
16.480000  0.403065  0
16.506667  0.402967  0
16.533333  0.402869  0
16.560000  0.402771  0
16.586667  0.402673  0
16.613333  0.402575  0
16.640000  0.402476  0
16.666667  0.402378  0
16.693333  0.402280  0
16.720000  0.402183  0
16.746667  0.402087  0
16.773333  0.401993  0
16.800000  0.401900  0
16.826667  0.401806  0
16.853333  0.401713  0
16.880000  0.401619  0
16.906667  0.401526  0
16.933333  0.401432  0
16.960000  0.401339  0
16.986667  0.401246  0
17.013333  0.401152  0
17.040000  0.401059  0
17.066667  0.400965  0
17.093333  0.400872  0
17.120000  0.400778  0
17.146667  0.400685  0
17.173333  0.400592  0
17.200000  0.400498  0
17.226667  0.400405  0
17.253333  0.400311  0
17.280000  0.400218  0
17.306667  0.400124  0
17.333333  0.400031  0
17.360000  0.399938  0
17.386667  0.399844  0
17.413333  0.399751  0
17.440000  0.399657  0
17.466667  0.399564  0
17.493333  0.399470  0
17.520000  0.399377  0
17.546667  0.399284  0
17.573333  0.399190  0
17.600000  0.399097  0
17.626667  0.399003  0
17.653333  0.398910  0
17.680000  0.398816  0
17.706667  0.398723  0
17.733333  0.398630  0
17.760000  0.398536  0
17.786667  0.398443  0
17.813333  0.398349  0
17.840000  0.398256  0
17.866667  0.398162  0
17.893333  0.398069  0
17.920000  0.397975  0
17.946667  0.397882  0
17.973333  0.397789  0
18.000000  0.397695  0
18.026667  0.397602  0
18.053333  0.397508  0
18.080000  0.397415  0
18.106667  0.397321  0
18.133333  0.397228  0
18.160000  0.397135  0
18.186667  0.397041  0
18.213333  0.396948  0
18.240000  0.396854  0
18.266667  0.396761  0
18.293333  0.396667  0
18.320000  0.396574  0
18.346667  0.396481  0
18.373333  0.396387  0
18.400000  0.396294  0
18.426667  0.396200  0
18.453333  0.396107  0
18.480000  0.396013  0
18.506667  0.395920  0
18.533333  0.395827  0
18.560000  0.395733  0
18.586667  0.395640  0
18.613333  0.395546  0
18.640000  0.395453  0
18.666667  0.395359  0
18.693333  0.395266  0
18.720000  0.395173  0
18.746667  0.395079  0
18.773333  0.394986  0
18.800000  0.394892  0
18.826667  0.394799  0
18.853333  0.394705  0
18.880000  0.394612  0
18.906667  0.394519  0
18.933333  0.394425  0
18.960000  0.394332  0
18.986667  0.394238  0
19.013333  0.394145  0
19.040000  0.394051  0
19.066667  0.393958  0
19.093333  0.393864  0
19.120000  0.393771  0
19.146667  0.393678  0
19.173333  0.393584  0
19.200000  0.393491  0
19.226667  0.393397  0
19.253333  0.393304  0
19.280000  0.393210  0
19.306667  0.393117  0
19.333333  0.393024  0
19.360000  0.392930  0
19.386667  0.392837  0
19.413333  0.392743  0
19.440000  0.392650  0
19.466667  0.392556  0
19.493333  0.392463  0
19.520000  0.392370  0
19.546667  0.392276  0
19.573333  0.392183  0
19.600000  0.392089  0
19.626667  0.391996  0
19.653333  0.391902  0
19.680000  0.391809  0
19.706667  0.391716  0
19.733333  0.391622  0
19.760000  0.391529  0
19.786667  0.391435  0
19.813333  0.391342  0
19.840000  0.391248  0
19.866667  0.391155  0
19.893333  0.391062  0
19.920000  0.390968  0
19.946667  0.390875  0
19.973333  0.390781  0
20.000000  0.390688  0
20.026667  0.390594  0
20.053333  0.390501  0
20.080000  0.390408  0
20.106667  0.390314  0
20.133333  0.390221  0
20.160000  0.390127  0
20.186667  0.390034  0
20.213333  0.389940  0
20.240000  0.389847  0
20.266667  0.389753  0
20.293333  0.389660  0
20.320000  0.389567  0
20.346667  0.389473  0
20.373333  0.389380  0
20.400000  0.389286  0
20.426667  0.389193  0
20.453333  0.389099  0
20.480000  0.389006  0
20.506667  0.388913  0
20.533333  0.388819  0
20.560000  0.388726  0
20.586667  0.388632  0
20.613333  0.388539  0
20.640000  0.388445  0
20.666667  0.388352  0
20.693333  0.388259  0
20.720000  0.388165  0
20.746667  0.388072  0
20.773333  0.387978  0
20.800000  0.387885  0
20.826667  0.387791  0
20.853333  0.387698  0
20.880000  0.387605  0
20.906667  0.387511  0
20.933333  0.387418  0
20.960000  0.387324  0
20.986667  0.387231  0
21.013333  0.387137  0
21.040000  0.387044  0
21.066667  0.386951  0
21.093333  0.386858  0
21.120000  0.386770  0
21.146667  0.386710  0
