2.906667  0.829981  0
2.933333  0.824261  0
2.960000  0.818542  0
2.986667  0.812823  0
3.013333  0.807104  0
3.040000  0.801384  0
3.066667  0.795665  0
3.093333  0.789946  0
3.120000  0.784226  0
3.146667  0.778507  0
3.173333  0.772788  0
3.200000  0.768382  0
3.226667  0.766602  0
3.253333  0.764823  0
3.280000  0.763044  0
3.306667  0.761264  0
3.333333  0.759485  0
3.360000  0.757706  0
3.386667  0.755926  0
3.413333  0.754147  0
3.440000  0.752368  0
3.466667  0.750588  0
3.493333  0.748809  0
3.520000  0.747030  0
3.546667  0.745250  0
3.573333  0.743471  0
3.600000  0.741692  0
3.626667  0.740828  0
3.653333  0.740288  0
3.680000  0.739749  0
3.706667  0.739210  0
3.733333  0.738671  0
3.760000  0.738132  0
3.786667  0.737592  0
3.813333  0.737053  0
3.840000  0.736514  0
3.866667  0.735975  0
3.893333  0.735436  0
3.920000  0.734896  0
3.946667  0.734357  0
3.973333  0.733818  0
4.000000  0.733279  0
4.026667  0.732740  0
4.053333  0.732201  0
4.080000  0.731661  0
4.106667  0.731122  0
4.133333  0.730583  0
4.160000  0.730044  0
4.186667  0.729505  0
4.213333  0.728965  0
4.240000  0.728426  0
4.266667  0.727887  0
4.293333  0.727349  0
4.320000  0.727092  0
4.346667  0.726834  0
4.373333  0.726576  0
4.400000  0.726318  0
4.426667  0.726060  0
4.453333  0.725802  0
4.480000  0.725544  0
4.506667  0.725286  0
4.533333  0.725029  0
4.560000  0.724771  0
4.586667  0.724513  0
4.613333  0.724255  0
4.640000  0.723997  0
4.666667  0.723739  0
4.693333  0.723481  0
4.720000  0.723223  0
4.746667  0.722966  0
4.773333  0.722612  0
4.800000  0.721015  0
4.826667  0.719418  0
4.853333  0.717822  0
4.880000  0.716225  0
4.906667  0.714628  0
4.933333  0.713031  0
4.960000  0.711434  0
4.986667  0.709837  0
5.013333  0.708240  0
5.040000  0.706644  0
5.066667  0.705047  0
5.093333  0.703450  0
5.120000  0.701853  0
5.146667  0.700256  0
5.173333  0.698659  0
5.200000  0.697063  0
5.226667  0.695466  0
5.253333  0.693869  0
5.280000  0.692272  0
5.306667  0.690675  0
5.333333  0.689015  0
5.360000  0.687339  0
5.386667  0.685663  0
5.413333  0.683986  0
5.440000  0.682310  0
5.466667  0.680634  0
5.493333  0.678958  0
5.520000  0.677282  0
5.546667  0.675606  0
5.573333  0.673929  0
5.600000  0.672253  0
5.626667  0.670577  0
5.653333  0.668901  0
5.680000  0.667225  0
5.706667  0.665548  0
5.733333  0.663872  0
5.760000  0.662196  0
5.786667  0.660520  0
5.813333  0.657430  0
5.840000  0.654115  0
5.866667  0.650801  0
5.893333  0.647486  0
5.920000  0.644172  0
5.946667  0.640857  0
5.973333  0.637543  0
6.000000  0.634228  0
6.026667  0.630914  0
6.053333  0.627600  0
6.080000  0.624285  0
6.106667  0.620971  0
6.133333  0.617656  0
6.160000  0.613861  0
6.186667  0.609755  0
6.213333  0.605649  0
6.240000  0.601543  0
6.266667  0.597436  0
6.293333  0.593330  0
6.320000  0.589224  0
6.346667  0.585118  0
6.373333  0.581012  0
6.400000  0.576906  0
6.426667  0.573228  0
6.453333  0.570035  0
6.480000  0.566841  0
6.506667  0.563647  0
6.533333  0.560454  0
6.560000  0.557260  0
6.586667  0.554066  0
6.613333  0.550873  0
6.640000  0.547679  0
6.666667  0.544485  0
6.693333  0.542098  0
6.720000  0.541325  0
6.746667  0.540551  0
6.773333  0.539777  0
6.800000  0.539004  0
6.826667  0.538230  0
6.853333  0.537456  0
6.880000  0.536683  0
6.906667  0.535909  0
6.933333  0.535136  0
6.960000  0.534362  0
6.986667  0.533588  0
7.013333  0.532815  0
7.040000  0.532041  0
7.066667  0.531267  0
7.093333  0.530494  0
7.120000  0.529720  0
7.146667  0.528947  0
7.173333  0.528245  0
7.200000  0.527652  0
7.226667  0.527059  0
7.253333  0.526466  0
7.280000  0.525873  0
7.306667  0.525279  0
7.333333  0.524686  0
7.360000  0.524093  0
7.386667  0.523500  0
7.413333  0.522907  0
7.440000  0.522314  0
7.466667  0.521721  0
7.493333  0.521128  0
7.520000  0.520534  0
7.546667  0.519941  0
7.573333  0.519348  0
7.600000  0.518755  0
7.626667  0.518162  0
7.653333  0.517569  0
7.680000  0.516976  0
7.706667  0.516383  0
7.733333  0.515790  0
7.760000  0.515196  0
7.786667  0.514603  0
7.813333  0.514010  0
7.840000  0.513417  0
7.866667  0.512824  0
7.893333  0.512231  0
7.920000  0.511638  0
7.946667  0.511045  0
7.973333  0.510452  0
8.000000  0.509858  0
8.026667  0.509265  0
8.053333  0.508672  0
8.080000  0.508079  0
8.106667  0.507486  0
8.133333  0.506893  0
8.160000  0.506300  0
8.186667  0.505707  0
8.213333  0.505114  0
8.240000  0.504520  0
8.266667  0.503927  0
8.293333  0.503334  0
8.320000  0.502741  0
8.346667  0.502148  0
8.373333  0.501555  0
8.400000  0.500962  0
8.426667  0.500369  0
8.453333  0.499776  0
8.480000  0.499182  0
8.506667  0.498589  0
8.533333  0.497996  0
8.560000  0.497403  0
8.586667  0.496810  0
8.613333  0.496217  0
8.640000  0.495624  0
8.666667  0.495031  0
8.693333  0.494438  0
8.720000  0.493844  0
8.746667  0.493251  0
8.773333  0.492658  0
8.800000  0.492065  0
8.826667  0.491474  0
8.853333  0.490979  0
8.880000  0.490485  0
8.906667  0.489991  0
8.933333  0.489497  0
8.960000  0.489002  0
8.986667  0.488508  0
9.013333  0.488014  0
9.040000  0.487520  0
9.066667  0.487025  0
9.093333  0.486531  0
9.120000  0.486037  0
9.146667  0.485543  0
9.173333  0.485048  0
9.200000  0.484554  0
9.226667  0.484060  0
9.253333  0.483566  0
9.280000  0.483071  0
9.306667  0.482577  0
9.333333  0.482083  0
9.360000  0.481588  0
9.386667  0.481094  0
9.413333  0.480600  0
9.440000  0.480106  0
9.466667  0.479611  0
9.493333  0.479117  0
9.520000  0.478623  0
9.546667  0.478129  0
9.573333  0.477634  0
9.600000  0.477140  0
9.626667  0.476646  0
9.653333  0.476152  0
9.680000  0.475657  0
9.706667  0.475163  0
9.733333  0.474669  0
9.760000  0.474175  0
9.786667  0.473680  0
9.813333  0.473186  0
9.840000  0.472692  0
9.866667  0.472198  0
9.893333  0.471703  0
9.920000  0.471209  0
9.946667  0.470715  0
9.973333  0.470220  0
10.000000  0.469726  0
10.026667  0.469232  0
10.053333  0.468738  0
10.080000  0.468243  0
10.106667  0.467749  0
10.133333  0.467255  0
10.160000  0.466761  0
10.186667  0.466266  0
10.213333  0.465667  0
10.240000  0.464983  0
10.266667  0.464298  0
10.293333  0.463614  0
10.320000  0.462929  0
10.346667  0.462245  0
10.373333  0.461561  0
10.400000  0.460876  0
10.426667  0.460192  0
10.453333  0.459508  0
10.480000  0.458823  0
10.506667  0.458139  0
10.533333  0.457455  0
10.560000  0.456770  0
10.586667  0.456086  0
10.613333  0.455401  0
10.640000  0.454717  0
10.666667  0.454033  0
10.693333  0.453348  0
10.720000  0.452664  0
10.746667  0.451980  0
10.773333  0.451295  0
10.800000  0.450611  0
10.826667  0.449927  0
10.853333  0.449242  0
10.880000  0.448558  0
10.906667  0.447873  0
10.933333  0.447189  0
10.960000  0.446505  0
10.986667  0.445820  0
11.013333  0.445136  0
11.040000  0.444452  0
11.066667  0.443767  0
11.093333  0.443083  0
11.120000  0.442399  0
11.146667  0.441714  0
11.173333  0.441030  0
11.200000  0.440346  0
11.226667  0.439661  0
11.253333  0.438977  0
11.280000  0.438296  0
11.306667  0.438154  0
11.333333  0.438013  0
11.360000  0.437872  0
11.386667  0.437731  0
11.413333  0.437590  0
11.440000  0.437448  0
11.466667  0.437307  0
11.493333  0.437166  0
11.520000  0.437025  0
11.546667  0.436883  0
11.573333  0.436742  0
11.600000  0.436601  0
11.626667  0.436460  0
11.653333  0.436319  0
11.680000  0.436177  0
11.706667  0.436036  0
11.733333  0.435895  0
11.760000  0.435754  0
11.786667  0.435613  0
11.813333  0.435471  0
11.840000  0.435330  0
11.866667  0.435189  0
11.893333  0.435048  0
11.920000  0.434906  0
11.946667  0.434765  0
11.973333  0.434624  0
12.000000  0.434483  0
12.026667  0.434342  0
12.053333  0.434200  0
12.080000  0.434059  0
12.106667  0.433918  0
12.133333  0.433777  0
12.160000  0.433635  0
12.186667  0.433494  0
12.213333  0.433353  0
12.240000  0.433212  0
12.266667  0.433071  0
12.293333  0.432929  0
12.320000  0.432788  0
12.346667  0.432647  0
12.373333  0.432506  0
12.400000  0.432365  0
12.426667  0.432223  0
12.453333  0.432082  0
12.480000  0.431941  0
12.506667  0.431800  0
12.533333  0.431658  0
12.560000  0.431517  0
12.586667  0.431376  0
12.613333  0.431203  0
12.640000  0.431026  0
12.666667  0.430849  0
12.693333  0.430672  0
12.720000  0.430495  0
12.746667  0.430318  0
12.773333  0.430141  0
12.800000  0.429964  0
12.826667  0.429787  0
12.853333  0.429610  0
12.880000  0.429433  0
12.906667  0.429256  0
12.933333  0.429079  0
12.960000  0.428902  0
12.986667  0.428725  0
13.013333  0.428547  0
13.040000  0.428370  0
13.066667  0.428193  0
13.093333  0.428016  0
13.120000  0.427839  0
13.146667  0.427662  0
13.173333  0.427485  0
13.200000  0.427308  0
13.226667  0.427131  0
13.253333  0.426954  0
13.280000  0.426777  0
13.306667  0.426600  0
13.333333  0.426423  0
13.360000  0.426246  0
13.386667  0.426069  0
13.413333  0.425892  0
13.440000  0.425715  0
13.466667  0.425538  0
13.493333  0.425361  0
13.520000  0.425184  0
13.546667  0.425007  0
13.573333  0.424829  0
13.600000  0.424652  0
13.626667  0.424475  0
13.653333  0.424298  0
13.680000  0.424121  0
13.706667  0.423944  0
13.733333  0.423767  0
13.760000  0.423590  0
13.786667  0.423413  0
13.813333  0.423236  0
13.840000  0.423059  0
13.866667  0.422882  0
13.893333  0.422705  0
13.920000  0.422528  0
13.946667  0.422351  0
13.973333  0.422174  0
14.000000  0.422029  0
14.026667  0.421902  0
14.053333  0.421776  0
14.080000  0.421649  0
14.106667  0.421523  0
14.133333  0.421396  0
14.160000  0.421269  0
14.186667  0.421143  0
14.213333  0.421016  0
14.240000  0.420890  0
14.266667  0.420763  0
14.293333  0.420636  0
14.320000  0.420510  0
14.346667  0.420383  0
14.373333  0.420257  0
14.400000  0.420130  0
14.426667  0.420004  0
14.453333  0.419877  0
14.480000  0.419750  0
14.506667  0.419624  0
14.533333  0.419497  0
14.560000  0.419371  0
14.586667  0.419244  0
14.613333  0.419118  0
14.640000  0.418991  0
14.666667  0.418864  0
14.693333  0.418738  0
14.720000  0.418611  0
14.746667  0.418485  0
14.773333  0.418358  0
14.800000  0.418231  0
14.826667  0.418105  0
14.853333  0.417978  0
14.880000  0.417852  0
14.906667  0.417725  0
14.933333  0.417599  0
14.960000  0.417472  0
14.986667  0.417345  0
15.013333  0.417219  0
15.040000  0.417092  0
15.066667  0.416966  0
15.093333  0.416839  0
15.120000  0.416713  0
15.146667  0.416586  0
15.173333  0.416459  0
15.200000  0.416333  0
15.226667  0.416206  0
15.253333  0.416080  0
15.280000  0.415953  0
15.306667  0.415826  0
15.333333  0.415700  0
15.360000  0.415573  0
15.386667  0.415447  0
15.413333  0.415320  0
15.440000  0.415194  0
15.466667  0.415067  0
15.493333  0.414940  0
15.520000  0.414814  0
15.546667  0.414687  0
15.573333  0.414561  0
15.600000  0.414434  0
15.626667  0.414308  0
15.653333  0.414181  0
15.680000  0.414054  0
15.706667  0.413928  0
15.733333  0.413801  0
15.760000  0.413675  0
15.786667  0.413548  0
15.813333  0.413421  0
15.840000  0.413295  0
15.866667  0.413168  0
15.893333  0.413042  0
15.920000  0.412915  0
15.946667  0.412789  0
15.973333  0.412662  0
16.000000  0.412535  0
16.026667  0.412409  0
16.053333  0.412282  0
16.080000  0.412156  0
16.106667  0.412029  0
16.133333  0.411903  0
16.160000  0.411776  0
16.186667  0.411649  0
16.213333  0.411523  0
16.240000  0.411396  0
16.266667  0.411270  0
16.293333  0.411143  0
16.320000  0.411016  0
16.346667  0.410890  0
16.373333  0.410763  0
16.400000  0.410637  0
16.426667  0.410510  0
16.453333  0.410384  0
16.480000  0.410257  0
16.506667  0.410130  0
16.533333  0.410004  0
16.560000  0.409877  0
16.586667  0.409751  0
16.613333  0.409624  0
16.640000  0.409498  0
16.666667  0.409371  0
16.693333  0.409244  0
16.720000  0.409118  0
16.746667  0.408991  0
16.773333  0.408865  0
16.800000  0.408738  0
16.826667  0.408611  0
16.853333  0.408485  0
16.880000  0.408358  0
16.906667  0.408232  0
16.933333  0.408105  0
16.960000  0.407979  0
16.986667  0.407852  0
17.013333  0.407725  0
17.040000  0.407599  0
17.066667  0.407472  0
17.093333  0.407346  0
17.120000  0.407219  0
17.146667  0.407093  0
17.173333  0.406966  0
17.200000  0.406839  0
17.226667  0.406713  0
17.253333  0.406586  0
17.280000  0.406460  0
17.306667  0.406333  0
17.333333  0.406206  0
17.360000  0.406080  0
17.386667  0.405953  0
17.413333  0.405878  0
17.440000  0.405818  0
17.466667  0.405759  0
17.493333  0.405700  0
17.520000  0.405640  0
17.546667  0.405581  0
17.573333  0.405522  0
17.600000  0.405462  0
17.626667  0.405403  0
17.653333  0.405344  0
17.680000  0.405284  0
17.706667  0.405225  0
17.733333  0.405166  0
17.760000  0.405107  0
17.786667  0.405047  0
17.813333  0.404988  0
17.840000  0.404929  0
17.866667  0.404869  0
17.893333  0.404810  0
17.920000  0.404751  0
17.946667  0.404691  0
17.973333  0.404632  0
18.000000  0.404573  0
18.026667  0.404513  0
18.053333  0.404454  0
18.080000  0.404395  0
18.106667  0.404335  0
18.133333  0.404276  0
18.160000  0.404217  0
18.186667  0.404158  0
18.213333  0.404098  0
18.240000  0.404039  0
18.266667  0.403980  0
18.293333  0.403920  0
18.320000  0.403861  0
18.346667  0.403802  0
18.373333  0.403742  0
18.400000  0.403683  0
18.426667  0.403624  0
18.453333  0.403564  0
18.480000  0.403505  0
18.506667  0.403446  0
18.533333  0.403386  0
18.560000  0.403327  0
18.586667  0.403268  0
18.613333  0.403209  0
18.640000  0.403149  0
18.666667  0.403090  0
18.693333  0.403031  0
18.720000  0.402971  0
18.746667  0.402912  0
18.773333  0.402853  0
18.800000  0.402793  0
18.826667  0.402734  0
18.853333  0.402675  0
18.880000  0.402615  0
18.906667  0.402556  0
18.933333  0.402497  0
18.960000  0.402438  0
18.986667  0.402378  0
19.013333  0.402319  0
19.040000  0.402260  0
19.066667  0.402200  0
19.093333  0.402141  0
19.120000  0.402082  0
19.146667  0.402022  0
19.173333  0.401963  0
19.200000  0.401904  0
19.226667  0.401844  0
19.253333  0.401785  0
19.280000  0.401726  0
19.306667  0.401666  0
19.333333  0.401607  0
19.360000  0.401548  0
19.386667  0.401489  0
19.413333  0.401429  0
19.440000  0.401370  0
19.466667  0.401311  0
19.493333  0.401251  0
19.520000  0.401192  0
19.546667  0.401133  0
19.573333  0.401073  0
19.600000  0.401014  0
19.626667  0.400955  0
19.653333  0.400895  0
19.680000  0.400836  0
19.706667  0.400777  0
19.733333  0.400717  0
19.760000  0.400658  0
19.786667  0.400599  0
19.813333  0.400540  0
19.840000  0.400480  0
19.866667  0.400421  0
19.893333  0.400362  0
19.920000  0.400302  0
19.946667  0.400243  0
19.973333  0.400184  0
20.000000  0.400124  0
20.026667  0.400065  0
20.053333  0.400006  0
20.080000  0.399946  0
20.106667  0.399887  0
20.133333  0.399828  0
20.160000  0.399769  0
20.186667  0.399709  0
20.213333  0.399650  0
20.240000  0.399591  0
20.266667  0.399531  0
20.293333  0.399472  0
20.320000  0.399413  0
20.346667  0.399353  0
20.373333  0.399294  0
20.400000  0.399235  0
20.426667  0.399175  0
20.453333  0.399116  0
20.480000  0.399057  0
20.506667  0.398997  0
