2.720000  0.653892  0
2.746667  0.653200  0
2.773333  0.652507  0
2.800000  0.651814  0
2.826667  0.651121  0
2.853333  0.650428  0
2.880000  0.649736  0
2.906667  0.649043  0
2.933333  0.648350  0
2.960000  0.647657  0
2.986667  0.646964  0
3.013333  0.646272  0
3.040000  0.645579  0
3.066667  0.644886  0
3.093333  0.644193  0
3.120000  0.643500  0
3.146667  0.642890  0
3.173333  0.642537  0
3.200000  0.642185  0
3.226667  0.641832  0
3.253333  0.641479  0
3.280000  0.641127  0
3.306667  0.640774  0
3.333333  0.640421  0
3.360000  0.640069  0
3.386667  0.639716  0
3.413333  0.639363  0
3.440000  0.639011  0
3.466667  0.638658  0
3.493333  0.638305  0
3.520000  0.637952  0
3.546667  0.637600  0
3.573333  0.637247  0
3.600000  0.636894  0
3.626667  0.636542  0
3.653333  0.636189  0
3.680000  0.635836  0
3.706667  0.635484  0
3.733333  0.635131  0
3.760000  0.634778  0
3.786667  0.634425  0
3.813333  0.634073  0
3.840000  0.634056  0
3.866667  0.634056  0
3.893333  0.634056  0
3.920000  0.634056  0
3.946667  0.634056  0
3.973333  0.633438  0
4.000000  0.632386  0
4.026667  0.631335  0
4.053333  0.630284  0
4.080000  0.630201  0
4.106667  0.630046  0
4.133333  0.629829  0
4.160000  0.629558  0
4.186667  0.629232  0
4.213333  0.628852  0
4.240000  0.628419  0
4.266667  0.627934  0
4.293333  0.627401  0
4.320000  0.626823  0
4.346667  0.626207  0
4.373333  0.625560  0
4.400000  0.624888  0
4.426667  0.624200  0
4.453333  0.623503  0
4.480000  0.622805  0
4.506667  0.622112  0
4.533333  0.621428  0
4.560000  0.620759  0
4.586667  0.620106  0
4.613333  0.619468  0
4.640000  0.618844  0
4.666667  0.618231  0
4.693333  0.617623  0
4.720000  0.617014  0
4.746667  0.616397  0
4.773333  0.615764  0
4.800000  0.615107  0
4.826667  0.614418  0
4.853333  0.613688  0
4.880000  0.612911  0
4.906667  0.612081  0
4.933333  0.611194  0
4.960000  0.610246  0
4.986667  0.609236  0
5.013333  0.608165  0
5.040000  0.607034  0
5.066667  0.605847  0
5.093333  0.604609  0
5.120000  0.603325  0
5.146667  0.602003  0
5.173333  0.600651  0
5.200000  0.599279  0
5.226667  0.597894  0
5.253333  0.596508  0
5.280000  0.595128  0
5.306667  0.593763  0
5.333333  0.592422  0
5.360000  0.591110  0
5.386667  0.589832  0
5.413333  0.588592  0
5.440000  0.587392  0
5.466667  0.586231  0
5.493333  0.585107  0
5.520000  0.584017  0
5.546667  0.582955  0
5.573333  0.581916  0
5.600000  0.580892  0
5.626667  0.579876  0
5.653333  0.578859  0
5.680000  0.577833  0
5.706667  0.576790  0
5.733333  0.575725  0
5.760000  0.574631  0
5.786667  0.573504  0
5.813333  0.572340  0
5.840000  0.571136  0
5.866667  0.569893  0
5.893333  0.568609  0
5.920000  0.567284  0
5.946667  0.565921  0
5.973333  0.564520  0
6.000000  0.563083  0
6.026667  0.561611  0
6.053333  0.560105  0
6.080000  0.558568  0
6.106667  0.557001  0
6.133333  0.555404  0
6.160000  0.553778  0
6.186667  0.552125  0
6.213333  0.550447  0
6.240000  0.548743  0
6.266667  0.547018  0
6.293333  0.545272  0
6.320000  0.543509  0
6.346667  0.541732  0
6.373333  0.539945  0
6.400000  0.538153  0
6.426667  0.536360  0
6.453333  0.534572  0
6.480000  0.532793  0
6.506667  0.531028  0
6.533333  0.529283  0
6.560000  0.527562  0
6.586667  0.525869  0
6.613333  0.524208  0
6.640000  0.522581  0
6.666667  0.520990  0
6.693333  0.519435  0
6.720000  0.517918  0
6.746667  0.516437  0
6.773333  0.514992  0
6.800000  0.513581  0
6.826667  0.512201  0
6.853333  0.510851  0
6.880000  0.509527  0
6.906667  0.508227  0
6.933333  0.506948  0
6.960000  0.505689  0
6.986667  0.504447  0
7.013333  0.503222  0
7.040000  0.502012  0
7.066667  0.500817  0
7.093333  0.499637  0
7.120000  0.498474  0
7.146667  0.497329  0
7.173333  0.496203  0
7.200000  0.495099  0
7.226667  0.494019  0
7.253333  0.492965  0
7.280000  0.491938  0
7.306667  0.490941  0
7.333333  0.489974  0
7.360000  0.489040  0
7.386667  0.488137  0
7.413333  0.487266  0
7.440000  0.486426  0
7.466667  0.485616  0
7.493333  0.484832  0
7.520000  0.484072  0
7.546667  0.483333  0
7.573333  0.482611  0
7.600000  0.481902  0
7.626667  0.481203  0
7.653333  0.480509  0
7.680000  0.479816  0
7.706667  0.479119  0
7.733333  0.478414  0
7.760000  0.477698  0
7.786667  0.476967  0
7.813333  0.476217  0
7.840000  0.475446  0
7.866667  0.474650  0
7.893333  0.473827  0
7.920000  0.472975  0
7.946667  0.472093  0
7.973333  0.471179  0
8.000000  0.470233  0
8.026667  0.469255  0
8.053333  0.468244  0
8.080000  0.467200  0
8.106667  0.466125  0
8.133333  0.465019  0
8.160000  0.463883  0
8.186667  0.462718  0
8.213333  0.461526  0
8.240000  0.460308  0
8.266667  0.459065  0
8.293333  0.457803  0
8.320000  0.456542  0
8.346667  0.455342  0
8.373333  0.454304  0
8.400000  0.453494  0
8.426667  0.452880  0
8.453333  0.452370  0
8.480000  0.451896  0
8.506667  0.451429  0
8.533333  0.450964  0
8.560000  0.450499  0
8.586667  0.450034  0
8.613333  0.449569  0
8.640000  0.449103  0
8.666667  0.448638  0
8.693333  0.448173  0
8.720000  0.447708  0
8.746667  0.447243  0
8.773333  0.446777  0
8.800000  0.446312  0
8.826667  0.445847  0
8.853333  0.445382  0
8.880000  0.444916  0
8.906667  0.444451  0
8.933333  0.443986  0
8.960000  0.443521  0
8.986667  0.443056  0
9.013333  0.442590  0
9.040000  0.442125  0
9.066667  0.441660  0
9.093333  0.441195  0
9.120000  0.440730  0
9.146667  0.440264  0
9.173333  0.439799  0
9.200000  0.439334  0
9.226667  0.438869  0
9.253333  0.438404  0
9.280000  0.437938  0
9.306667  0.437473  0
9.333333  0.437008  0
9.360000  0.436543  0
9.386667  0.436078  0
9.413333  0.435612  0
9.440000  0.435147  0
9.466667  0.434682  0
9.493333  0.434217  0
9.520000  0.433752  0
9.546667  0.433286  0
9.573333  0.432821  0
9.600000  0.432356  0
9.626667  0.431891  0
9.653333  0.431426  0
9.680000  0.430960  0
9.706667  0.430495  0
9.733333  0.430030  0
9.760000  0.429565  0
9.786667  0.429099  0
9.813333  0.428634  0
9.840000  0.428169  0
9.866667  0.427704  0
9.893333  0.427242  0
9.920000  0.426793  0
9.946667  0.426393  0
9.973333  0.426099  0
10.000000  0.425945  0
10.026667  0.425906  0
10.053333  0.425933  0
10.080000  0.425991  0
10.106667  0.426072  0
10.133333  0.426173  0
10.160000  0.426295  0
10.186667  0.426436  0
10.213333  0.426594  0
10.240000  0.426766  0
10.266667  0.426947  0
10.293333  0.427131  0
10.320000  0.427312  0
10.346667  0.427484  0
10.373333  0.427639  0
10.400000  0.427773  0
10.426667  0.427879  0
10.453333  0.427953  0
10.480000  0.427991  0
10.506667  0.427990  0
10.533333  0.427949  0
10.560000  0.427867  0
10.586667  0.427744  0
10.613333  0.427582  0
10.640000  0.427382  0
10.666667  0.427148  0
10.693333  0.426884  0
10.720000  0.426591  0
10.746667  0.426276  0
10.773333  0.425940  0
10.800000  0.425590  0
10.826667  0.425229  0
10.853333  0.424860  0
10.880000  0.424489  0
10.906667  0.424119  0
10.933333  0.423754  0
10.960000  0.423397  0
10.986667  0.423052  0
11.013333  0.422721  0
11.040000  0.422407  0
11.066667  0.422113  0
11.093333  0.421840  0
11.120000  0.421592  0
11.146667  0.421368  0
11.173333  0.421170  0
11.200000  0.420999  0
11.226667  0.420854  0
11.253333  0.420736  0
11.280000  0.420642  0
11.306667  0.420572  0
11.333333  0.420525  0
11.360000  0.420497  0
11.386667  0.420486  0
11.413333  0.420490  0
11.440000  0.420505  0
11.466667  0.420528  0
11.493333  0.420556  0
11.520000  0.420586  0
11.546667  0.420614  0
11.573333  0.420638  0
11.600000  0.420655  0
11.626667  0.420662  0
11.653333  0.420659  0
11.680000  0.420643  0
11.706667  0.420613  0
11.733333  0.420571  0
11.760000  0.420514  0
11.786667  0.420445  0
11.813333  0.420363  0
11.840000  0.420269  0
11.866667  0.420165  0
11.893333  0.420051  0
11.920000  0.419929  0
11.946667  0.419800  0
11.973333  0.419663  0
12.000000  0.419520  0
12.026667  0.419371  0
12.053333  0.419216  0
12.080000  0.419053  0
12.106667  0.418881  0
12.133333  0.418700  0
12.160000  0.418507  0
12.186667  0.418300  0
12.213333  0.418077  0
12.240000  0.417836  0
12.266667  0.417574  0
12.293333  0.417289  0
12.320000  0.416979  0
12.346667  0.416643  0
12.373333  0.416279  0
12.400000  0.415889  0
12.426667  0.415472  0
12.453333  0.415030  0
12.480000  0.414565  0
12.506667  0.414081  0
12.533333  0.413582  0
12.560000  0.413074  0
12.586667  0.412561  0
12.613333  0.412051  0
12.640000  0.411549  0
12.666667  0.411063  0
12.693333  0.410598  0
12.720000  0.410160  0
12.746667  0.409755  0
12.773333  0.409386  0
12.800000  0.409057  0
12.826667  0.408770  0
12.853333  0.408526  0
12.880000  0.408323  0
12.906667  0.408161  0
12.933333  0.408036  0
12.960000  0.407944  0
12.986667  0.407881  0
13.013333  0.407841  0
13.040000  0.407820  0
13.066667  0.407812  0
13.093333  0.407811  0
13.120000  0.407814  0
13.146667  0.407817  0
13.173333  0.407817  0
13.200000  0.407813  0
13.226667  0.407803  0
13.253333  0.407787  0
13.280000  0.407766  0
13.306667  0.407742  0
13.333333  0.407717  0
13.360000  0.407693  0
13.386667  0.407671  0
13.413333  0.407654  0
13.440000  0.407644  0
13.466667  0.407643  0
13.493333  0.407650  0
13.520000  0.407667  0
13.546667  0.407694  0
13.573333  0.407729  0
13.600000  0.407774  0
13.626667  0.407825  0
13.653333  0.407883  0
13.680000  0.407945  0
13.706667  0.408010  0
13.733333  0.408077  0
13.760000  0.408145  0
13.786667  0.408213  0
13.813333  0.408279  0
13.840000  0.408342  0
13.866667  0.408404  0
13.893333  0.408462  0
13.920000  0.408517  0
13.946667  0.408569  0
13.973333  0.408618  0
14.000000  0.408663  0
14.026667  0.408706  0
14.053333  0.408745  0
14.080000  0.408781  0
14.106667  0.408815  0
14.133333  0.408845  0
14.160000  0.408872  0
14.186667  0.408896  0
14.213333  0.408917  0
14.240000  0.408934  0
14.266667  0.408946  0
14.293333  0.408954  0
14.320000  0.408956  0
14.346667  0.408953  0
14.373333  0.408944  0
14.400000  0.408929  0
14.426667  0.408907  0
14.453333  0.408877  0
14.480000  0.408841  0
14.506667  0.408798  0
14.533333  0.408748  0
14.560000  0.408692  0
14.586667  0.408629  0
14.613333  0.408562  0
14.640000  0.408491  0
14.666667  0.408417  0
14.693333  0.408341  0
14.720000  0.408265  0
14.746667  0.408189  0
14.773333  0.408115  0
14.800000  0.408045  0
14.826667  0.407980  0
14.853333  0.407921  0
14.880000  0.407869  0
14.906667  0.407824  0
14.933333  0.407789  0
14.960000  0.407764  0
14.986667  0.407751  0
15.013333  0.407662  0
15.040000  0.407574  0
15.066667  0.407486  0
15.093333  0.407397  0
15.120000  0.407309  0
15.146667  0.407221  0
15.173333  0.407132  0
15.200000  0.407044  0
15.226667  0.406956  0
15.253333  0.406867  0
15.280000  0.406779  0
15.306667  0.406691  0
15.333333  0.406602  0
15.360000  0.406514  0
15.386667  0.406426  0
15.413333  0.406337  0
15.440000  0.406249  0
15.466667  0.406161  0
15.493333  0.406072  0
15.520000  0.405984  0
15.546667  0.405896  0
15.573333  0.405807  0
15.600000  0.405719  0
15.626667  0.405631  0
15.653333  0.405542  0
15.680000  0.405454  0
15.706667  0.405366  0
15.733333  0.405277  0
15.760000  0.405189  0
15.786667  0.405101  0
15.813333  0.405012  0
15.840000  0.404924  0
15.866667  0.404836  0
15.893333  0.404748  0
15.920000  0.404659  0
15.946667  0.404571  0
15.973333  0.404483  0
16.000000  0.404394  0
16.026667  0.404306  0
16.053333  0.404218  0
16.080000  0.404129  0
16.106667  0.404041  0
16.133333  0.403953  0
16.160000  0.403864  0
16.186667  0.403776  0
16.213333  0.403688  0
16.240000  0.403599  0
16.266667  0.403511  0
16.293333  0.403423  0
16.320000  0.403334  0
16.346667  0.403246  0
16.373333  0.403158  0
16.400000  0.403069  0
16.426667  0.402981  0
16.453333  0.402893  0
16.480000  0.402804  0
16.506667  0.402716  0
16.533333  0.402628  0
16.560000  0.402539  0
16.586667  0.402451  0
16.613333  0.402363  0
16.640000  0.402274  0
16.666667  0.402186  0
16.693333  0.402098  0
16.720000  0.402009  0
16.746667  0.401921  0
16.773333  0.401833  0
16.800000  0.401744  0
16.826667  0.401656  0
16.853333  0.401568  0
16.880000  0.401479  0
16.906667  0.401391  0
16.933333  0.401303  0
16.960000  0.401214  0
16.986667  0.401126  0
17.013333  0.401038  0
17.040000  0.400949  0
17.066667  0.400861  0
17.093333  0.400773  0
17.120000  0.400685  0
17.146667  0.400596  0
17.173333  0.400508  0
17.200000  0.400420  0
17.226667  0.400331  0
17.253333  0.400243  0
17.280000  0.400155  0
17.306667  0.400066  0
17.333333  0.399978  0
17.360000  0.399890  0
17.386667  0.399801  0
17.413333  0.399713  0
17.440000  0.399625  0
17.466667  0.399536  0
17.493333  0.399448  0
17.520000  0.399360  0
17.546667  0.399271  0
17.573333  0.399183  0
17.600000  0.399095  0
17.626667  0.399006  0
17.653333  0.398918  0
17.680000  0.398830  0
17.706667  0.398741  0
17.733333  0.398653  0
17.760000  0.398565  0
17.786667  0.398476  0
17.813333  0.398388  0
17.840000  0.398300  0
17.866667  0.398211  0
17.893333  0.398123  0
17.920000  0.398035  0
17.946667  0.397946  0
17.973333  0.397858  0
18.000000  0.397770  0
18.026667  0.397681  0
18.053333  0.397593  0
18.080000  0.397505  0
18.106667  0.397416  0
18.133333  0.397328  0
18.160000  0.397240  0
18.186667  0.397151  0
18.213333  0.397063  0
18.240000  0.396975  0
18.266667  0.396887  0
18.293333  0.396798  0
18.320000  0.396710  0
18.346667  0.396622  0
18.373333  0.396533  0
18.400000  0.396445  0
18.426667  0.396357  0
18.453333  0.396268  0
18.480000  0.396180  0
18.506667  0.396092  0
18.533333  0.396003  0
18.560000  0.395915  0
18.586667  0.395827  0
18.613333  0.395738  0
18.640000  0.395650  0
18.666667  0.395562  0
18.693333  0.395473  0
18.720000  0.395385  0
18.746667  0.395297  0
18.773333  0.395208  0
18.800000  0.395120  0
18.826667  0.395032  0
18.853333  0.394943  0
18.880000  0.394855  0
18.906667  0.394767  0
18.933333  0.394678  0
18.960000  0.394590  0
18.986667  0.394502  0
19.013333  0.394413  0
19.040000  0.394325  0
19.066667  0.394237  0
19.093333  0.394148  0
19.120000  0.394060  0
19.146667  0.393972  0
19.173333  0.393883  0
19.200000  0.393795  0
19.226667  0.393707  0
19.253333  0.393618  0
19.280000  0.393530  0
19.306667  0.393442  0
19.333333  0.393353  0
19.360000  0.393265  0
19.386667  0.393177  0
19.413333  0.393089  0
19.440000  0.393000  0
19.466667  0.392912  0
19.493333  0.392824  0
19.520000  0.392735  0
19.546667  0.392647  0
19.573333  0.392559  0
19.600000  0.392470  0
19.626667  0.392382  0
19.653333  0.392294  0
19.680000  0.392205  0
19.706667  0.392117  0
19.733333  0.392029  0
19.760000  0.391940  0
19.786667  0.391852  0
19.813333  0.391764  0
19.840000  0.391675  0
19.866667  0.391587  0
19.893333  0.391499  0
19.920000  0.391410  0
19.946667  0.391322  0
19.973333  0.391234  0
20.000000  0.391145  0
20.026667  0.391057  0
20.053333  0.390969  0
20.080000  0.390880  0
20.106667  0.390792  0
20.133333  0.390704  0
20.160000  0.390615  0
20.186667  0.390527  0
20.213333  0.390439  0
20.240000  0.390350  0
20.266667  0.390262  0
20.293333  0.390174  0
20.320000  0.390085  0
20.346667  0.389997  0
20.373333  0.389909  0
20.400000  0.389820  0
20.426667  0.389732  0
20.453333  0.389644  0
20.480000  0.389555  0
20.506667  0.389467  0
20.533333  0.389379  0
20.560000  0.389291  0
20.586667  0.389202  0
20.613333  0.389114  0
20.640000  0.389026  0
20.666667  0.388937  0
20.693333  0.388849  0
20.720000  0.388761  0
20.746667  0.388672  0
20.773333  0.388584  0
20.800000  0.388496  0
20.826667  0.388407  0
20.853333  0.388319  0
20.880000  0.388231  0
20.906667  0.388142  0
20.933333  0.388054  0
20.960000  0.387966  0
20.986667  0.387877  0
21.013333  0.387789  0
21.040000  0.387701  0
21.066667  0.387612  0
21.093333  0.387524  0
21.120000  0.387436  0
21.146667  0.387347  0
21.173333  0.387259  0
21.200000  0.387171  0
21.226667  0.387082  0
21.253333  0.386994  0
21.280000  0.386906  0
21.306667  0.386817  0
21.333333  0.386729  0
21.360000  0.386641  0
21.386667  0.386552  0
21.413333  0.386464  0
21.440000  0.386376  0
21.466667  0.386287  0
21.493333  0.386199  0
21.520000  0.386111  0
21.546667  0.386022  0
21.573333  0.385934  0
21.600000  0.385846  0
21.626667  0.385757  0
21.653333  0.385669  0
21.680000  0.385581  0
21.706667  0.385493  0
21.733333  0.385404  0
21.760000  0.385316  0
21.786667  0.385228  0
21.813333  0.385139  0
21.840000  0.385051  0
21.866667  0.384963  0
21.893333  0.384874  0
21.920000  0.384786  0
21.946667  0.384698  0
21.973333  0.384609  0
22.000000  0.384521  0
22.026667  0.384433  0
22.053333  0.384344  0
22.080000  0.384256  0
22.106667  0.384168  0
22.133333  0.384079  0
22.160000  0.383991  0
22.186667  0.383903  0
22.213333  0.383814  0
22.240000  0.383726  0
22.266667  0.383638  0
22.293333  0.383549  0
22.320000  0.383461  0
22.346667  0.383373  0
22.373333  0.383284  0
22.400000  0.383196  0
22.426667  0.383108  0
22.453333  0.383019  0
22.480000  0.382931  0
22.506667  0.382843  0
22.533333  0.382754  0
22.560000  0.382666  0
22.586667  0.382578  0
22.613333  0.382489  0
22.640000  0.382401  0
22.666667  0.382313  0
22.693333  0.382224  0
22.720000  0.382136  0
