2.880000  0.852410  0
2.906667  0.851538  0
2.933333  0.850666  0
2.960000  0.849794  0
2.986667  0.848922  0
3.013333  0.848050  0
3.040000  0.847179  0
3.066667  0.846307  0
3.093333  0.845435  0
3.120000  0.844563  0
3.146667  0.843691  0
3.173333  0.842819  0
3.200000  0.841947  0
3.226667  0.841075  0
3.253333  0.840203  0
3.280000  0.839331  0
3.306667  0.838459  0
3.333333  0.837587  0
3.360000  0.836715  0
3.386667  0.835843  0
3.413333  0.834971  0
3.440000  0.834099  0
3.466667  0.833228  0
3.493333  0.832356  0
3.520000  0.831484  0
3.546667  0.830612  0
3.573333  0.829740  0
3.600000  0.828868  0
3.626667  0.827996  0
3.653333  0.827124  0
3.680000  0.826252  0
3.706667  0.825380  0
3.733333  0.824508  0
3.760000  0.823636  0
3.786667  0.822764  0
3.813333  0.821892  0
3.840000  0.821020  0
3.866667  0.820148  0
3.893333  0.819277  0
3.920000  0.818405  0
3.946667  0.817533  0
3.973333  0.816661  0
4.000000  0.815789  0
4.026667  0.814917  0
4.053333  0.814045  0
4.080000  0.813173  0
4.106667  0.812301  0
4.133333  0.811429  0
4.160000  0.810557  0
4.186667  0.809685  0
4.213333  0.808813  0
4.240000  0.807941  0
4.266667  0.807069  0
4.293333  0.806197  0
4.320000  0.805326  0
4.346667  0.804454  0
4.373333  0.803582  0
4.400000  0.802710  0
4.426667  0.801838  0
4.453333  0.800966  0
4.480000  0.800094  0
4.506667  0.799222  0
4.533333  0.798350  0
4.560000  0.797478  0
4.586667  0.796606  0
4.613333  0.795734  0
4.640000  0.794862  0
4.666667  0.793990  0
4.693333  0.793118  0
4.720000  0.792246  0
4.746667  0.791375  0
4.773333  0.790503  0
4.800000  0.789631  0
4.826667  0.788759  0
4.853333  0.787887  0
4.880000  0.787015  0
4.906667  0.786143  0
4.933333  0.785271  0
4.960000  0.784399  0
4.986667  0.783527  0
5.013333  0.782655  0
5.040000  0.781783  0
5.066667  0.780911  0
5.093333  0.780039  0
5.120000  0.779167  0
5.146667  0.778295  0
5.173333  0.777424  0
5.200000  0.776552  0
5.226667  0.775680  0
5.253333  0.774808  0
5.280000  0.773936  0
5.306667  0.773064  0
5.333333  0.772192  0
5.360000  0.771320  0
5.386667  0.770448  0
5.413333  0.769576  0
5.440000  0.768704  0
5.466667  0.767832  0
5.493333  0.766960  0
5.520000  0.766088  0
5.546667  0.765216  0
5.573333  0.764344  0
5.600000  0.763473  0
5.626667  0.762601  0
5.653333  0.761729  0
5.680000  0.760857  0
5.706667  0.759985  0
5.733333  0.759113  0
5.760000  0.758241  0
5.786667  0.757369  0
5.813333  0.756497  0
5.840000  0.755625  0
5.866667  0.754753  0
5.893333  0.753881  0
5.920000  0.753009  0
5.946667  0.752137  0
5.973333  0.751265  0
6.000000  0.750393  0
6.026667  0.749522  0
6.053333  0.748650  0
6.080000  0.747778  0
6.106667  0.746906  0
6.133333  0.746034  0
6.160000  0.745162  0
6.186667  0.744290  0
6.213333  0.743418  0
6.240000  0.742546  0
6.266667  0.741674  0
6.293333  0.740802  0
6.320000  0.739930  0
6.346667  0.739058  0
6.373333  0.738186  0
6.400000  0.737314  0
6.426667  0.736442  0
6.453333  0.735571  0
6.480000  0.734699  0
6.506667  0.733827  0
6.533333  0.732955  0
6.560000  0.732083  0
6.586667  0.731211  0
6.613333  0.730339  0
6.640000  0.729467  0
6.666667  0.728595  0
6.693333  0.727723  0
6.720000  0.726851  0
6.746667  0.725979  0
6.773333  0.725107  0
6.800000  0.724235  0
6.826667  0.723363  0
6.853333  0.722491  0
6.880000  0.721620  0
6.906667  0.720748  0
6.933333  0.719876  0
6.960000  0.718713  0
6.986667  0.717300  0
7.013333  0.715903  0
7.040000  0.714522  0
7.066667  0.713158  0
7.093333  0.711817  0
7.120000  0.710491  0
7.146667  0.709194  0
7.173333  0.707911  0
7.200000  0.706661  0
7.226667  0.705421  0
7.253333  0.704219  0
7.280000  0.703024  0
7.306667  0.701868  0
7.333333  0.700716  0
7.360000  0.699605  0
7.386667  0.698494  0
7.413333  0.697423  0
7.440000  0.696353  0
7.466667  0.695319  0
7.493333  0.694287  0
7.520000  0.693288  0
7.546667  0.692292  0
7.573333  0.691325  0
7.600000  0.690364  0
7.626667  0.689430  0
7.653333  0.688504  0
7.680000  0.687603  0
7.706667  0.686712  0
7.733333  0.685844  0
7.760000  0.684990  0
7.786667  0.684157  0
7.813333  0.683341  0
7.840000  0.682545  0
7.866667  0.681768  0
7.893333  0.681009  0
7.920000  0.680273  0
7.946667  0.679552  0
7.973333  0.678858  0
8.000000  0.678176  0
8.026667  0.677524  0
8.053333  0.676881  0
8.080000  0.676270  0
8.106667  0.675665  0
8.133333  0.675092  0
8.160000  0.674524  0
8.186667  0.673987  0
8.213333  0.673451  0
8.240000  0.672944  0
8.266667  0.672438  0
8.293333  0.671954  0
8.320000  0.671472  0
8.346667  0.671004  0
8.373333  0.670537  0
8.400000  0.670078  0
8.426667  0.669620  0
8.453333  0.669163  0
8.480000  0.668706  0
8.506667  0.668246  0
8.533333  0.667784  0
8.560000  0.667315  0
8.586667  0.666843  0
8.613333  0.666364  0
8.640000  0.665879  0
8.666667  0.665388  0
8.693333  0.664891  0
8.720000  0.664388  0
8.746667  0.663879  0
8.773333  0.663366  0
8.800000  0.662847  0
8.826667  0.662326  0
8.853333  0.661800  0
8.880000  0.661273  0
8.906667  0.660742  0
8.933333  0.660211  0
8.960000  0.659676  0
8.986667  0.659141  0
9.013333  0.658603  0
9.040000  0.658064  0
9.066667  0.657521  0
9.093333  0.656977  0
9.120000  0.656427  0
9.146667  0.655876  0
9.173333  0.655316  0
9.200000  0.654756  0
9.226667  0.654185  0
9.253333  0.653613  0
9.280000  0.653031  0
9.306667  0.652446  0
9.333333  0.651853  0
9.360000  0.651256  0
9.386667  0.650653  0
9.413333  0.650046  0
9.440000  0.649434  0
9.466667  0.648820  0
9.493333  0.648205  0
9.520000  0.647588  0
9.546667  0.646973  0
9.573333  0.646360  0
9.600000  0.645751  0
9.626667  0.645147  0
9.653333  0.644549  0
9.680000  0.643963  0
9.706667  0.643383  0
9.733333  0.642822  0
9.760000  0.642269  0
9.786667  0.641743  0
9.813333  0.641223  0
9.840000  0.640741  0
9.866667  0.640264  0
9.893333  0.639836  0
9.920000  0.639409  0
9.946667  0.639044  0
9.973333  0.638679  0
10.000000  0.638378  0
10.026667  0.638081  0
10.053333  0.637845  0
10.080000  0.637619  0
10.106667  0.637447  0
10.133333  0.637289  0
10.160000  0.637176  0
10.186667  0.637078  0
10.213333  0.637013  0
10.240000  0.636963  0
10.266667  0.636934  0
10.293333  0.636917  0
10.320000  0.636907  0
10.346667  0.636904  0
10.373333  0.636898  0
10.400000  0.636889  0
10.426667  0.636870  0
10.453333  0.636838  0
10.480000  0.636792  0
10.506667  0.636721  0
10.533333  0.636635  0
10.560000  0.636515  0
10.586667  0.636382  0
10.613333  0.636205  0
10.640000  0.636018  0
10.666667  0.635783  0
10.693333  0.635543  0
10.720000  0.635252  0
10.746667  0.634960  0
10.773333  0.634620  0
10.800000  0.634279  0
10.826667  0.633900  0
10.853333  0.633519  0
10.880000  0.633112  0
10.906667  0.632702  0
10.933333  0.632277  0
10.960000  0.631849  0
10.986667  0.631417  0
11.013333  0.630984  0
11.040000  0.630554  0
11.066667  0.630127  0
11.093333  0.629709  0
11.120000  0.629297  0
11.146667  0.628899  0
11.173333  0.628512  0
11.200000  0.628139  0
11.226667  0.627781  0
11.253333  0.627439  0
11.280000  0.627115  0
11.306667  0.626805  0
11.333333  0.626517  0
11.360000  0.626240  0
11.386667  0.625988  0
11.413333  0.625745  0
11.440000  0.625528  0
11.466667  0.625318  0
11.493333  0.625134  0
11.520000  0.624953  0
11.546667  0.624800  0
11.573333  0.624648  0
11.600000  0.624522  0
11.626667  0.624396  0
11.653333  0.624296  0
11.680000  0.624195  0
11.706667  0.624116  0
11.733333  0.624039  0
11.760000  0.623979  0
11.786667  0.623923  0
11.813333  0.623881  0
11.840000  0.623843  0
11.866667  0.623817  0
11.893333  0.623796  0
11.920000  0.623785  0
11.946667  0.623779  0
11.973333  0.623780  0
12.000000  0.623787  0
12.026667  0.623800  0
12.053333  0.623818  0
12.080000  0.623840  0
12.106667  0.623867  0
12.133333  0.623897  0
12.160000  0.623933  0
12.186667  0.623970  0
12.213333  0.624011  0
12.240000  0.624053  0
12.266667  0.624099  0
12.293333  0.624146  0
12.320000  0.624195  0
12.346667  0.624245  0
12.373333  0.624295  0
12.400000  0.624346  0
12.426667  0.624397  0
12.453333  0.624448  0
12.480000  0.624496  0
12.506667  0.624545  0
12.533333  0.624591  0
12.560000  0.624636  0
12.586667  0.624678  0
12.613333  0.624718  0
12.640000  0.624754  0
12.666667  0.624789  0
12.693333  0.624819  0
12.720000  0.624847  0
12.746667  0.624869  0
12.773333  0.624890  0
12.800000  0.624904  0
12.826667  0.624916  0
12.853333  0.624921  0
12.880000  0.624921  0
12.906667  0.624915  0
12.933333  0.624900  0
12.960000  0.624878  0
12.986667  0.624843  0
13.013333  0.624800  0
13.040000  0.624738  0
13.066667  0.624666  0
13.093333  0.624569  0
13.120000  0.624461  0
13.146667  0.624316  0
13.173333  0.624163  0
13.200000  0.623960  0
13.226667  0.623752  0
13.253333  0.623482  0
13.280000  0.623210  0
13.306667  0.622864  0
13.333333  0.622519  0
13.360000  0.622097  0
13.386667  0.621673  0
13.413333  0.621179  0
13.440000  0.620678  0
13.466667  0.620119  0
13.493333  0.619548  0
13.520000  0.618935  0
13.546667  0.618310  0
13.573333  0.617660  0
13.600000  0.617001  0
13.626667  0.616335  0
13.653333  0.615665  0
13.680000  0.615003  0
13.706667  0.614348  0
13.733333  0.613713  0
13.760000  0.613095  0
13.786667  0.612502  0
13.813333  0.611940  0
13.840000  0.611402  0
13.866667  0.610904  0
13.893333  0.610425  0
13.920000  0.609990  0
13.946667  0.609567  0
13.973333  0.609184  0
14.000000  0.608807  0
14.026667  0.608457  0
14.053333  0.608109  0
14.080000  0.607770  0
14.106667  0.607431  0
14.133333  0.607082  0
14.160000  0.606732  0
14.186667  0.606354  0
14.213333  0.605975  0
14.240000  0.605561  0
14.266667  0.605143  0
14.293333  0.604694  0
14.320000  0.604239  0
14.346667  0.603763  0
14.373333  0.603281  0
14.400000  0.602794  0
14.426667  0.602305  0
14.453333  0.601828  0
14.480000  0.601356  0
14.506667  0.600909  0
14.533333  0.600480  0
14.560000  0.600084  0
14.586667  0.599717  0
14.613333  0.599386  0
14.640000  0.599096  0
14.666667  0.598838  0
14.693333  0.598629  0
14.720000  0.598444  0
14.746667  0.598309  0
14.773333  0.598190  0
14.800000  0.598117  0
14.826667  0.598051  0
14.853333  0.598020  0
14.880000  0.597992  0
14.906667  0.597985  0
14.933333  0.597978  0
14.960000  0.597978  0
14.986667  0.597979  0
15.013333  0.597837  0
15.040000  0.597695  0
15.066667  0.597552  0
15.093333  0.597410  0
15.120000  0.597268  0
15.146667  0.597126  0
15.173333  0.596983  0
15.200000  0.596841  0
15.226667  0.596699  0
15.253333  0.596556  0
15.280000  0.596414  0
15.306667  0.596272  0
15.333333  0.596130  0
15.360000  0.595987  0
15.386667  0.595845  0
15.413333  0.595703  0
15.440000  0.595561  0
15.466667  0.595418  0
15.493333  0.595276  0
15.520000  0.595134  0
15.546667  0.594992  0
15.573333  0.594849  0
15.600000  0.594707  0
15.626667  0.594565  0
15.653333  0.594423  0
15.680000  0.594280  0
15.706667  0.594138  0
15.733333  0.593996  0
15.760000  0.593854  0
15.786667  0.593711  0
15.813333  0.593569  0
15.840000  0.593427  0
15.866667  0.593284  0
15.893333  0.593142  0
15.920000  0.593000  0
15.946667  0.592858  0
15.973333  0.592715  0
16.000000  0.592573  0
16.026667  0.592431  0
16.053333  0.592289  0
16.080000  0.592146  0
16.106667  0.592004  0
16.133333  0.591862  0
16.160000  0.591720  0
16.186667  0.591577  0
16.213333  0.591435  0
16.240000  0.591293  0
16.266667  0.591151  0
16.293333  0.591008  0
16.320000  0.590866  0
16.346667  0.590724  0
16.373333  0.590582  0
16.400000  0.590439  0
16.426667  0.590297  0
16.453333  0.590155  0
16.480000  0.590013  0
16.506667  0.589870  0
16.533333  0.589728  0
16.560000  0.589586  0
16.586667  0.589443  0
16.613333  0.589301  0
16.640000  0.589159  0
16.666667  0.589017  0
16.693333  0.588874  0
16.720000  0.588732  0
16.746667  0.588590  0
16.773333  0.588448  0
16.800000  0.588305  0
16.826667  0.588163  0
16.853333  0.588021  0
16.880000  0.587879  0
16.906667  0.587736  0
16.933333  0.587594  0
16.960000  0.587452  0
16.986667  0.587310  0
17.013333  0.587167  0
17.040000  0.587025  0
17.066667  0.586883  0
17.093333  0.586741  0
17.120000  0.586598  0
17.146667  0.586456  0
17.173333  0.586314  0
17.200000  0.586171  0
17.226667  0.586029  0
17.253333  0.585887  0
17.280000  0.585745  0
17.306667  0.585602  0
17.333333  0.585460  0
17.360000  0.585318  0
17.386667  0.585176  0
17.413333  0.585033  0
17.440000  0.584891  0
17.466667  0.584749  0
17.493333  0.584607  0
17.520000  0.584464  0
17.546667  0.584322  0
17.573333  0.584180  0
17.600000  0.584038  0
17.626667  0.583895  0
17.653333  0.583753  0
17.680000  0.583611  0
17.706667  0.583469  0
17.733333  0.583326  0
17.760000  0.583184  0
17.786667  0.583042  0
17.813333  0.582899  0
17.840000  0.582757  0
17.866667  0.582615  0
17.893333  0.582473  0
17.920000  0.582330  0
17.946667  0.582188  0
17.973333  0.582046  0
18.000000  0.581904  0
18.026667  0.581761  0
18.053333  0.581619  0
18.080000  0.581477  0
18.106667  0.581335  0
18.133333  0.581192  0
18.160000  0.581050  0
18.186667  0.580908  0
18.213333  0.580766  0
18.240000  0.580623  0
18.266667  0.580481  0
18.293333  0.580339  0
18.320000  0.580197  0
18.346667  0.580054  0
18.373333  0.579912  0
18.400000  0.579770  0
18.426667  0.579628  0
18.453333  0.579485  0
18.480000  0.579343  0
18.506667  0.579201  0
18.533333  0.579058  0
18.560000  0.578916  0
18.586667  0.578774  0
18.613333  0.578632  0
18.640000  0.578489  0
18.666667  0.578347  0
18.693333  0.578205  0
18.720000  0.578063  0
18.746667  0.577920  0
18.773333  0.577778  0
18.800000  0.577636  0
18.826667  0.577494  0
18.853333  0.577351  0
18.880000  0.577209  0
18.906667  0.577067  0
18.933333  0.576925  0
18.960000  0.576782  0
18.986667  0.576640  0
19.013333  0.576498  0
19.040000  0.576356  0
19.066667  0.576213  0
19.093333  0.576071  0
19.120000  0.575929  0
19.146667  0.575786  0
19.173333  0.575644  0
19.200000  0.575502  0
19.226667  0.575360  0
19.253333  0.575217  0
19.280000  0.575075  0
19.306667  0.574933  0
19.333333  0.574791  0
19.360000  0.574648  0
19.386667  0.574506  0
19.413333  0.574364  0
19.440000  0.574222  0
19.466667  0.574079  0
19.493333  0.573937  0
19.520000  0.573795  0
19.546667  0.573653  0
19.573333  0.573510  0
19.600000  0.573368  0
19.626667  0.573226  0
19.653333  0.573084  0
19.680000  0.572941  0
19.706667  0.572799  0
19.733333  0.572657  0
19.760000  0.572514  0
19.786667  0.572372  0
19.813333  0.572230  0
19.840000  0.572088  0
19.866667  0.571945  0
19.893333  0.571803  0
19.920000  0.571661  0
19.946667  0.571519  0
19.973333  0.571376  0
20.000000  0.571234  0
20.026667  0.571092  0
20.053333  0.570950  0
20.080000  0.570807  0
20.106667  0.570665  0
20.133333  0.570523  0
20.160000  0.570381  0
20.186667  0.570238  0
20.213333  0.570096  0
20.240000  0.569954  0
20.266667  0.569812  0
20.293333  0.569669  0
20.320000  0.569527  0
20.346667  0.569385  0
20.373333  0.569242  0
20.400000  0.569100  0
20.426667  0.568958  0
20.453333  0.568816  0
20.480000  0.568673  0
20.506667  0.568531  0
20.533333  0.568389  0
20.560000  0.568247  0
20.586667  0.568104  0
20.613333  0.567962  0
20.640000  0.567820  0
20.666667  0.567678  0
20.693333  0.567535  0
20.720000  0.567393  0
20.746667  0.567251  0
20.773333  0.567109  0
20.800000  0.566966  0
20.826667  0.566824  0
20.853333  0.566682  0
20.880000  0.566540  0
20.906667  0.566397  0
20.933333  0.566255  0
20.960000  0.566113  0
20.986667  0.565971  0
21.013333  0.565828  0
21.040000  0.565686  0
21.066667  0.565544  0
21.093333  0.565401  0
21.120000  0.565259  0
21.146667  0.565117  0
21.173333  0.564975  0
21.200000  0.564832  0
21.226667  0.564690  0
21.253333  0.564548  0
21.280000  0.564406  0
21.306667  0.564263  0
21.333333  0.564121  0
21.360000  0.563979  0
21.386667  0.563837  0
21.413333  0.563694  0
21.440000  0.563552  0
21.466667  0.563410  0
21.493333  0.563268  0
21.520000  0.563125  0
21.546667  0.562983  0
21.573333  0.562841  0
21.600000  0.562699  0
21.626667  0.562556  0
21.653333  0.562414  0
21.680000  0.562272  0
21.706667  0.562129  0
21.733333  0.561987  0
21.760000  0.561845  0
21.786667  0.561703  0
21.813333  0.561560  0
21.840000  0.561418  0
21.866667  0.561276  0
21.893333  0.561134  0
21.920000  0.560991  0
21.946667  0.560849  0
21.973333  0.560707  0
22.000000  0.560565  0
22.026667  0.560422  0
22.053333  0.560280  0
22.080000  0.560138  0
22.106667  0.559996  0
22.133333  0.559853  0
22.160000  0.559711  0
22.186667  0.559569  0
22.213333  0.559427  0
22.240000  0.559284  0
22.266667  0.559142  0
22.293333  0.559000  0
22.320000  0.558857  0
22.346667  0.558715  0
22.373333  0.558573  0
22.400000  0.558431  0
22.426667  0.558288  0
22.453333  0.558146  0
22.480000  0.558004  0
22.506667  0.557862  0
22.533333  0.557719  0
22.560000  0.557577  0
22.586667  0.557435  0
22.613333  0.557293  0
22.640000  0.557150  0
22.666667  0.557008  0
22.693333  0.556866  0
22.720000  0.556724  0
22.746667  0.556581  0
22.773333  0.556439  0
22.800000  0.556297  0
22.826667  0.556155  0
22.853333  0.556012  0
22.880000  0.555870  0
22.906667  0.555728  0
22.933333  0.555585  0
22.960000  0.555443  0
22.986667  0.555301  0
23.013333  0.555159  0
23.040000  0.555016  0
23.066667  0.554874  0
23.093333  0.554732  0
23.120000  0.554590  0
23.146667  0.554447  0
23.173333  0.554305  0
23.200000  0.554163  0
23.226667  0.554021  0
23.253333  0.553878  0
23.280000  0.553736  0
23.306667  0.553594  0
23.333333  0.553452  0
23.360000  0.553309  0
23.386667  0.553167  0
23.413333  0.553025  0
23.440000  0.552883  0
23.466667  0.552740  0
23.493333  0.552598  0
23.520000  0.552456  0
23.546667  0.552314  0
23.573333  0.552171  0
23.600000  0.552029  0
23.626667  0.551887  0
23.653333  0.551744  0
23.680000  0.551602  0
23.706667  0.551460  0
23.733333  0.551318  0
23.760000  0.551175  0
23.786667  0.551033  0
23.813333  0.550891  0
23.840000  0.550749  0
23.866667  0.550606  0
23.893333  0.550464  0
23.920000  0.550322  0
23.946667  0.550180  0
23.973333  0.550037  0
24.000000  0.549895  0
24.026667  0.549753  0
24.053333  0.549611  0
24.080000  0.549468  0
24.106667  0.549326  0
