2.426667  0.868114  0
2.453333  0.866511  0
2.480000  0.864908  0
2.506667  0.863305  0
2.533333  0.861702  0
2.560000  0.860099  0
2.586667  0.858496  0
2.613333  0.856893  0
2.640000  0.855290  0
2.666667  0.853687  0
2.693333  0.852084  0
2.720000  0.850481  0
2.746667  0.848878  0
2.773333  0.847275  0
2.800000  0.845672  0
2.826667  0.844069  0
2.853333  0.842466  0
2.880000  0.840863  0
2.906667  0.839260  0
2.933333  0.837657  0
2.960000  0.836054  0
2.986667  0.834451  0
3.013333  0.832848  0
3.040000  0.831245  0
3.066667  0.829642  0
3.093333  0.828039  0
3.120000  0.826436  0
3.146667  0.824833  0
3.173333  0.823230  0
3.200000  0.821627  0
3.226667  0.820023  0
3.253333  0.818420  0
3.280000  0.816817  0
3.306667  0.815214  0
3.333333  0.813611  0
3.360000  0.812008  0
3.386667  0.810405  0
3.413333  0.808802  0
3.440000  0.807199  0
3.466667  0.805596  0
3.493333  0.803993  0
3.520000  0.802390  0
3.546667  0.800787  0
3.573333  0.799184  0
3.600000  0.797581  0
3.626667  0.795978  0
3.653333  0.794375  0
3.680000  0.792772  0
3.706667  0.791169  0
3.733333  0.789566  0
3.760000  0.787963  0
3.786667  0.786360  0
3.813333  0.784757  0
3.840000  0.783154  0
3.866667  0.781551  0
3.893333  0.779948  0
3.920000  0.778345  0
3.946667  0.776742  0
3.973333  0.775594  0
4.000000  0.774935  0
4.026667  0.774276  0
4.053333  0.773617  0
4.080000  0.772958  0
4.106667  0.772299  0
4.133333  0.771640  0
4.160000  0.770981  0
4.186667  0.770322  0
4.213333  0.769663  0
4.240000  0.769004  0
4.266667  0.768345  0
4.293333  0.767686  0
4.320000  0.767027  0
4.346667  0.766368  0
4.373333  0.765709  0
4.400000  0.765050  0
4.426667  0.764391  0
4.453333  0.763732  0
4.480000  0.763073  0
4.506667  0.762414  0
4.533333  0.761755  0
4.560000  0.761096  0
4.586667  0.760437  0
4.613333  0.759778  0
4.640000  0.759119  0
4.666667  0.758460  0
4.693333  0.757801  0
4.720000  0.757142  0
4.746667  0.756483  0
4.773333  0.755824  0
4.800000  0.755165  0
4.826667  0.754506  0
4.853333  0.753847  0
4.880000  0.753188  0
4.906667  0.752529  0
4.933333  0.751870  0
4.960000  0.751211  0
4.986667  0.750552  0
5.013333  0.749893  0
5.040000  0.749234  0
5.066667  0.748575  0
5.093333  0.747916  0
5.120000  0.747257  0
5.146667  0.746598  0
5.173333  0.745939  0
5.200000  0.745280  0
5.226667  0.744621  0
5.253333  0.743962  0
5.280000  0.743165  0
5.306667  0.742120  0
5.333333  0.741076  0
5.360000  0.740031  0
5.386667  0.738986  0
5.413333  0.737941  0
5.440000  0.736897  0
5.466667  0.735852  0
5.493333  0.734807  0
5.520000  0.733763  0
5.546667  0.732718  0
5.573333  0.731673  0
5.600000  0.730629  0
5.626667  0.729584  0
5.653333  0.728539  0
5.680000  0.727495  0
5.706667  0.726450  0
5.733333  0.725405  0
5.760000  0.724361  0
5.786667  0.723316  0
5.813333  0.722271  0
5.840000  0.721226  0
5.866667  0.720182  0
5.893333  0.719137  0
5.920000  0.718092  0
5.946667  0.717048  0
5.973333  0.716003  0
6.000000  0.714958  0
6.026667  0.713914  0
6.053333  0.712869  0
6.080000  0.711824  0
6.106667  0.710780  0
6.133333  0.709735  0
6.160000  0.708690  0
6.186667  0.707646  0
6.213333  0.706601  0
6.240000  0.705556  0
6.266667  0.704511  0
6.293333  0.703467  0
6.320000  0.702422  0
6.346667  0.701377  0
6.373333  0.700333  0
6.400000  0.699288  0
6.426667  0.698243  0
6.453333  0.697199  0
6.480000  0.696154  0
6.506667  0.695109  0
6.533333  0.694065  0
6.560000  0.693020  0
6.586667  0.691975  0
6.613333  0.690931  0
6.640000  0.689886  0
6.666667  0.688841  0
6.693333  0.687796  0
6.720000  0.686752  0
6.746667  0.685707  0
6.773333  0.684662  0
6.800000  0.683618  0
6.826667  0.682573  0
6.853333  0.681528  0
6.880000  0.680484  0
6.906667  0.679439  0
6.933333  0.678394  0
6.960000  0.677350  0
6.986667  0.676305  0
7.013333  0.675260  0
7.040000  0.674216  0
7.066667  0.673171  0
7.093333  0.672126  0
7.120000  0.671503  0
7.146667  0.671030  0
7.173333  0.670557  0
7.200000  0.670084  0
7.226667  0.669610  0
7.253333  0.669137  0
7.280000  0.668664  0
7.306667  0.668191  0
7.333333  0.667717  0
7.360000  0.667244  0
7.386667  0.666771  0
7.413333  0.666298  0
7.440000  0.665824  0
7.466667  0.665351  0
7.493333  0.664878  0
7.520000  0.664405  0
7.546667  0.663932  0
7.573333  0.663458  0
7.600000  0.662985  0
7.626667  0.662512  0
7.653333  0.662039  0
7.680000  0.661565  0
7.706667  0.661092  0
7.733333  0.660619  0
7.760000  0.660146  0
7.786667  0.659673  0
7.813333  0.659199  0
7.840000  0.658726  0
7.866667  0.658253  0
7.893333  0.657780  0
7.920000  0.657306  0
7.946667  0.656833  0
7.973333  0.656360  0
8.000000  0.655887  0
8.026667  0.655413  0
8.053333  0.654940  0
8.080000  0.654467  0
8.106667  0.653994  0
8.133333  0.653521  0
8.160000  0.653047  0
8.186667  0.652574  0
8.213333  0.652101  0
8.240000  0.651628  0
8.266667  0.651154  0
8.293333  0.650681  0
8.320000  0.650208  0
8.346667  0.649735  0
8.373333  0.649261  0
8.400000  0.648788  0
8.426667  0.648315  0
8.453333  0.647842  0
8.480000  0.647369  0
8.506667  0.646895  0
8.533333  0.646422  0
8.560000  0.645949  0
8.586667  0.645476  0
8.613333  0.645002  0
8.640000  0.644529  0
8.666667  0.644056  0
8.693333  0.643583  0
8.720000  0.643110  0
8.746667  0.642636  0
8.773333  0.642163  0
8.800000  0.641690  0
8.826667  0.641217  0
8.853333  0.640743  0
8.880000  0.640270  0
8.906667  0.639797  0
8.933333  0.639324  0
8.960000  0.638850  0
8.986667  0.638377  0
9.013333  0.637904  0
9.040000  0.637431  0
9.066667  0.636932  0
9.093333  0.636402  0
9.120000  0.635871  0
9.146667  0.635341  0
9.173333  0.634811  0
9.200000  0.634280  0
9.226667  0.633750  0
9.253333  0.633219  0
9.280000  0.632689  0
9.306667  0.632159  0
9.333333  0.631628  0
9.360000  0.631098  0
9.386667  0.630567  0
9.413333  0.630037  0
9.440000  0.629506  0
9.466667  0.628976  0
9.493333  0.628446  0
9.520000  0.627915  0
9.546667  0.627385  0
9.573333  0.626854  0
9.600000  0.626324  0
9.626667  0.625793  0
9.653333  0.625263  0
9.680000  0.624733  0
9.706667  0.624202  0
9.733333  0.623672  0
9.760000  0.623141  0
9.786667  0.622611  0
9.813333  0.622080  0
9.840000  0.621550  0
9.866667  0.621020  0
9.893333  0.620489  0
9.920000  0.619959  0
9.946667  0.619428  0
9.973333  0.618898  0
10.000000  0.618367  0
10.026667  0.617837  0
10.053333  0.617307  0
10.080000  0.616776  0
10.106667  0.616246  0
10.133333  0.615715  0
10.160000  0.615185  0
10.186667  0.614654  0
10.213333  0.614124  0
10.240000  0.613594  0
10.266667  0.613063  0
10.293333  0.612533  0
10.320000  0.612002  0
10.346667  0.611472  0
10.373333  0.610941  0
10.400000  0.610411  0
10.426667  0.609881  0
10.453333  0.609350  0
10.480000  0.608820  0
10.506667  0.608289  0
10.533333  0.607759  0
10.560000  0.607228  0
10.586667  0.606698  0
10.613333  0.606168  0
10.640000  0.605637  0
10.666667  0.605107  0
10.693333  0.604576  0
10.720000  0.604046  0
10.746667  0.603515  0
10.773333  0.602985  0
10.800000  0.602455  0
10.826667  0.601924  0
10.853333  0.601394  0
10.880000  0.600863  0
10.906667  0.600333  0
10.933333  0.599802  0
10.960000  0.599272  0
10.986667  0.598742  0
11.013333  0.598211  0
11.040000  0.597681  0
11.066667  0.597150  0
11.093333  0.596620  0
11.120000  0.596089  0
11.146667  0.595559  0
11.173333  0.595029  0
11.200000  0.594498  0
11.226667  0.593968  0
11.253333  0.593437  0
11.280000  0.592907  0
11.306667  0.592377  0
11.333333  0.591846  0
11.360000  0.591316  0
11.386667  0.590785  0
11.413333  0.590255  0
11.440000  0.589724  0
11.466667  0.589194  0
11.493333  0.588664  0
11.520000  0.588133  0
11.546667  0.587603  0
11.573333  0.587072  0
11.600000  0.586542  0
11.626667  0.586043  0
11.653333  0.585573  0
11.680000  0.585102  0
11.706667  0.584632  0
11.733333  0.584162  0
11.760000  0.583691  0
11.786667  0.583221  0
11.813333  0.582750  0
11.840000  0.582280  0
11.866667  0.581810  0
11.893333  0.581339  0
11.920000  0.580869  0
11.946667  0.580398  0
11.973333  0.579928  0
12.000000  0.579458  0
12.026667  0.578987  0
12.053333  0.578517  0
12.080000  0.578046  0
12.106667  0.577576  0
12.133333  0.577106  0
12.160000  0.576635  0
12.186667  0.576165  0
12.213333  0.575694  0
12.240000  0.575224  0
12.266667  0.574754  0
12.293333  0.574283  0
12.320000  0.573813  0
12.346667  0.573342  0
12.373333  0.572872  0
12.400000  0.572402  0
12.426667  0.571931  0
12.453333  0.571461  0
12.480000  0.570990  0
12.506667  0.570520  0
12.533333  0.570050  0
12.560000  0.569579  0
12.586667  0.569109  0
12.613333  0.568638  0
12.640000  0.568168  0
12.666667  0.567698  0
12.693333  0.567227  0
12.720000  0.566757  0
12.746667  0.566286  0
12.773333  0.565816  0
12.800000  0.565346  0
12.826667  0.564875  0
12.853333  0.564405  0
12.880000  0.563934  0
12.906667  0.563464  0
12.933333  0.562994  0
12.960000  0.562523  0
12.986667  0.562053  0
13.013333  0.561582  0
13.040000  0.561112  0
13.066667  0.560642  0
13.093333  0.560171  0
13.120000  0.559701  0
13.146667  0.559230  0
13.173333  0.558760  0
13.200000  0.558290  0
13.226667  0.557819  0
13.253333  0.557349  0
13.280000  0.556878  0
13.306667  0.556408  0
13.333333  0.555938  0
13.360000  0.555467  0
13.386667  0.554997  0
13.413333  0.554526  0
13.440000  0.554056  0
13.466667  0.553586  0
13.493333  0.553115  0
13.520000  0.552645  0
13.546667  0.552174  0
13.573333  0.551704  0
13.600000  0.551234  0
13.626667  0.550763  0
13.653333  0.550293  0
13.680000  0.549822  0
13.706667  0.549352  0
13.733333  0.548882  0
13.760000  0.548411  0
13.786667  0.547941  0
13.813333  0.547470  0
13.840000  0.547000  0
13.866667  0.546530  0
13.893333  0.546059  0
13.920000  0.545589  0
13.946667  0.545118  0
13.973333  0.544648  0
14.000000  0.544178  0
14.026667  0.543707  0
14.053333  0.543237  0
14.080000  0.542766  0
14.106667  0.542296  0
14.133333  0.541826  0
14.160000  0.541355  0
14.186667  0.540885  0
14.213333  0.540414  0
14.240000  0.539944  0
14.266667  0.539474  0
14.293333  0.539003  0
14.320000  0.538533  0
14.346667  0.538062  0
14.373333  0.537592  0
14.400000  0.537122  0
14.426667  0.536651  0
14.453333  0.536181  0
14.480000  0.535710  0
14.506667  0.535240  0
14.533333  0.534770  0
14.560000  0.534299  0
14.586667  0.533829  0
14.613333  0.533358  0
14.640000  0.533031  0
14.666667  0.532868  0
14.693333  0.532705  0
14.720000  0.532542  0
14.746667  0.532379  0
14.773333  0.532216  0
14.800000  0.532053  0
14.826667  0.531890  0
14.853333  0.531727  0
14.880000  0.531564  0
14.906667  0.531401  0
14.933333  0.531238  0
14.960000  0.531075  0
14.986667  0.530912  0
15.013333  0.530750  0
15.040000  0.530587  0
15.066667  0.530424  0
15.093333  0.530261  0
15.120000  0.530098  0
15.146667  0.529935  0
15.173333  0.529772  0
15.200000  0.529609  0
15.226667  0.529446  0
15.253333  0.529283  0
15.280000  0.529120  0
15.306667  0.528957  0
15.333333  0.528794  0
15.360000  0.528631  0
15.386667  0.528468  0
15.413333  0.528305  0
15.440000  0.528142  0
15.466667  0.527979  0
15.493333  0.527817  0
15.520000  0.527654  0
15.546667  0.527491  0
15.573333  0.527328  0
15.600000  0.527165  0
15.626667  0.527002  0
15.653333  0.526839  0
15.680000  0.526676  0
15.706667  0.526513  0
15.733333  0.526350  0
15.760000  0.526187  0
15.786667  0.526024  0
15.813333  0.525861  0
15.840000  0.525698  0
15.866667  0.525535  0
15.893333  0.525372  0
15.920000  0.525209  0
15.946667  0.525047  0
15.973333  0.524884  0
16.000000  0.524721  0
16.026667  0.524558  0
16.053333  0.524395  0
16.080000  0.524232  0
16.106667  0.524069  0
16.133333  0.523906  0
16.160000  0.523743  0
16.186667  0.523580  0
16.213333  0.523417  0
16.240000  0.523254  0
16.266667  0.523091  0
16.293333  0.522928  0
16.320000  0.522765  0
16.346667  0.522602  0
16.373333  0.522439  0
16.400000  0.522276  0
16.426667  0.522114  0
16.453333  0.521951  0
16.480000  0.521788  0
16.506667  0.521625  0
16.533333  0.521462  0
16.560000  0.521299  0
16.586667  0.521136  0
16.613333  0.520973  0
16.640000  0.520810  0
16.666667  0.520647  0
16.693333  0.520484  0
16.720000  0.520321  0
16.746667  0.520158  0
16.773333  0.519995  0
16.800000  0.519832  0
16.826667  0.519669  0
16.853333  0.519506  0
16.880000  0.519343  0
16.906667  0.519181  0
16.933333  0.519018  0
16.960000  0.518855  0
16.986667  0.518692  0
17.013333  0.518529  0
17.040000  0.518366  0
17.066667  0.518203  0
17.093333  0.518040  0
17.120000  0.517877  0
17.146667  0.517714  0
17.173333  0.517551  0
17.200000  0.517388  0
17.226667  0.517225  0
17.253333  0.517062  0
17.280000  0.516899  0
17.306667  0.516736  0
17.333333  0.516573  0
17.360000  0.516411  0
17.386667  0.516248  0
17.413333  0.516085  0
17.440000  0.515922  0
17.466667  0.515759  0
17.493333  0.515596  0
17.520000  0.515433  0
17.546667  0.515270  0
17.573333  0.515107  0
17.600000  0.514944  0
17.626667  0.514781  0
17.653333  0.514618  0
17.680000  0.514455  0
17.706667  0.514292  0
17.733333  0.514129  0
17.760000  0.513966  0
17.786667  0.513803  0
17.813333  0.513640  0
17.840000  0.513478  0
17.866667  0.513315  0
17.893333  0.513152  0
17.920000  0.512989  0
17.946667  0.512826  0
17.973333  0.512663  0
18.000000  0.512500  0
18.026667  0.512337  0
18.053333  0.512174  0
18.080000  0.512011  0
18.106667  0.511848  0
18.133333  0.511685  0
18.160000  0.511522  0
18.186667  0.511359  0
18.213333  0.511196  0
18.240000  0.511033  0
18.266667  0.510870  0
18.293333  0.510707  0
18.320000  0.510545  0
18.346667  0.510382  0
18.373333  0.510219  0
18.400000  0.510056  0
18.426667  0.509893  0
18.453333  0.509730  0
18.480000  0.509567  0
18.506667  0.509404  0
18.533333  0.509241  0
18.560000  0.509078  0
18.586667  0.508915  0
18.613333  0.508752  0
18.640000  0.508589  0
18.666667  0.508426  0
18.693333  0.508263  0
18.720000  0.508100  0
18.746667  0.507937  0
18.773333  0.507775  0
18.800000  0.507612  0
18.826667  0.507449  0
18.853333  0.507286  0
18.880000  0.507123  0
18.906667  0.506960  0
18.933333  0.506797  0
18.960000  0.506634  0
18.986667  0.506471  0
19.013333  0.506308  0
19.040000  0.506145  0
19.066667  0.505982  0
19.093333  0.505819  0
19.120000  0.505656  0
19.146667  0.505493  0
19.173333  0.505330  0
19.200000  0.505167  0
19.226667  0.505004  0
19.253333  0.504842  0
19.280000  0.504679  0
19.306667  0.504516  0
19.333333  0.504353  0
19.360000  0.504190  0
19.386667  0.504027  0
19.413333  0.503864  0
19.440000  0.503701  0
19.466667  0.503538  0
19.493333  0.503375  0
19.520000  0.503212  0
19.546667  0.503049  0
19.573333  0.502886  0
19.600000  0.502723  0
19.626667  0.502560  0
19.653333  0.502397  0
19.680000  0.502234  0
19.706667  0.502072  0
19.733333  0.501909  0
19.760000  0.501746  0
19.786667  0.501583  0
19.813333  0.501420  0
19.840000  0.501257  0
19.866667  0.501094  0
19.893333  0.500931  0
19.920000  0.500768  0
19.946667  0.500605  0
19.973333  0.500442  0
20.000000  0.500279  0
20.026667  0.500116  0
20.053333  0.499953  0
20.080000  0.499790  0
20.106667  0.499627  0
20.133333  0.499464  0
20.160000  0.499301  0
20.186667  0.499139  0
20.213333  0.498976  0
20.240000  0.498813  0
20.266667  0.498650  0
20.293333  0.498487  0
