2.720000  0.872282  0
2.746667  0.871990  0
2.773333  0.871422  0
2.800000  0.870609  0
2.826667  0.869590  0
2.853333  0.868407  0
2.880000  0.867101  0
2.906667  0.865709  0
2.933333  0.864260  0
2.960000  0.862774  0
2.986667  0.861267  0
3.013333  0.859747  0
3.040000  0.858222  0
3.066667  0.856693  0
3.093333  0.855163  0
3.120000  0.853632  0
3.146667  0.852101  0
3.173333  0.850570  0
3.200000  0.849041  0
3.226667  0.847513  0
3.253333  0.845989  0
3.280000  0.844472  0
3.306667  0.842964  0
3.333333  0.841471  0
3.360000  0.840001  0
3.386667  0.838560  0
3.413333  0.837158  0
3.440000  0.835802  0
3.466667  0.834499  0
3.493333  0.833254  0
3.520000  0.832067  0
3.546667  0.830936  0
3.573333  0.829855  0
3.600000  0.828817  0
3.626667  0.827814  0
3.653333  0.826838  0
3.680000  0.825880  0
3.706667  0.824934  0
3.733333  0.823995  0
3.760000  0.823059  0
3.786667  0.822123  0
3.813333  0.821185  0
3.840000  0.820243  0
3.866667  0.819294  0
3.893333  0.818338  0
3.920000  0.817372  0
3.946667  0.816397  0
3.973333  0.815412  0
4.000000  0.814417  0
4.026667  0.813414  0
4.053333  0.812402  0
4.080000  0.811381  0
4.106667  0.810353  0
4.133333  0.809316  0
4.160000  0.808269  0
4.186667  0.807209  0
4.213333  0.806134  0
4.240000  0.805042  0
4.266667  0.803930  0
4.293333  0.802797  0
4.320000  0.801642  0
4.346667  0.800468  0
4.373333  0.799276  0
4.400000  0.798069  0
4.426667  0.796852  0
4.453333  0.795628  0
4.480000  0.794403  0
4.506667  0.793183  0
4.533333  0.791974  0
4.560000  0.790786  0
4.586667  0.789630  0
4.613333  0.788517  0
4.640000  0.787459  0
4.666667  0.786470  0
4.693333  0.785558  0
4.720000  0.784730  0
4.746667  0.783986  0
4.773333  0.783323  0
4.800000  0.782733  0
4.826667  0.782204  0
4.853333  0.781723  0
4.880000  0.781277  0
4.906667  0.780853  0
4.933333  0.780440  0
4.960000  0.780028  0
4.986667  0.779612  0
5.013333  0.779185  0
5.040000  0.778745  0
5.066667  0.778291  0
5.093333  0.777821  0
5.120000  0.777337  0
5.146667  0.776841  0
5.173333  0.776334  0
5.200000  0.775819  0
5.226667  0.775298  0
5.253333  0.774771  0
5.280000  0.774238  0
5.306667  0.773698  0
5.333333  0.773150  0
5.360000  0.772590  0
5.386667  0.772013  0
5.413333  0.771415  0
5.440000  0.770793  0
5.466667  0.770141  0
5.493333  0.769458  0
5.520000  0.768743  0
5.546667  0.767997  0
5.573333  0.767222  0
5.600000  0.766424  0
5.626667  0.765606  0
5.653333  0.764772  0
5.680000  0.763928  0
5.706667  0.763076  0
5.733333  0.762219  0
5.760000  0.761358  0
5.786667  0.760493  0
5.813333  0.759624  0
5.840000  0.758747  0
5.866667  0.757859  0
5.893333  0.756955  0
5.920000  0.756027  0
5.946667  0.755069  0
5.973333  0.754071  0
6.000000  0.753027  0
6.026667  0.751929  0
6.053333  0.750775  0
6.080000  0.749565  0
6.106667  0.748299  0
6.133333  0.746985  0
6.160000  0.745628  0
6.186667  0.744235  0
6.213333  0.742812  0
6.240000  0.741361  0
6.266667  0.739885  0
6.293333  0.738382  0
6.320000  0.736847  0
6.346667  0.735277  0
6.373333  0.733665  0
6.400000  0.732009  0
6.426667  0.730307  0
6.453333  0.728559  0
6.480000  0.726769  0
6.506667  0.724943  0
6.533333  0.723091  0
6.560000  0.721221  0
6.586667  0.719347  0
6.613333  0.717482  0
6.640000  0.715640  0
6.666667  0.713838  0
6.693333  0.712091  0
6.720000  0.710416  0
6.746667  0.708825  0
6.773333  0.707327  0
6.800000  0.705926  0
6.826667  0.704622  0
6.853333  0.703405  0
6.880000  0.702266  0
6.906667  0.701190  0
6.933333  0.700162  0
6.960000  0.699169  0
6.986667  0.698197  0
7.013333  0.697235  0
7.040000  0.696272  0
7.066667  0.695297  0
7.093333  0.694301  0
7.120000  0.693270  0
7.146667  0.692194  0
7.173333  0.691060  0
7.200000  0.689857  0
7.226667  0.688578  0
7.253333  0.687220  0
7.280000  0.685787  0
7.306667  0.684289  0
7.333333  0.682744  0
7.360000  0.681178  0
7.386667  0.679620  0
7.413333  0.678105  0
7.440000  0.676663  0
7.466667  0.675322  0
7.493333  0.674099  0
7.520000  0.673003  0
7.546667  0.672034  0
7.573333  0.671187  0
7.600000  0.670450  0
7.626667  0.669811  0
7.653333  0.669256  0
7.680000  0.668771  0
7.706667  0.668337  0
7.733333  0.667935  0
7.760000  0.667544  0
7.786667  0.667146  0
7.813333  0.666724  0
7.840000  0.666271  0
7.866667  0.665783  0
7.893333  0.665264  0
7.920000  0.664721  0
7.946667  0.664162  0
7.973333  0.663592  0
8.000000  0.663010  0
8.026667  0.662406  0
8.053333  0.661763  0
8.080000  0.661063  0
8.106667  0.660289  0
8.133333  0.659437  0
8.160000  0.658519  0
8.186667  0.657564  0
8.213333  0.656612  0
8.240000  0.655709  0
8.266667  0.654899  0
8.293333  0.654212  0
8.320000  0.653658  0
8.346667  0.653232  0
8.373333  0.652907  0
8.400000  0.652644  0
8.426667  0.652398  0
8.453333  0.652124  0
8.480000  0.651790  0
8.506667  0.651374  0
8.533333  0.650876  0
8.560000  0.650310  0
8.586667  0.649703  0
8.613333  0.649086  0
8.640000  0.648488  0
8.666667  0.647929  0
8.693333  0.647419  0
8.720000  0.646956  0
8.746667  0.646528  0
8.773333  0.646116  0
8.800000  0.645697  0
8.826667  0.645246  0
8.853333  0.644744  0
8.880000  0.644180  0
8.906667  0.643554  0
8.933333  0.642875  0
8.960000  0.642165  0
8.986667  0.641450  0
9.013333  0.640761  0
9.040000  0.640121  0
9.066667  0.639551  0
9.093333  0.639060  0
9.120000  0.638646  0
9.146667  0.638303  0
9.173333  0.638019  0
9.200000  0.637782  0
9.226667  0.637583  0
9.253333  0.637416  0
9.280000  0.637277  0
9.306667  0.637166  0
9.333333  0.637079  0
9.360000  0.637012  0
9.386667  0.636961  0
9.413333  0.636918  0
9.440000  0.636879  0
9.466667  0.636840  0
9.493333  0.636797  0
9.520000  0.636745  0
9.546667  0.636674  0
9.573333  0.636570  0
9.600000  0.636412  0
9.626667  0.636179  0
9.653333  0.635851  0
9.680000  0.635421  0
9.706667  0.634891  0
9.733333  0.634278  0
9.760000  0.633610  0
9.786667  0.632922  0
9.813333  0.632255  0
9.840000  0.631649  0
9.866667  0.631141  0
9.893333  0.630757  0
9.920000  0.630510  0
9.946667  0.630394  0
9.973333  0.630384  0
10.000000  0.630432  0
10.026667  0.630484  0
10.053333  0.630482  0
10.080000  0.630383  0
10.106667  0.630162  0
10.133333  0.629817  0
10.160000  0.629365  0
10.186667  0.628835  0
10.213333  0.628260  0
10.240000  0.627669  0
10.266667  0.627086  0
10.293333  0.626529  0
10.320000  0.626010  0
10.346667  0.625537  0
10.373333  0.625117  0
10.400000  0.624757  0
10.426667  0.624459  0
10.453333  0.624224  0
10.480000  0.624045  0
10.506667  0.623909  0
10.533333  0.623790  0
10.560000  0.623653  0
10.586667  0.623460  0
10.613333  0.623172  0
10.640000  0.622761  0
10.666667  0.622214  0
10.693333  0.621538  0
10.720000  0.620754  0
10.746667  0.619894  0
10.773333  0.618996  0
10.800000  0.618093  0
10.826667  0.617214  0
10.853333  0.616379  0
10.880000  0.615600  0
10.906667  0.614883  0
10.933333  0.614225  0
10.960000  0.613613  0
10.986667  0.613029  0
11.013333  0.612447  0
11.040000  0.611842  0
11.066667  0.611190  0
11.093333  0.610477  0
11.120000  0.609696  0
11.146667  0.608854  0
11.173333  0.607969  0
11.200000  0.607064  0
11.226667  0.606163  0
11.253333  0.605288  0
11.280000  0.604456  0
11.306667  0.603675  0
11.333333  0.602949  0
11.360000  0.602272  0
11.386667  0.601640  0
11.413333  0.601043  0
11.440000  0.600473  0
11.466667  0.599921  0
11.493333  0.599377  0
11.520000  0.598833  0
11.546667  0.598282  0
11.573333  0.597724  0
11.600000  0.597164  0
11.626667  0.596610  0
11.653333  0.596074  0
11.680000  0.595568  0
11.706667  0.595098  0
11.733333  0.594665  0
11.760000  0.594262  0
11.786667  0.593879  0
11.813333  0.593499  0
11.840000  0.593106  0
11.866667  0.592688  0
11.893333  0.592237  0
11.920000  0.591749  0
11.946667  0.591226  0
11.973333  0.590673  0
12.000000  0.590092  0
12.026667  0.589487  0
12.053333  0.588856  0
12.080000  0.588201  0
12.106667  0.587523  0
12.133333  0.586826  0
12.160000  0.586115  0
12.186667  0.585393  0
12.213333  0.584661  0
12.240000  0.583916  0
12.266667  0.583152  0
12.293333  0.582362  0
12.320000  0.581545  0
12.346667  0.580704  0
12.373333  0.579847  0
12.400000  0.578989  0
12.426667  0.578146  0
12.453333  0.577333  0
12.480000  0.576565  0
12.506667  0.575853  0
12.533333  0.575208  0
12.560000  0.574638  0
12.586667  0.574149  0
12.613333  0.573744  0
12.640000  0.573421  0
12.666667  0.573170  0
12.693333  0.572976  0
12.720000  0.572821  0
12.746667  0.572684  0
12.773333  0.572550  0
12.800000  0.572410  0
12.826667  0.572261  0
12.853333  0.572110  0
12.880000  0.571963  0
12.906667  0.571827  0
12.933333  0.571703  0
12.960000  0.571585  0
12.986667  0.571462  0
13.013333  0.571320  0
13.040000  0.571146  0
13.066667  0.570932  0
13.093333  0.570676  0
13.120000  0.570381  0
13.146667  0.570055  0
13.173333  0.569711  0
13.200000  0.569367  0
13.226667  0.569043  0
13.253333  0.568759  0
13.280000  0.568538  0
13.306667  0.568392  0
13.333333  0.568327  0
13.360000  0.568335  0
13.386667  0.568399  0
13.413333  0.568497  0
13.440000  0.568606  0
13.466667  0.568709  0
13.493333  0.568798  0
13.520000  0.568873  0
13.546667  0.568939  0
13.573333  0.568996  0
13.600000  0.569043  0
13.626667  0.569072  0
13.653333  0.569073  0
13.680000  0.569037  0
13.706667  0.568959  0
13.733333  0.568840  0
13.760000  0.568687  0
13.786667  0.568510  0
13.813333  0.568319  0
13.840000  0.568127  0
13.866667  0.567945  0
13.893333  0.567784  0
13.920000  0.567653  0
13.946667  0.567561  0
13.973333  0.567510  0
14.000000  0.567499  0
14.026667  0.567525  0
14.053333  0.567577  0
14.080000  0.567649  0
14.106667  0.567735  0
14.133333  0.567837  0
14.160000  0.567960  0
14.186667  0.568115  0
14.213333  0.568311  0
14.240000  0.568554  0
14.266667  0.568844  0
14.293333  0.569171  0
14.320000  0.569525  0
14.346667  0.569891  0
14.373333  0.570259  0
14.400000  0.570625  0
14.426667  0.570993  0
14.453333  0.571371  0
14.480000  0.571766  0
14.506667  0.572180  0
14.533333  0.572606  0
14.560000  0.573024  0
14.586667  0.573404  0
14.613333  0.573713  0
14.640000  0.573921  0
14.666667  0.574008  0
14.693333  0.573967  0
14.720000  0.573810  0
14.746667  0.573560  0
14.773333  0.573248  0
14.800000  0.572909  0
14.826667  0.572572  0
14.853333  0.572259  0
14.880000  0.571983  0
14.906667  0.571748  0
14.933333  0.571554  0
14.960000  0.571393  0
14.986667  0.571257  0
15.013333  0.571135  0
15.040000  0.571020  0
15.066667  0.570902  0
15.093333  0.570775  0
15.120000  0.570636  0
15.146667  0.570485  0
15.173333  0.570322  0
15.200000  0.570150  0
15.226667  0.569970  0
15.253333  0.569785  0
15.280000  0.569596  0
15.306667  0.569406  0
15.333333  0.569215  0
15.360000  0.569023  0
15.386667  0.568831  0
15.413333  0.568639  0
15.440000  0.568446  0
15.466667  0.568254  0
15.493333  0.568062  0
15.520000  0.567870  0
15.546667  0.567677  0
15.573333  0.567485  0
15.600000  0.567293  0
15.626667  0.567101  0
15.653333  0.566908  0
15.680000  0.566716  0
15.706667  0.566524  0
15.733333  0.566332  0
15.760000  0.566139  0
15.786667  0.565947  0
15.813333  0.565755  0
15.840000  0.565562  0
15.866667  0.565370  0
15.893333  0.565178  0
15.920000  0.564986  0
15.946667  0.564793  0
15.973333  0.564601  0
16.000000  0.564409  0
16.026667  0.564217  0
16.053333  0.564024  0
16.080000  0.563832  0
16.106667  0.563640  0
16.133333  0.563448  0
16.160000  0.563255  0
16.186667  0.563063  0
16.213333  0.562871  0
16.240000  0.562679  0
16.266667  0.562487  0
16.293333  0.562296  0
16.320000  0.562105  0
16.346667  0.561916  0
16.373333  0.561728  0
16.400000  0.561544  0
16.426667  0.561364  0
16.453333  0.561190  0
16.480000  0.561024  0
16.506667  0.560866  0
16.533333  0.560718  0
16.560000  0.560580  0
16.586667  0.560453  0
16.613333  0.560335  0
16.640000  0.560227  0
16.666667  0.560125  0
16.693333  0.560030  0
16.720000  0.559939  0
16.746667  0.559851  0
16.773333  0.559765  0
16.800000  0.559680  0
16.826667  0.559596  0
16.853333  0.559512  0
16.880000  0.559429  0
16.906667  0.559346  0
16.933333  0.559262  0
16.960000  0.559179  0
16.986667  0.559096  0
17.013333  0.559013  0
17.040000  0.558930  0
17.066667  0.558847  0
17.093333  0.558764  0
17.120000  0.558681  0
17.146667  0.558597  0
17.173333  0.558514  0
17.200000  0.558431  0
17.226667  0.558348  0
17.253333  0.558265  0
17.280000  0.558182  0
17.306667  0.558099  0
17.333333  0.558015  0
17.360000  0.557932  0
17.386667  0.557849  0
17.413333  0.557766  0
17.440000  0.557683  0
17.466667  0.557600  0
17.493333  0.557517  0
17.520000  0.557433  0
17.546667  0.557350  0
17.573333  0.557267  0
17.600000  0.557184  0
17.626667  0.557101  0
17.653333  0.557018  0
17.680000  0.556934  0
17.706667  0.556850  0
17.733333  0.556766  0
17.760000  0.556681  0
17.786667  0.556594  0
17.813333  0.556505  0
17.840000  0.556412  0
17.866667  0.556315  0
17.893333  0.556210  0
17.920000  0.556098  0
17.946667  0.555976  0
17.973333  0.555844  0
18.000000  0.555700  0
18.026667  0.555547  0
18.053333  0.555383  0
18.080000  0.555211  0
18.106667  0.555032  0
18.133333  0.554847  0
18.160000  0.554659  0
18.186667  0.554468  0
18.213333  0.554275  0
18.240000  0.554080  0
18.266667  0.553886  0
18.293333  0.553691  0
18.320000  0.553495  0
18.346667  0.553300  0
18.373333  0.553105  0
18.400000  0.552909  0
18.426667  0.552714  0
18.453333  0.552518  0
18.480000  0.552323  0
18.506667  0.552127  0
18.533333  0.551932  0
18.560000  0.551737  0
18.586667  0.551541  0
18.613333  0.551346  0
18.640000  0.551150  0
18.666667  0.550955  0
18.693333  0.550759  0
18.720000  0.550564  0
18.746667  0.550369  0
18.773333  0.550173  0
18.800000  0.549978  0
18.826667  0.549782  0
18.853333  0.549587  0
18.880000  0.549391  0
18.906667  0.549196  0
18.933333  0.549001  0
18.960000  0.548805  0
18.986667  0.548610  0
19.013333  0.548414  0
19.040000  0.548219  0
19.066667  0.548023  0
19.093333  0.547828  0
19.120000  0.547633  0
19.146667  0.547437  0
19.173333  0.547242  0
19.200000  0.547046  0
19.226667  0.546851  0
19.253333  0.546655  0
19.280000  0.546460  0
19.306667  0.546265  0
19.333333  0.546069  0
19.360000  0.545874  0
19.386667  0.545678  0
19.413333  0.545483  0
19.440000  0.545287  0
19.466667  0.545092  0
19.493333  0.544897  0
19.520000  0.544701  0
19.546667  0.544506  0
19.573333  0.544310  0
19.600000  0.544115  0
19.626667  0.543919  0
19.653333  0.543724  0
19.680000  0.543529  0
19.706667  0.543333  0
19.733333  0.543138  0
19.760000  0.542942  0
19.786667  0.542747  0
19.813333  0.542551  0
19.840000  0.542356  0
19.866667  0.542161  0
19.893333  0.541965  0
19.920000  0.541770  0
19.946667  0.541574  0
19.973333  0.541379  0
20.000000  0.541183  0
20.026667  0.540988  0
20.053333  0.540793  0
20.080000  0.540597  0
20.106667  0.540402  0
20.133333  0.540206  0
20.160000  0.540011  0
20.186667  0.539815  0
20.213333  0.539620  0
20.240000  0.539425  0
20.266667  0.539229  0
20.293333  0.539034  0
20.320000  0.538838  0
20.346667  0.538643  0
20.373333  0.538448  0
20.400000  0.538253  0
20.426667  0.538059  0
20.453333  0.537867  0
20.480000  0.537677  0
20.506667  0.537492  0
20.533333  0.537315  0
20.560000  0.537148  0
20.586667  0.536997  0
20.613333  0.536867  0
20.640000  0.536763  0
20.666667  0.536691  0
20.693333  0.536654  0
