2.720000  0.953126  0
2.746667  0.949975  0
2.773333  0.946824  0
2.800000  0.943673  0
2.826667  0.940522  0
2.853333  0.937371  0
2.880000  0.934220  0
2.906667  0.931069  0
2.933333  0.927918  0
2.960000  0.924767  0
2.986667  0.921617  0
3.013333  0.918466  0
3.040000  0.915315  0
3.066667  0.912164  0
3.093333  0.909013  0
3.120000  0.905862  0
3.146667  0.902711  0
3.173333  0.899560  0
3.200000  0.896409  0
3.226667  0.893258  0
3.253333  0.890107  0
3.280000  0.886956  0
3.306667  0.883806  0
3.333333  0.880655  0
3.360000  0.877504  0
3.386667  0.874483  0
3.413333  0.871746  0
3.440000  0.869008  0
3.466667  0.866271  0
3.493333  0.863533  0
3.520000  0.860796  0
3.546667  0.858059  0
3.573333  0.855321  0
3.600000  0.852584  0
3.626667  0.849846  0
3.653333  0.847109  0
3.680000  0.844371  0
3.706667  0.841634  0
3.733333  0.838896  0
3.760000  0.836159  0
3.786667  0.833422  0
3.813333  0.830684  0
3.840000  0.827947  0
3.866667  0.825209  0
3.893333  0.822472  0
3.920000  0.819734  0
3.946667  0.816997  0
3.973333  0.814259  0
4.000000  0.811522  0
4.026667  0.808785  0
4.053333  0.806047  0
4.080000  0.803310  0
4.106667  0.800572  0
4.133333  0.797835  0
4.160000  0.795097  0
4.186667  0.792360  0
4.213333  0.791077  0
4.240000  0.789947  0
4.266667  0.788818  0
4.293333  0.787688  0
4.320000  0.786558  0
4.346667  0.785428  0
4.373333  0.784299  0
4.400000  0.783169  0
4.426667  0.782039  0
4.453333  0.780909  0
4.480000  0.779780  0
4.506667  0.778650  0
4.533333  0.777520  0
4.560000  0.776390  0
4.586667  0.775261  0
4.613333  0.774131  0
4.640000  0.773001  0
4.666667  0.771871  0
4.693333  0.770742  0
4.720000  0.769612  0
4.746667  0.768482  0
4.773333  0.767353  0
4.800000  0.766223  0
4.826667  0.765093  0
4.853333  0.763963  0
4.880000  0.762834  0
4.906667  0.761704  0
4.933333  0.760574  0
4.960000  0.759444  0
4.986667  0.758315  0
5.013333  0.757185  0
5.040000  0.756055  0
5.066667  0.754990  0
5.093333  0.754278  0
5.120000  0.753567  0
5.146667  0.752855  0
5.173333  0.752143  0
5.200000  0.751431  0
5.226667  0.750720  0
5.253333  0.750008  0
5.280000  0.749296  0
5.306667  0.748584  0
5.333333  0.747873  0
5.360000  0.747161  0
5.386667  0.746449  0
5.413333  0.745737  0
5.440000  0.745026  0
5.466667  0.744314  0
5.493333  0.743602  0
5.520000  0.742891  0
5.546667  0.742179  0
5.573333  0.741467  0
5.600000  0.740755  0
5.626667  0.740044  0
5.653333  0.739332  0
5.680000  0.738620  0
5.706667  0.737908  0
5.733333  0.737197  0
5.760000  0.736485  0
5.786667  0.735773  0
5.813333  0.735061  0
5.840000  0.734350  0
5.866667  0.733638  0
5.893333  0.732926  0
5.920000  0.732215  0
5.946667  0.731503  0
5.973333  0.730791  0
6.000000  0.730079  0
6.026667  0.729368  0
6.053333  0.728656  0
6.080000  0.727944  0
6.106667  0.727232  0
6.133333  0.726521  0
6.160000  0.725809  0
6.186667  0.725097  0
6.213333  0.724385  0
6.240000  0.723674  0
6.266667  0.722962  0
6.293333  0.722250  0
6.320000  0.721538  0
6.346667  0.720827  0
6.373333  0.720115  0
6.400000  0.719403  0
6.426667  0.718692  0
6.453333  0.717980  0
6.480000  0.717268  0
6.506667  0.716556  0
6.533333  0.715845  0
6.560000  0.715133  0
6.586667  0.714421  0
6.613333  0.713709  0
6.640000  0.712884  0
6.666667  0.712004  0
6.693333  0.711123  0
6.720000  0.710243  0
6.746667  0.709363  0
6.773333  0.708482  0
6.800000  0.707602  0
6.826667  0.706721  0
6.853333  0.705841  0
6.880000  0.704961  0
6.906667  0.704080  0
6.933333  0.703200  0
6.960000  0.702319  0
6.986667  0.701439  0
7.013333  0.700559  0
7.040000  0.699678  0
7.066667  0.698798  0
7.093333  0.697917  0
7.120000  0.697037  0
7.146667  0.696157  0
7.173333  0.695276  0
7.200000  0.694396  0
7.226667  0.693515  0
7.253333  0.692635  0
7.280000  0.691755  0
7.306667  0.690874  0
7.333333  0.689994  0
7.360000  0.689113  0
7.386667  0.688233  0
7.413333  0.687353  0
7.440000  0.686472  0
7.466667  0.685592  0
7.493333  0.684711  0
7.520000  0.683831  0
7.546667  0.682950  0
7.573333  0.682070  0
7.600000  0.681190  0
7.626667  0.680309  0
7.653333  0.679429  0
7.680000  0.678548  0
7.706667  0.677668  0
7.733333  0.676788  0
7.760000  0.675907  0
7.786667  0.675027  0
7.813333  0.674146  0
7.840000  0.673266  0
7.866667  0.672386  0
7.893333  0.671505  0
7.920000  0.670625  0
7.946667  0.669744  0
7.973333  0.669085  0
8.000000  0.668492  0
8.026667  0.667898  0
8.053333  0.667305  0
8.080000  0.666712  0
8.106667  0.666119  0
8.133333  0.665526  0
8.160000  0.664933  0
8.186667  0.664340  0
8.213333  0.663747  0
8.240000  0.663154  0
8.266667  0.662560  0
8.293333  0.661967  0
8.320000  0.661374  0
8.346667  0.660781  0
8.373333  0.660188  0
8.400000  0.659595  0
8.426667  0.659002  0
8.453333  0.658409  0
8.480000  0.657816  0
8.506667  0.657222  0
8.533333  0.656629  0
8.560000  0.656036  0
8.586667  0.655443  0
8.613333  0.654850  0
8.640000  0.654257  0
8.666667  0.653664  0
8.693333  0.653071  0
8.720000  0.652477  0
8.746667  0.651884  0
8.773333  0.651291  0
8.800000  0.650698  0
8.826667  0.650105  0
8.853333  0.649512  0
8.880000  0.648919  0
8.906667  0.648326  0
8.933333  0.647733  0
8.960000  0.647139  0
8.986667  0.646546  0
9.013333  0.645953  0
9.040000  0.645360  0
9.066667  0.644767  0
9.093333  0.644174  0
9.120000  0.643581  0
9.146667  0.642988  0
9.173333  0.642395  0
9.200000  0.641801  0
9.226667  0.641208  0
9.253333  0.640615  0
9.280000  0.640022  0
9.306667  0.639429  0
9.333333  0.638836  0
9.360000  0.638243  0
9.386667  0.637650  0
9.413333  0.637057  0
9.440000  0.636463  0
9.466667  0.635870  0
9.493333  0.635277  0
9.520000  0.634684  0
9.546667  0.634091  0
9.573333  0.633498  0
9.600000  0.632905  0
9.626667  0.632312  0
9.653333  0.631719  0
9.680000  0.631125  0
9.706667  0.630532  0
9.733333  0.629939  0
9.760000  0.629346  0
9.786667  0.628753  0
9.813333  0.628160  0
9.840000  0.627567  0
9.866667  0.626974  0
9.893333  0.626380  0
9.920000  0.625787  0
9.946667  0.625194  0
9.973333  0.624601  0
10.000000  0.624008  0
10.026667  0.623415  0
10.053333  0.622822  0
10.080000  0.622229  0
10.106667  0.621636  0
10.133333  0.621042  0
10.160000  0.620582  0
10.186667  0.620138  0
10.213333  0.619694  0
10.240000  0.619250  0
10.266667  0.618806  0
10.293333  0.618361  0
10.320000  0.617917  0
10.346667  0.617473  0
10.373333  0.617029  0
10.400000  0.616585  0
10.426667  0.616141  0
10.453333  0.615696  0
10.480000  0.615252  0
10.506667  0.614808  0
10.533333  0.614364  0
10.560000  0.613920  0
10.586667  0.613475  0
10.613333  0.613031  0
10.640000  0.612587  0
10.666667  0.612143  0
10.693333  0.611699  0
10.720000  0.611255  0
10.746667  0.610810  0
10.773333  0.610366  0
10.800000  0.609922  0
10.826667  0.609478  0
10.853333  0.609034  0
10.880000  0.608589  0
10.906667  0.608145  0
10.933333  0.607701  0
10.960000  0.607257  0
10.986667  0.606813  0
11.013333  0.606369  0
11.040000  0.605924  0
11.066667  0.605480  0
11.093333  0.605036  0
11.120000  0.604592  0
11.146667  0.604148  0
11.173333  0.603703  0
11.200000  0.603259  0
11.226667  0.602815  0
11.253333  0.602371  0
11.280000  0.601927  0
11.306667  0.601483  0
11.333333  0.601038  0
11.360000  0.600594  0
11.386667  0.600150  0
11.413333  0.599706  0
11.440000  0.599262  0
11.466667  0.598817  0
11.493333  0.598373  0
11.520000  0.597929  0
11.546667  0.597485  0
11.573333  0.597041  0
11.600000  0.596597  0
11.626667  0.596152  0
11.653333  0.595708  0
11.680000  0.595264  0
11.706667  0.594820  0
11.733333  0.594376  0
11.760000  0.593931  0
11.786667  0.593487  0
11.813333  0.593043  0
11.840000  0.592599  0
11.866667  0.592155  0
11.893333  0.591711  0
11.920000  0.591266  0
11.946667  0.590822  0
11.973333  0.590378  0
12.000000  0.589934  0
12.026667  0.589490  0
12.053333  0.589045  0
12.080000  0.588601  0
12.106667  0.588157  0
12.133333  0.587713  0
12.160000  0.587269  0
12.186667  0.586825  0
12.213333  0.586380  0
12.240000  0.585936  0
12.266667  0.585492  0
12.293333  0.585048  0
12.320000  0.584604  0
12.346667  0.584159  0
12.373333  0.583715  0
12.400000  0.583271  0
12.426667  0.582827  0
12.453333  0.582383  0
12.480000  0.581939  0
12.506667  0.581494  0
12.533333  0.581050  0
12.560000  0.580606  0
12.586667  0.580162  0
12.613333  0.579718  0
12.640000  0.579273  0
12.666667  0.578829  0
12.693333  0.578385  0
12.720000  0.577941  0
12.746667  0.577497  0
12.773333  0.577053  0
12.800000  0.576608  0
12.826667  0.576164  0
12.853333  0.575720  0
12.880000  0.575276  0
12.906667  0.574832  0
12.933333  0.574387  0
12.960000  0.573943  0
12.986667  0.573499  0
13.013333  0.573055  0
13.040000  0.572611  0
13.066667  0.572167  0
13.093333  0.571722  0
13.120000  0.571278  0
13.146667  0.570834  0
13.173333  0.570390  0
13.200000  0.569946  0
13.226667  0.569501  0
13.253333  0.569057  0
13.280000  0.568613  0
13.306667  0.568169  0
13.333333  0.567725  0
13.360000  0.567281  0
13.386667  0.566836  0
13.413333  0.566392  0
13.440000  0.565948  0
13.466667  0.565504  0
13.493333  0.565060  0
13.520000  0.564615  0
13.546667  0.564171  0
13.573333  0.563727  0
13.600000  0.563283  0
13.626667  0.562839  0
13.653333  0.562395  0
13.680000  0.561950  0
13.706667  0.561506  0
13.733333  0.561062  0
13.760000  0.560618  0
13.786667  0.560174  0
13.813333  0.559729  0
13.840000  0.559285  0
13.866667  0.558841  0
13.893333  0.558397  0
13.920000  0.557953  0
13.946667  0.557509  0
13.973333  0.557064  0
14.000000  0.556620  0
14.026667  0.556176  0
14.053333  0.555732  0
14.080000  0.555288  0
14.106667  0.554843  0
14.133333  0.554399  0
14.160000  0.553955  0
14.186667  0.553511  0
14.213333  0.553067  0
14.240000  0.552623  0
14.266667  0.552178  0
14.293333  0.551734  0
14.320000  0.551290  0
14.346667  0.550846  0
14.373333  0.550402  0
14.400000  0.549957  0
14.426667  0.549513  0
14.453333  0.549069  0
14.480000  0.548625  0
14.506667  0.548181  0
14.533333  0.547737  0
14.560000  0.547292  0
14.586667  0.546848  0
14.613333  0.546404  0
14.640000  0.545960  0
14.666667  0.545516  0
14.693333  0.545071  0
14.720000  0.544627  0
14.746667  0.544183  0
14.773333  0.543739  0
14.800000  0.543295  0
14.826667  0.542851  0
14.853333  0.542406  0
