2.693333  0.731505  0
2.720000  0.730937  0
2.746667  0.730368  0
2.773333  0.729799  0
2.800000  0.729230  0
2.826667  0.728662  0
2.853333  0.728093  0
2.880000  0.727524  0
2.906667  0.726955  0
2.933333  0.726387  0
2.960000  0.725818  0
2.986667  0.725249  0
3.013333  0.724680  0
3.040000  0.724112  0
3.066667  0.723543  0
3.093333  0.722974  0
3.120000  0.722405  0
3.146667  0.721837  0
3.173333  0.721268  0
3.200000  0.720699  0
3.226667  0.720131  0
3.253333  0.719562  0
3.280000  0.718993  0
3.306667  0.718424  0
3.333333  0.717856  0
3.360000  0.717287  0
3.386667  0.716718  0
3.413333  0.716149  0
3.440000  0.715581  0
3.466667  0.715012  0
3.493333  0.714443  0
3.520000  0.713874  0
3.546667  0.713306  0
3.573333  0.712737  0
3.600000  0.712168  0
3.626667  0.711599  0
3.653333  0.711031  0
3.680000  0.710462  0
3.706667  0.709893  0
3.733333  0.709324  0
3.760000  0.708756  0
3.786667  0.708187  0
3.813333  0.707618  0
3.840000  0.707050  0
3.866667  0.706481  0
3.893333  0.705912  0
3.920000  0.705343  0
3.946667  0.704775  0
3.973333  0.704206  0
4.000000  0.703637  0
4.026667  0.703068  0
4.053333  0.702500  0
4.080000  0.701931  0
4.106667  0.701362  0
4.133333  0.700793  0
4.160000  0.700225  0
4.186667  0.699656  0
4.213333  0.698409  0
4.240000  0.697091  0
4.266667  0.695773  0
4.293333  0.694455  0
4.320000  0.693137  0
4.346667  0.691819  0
4.373333  0.690501  0
4.400000  0.689183  0
4.426667  0.687865  0
4.453333  0.686547  0
4.480000  0.685229  0
4.506667  0.683911  0
4.533333  0.682593  0
4.560000  0.681275  0
4.586667  0.679957  0
4.613333  0.678639  0
4.640000  0.677321  0
4.666667  0.676003  0
4.693333  0.674685  0
4.720000  0.673367  0
4.746667  0.672049  0
4.773333  0.670731  0
4.800000  0.669413  0
4.826667  0.668095  0
4.853333  0.666777  0
4.880000  0.665459  0
4.906667  0.664140  0
4.933333  0.662822  0
4.960000  0.661504  0
4.986667  0.660186  0
5.013333  0.658868  0
5.040000  0.657550  0
5.066667  0.656232  0
5.093333  0.654914  0
5.120000  0.653596  0
5.146667  0.652278  0
5.173333  0.650960  0
5.200000  0.649642  0
5.226667  0.648324  0
5.253333  0.647006  0
5.280000  0.645688  0
5.306667  0.644370  0
5.333333  0.643362  0
5.360000  0.642432  0
5.386667  0.641503  0
5.413333  0.640573  0
5.440000  0.639644  0
5.466667  0.638714  0
5.493333  0.637785  0
5.520000  0.636855  0
5.546667  0.635926  0
5.573333  0.634996  0
5.600000  0.634067  0
5.626667  0.633137  0
5.653333  0.632208  0
5.680000  0.631278  0
5.706667  0.630349  0
5.733333  0.629419  0
5.760000  0.628490  0
5.786667  0.627560  0
5.813333  0.626631  0
5.840000  0.625701  0
5.866667  0.624772  0
5.893333  0.623842  0
5.920000  0.622913  0
5.946667  0.621983  0
5.973333  0.621054  0
6.000000  0.620124  0
6.026667  0.619195  0
6.053333  0.618265  0
6.080000  0.617336  0
6.106667  0.616406  0
6.133333  0.615477  0
6.160000  0.614547  0
6.186667  0.613618  0
6.213333  0.612688  0
6.240000  0.611759  0
6.266667  0.610829  0
6.293333  0.609900  0
6.320000  0.608970  0
6.346667  0.608041  0
6.373333  0.607111  0
6.400000  0.606182  0
6.426667  0.605252  0
6.453333  0.604323  0
6.480000  0.603393  0
6.506667  0.602464  0
6.533333  0.601534  0
6.560000  0.600605  0
6.586667  0.599675  0
6.613333  0.598746  0
6.640000  0.597816  0
6.666667  0.596887  0
6.693333  0.595957  0
6.720000  0.595035  0
6.746667  0.594119  0
6.773333  0.593203  0
6.800000  0.592288  0
6.826667  0.591372  0
6.853333  0.590456  0
6.880000  0.589540  0
6.906667  0.588624  0
6.933333  0.587708  0
6.960000  0.586793  0
6.986667  0.585877  0
7.013333  0.584961  0
7.040000  0.584045  0
7.066667  0.583129  0
7.093333  0.582213  0
7.120000  0.581298  0
7.146667  0.580382  0
7.173333  0.579466  0
7.200000  0.578550  0
7.226667  0.577634  0
7.253333  0.576718  0
7.280000  0.575803  0
7.306667  0.574887  0
7.333333  0.573971  0
7.360000  0.573055  0
7.386667  0.572139  0
7.413333  0.571223  0
7.440000  0.570308  0
7.466667  0.569392  0
7.493333  0.568476  0
7.520000  0.567560  0
7.546667  0.566644  0
7.573333  0.565728  0
7.600000  0.564813  0
7.626667  0.563897  0
7.653333  0.562981  0
7.680000  0.562065  0
7.706667  0.561149  0
7.733333  0.560233  0
7.760000  0.559318  0
7.786667  0.558402  0
7.813333  0.557486  0
7.840000  0.556570  0
7.866667  0.555654  0
7.893333  0.554738  0
7.920000  0.553823  0
7.946667  0.552907  0
7.973333  0.551991  0
8.000000  0.551075  0
8.026667  0.550159  0
8.053333  0.549243  0
8.080000  0.548327  0
8.106667  0.547412  0
8.133333  0.546510  0
8.160000  0.545620  0
8.186667  0.544730  0
8.213333  0.543841  0
8.240000  0.542951  0
8.266667  0.542061  0
8.293333  0.541172  0
8.320000  0.540282  0
8.346667  0.539392  0
8.373333  0.538503  0
8.400000  0.537613  0
8.426667  0.536723  0
8.453333  0.535834  0
8.480000  0.534944  0
8.506667  0.534054  0
8.533333  0.533165  0
8.560000  0.532275  0
8.586667  0.531385  0
8.613333  0.530496  0
8.640000  0.529606  0
8.666667  0.528716  0
8.693333  0.527827  0
8.720000  0.526937  0
8.746667  0.526047  0
8.773333  0.525158  0
8.800000  0.524268  0
8.826667  0.523378  0
8.853333  0.522489  0
8.880000  0.521599  0
8.906667  0.520709  0
8.933333  0.519820  0
8.960000  0.518930  0
8.986667  0.518040  0
9.013333  0.517151  0
9.040000  0.516261  0
9.066667  0.515371  0
9.093333  0.514482  0
9.120000  0.513592  0
9.146667  0.512702  0
9.173333  0.512103  0
9.200000  0.511749  0
9.226667  0.511394  0
9.253333  0.511040  0
9.280000  0.510686  0
9.306667  0.510332  0
9.333333  0.509978  0
9.360000  0.509624  0
9.386667  0.509270  0
9.413333  0.508916  0
9.440000  0.508562  0
9.466667  0.508208  0
9.493333  0.507853  0
9.520000  0.507499  0
9.546667  0.507145  0
9.573333  0.506791  0
9.600000  0.506437  0
9.626667  0.506083  0
9.653333  0.505729  0
9.680000  0.505375  0
9.706667  0.505021  0
9.733333  0.504667  0
9.760000  0.504313  0
9.786667  0.503958  0
9.813333  0.503604  0
9.840000  0.503250  0
9.866667  0.502896  0
9.893333  0.502542  0
9.920000  0.502188  0
9.946667  0.501834  0
9.973333  0.501480  0
10.000000  0.501126  0
10.026667  0.500772  0
10.053333  0.500417  0
10.080000  0.500063  0
10.106667  0.499709  0
10.133333  0.499355  0
10.160000  0.499001  0
10.186667  0.498647  0
10.213333  0.498293  0
10.240000  0.497939  0
10.266667  0.497585  0
10.293333  0.497231  0
10.320000  0.496876  0
10.346667  0.496522  0
10.373333  0.496168  0
10.400000  0.495814  0
10.426667  0.495460  0
10.453333  0.495106  0
10.480000  0.494752  0
10.506667  0.494398  0
10.533333  0.494044  0
10.560000  0.493719  0
10.586667  0.493465  0
10.613333  0.493212  0
10.640000  0.492958  0
10.666667  0.492704  0
10.693333  0.492450  0
10.720000  0.492196  0
10.746667  0.491942  0
10.773333  0.491688  0
10.800000  0.491434  0
10.826667  0.491180  0
10.853333  0.490926  0
10.880000  0.490672  0
10.906667  0.490418  0
10.933333  0.490164  0
10.960000  0.489910  0
10.986667  0.489656  0
11.013333  0.489403  0
11.040000  0.489149  0
11.066667  0.488895  0
11.093333  0.488641  0
11.120000  0.488387  0
11.146667  0.488133  0
11.173333  0.487879  0
11.200000  0.487625  0
11.226667  0.487371  0
11.253333  0.487117  0
11.280000  0.486863  0
11.306667  0.486609  0
11.333333  0.486355  0
11.360000  0.486101  0
11.386667  0.485847  0
11.413333  0.485594  0
11.440000  0.485340  0
11.466667  0.485086  0
11.493333  0.484832  0
11.520000  0.484578  0
11.546667  0.484324  0
11.573333  0.484070  0
11.600000  0.483816  0
11.626667  0.483562  0
11.653333  0.483308  0
11.680000  0.483054  0
11.706667  0.482800  0
11.733333  0.482546  0
11.760000  0.482292  0
11.786667  0.482039  0
11.813333  0.481785  0
11.840000  0.481531  0
11.866667  0.481277  0
11.893333  0.481023  0
11.920000  0.480769  0
11.946667  0.480515  0
11.973333  0.480261  0
12.000000  0.480007  0
12.026667  0.479753  0
12.053333  0.479499  0
12.080000  0.479245  0
12.106667  0.478991  0
12.133333  0.478737  0
12.160000  0.478483  0
12.186667  0.478230  0
12.213333  0.477976  0
12.240000  0.477722  0
12.266667  0.477468  0
12.293333  0.477214  0
12.320000  0.476960  0
12.346667  0.476706  0
12.373333  0.476452  0
12.400000  0.476198  0
12.426667  0.475944  0
12.453333  0.475690  0
12.480000  0.475436  0
12.506667  0.475182  0
12.533333  0.474928  0
12.560000  0.474674  0
12.586667  0.474421  0
12.613333  0.474167  0
12.640000  0.473913  0
12.666667  0.473659  0
12.693333  0.473405  0
12.720000  0.473151  0
12.746667  0.472897  0
12.773333  0.472643  0
12.800000  0.472389  0
12.826667  0.472135  0
12.853333  0.471881  0
12.880000  0.471627  0
12.906667  0.471373  0
12.933333  0.471119  0
12.960000  0.470865  0
12.986667  0.470612  0
13.013333  0.470358  0
13.040000  0.470104  0
13.066667  0.469850  0
13.093333  0.469596  0
13.120000  0.469342  0
13.146667  0.469088  0
13.173333  0.468834  0
13.200000  0.468580  0
13.226667  0.468326  0
13.253333  0.468072  0
13.280000  0.467818  0
13.306667  0.467564  0
13.333333  0.467310  0
13.360000  0.467056  0
13.386667  0.466803  0
13.413333  0.466549  0
13.440000  0.466295  0
13.466667  0.466041  0
13.493333  0.465787  0
13.520000  0.465533  0
13.546667  0.465279  0
13.573333  0.465025  0
13.600000  0.464771  0
13.626667  0.464517  0
13.653333  0.464263  0
13.680000  0.464009  0
13.706667  0.463755  0
13.733333  0.463501  0
13.760000  0.463248  0
13.786667  0.462994  0
13.813333  0.462740  0
13.840000  0.462486  0
13.866667  0.462232  0
13.893333  0.461978  0
13.920000  0.461724  0
13.946667  0.461470  0
13.973333  0.461216  0
14.000000  0.460962  0
14.026667  0.460708  0
14.053333  0.460454  0
14.080000  0.460200  0
14.106667  0.459946  0
14.133333  0.459692  0
14.160000  0.459439  0
14.186667  0.459185  0
14.213333  0.458931  0
14.240000  0.458677  0
14.266667  0.458423  0
14.293333  0.458169  0
14.320000  0.457915  0
14.346667  0.457661  0
14.373333  0.457407  0
14.400000  0.457153  0
14.426667  0.456899  0
14.453333  0.456645  0
14.480000  0.456391  0
14.506667  0.456137  0
14.533333  0.455883  0
14.560000  0.455630  0
14.586667  0.455376  0
14.613333  0.455122  0
14.640000  0.454868  0
14.666667  0.454614  0
14.693333  0.454360  0
14.720000  0.454106  0
14.746667  0.453852  0
14.773333  0.453598  0
14.800000  0.453344  0
14.826667  0.453090  0
14.853333  0.452836  0
14.880000  0.452582  0
14.906667  0.452328  0
14.933333  0.452074  0
14.960000  0.451821  0
14.986667  0.451567  0
15.013333  0.451313  0
15.040000  0.451059  0
15.066667  0.450805  0
15.093333  0.450551  0
15.120000  0.450297  0
15.146667  0.450043  0
15.173333  0.449789  0
15.200000  0.449535  0
15.226667  0.449281  0
15.253333  0.449027  0
15.280000  0.448773  0
15.306667  0.448519  0
15.333333  0.448266  0
15.360000  0.448012  0
15.386667  0.447758  0
15.413333  0.447504  0
15.440000  0.447250  0
15.466667  0.446996  0
15.493333  0.446742  0
15.520000  0.446488  0
15.546667  0.446234  0
15.573333  0.445980  0
15.600000  0.445726  0
15.626667  0.445472  0
15.653333  0.445218  0
15.680000  0.444964  0
15.706667  0.444710  0
15.733333  0.444457  0
15.760000  0.444203  0
15.786667  0.443949  0
15.813333  0.443695  0
15.840000  0.443441  0
15.866667  0.443187  0
15.893333  0.442933  0
15.920000  0.442679  0
15.946667  0.442425  0
15.973333  0.442171  0
16.000000  0.441917  0
16.026667  0.441663  0
16.053333  0.441409  0
16.080000  0.441155  0
16.106667  0.440901  0
16.133333  0.440648  0
16.160000  0.440394  0
16.186667  0.440140  0
16.213333  0.439886  0
16.240000  0.439632  0
16.266667  0.439378  0
16.293333  0.439124  0
16.320000  0.438870  0
16.346667  0.438616  0
16.373333  0.438362  0
16.400000  0.438108  0
16.426667  0.437854  0
16.453333  0.437600  0
16.480000  0.437346  0
16.506667  0.437092  0
16.533333  0.436839  0
16.560000  0.436585  0
16.586667  0.436331  0
16.613333  0.436077  0
16.640000  0.435823  0
16.666667  0.435569  0
16.693333  0.435315  0
16.720000  0.435061  0
16.746667  0.434807  0
16.773333  0.434553  0
16.800000  0.434299  0
16.826667  0.434045  0
16.853333  0.433791  0
16.880000  0.433537  0
16.906667  0.433284  0
16.933333  0.433030  0
16.960000  0.432776  0
16.986667  0.432522  0
17.013333  0.432268  0
17.040000  0.432014  0
17.066667  0.431760  0
17.093333  0.431506  0
17.120000  0.431252  0
17.146667  0.430998  0
17.173333  0.430744  0
17.200000  0.430490  0
17.226667  0.430236  0
17.253333  0.429982  0
17.280000  0.429728  0
17.306667  0.429475  0
17.333333  0.429221  0
17.360000  0.428996  0
17.386667  0.428833  0
17.413333  0.428671  0
17.440000  0.428509  0
17.466667  0.428347  0
17.493333  0.428184  0
17.520000  0.428022  0
17.546667  0.427860  0
17.573333  0.427698  0
17.600000  0.427535  0
17.626667  0.427373  0
17.653333  0.427211  0
17.680000  0.427049  0
17.706667  0.426886  0
17.733333  0.426724  0
17.760000  0.426562  0
17.786667  0.426400  0
17.813333  0.426237  0
17.840000  0.426075  0
17.866667  0.425913  0
17.893333  0.425751  0
17.920000  0.425588  0
17.946667  0.425426  0
17.973333  0.425264  0
18.000000  0.425102  0
18.026667  0.424939  0
18.053333  0.424777  0
18.080000  0.424615  0
18.106667  0.424453  0
18.133333  0.424290  0
18.160000  0.424128  0
18.186667  0.423966  0
18.213333  0.423804  0
18.240000  0.423641  0
18.266667  0.423479  0
18.293333  0.423317  0
18.320000  0.423155  0
18.346667  0.422992  0
18.373333  0.422830  0
18.400000  0.422668  0
18.426667  0.422506  0
18.453333  0.422343  0
18.480000  0.422181  0
18.506667  0.422019  0
18.533333  0.421857  0
18.560000  0.421694  0
18.586667  0.421532  0
18.613333  0.421370  0
18.640000  0.421208  0
18.666667  0.421045  0
18.693333  0.420883  0
18.720000  0.420721  0
18.746667  0.420559  0
18.773333  0.420396  0
18.800000  0.420234  0
18.826667  0.420072  0
18.853333  0.419910  0
18.880000  0.419747  0
18.906667  0.419585  0
18.933333  0.419423  0
18.960000  0.419261  0
18.986667  0.419098  0
19.013333  0.418936  0
19.040000  0.418774  0
19.066667  0.418612  0
19.093333  0.418449  0
19.120000  0.418287  0
19.146667  0.418125  0
19.173333  0.417963  0
19.200000  0.417800  0
19.226667  0.417638  0
19.253333  0.417476  0
19.280000  0.417314  0
19.306667  0.417151  0
19.333333  0.416989  0
19.360000  0.416827  0
19.386667  0.416665  0
19.413333  0.416502  0
19.440000  0.416340  0
19.466667  0.416178  0
19.493333  0.416016  0
19.520000  0.415853  0
19.546667  0.415691  0
19.573333  0.415529  0
19.600000  0.415367  0
19.626667  0.415204  0
19.653333  0.415042  0
19.680000  0.414880  0
19.706667  0.414718  0
19.733333  0.414555  0
19.760000  0.414393  0
19.786667  0.414231  0
19.813333  0.414069  0
19.840000  0.413906  0
19.866667  0.413744  0
19.893333  0.413582  0
19.920000  0.413420  0
19.946667  0.413257  0
19.973333  0.413095  0
20.000000  0.412933  0
20.026667  0.412771  0
20.053333  0.412608  0
20.080000  0.412446  0
20.106667  0.412284  0
20.133333  0.412122  0
20.160000  0.411959  0
20.186667  0.411797  0
20.213333  0.411635  0
20.240000  0.411473  0
20.266667  0.411310  0
20.293333  0.411148  0
20.320000  0.410986  0
20.346667  0.410824  0
20.373333  0.410661  0
20.400000  0.410499  0
20.426667  0.410337  0
20.453333  0.410175  0
20.480000  0.410012  0
20.506667  0.409850  0
20.533333  0.409688  0
20.560000  0.409526  0
20.586667  0.409363  0
20.613333  0.409201  0
20.640000  0.409039  0
20.666667  0.408877  0
20.693333  0.408714  0
20.720000  0.408552  0
20.746667  0.408390  0
20.773333  0.408228  0
20.800000  0.408065  0
20.826667  0.407903  0
20.853333  0.407741  0
20.880000  0.407579  0
20.906667  0.407416  0
20.933333  0.407254  0
20.960000  0.407092  0
20.986667  0.406930  0
21.013333  0.406767  0
21.040000  0.406605  0
21.066667  0.406443  0
21.093333  0.406281  0
21.120000  0.406118  0
21.146667  0.405956  0
21.173333  0.405794  0
21.200000  0.405632  0
21.226667  0.405469  0
21.253333  0.405307  0
21.280000  0.405145  0
21.306667  0.404983  0
21.333333  0.404820  0
21.360000  0.404658  0
21.386667  0.404496  0
21.413333  0.404334  0
21.440000  0.404171  0
21.466667  0.404009  0
21.493333  0.403847  0
21.520000  0.403685  0
21.546667  0.403522  0
21.573333  0.403360  0
21.600000  0.403198  0
21.626667  0.403036  0
21.653333  0.402873  0
21.680000  0.402711  0
21.706667  0.402549  0
21.733333  0.402387  0
21.760000  0.402224  0
21.786667  0.402062  0
21.813333  0.401900  0
21.840000  0.401738  0
21.866667  0.401575  0
21.893333  0.401413  0
21.920000  0.401251  0
21.946667  0.401089  0
21.973333  0.400926  0
22.000000  0.400764  0
22.026667  0.400602  0
22.053333  0.400440  0
22.080000  0.400277  0
22.106667  0.400115  0
22.133333  0.399953  0
22.160000  0.399791  0
22.186667  0.399628  0
22.213333  0.399466  0
22.240000  0.399304  0
22.266667  0.399142  0
22.293333  0.398979  0
22.320000  0.398817  0
22.346667  0.398655  0
22.373333  0.398493  0
22.400000  0.398330  0
22.426667  0.398168  0
22.453333  0.398006  0
22.480000  0.397844  0
22.506667  0.397681  0
22.533333  0.397519  0
22.560000  0.397357  0
22.586667  0.397195  0
22.613333  0.397032  0
22.640000  0.396870  0
22.666667  0.396708  0
22.693333  0.396546  0
22.720000  0.396383  0
22.746667  0.396221  0
22.773333  0.396059  0
22.800000  0.395897  0
22.826667  0.395734  0
22.853333  0.395572  0
22.880000  0.395410  0
22.906667  0.395248  0
22.933333  0.395085  0
22.960000  0.394923  0
22.986667  0.394761  0
23.013333  0.394599  0
23.040000  0.394436  0
23.066667  0.394274  0
23.093333  0.394112  0
23.120000  0.393950  0
23.146667  0.393787  0
23.173333  0.393625  0
23.200000  0.393463  0
23.226667  0.393301  0
23.253333  0.393138  0
23.280000  0.392976  0
23.306667  0.392814  0
23.333333  0.392652  0
23.360000  0.392489  0
23.386667  0.392327  0
23.413333  0.392165  0
23.440000  0.392003  0
23.466667  0.391840  0
23.493333  0.391678  0
23.520000  0.391516  0
23.546667  0.391354  0
23.573333  0.391191  0
23.600000  0.391029  0
23.626667  0.390867  0
23.653333  0.390705  0
23.680000  0.390542  0
23.706667  0.390380  0
23.733333  0.390218  0
23.760000  0.390056  0
23.786667  0.389893  0
23.813333  0.389731  0
23.840000  0.389569  0
23.866667  0.389407  0
23.893333  0.389244  0
23.920000  0.389082  0
23.946667  0.388920  0
23.973333  0.388758  0
24.000000  0.388595  0
24.026667  0.388433  0
24.053333  0.388271  0
24.080000  0.388109  0
24.106667  0.387946  0
24.133333  0.387784  0
24.160000  0.387622  0
24.186667  0.387460  0
