2.906667  0.870414  0
2.933333  0.869181  0
2.960000  0.867949  0
2.986667  0.866717  0
3.013333  0.865484  0
3.040000  0.864252  0
3.066667  0.863019  0
3.093333  0.861787  0
3.120000  0.860554  0
3.146667  0.859322  0
3.173333  0.858089  0
3.200000  0.856857  0
3.226667  0.855625  0
3.253333  0.854392  0
3.280000  0.853160  0
3.306667  0.851927  0
3.333333  0.850695  0
3.360000  0.849462  0
3.386667  0.848230  0
3.413333  0.846997  0
3.440000  0.845765  0
3.466667  0.844533  0
3.493333  0.843300  0
3.520000  0.842068  0
3.546667  0.840835  0
3.573333  0.839603  0
3.600000  0.838370  0
3.626667  0.837138  0
3.653333  0.835905  0
3.680000  0.834673  0
3.706667  0.833441  0
3.733333  0.832208  0
3.760000  0.830976  0
3.786667  0.829743  0
3.813333  0.828511  0
3.840000  0.827278  0
3.866667  0.826046  0
3.893333  0.824813  0
3.920000  0.823581  0
3.946667  0.822349  0
3.973333  0.821116  0
4.000000  0.819884  0
4.026667  0.818651  0
4.053333  0.817419  0
4.080000  0.816186  0
4.106667  0.814954  0
4.133333  0.813721  0
4.160000  0.812489  0
4.186667  0.811257  0
4.213333  0.810024  0
4.240000  0.808792  0
4.266667  0.807559  0
4.293333  0.806327  0
4.320000  0.805094  0
4.346667  0.803862  0
4.373333  0.802630  0
4.400000  0.801397  0
4.426667  0.800165  0
4.453333  0.798932  0
4.480000  0.797700  0
4.506667  0.796480  0
4.533333  0.795310  0
4.560000  0.794139  0
4.586667  0.792968  0
4.613333  0.791798  0
4.640000  0.790627  0
4.666667  0.789456  0
4.693333  0.788286  0
4.720000  0.787115  0
4.746667  0.785945  0
4.773333  0.784774  0
4.800000  0.783603  0
4.826667  0.782433  0
4.853333  0.781262  0
4.880000  0.780092  0
4.906667  0.778921  0
4.933333  0.777750  0
4.960000  0.776580  0
4.986667  0.775409  0
5.013333  0.774238  0
5.040000  0.773068  0
5.066667  0.771897  0
5.093333  0.770727  0
5.120000  0.769556  0
5.146667  0.768385  0
5.173333  0.767215  0
5.200000  0.766044  0
5.226667  0.764873  0
5.253333  0.763703  0
5.280000  0.762532  0
5.306667  0.761217  0
5.333333  0.759796  0
5.360000  0.758375  0
5.386667  0.756954  0
5.413333  0.755533  0
5.440000  0.754112  0
5.466667  0.752691  0
5.493333  0.751270  0
5.520000  0.749849  0
5.546667  0.748428  0
5.573333  0.747007  0
5.600000  0.745586  0
5.626667  0.744165  0
5.653333  0.742744  0
5.680000  0.741323  0
5.706667  0.739902  0
5.733333  0.738481  0
5.760000  0.737060  0
5.786667  0.735639  0
5.813333  0.734218  0
5.840000  0.732797  0
5.866667  0.731376  0
5.893333  0.729955  0
5.920000  0.728534  0
5.946667  0.727113  0
5.973333  0.725692  0
6.000000  0.724271  0
6.026667  0.722850  0
6.053333  0.721429  0
6.080000  0.720008  0
6.106667  0.718587  0
6.133333  0.717166  0
6.160000  0.715745  0
6.186667  0.714324  0
6.213333  0.712903  0
6.240000  0.711482  0
6.266667  0.710061  0
6.293333  0.708679  0
6.320000  0.707522  0
6.346667  0.706365  0
6.373333  0.705207  0
6.400000  0.704050  0
6.426667  0.702893  0
6.453333  0.701736  0
6.480000  0.700578  0
6.506667  0.699421  0
6.533333  0.698264  0
6.560000  0.697106  0
6.586667  0.695949  0
6.613333  0.694792  0
6.640000  0.693634  0
6.666667  0.692477  0
6.693333  0.691320  0
6.720000  0.690163  0
6.746667  0.689005  0
6.773333  0.687848  0
6.800000  0.686691  0
6.826667  0.685533  0
6.853333  0.684376  0
6.880000  0.683219  0
6.906667  0.682062  0
6.933333  0.680904  0
6.960000  0.679747  0
6.986667  0.678590  0
7.013333  0.677432  0
7.040000  0.676275  0
7.066667  0.675118  0
7.093333  0.673960  0
7.120000  0.672803  0
7.146667  0.671792  0
7.173333  0.671451  0
7.200000  0.671111  0
7.226667  0.670771  0
7.253333  0.670431  0
7.280000  0.670090  0
7.306667  0.669750  0
7.333333  0.669410  0
7.360000  0.669069  0
7.386667  0.668729  0
7.413333  0.668389  0
7.440000  0.668048  0
7.466667  0.667708  0
7.493333  0.667368  0
7.520000  0.667027  0
7.546667  0.666687  0
7.573333  0.666347  0
7.600000  0.666006  0
7.626667  0.665666  0
7.653333  0.665326  0
7.680000  0.664986  0
7.706667  0.664645  0
7.733333  0.664305  0
7.760000  0.663965  0
7.786667  0.663624  0
7.813333  0.663284  0
7.840000  0.662944  0
7.866667  0.662603  0
7.893333  0.662263  0
7.920000  0.661923  0
7.946667  0.661582  0
7.973333  0.661242  0
8.000000  0.660902  0
8.026667  0.660561  0
8.053333  0.660221  0
8.080000  0.659881  0
8.106667  0.659541  0
8.133333  0.659200  0
8.160000  0.658860  0
8.186667  0.658520  0
8.213333  0.658179  0
8.240000  0.657839  0
8.266667  0.657499  0
8.293333  0.657158  0
8.320000  0.656818  0
8.346667  0.656478  0
8.373333  0.656137  0
8.400000  0.655797  0
8.426667  0.655241  0
8.453333  0.654549  0
8.480000  0.653857  0
8.506667  0.653165  0
8.533333  0.652473  0
8.560000  0.651781  0
8.586667  0.651089  0
8.613333  0.650397  0
8.640000  0.649706  0
8.666667  0.649014  0
8.693333  0.648322  0
8.720000  0.647630  0
8.746667  0.646938  0
8.773333  0.646246  0
8.800000  0.645554  0
8.826667  0.644862  0
8.853333  0.644170  0
8.880000  0.643478  0
8.906667  0.642786  0
8.933333  0.642094  0
8.960000  0.641402  0
8.986667  0.640710  0
9.013333  0.640018  0
9.040000  0.639326  0
9.066667  0.638634  0
9.093333  0.637942  0
9.120000  0.637250  0
9.146667  0.636558  0
9.173333  0.635866  0
9.200000  0.635174  0
9.226667  0.634482  0
9.253333  0.633790  0
9.280000  0.633098  0
9.306667  0.632406  0
9.333333  0.631714  0
9.360000  0.631022  0
9.386667  0.630330  0
9.413333  0.629639  0
9.440000  0.628947  0
9.466667  0.628255  0
9.493333  0.627563  0
9.520000  0.626871  0
9.546667  0.626179  0
9.573333  0.625487  0
9.600000  0.624795  0
9.626667  0.624103  0
9.653333  0.623411  0
9.680000  0.622794  0
9.706667  0.622192  0
9.733333  0.621590  0
9.760000  0.620988  0
9.786667  0.620387  0
9.813333  0.619785  0
9.840000  0.619183  0
9.866667  0.618582  0
9.893333  0.617980  0
9.920000  0.617378  0
9.946667  0.616776  0
9.973333  0.616175  0
10.000000  0.615573  0
10.026667  0.614971  0
10.053333  0.614370  0
10.080000  0.613768  0
10.106667  0.613166  0
10.133333  0.612564  0
10.160000  0.611963  0
10.186667  0.611361  0
10.213333  0.610759  0
10.240000  0.610158  0
10.266667  0.609556  0
10.293333  0.608954  0
10.320000  0.608353  0
10.346667  0.607751  0
10.373333  0.607149  0
10.400000  0.606547  0
10.426667  0.605946  0
10.453333  0.605344  0
10.480000  0.604742  0
10.506667  0.604141  0
10.533333  0.603539  0
10.560000  0.602937  0
10.586667  0.602335  0
10.613333  0.601734  0
10.640000  0.601132  0
10.666667  0.600530  0
10.693333  0.599929  0
10.720000  0.599327  0
10.746667  0.598725  0
10.773333  0.598123  0
10.800000  0.597522  0
10.826667  0.596920  0
10.853333  0.596318  0
10.880000  0.595717  0
10.906667  0.595115  0
10.933333  0.594513  0
10.960000  0.593911  0
10.986667  0.593310  0
11.013333  0.592708  0
11.040000  0.592106  0
11.066667  0.591505  0
11.093333  0.590905  0
11.120000  0.590381  0
11.146667  0.589858  0
11.173333  0.589335  0
11.200000  0.588811  0
11.226667  0.588288  0
11.253333  0.587765  0
11.280000  0.587241  0
11.306667  0.586718  0
11.333333  0.586195  0
11.360000  0.585671  0
11.386667  0.585148  0
11.413333  0.584625  0
11.440000  0.584101  0
11.466667  0.583578  0
11.493333  0.583055  0
11.520000  0.582531  0
11.546667  0.582008  0
11.573333  0.581485  0
11.600000  0.580961  0
11.626667  0.580438  0
11.653333  0.579915  0
11.680000  0.579391  0
11.706667  0.578868  0
11.733333  0.578345  0
11.760000  0.577821  0
11.786667  0.577298  0
11.813333  0.576775  0
11.840000  0.576251  0
11.866667  0.575728  0
11.893333  0.575205  0
11.920000  0.574681  0
11.946667  0.574158  0
11.973333  0.573635  0
12.000000  0.573111  0
12.026667  0.572588  0
12.053333  0.572065  0
12.080000  0.571541  0
12.106667  0.571018  0
12.133333  0.570495  0
12.160000  0.570054  0
12.186667  0.569853  0
12.213333  0.569652  0
12.240000  0.569451  0
12.266667  0.569250  0
12.293333  0.569049  0
12.320000  0.568848  0
12.346667  0.568646  0
12.373333  0.568445  0
12.400000  0.568244  0
12.426667  0.568043  0
12.453333  0.567842  0
12.480000  0.567641  0
12.506667  0.567440  0
12.533333  0.567239  0
12.560000  0.567038  0
12.586667  0.566837  0
12.613333  0.566636  0
12.640000  0.566435  0
12.666667  0.566234  0
12.693333  0.566033  0
12.720000  0.565832  0
12.746667  0.565631  0
12.773333  0.565430  0
12.800000  0.565229  0
12.826667  0.565027  0
12.853333  0.564826  0
12.880000  0.564625  0
12.906667  0.564424  0
12.933333  0.564223  0
12.960000  0.564022  0
12.986667  0.563821  0
13.013333  0.563620  0
13.040000  0.563419  0
13.066667  0.563218  0
13.093333  0.563017  0
13.120000  0.562816  0
13.146667  0.562615  0
13.173333  0.562414  0
13.200000  0.562213  0
13.226667  0.562012  0
13.253333  0.561811  0
13.280000  0.561610  0
13.306667  0.561409  0
13.333333  0.561207  0
13.360000  0.561006  0
13.386667  0.560780  0
13.413333  0.560475  0
13.440000  0.560171  0
13.466667  0.559867  0
13.493333  0.559563  0
13.520000  0.559259  0
13.546667  0.558955  0
13.573333  0.558650  0
13.600000  0.558346  0
13.626667  0.558042  0
13.653333  0.557738  0
13.680000  0.557434  0
13.706667  0.557130  0
13.733333  0.556825  0
13.760000  0.556521  0
13.786667  0.556217  0
13.813333  0.555913  0
13.840000  0.555609  0
13.866667  0.555305  0
13.893333  0.555001  0
13.920000  0.554696  0
13.946667  0.554392  0
13.973333  0.554088  0
14.000000  0.553784  0
14.026667  0.553480  0
14.053333  0.553176  0
14.080000  0.552871  0
14.106667  0.552567  0
14.133333  0.552263  0
14.160000  0.551959  0
14.186667  0.551655  0
14.213333  0.551351  0
14.240000  0.551046  0
14.266667  0.550742  0
14.293333  0.550438  0
14.320000  0.550134  0
14.346667  0.549830  0
14.373333  0.549526  0
14.400000  0.549221  0
14.426667  0.548917  0
14.453333  0.548613  0
14.480000  0.548309  0
14.506667  0.548005  0
14.533333  0.547701  0
14.560000  0.547396  0
14.586667  0.547092  0
14.613333  0.546788  0
14.640000  0.546484  0
14.666667  0.546180  0
14.693333  0.545876  0
14.720000  0.545572  0
14.746667  0.545267  0
14.773333  0.544963  0
14.800000  0.544659  0
14.826667  0.544355  0
14.853333  0.544051  0
14.880000  0.543747  0
14.906667  0.543442  0
14.933333  0.543138  0
14.960000  0.542834  0
14.986667  0.542530  0
15.013333  0.542263  0
15.040000  0.542046  0
15.066667  0.541829  0
15.093333  0.541612  0
15.120000  0.541395  0
15.146667  0.541178  0
15.173333  0.540961  0
15.200000  0.540744  0
15.226667  0.540527  0
15.253333  0.540310  0
15.280000  0.540093  0
15.306667  0.539876  0
15.333333  0.539659  0
15.360000  0.539442  0
15.386667  0.539225  0
15.413333  0.539008  0
15.440000  0.538791  0
15.466667  0.538574  0
15.493333  0.538357  0
15.520000  0.538140  0
15.546667  0.537923  0
15.573333  0.537706  0
15.600000  0.537489  0
15.626667  0.537272  0
15.653333  0.537055  0
15.680000  0.536838  0
15.706667  0.536621  0
15.733333  0.536404  0
15.760000  0.536187  0
15.786667  0.535970  0
15.813333  0.535753  0
15.840000  0.535536  0
15.866667  0.535319  0
15.893333  0.535102  0
15.920000  0.534885  0
15.946667  0.534668  0
15.973333  0.534451  0
16.000000  0.534234  0
16.026667  0.534017  0
16.053333  0.533800  0
16.080000  0.533583  0
16.106667  0.533366  0
16.133333  0.533149  0
16.160000  0.532932  0
16.186667  0.532715  0
16.213333  0.532498  0
16.240000  0.532281  0
16.266667  0.532064  0
16.293333  0.531847  0
16.320000  0.531630  0
16.346667  0.531413  0
16.373333  0.531196  0
16.400000  0.530979  0
16.426667  0.530763  0
16.453333  0.530546  0
16.480000  0.530329  0
16.506667  0.530112  0
16.533333  0.529895  0
16.560000  0.529678  0
16.586667  0.529461  0
16.613333  0.529244  0
16.640000  0.529027  0
16.666667  0.528810  0
16.693333  0.528593  0
16.720000  0.528376  0
16.746667  0.528159  0
16.773333  0.527942  0
16.800000  0.527725  0
16.826667  0.527508  0
16.853333  0.527291  0
16.880000  0.527074  0
16.906667  0.526857  0
16.933333  0.526640  0
16.960000  0.526423  0
16.986667  0.526206  0
17.013333  0.525989  0
17.040000  0.525772  0
17.066667  0.525555  0
17.093333  0.525338  0
17.120000  0.525121  0
17.146667  0.524904  0
17.173333  0.524687  0
17.200000  0.524470  0
17.226667  0.524253  0
17.253333  0.524036  0
17.280000  0.523819  0
17.306667  0.523602  0
17.333333  0.523385  0
17.360000  0.523168  0
17.386667  0.522951  0
17.413333  0.522734  0
17.440000  0.522517  0
17.466667  0.522300  0
17.493333  0.522083  0
17.520000  0.521866  0
17.546667  0.521649  0
17.573333  0.521530  0
17.600000  0.521502  0
17.626667  0.521473  0
17.653333  0.521445  0
17.680000  0.521417  0
17.706667  0.521389  0
17.733333  0.521361  0
17.760000  0.521333  0
17.786667  0.521305  0
17.813333  0.521277  0
17.840000  0.521249  0
17.866667  0.521220  0
17.893333  0.521192  0
17.920000  0.521164  0
17.946667  0.521136  0
17.973333  0.521108  0
18.000000  0.521080  0
18.026667  0.521052  0
18.053333  0.521024  0
18.080000  0.520996  0
18.106667  0.520967  0
18.133333  0.520939  0
18.160000  0.520911  0
18.186667  0.520883  0
18.213333  0.520855  0
18.240000  0.520827  0
18.266667  0.520799  0
18.293333  0.520771  0
18.320000  0.520743  0
18.346667  0.520714  0
18.373333  0.520686  0
18.400000  0.520658  0
18.426667  0.520630  0
18.453333  0.520602  0
18.480000  0.520574  0
18.506667  0.520546  0
18.533333  0.520518  0
18.560000  0.520490  0
18.586667  0.520461  0
18.613333  0.520433  0
18.640000  0.520405  0
18.666667  0.520377  0
18.693333  0.520349  0
18.720000  0.520321  0
18.746667  0.520293  0
18.773333  0.520265  0
18.800000  0.520237  0
18.826667  0.520208  0
18.853333  0.520180  0
18.880000  0.520152  0
18.906667  0.520124  0
18.933333  0.520096  0
18.960000  0.520068  0
18.986667  0.520040  0
19.013333  0.520012  0
19.040000  0.519984  0
19.066667  0.519955  0
19.093333  0.519927  0
19.120000  0.519899  0
19.146667  0.519871  0
19.173333  0.519843  0
19.200000  0.519815  0
19.226667  0.519787  0
19.253333  0.519759  0
19.280000  0.519731  0
19.306667  0.519703  0
19.333333  0.519674  0
19.360000  0.519646  0
19.386667  0.519618  0
19.413333  0.519590  0
19.440000  0.519562  0
19.466667  0.519534  0
19.493333  0.519506  0
19.520000  0.519478  0
19.546667  0.519450  0
19.573333  0.519421  0
19.600000  0.519393  0
19.626667  0.519365  0
19.653333  0.519337  0
19.680000  0.519309  0
19.706667  0.519281  0
19.733333  0.519253  0
19.760000  0.519225  0
19.786667  0.519197  0
19.813333  0.519168  0
19.840000  0.519140  0
19.866667  0.519112  0
19.893333  0.519084  0
19.920000  0.519056  0
19.946667  0.519028  0
19.973333  0.519000  0
20.000000  0.518972  0
20.026667  0.518944  0
20.053333  0.518915  0
20.080000  0.518887  0
20.106667  0.518859  0
20.133333  0.518831  0
20.160000  0.518803  0
20.186667  0.518775  0
20.213333  0.518747  0
20.240000  0.518719  0
20.266667  0.518691  0
20.293333  0.518662  0
20.320000  0.518634  0
20.346667  0.518606  0
20.373333  0.518578  0
20.400000  0.518550  0
20.426667  0.518522  0
20.453333  0.518494  0
20.480000  0.518466  0
20.506667  0.518438  0
20.533333  0.518409  0
20.560000  0.518381  0
20.586667  0.518353  0
20.613333  0.518325  0
20.640000  0.518297  0
20.666667  0.518269  0
20.693333  0.518241  0
20.720000  0.518213  0
20.746667  0.518185  0
20.773333  0.518156  0
20.800000  0.518128  0
20.826667  0.518100  0
20.853333  0.518072  0
20.880000  0.518044  0
20.906667  0.518016  0
20.933333  0.517988  0
20.960000  0.517960  0
20.986667  0.517932  0
21.013333  0.517903  0
21.040000  0.517875  0
21.066667  0.517847  0
21.093333  0.517819  0
21.120000  0.517791  0
21.146667  0.517763  0
21.173333  0.517735  0
21.200000  0.517707  0
21.226667  0.517679  0
21.253333  0.517651  0
21.280000  0.517622  0
21.306667  0.517594  0
21.333333  0.517566  0
21.360000  0.517538  0
21.386667  0.517510  0
21.413333  0.517482  0
21.440000  0.517454  0
21.466667  0.517426  0
21.493333  0.517398  0
21.520000  0.517369  0
21.546667  0.517341  0
21.573333  0.517313  0
21.600000  0.517285  0
21.626667  0.517257  0
21.653333  0.517229  0
21.680000  0.517201  0
21.706667  0.517173  0
21.733333  0.517145  0
21.760000  0.517116  0
21.786667  0.517088  0
21.813333  0.517060  0
21.840000  0.517032  0
21.866667  0.517004  0
21.893333  0.516976  0
21.920000  0.516948  0
21.946667  0.516920  0
