2.426667  0.796251  0
2.453333  0.793690  0
2.480000  0.791129  0
2.506667  0.788568  0
2.533333  0.786007  0
2.560000  0.783446  0
2.586667  0.780884  0
2.613333  0.778323  0
2.640000  0.775762  0
2.666667  0.773201  0
2.693333  0.770640  0
2.720000  0.768079  0
2.746667  0.765517  0
2.773333  0.762956  0
2.800000  0.760395  0
2.826667  0.757834  0
2.853333  0.755273  0
2.880000  0.752712  0
2.906667  0.750150  0
2.933333  0.747589  0
2.960000  0.745028  0
2.986667  0.742467  0
3.013333  0.739906  0
3.040000  0.737345  0
3.066667  0.734783  0
3.093333  0.732222  0
3.120000  0.729661  0
3.146667  0.727100  0
3.173333  0.724539  0
3.200000  0.721977  0
3.226667  0.719416  0
3.253333  0.716855  0
3.280000  0.714294  0
3.306667  0.711733  0
3.333333  0.709172  0
3.360000  0.707208  0
3.386667  0.705330  0
3.413333  0.703452  0
3.440000  0.701573  0
3.466667  0.699695  0
3.493333  0.697817  0
3.520000  0.695939  0
3.546667  0.694061  0
3.573333  0.692183  0
3.600000  0.690304  0
3.626667  0.688426  0
3.653333  0.686548  0
3.680000  0.684670  0
3.706667  0.682792  0
3.733333  0.680913  0
3.760000  0.679035  0
3.786667  0.677157  0
3.813333  0.675279  0
3.840000  0.673401  0
3.866667  0.671522  0
3.893333  0.669644  0
3.920000  0.667766  0
3.946667  0.665888  0
3.973333  0.664558  0
4.000000  0.663816  0
4.026667  0.663075  0
4.053333  0.662334  0
4.080000  0.661592  0
4.106667  0.660851  0
4.133333  0.660109  0
4.160000  0.659368  0
4.186667  0.658627  0
4.213333  0.657885  0
4.240000  0.657144  0
4.266667  0.656402  0
4.293333  0.655661  0
4.320000  0.654920  0
4.346667  0.654178  0
4.373333  0.653437  0
4.400000  0.652695  0
4.426667  0.651954  0
4.453333  0.651213  0
4.480000  0.650471  0
4.506667  0.649730  0
4.533333  0.648989  0
4.560000  0.648247  0
4.586667  0.647506  0
4.613333  0.646764  0
4.640000  0.646023  0
4.666667  0.645282  0
4.693333  0.644540  0
4.720000  0.643799  0
4.746667  0.643057  0
4.773333  0.642316  0
4.800000  0.641683  0
4.826667  0.641312  0
4.853333  0.640941  0
4.880000  0.640571  0
4.906667  0.640200  0
4.933333  0.639829  0
4.960000  0.639459  0
4.986667  0.639088  0
5.013333  0.638717  0
5.040000  0.638346  0
5.066667  0.637976  0
5.093333  0.637605  0
5.120000  0.637234  0
5.146667  0.636864  0
5.173333  0.636493  0
5.200000  0.636122  0
5.226667  0.635752  0
5.253333  0.635381  0
5.280000  0.635010  0
5.306667  0.634640  0
5.333333  0.634269  0
5.360000  0.633898  0
5.386667  0.633527  0
5.413333  0.633157  0
5.440000  0.632786  0
5.466667  0.632415  0
5.493333  0.632045  0
5.520000  0.631674  0
5.546667  0.631303  0
5.573333  0.630933  0
5.600000  0.630562  0
5.626667  0.630191  0
5.653333  0.629820  0
5.680000  0.629450  0
5.706667  0.629079  0
5.733333  0.628708  0
5.760000  0.628338  0
5.786667  0.627967  0
5.813333  0.627596  0
5.840000  0.627226  0
5.866667  0.626855  0
5.893333  0.626484  0
5.920000  0.626114  0
5.946667  0.625743  0
5.973333  0.625372  0
6.000000  0.625001  0
6.026667  0.624631  0
6.053333  0.624260  0
6.080000  0.623889  0
6.106667  0.623519  0
6.133333  0.623148  0
6.160000  0.622777  0
6.186667  0.622407  0
6.213333  0.622036  0
6.240000  0.621665  0
6.266667  0.621294  0
6.293333  0.620907  0
6.320000  0.620426  0
6.346667  0.619946  0
6.373333  0.619465  0
6.400000  0.618984  0
6.426667  0.618503  0
6.453333  0.618022  0
6.480000  0.617541  0
6.506667  0.617060  0
6.533333  0.616579  0
6.560000  0.616098  0
6.586667  0.615617  0
6.613333  0.615137  0
6.640000  0.614656  0
6.666667  0.614175  0
6.693333  0.613694  0
6.720000  0.613213  0
6.746667  0.612732  0
6.773333  0.612251  0
6.800000  0.611770  0
6.826667  0.611289  0
6.853333  0.610808  0
6.880000  0.610328  0
6.906667  0.609847  0
6.933333  0.609366  0
6.960000  0.608885  0
6.986667  0.608404  0
7.013333  0.607923  0
7.040000  0.607442  0
7.066667  0.606781  0
7.093333  0.605693  0
7.120000  0.604606  0
7.146667  0.603519  0
7.173333  0.602431  0
7.200000  0.601344  0
7.226667  0.600256  0
7.253333  0.599169  0
7.280000  0.598082  0
7.306667  0.596994  0
7.333333  0.595907  0
7.360000  0.594820  0
7.386667  0.593732  0
7.413333  0.592645  0
7.440000  0.591557  0
7.466667  0.590470  0
7.493333  0.589383  0
7.520000  0.588295  0
7.546667  0.587208  0
7.573333  0.586121  0
7.600000  0.585033  0
7.626667  0.583946  0
7.653333  0.582858  0
7.680000  0.581771  0
7.706667  0.580557  0
7.733333  0.579330  0
7.760000  0.578103  0
7.786667  0.576876  0
7.813333  0.575649  0
7.840000  0.574422  0
7.866667  0.573194  0
7.893333  0.571967  0
7.920000  0.570740  0
7.946667  0.569513  0
7.973333  0.568286  0
8.000000  0.567059  0
8.026667  0.565832  0
8.053333  0.564605  0
8.080000  0.563377  0
8.106667  0.562150  0
8.133333  0.560923  0
8.160000  0.559696  0
8.186667  0.558469  0
8.213333  0.557242  0
8.240000  0.556015  0
8.266667  0.554788  0
8.293333  0.553774  0
8.320000  0.553280  0
8.346667  0.552786  0
8.373333  0.552291  0
8.400000  0.551797  0
8.426667  0.551303  0
8.453333  0.550809  0
8.480000  0.550314  0
8.506667  0.549820  0
8.533333  0.549326  0
8.560000  0.548832  0
8.586667  0.548337  0
8.613333  0.547843  0
8.640000  0.547349  0
8.666667  0.546854  0
8.693333  0.546360  0
8.720000  0.545866  0
8.746667  0.545372  0
8.773333  0.544877  0
8.800000  0.544443  0
8.826667  0.544053  0
8.853333  0.543663  0
8.880000  0.543273  0
8.906667  0.542882  0
8.933333  0.542492  0
8.960000  0.542102  0
8.986667  0.541712  0
9.013333  0.541322  0
9.040000  0.540931  0
9.066667  0.540541  0
9.093333  0.540151  0
9.120000  0.539761  0
9.146667  0.539371  0
9.173333  0.538980  0
9.200000  0.538590  0
9.226667  0.538200  0
9.253333  0.537810  0
9.280000  0.537420  0
9.306667  0.537029  0
9.333333  0.536639  0
9.360000  0.536249  0
9.386667  0.535859  0
9.413333  0.535469  0
9.440000  0.535078  0
9.466667  0.534688  0
9.493333  0.534298  0
9.520000  0.533908  0
9.546667  0.533517  0
9.573333  0.533127  0
9.600000  0.531951  0
9.626667  0.530730  0
9.653333  0.529508  0
9.680000  0.528287  0
9.706667  0.527066  0
9.733333  0.525845  0
9.760000  0.524624  0
9.786667  0.523403  0
9.813333  0.522182  0
9.840000  0.520961  0
9.866667  0.519740  0
9.893333  0.518518  0
9.920000  0.517297  0
9.946667  0.516076  0
9.973333  0.514855  0
10.000000  0.513634  0
10.026667  0.512413  0
10.053333  0.511192  0
10.080000  0.509971  0
10.106667  0.508749  0
10.133333  0.507528  0
10.160000  0.506307  0
10.186667  0.505086  0
10.213333  0.503865  0
10.240000  0.502644  0
10.266667  0.501423  0
10.293333  0.500410  0
10.320000  0.499669  0
10.346667  0.498927  0
10.373333  0.498186  0
10.400000  0.497445  0
10.426667  0.496703  0
10.453333  0.495962  0
10.480000  0.495220  0
10.506667  0.494479  0
10.533333  0.493738  0
10.560000  0.492996  0
10.586667  0.492255  0
10.613333  0.491513  0
10.640000  0.490772  0
10.666667  0.490031  0
10.693333  0.489289  0
10.720000  0.488548  0
10.746667  0.487806  0
10.773333  0.487065  0
10.800000  0.486324  0
10.826667  0.485582  0
10.853333  0.484841  0
10.880000  0.484100  0
10.906667  0.483358  0
10.933333  0.482617  0
10.960000  0.481875  0
10.986667  0.481134  0
11.013333  0.480393  0
11.040000  0.479651  0
11.066667  0.478910  0
11.093333  0.478168  0
11.120000  0.477427  0
11.146667  0.476686  0
11.173333  0.475944  0
11.200000  0.475203  0
11.226667  0.474461  0
11.253333  0.473720  0
11.280000  0.472979  0
11.306667  0.472237  0
11.333333  0.471496  0
11.360000  0.470754  0
11.386667  0.470013  0
11.413333  0.469272  0
11.440000  0.468530  0
11.466667  0.467789  0
11.493333  0.467047  0
11.520000  0.466306  0
11.546667  0.465565  0
11.573333  0.464823  0
11.600000  0.464082  0
11.626667  0.463652  0
11.653333  0.463498  0
11.680000  0.463344  0
11.706667  0.463191  0
11.733333  0.463037  0
11.760000  0.462883  0
11.786667  0.462729  0
11.813333  0.462575  0
11.840000  0.462422  0
11.866667  0.462268  0
11.893333  0.462114  0
11.920000  0.461960  0
11.946667  0.461807  0
11.973333  0.461653  0
12.000000  0.461499  0
12.026667  0.461345  0
12.053333  0.461192  0
12.080000  0.461038  0
12.106667  0.460884  0
12.133333  0.460730  0
12.160000  0.460576  0
12.186667  0.460423  0
12.213333  0.460269  0
12.240000  0.460115  0
12.266667  0.459961  0
12.293333  0.459808  0
12.320000  0.459654  0
12.346667  0.459500  0
12.373333  0.459346  0
12.400000  0.459193  0
12.426667  0.459039  0
12.453333  0.458885  0
12.480000  0.458731  0
12.506667  0.458577  0
12.533333  0.458424  0
12.560000  0.458270  0
12.586667  0.458116  0
12.613333  0.457962  0
12.640000  0.457809  0
12.666667  0.457655  0
12.693333  0.457501  0
12.720000  0.457347  0
12.746667  0.457193  0
12.773333  0.457040  0
12.800000  0.456886  0
12.826667  0.456732  0
12.853333  0.456578  0
12.880000  0.456425  0
12.906667  0.456271  0
12.933333  0.456117  0
12.960000  0.455963  0
12.986667  0.455810  0
13.013333  0.455656  0
13.040000  0.455502  0
13.066667  0.455348  0
13.093333  0.455194  0
13.120000  0.455041  0
13.146667  0.454887  0
13.173333  0.454733  0
13.200000  0.454579  0
13.226667  0.454426  0
13.253333  0.454272  0
13.280000  0.454118  0
13.306667  0.453964  0
13.333333  0.453811  0
13.360000  0.453657  0
13.386667  0.453503  0
13.413333  0.453349  0
13.440000  0.453195  0
13.466667  0.453042  0
13.493333  0.452888  0
13.520000  0.452734  0
13.546667  0.452580  0
13.573333  0.452427  0
13.600000  0.452273  0
13.626667  0.452119  0
13.653333  0.451965  0
13.680000  0.451812  0
13.706667  0.451658  0
13.733333  0.451504  0
13.760000  0.451350  0
13.786667  0.451196  0
13.813333  0.451043  0
13.840000  0.450889  0
13.866667  0.450735  0
13.893333  0.450581  0
13.920000  0.450428  0
13.946667  0.450274  0
13.973333  0.450120  0
14.000000  0.449966  0
14.026667  0.449813  0
14.053333  0.449659  0
14.080000  0.449505  0
14.106667  0.449351  0
14.133333  0.449197  0
14.160000  0.449044  0
14.186667  0.448890  0
14.213333  0.448736  0
14.240000  0.448582  0
14.266667  0.448429  0
14.293333  0.448275  0
14.320000  0.448121  0
14.346667  0.447967  0
14.373333  0.447814  0
14.400000  0.447660  0
14.426667  0.447496  0
14.453333  0.447303  0
14.480000  0.447110  0
14.506667  0.446917  0
14.533333  0.446725  0
14.560000  0.446532  0
14.586667  0.446339  0
14.613333  0.446146  0
14.640000  0.445954  0
14.666667  0.445761  0
14.693333  0.445568  0
14.720000  0.445375  0
14.746667  0.445183  0
14.773333  0.444990  0
14.800000  0.444797  0
14.826667  0.444604  0
14.853333  0.444412  0
14.880000  0.444219  0
14.906667  0.444026  0
14.933333  0.443833  0
14.960000  0.443641  0
14.986667  0.443448  0
15.013333  0.443255  0
15.040000  0.443062  0
15.066667  0.442869  0
15.093333  0.442677  0
15.120000  0.442484  0
15.146667  0.442291  0
15.173333  0.442098  0
15.200000  0.441906  0
15.226667  0.441713  0
15.253333  0.441520  0
15.280000  0.441327  0
15.306667  0.441135  0
15.333333  0.440942  0
15.360000  0.440749  0
15.386667  0.440556  0
15.413333  0.440364  0
15.440000  0.440171  0
15.466667  0.439978  0
15.493333  0.439785  0
15.520000  0.439593  0
15.546667  0.439400  0
15.573333  0.439207  0
15.600000  0.439014  0
15.626667  0.438821  0
15.653333  0.438629  0
15.680000  0.438436  0
15.706667  0.438243  0
15.733333  0.438050  0
15.760000  0.437858  0
15.786667  0.437665  0
15.813333  0.437472  0
15.840000  0.437279  0
15.866667  0.437087  0
15.893333  0.436894  0
15.920000  0.436701  0
15.946667  0.436508  0
15.973333  0.436316  0
16.000000  0.436123  0
16.026667  0.435930  0
16.053333  0.435737  0
16.080000  0.435545  0
16.106667  0.435352  0
16.133333  0.435159  0
16.160000  0.434966  0
16.186667  0.434773  0
16.213333  0.434581  0
16.240000  0.434388  0
16.266667  0.434195  0
16.293333  0.434002  0
16.320000  0.433810  0
16.346667  0.433617  0
16.373333  0.433424  0
16.400000  0.433231  0
16.426667  0.433039  0
16.453333  0.432846  0
16.480000  0.432653  0
16.506667  0.432460  0
16.533333  0.432268  0
16.560000  0.432075  0
16.586667  0.431882  0
16.613333  0.431689  0
16.640000  0.431497  0
16.666667  0.431304  0
16.693333  0.431111  0
16.720000  0.430918  0
16.746667  0.430725  0
16.773333  0.430533  0
16.800000  0.430340  0
16.826667  0.430147  0
16.853333  0.429954  0
16.880000  0.429762  0
16.906667  0.429569  0
16.933333  0.429376  0
16.960000  0.429183  0
16.986667  0.428991  0
17.013333  0.428798  0
17.040000  0.428605  0
17.066667  0.428412  0
17.093333  0.428220  0
17.120000  0.428027  0
17.146667  0.427834  0
17.173333  0.427641  0
17.200000  0.427449  0
17.226667  0.427256  0
17.253333  0.427063  0
17.280000  0.426870  0
17.306667  0.426677  0
17.333333  0.426485  0
17.360000  0.426292  0
17.386667  0.426099  0
17.413333  0.425906  0
17.440000  0.425714  0
17.466667  0.425521  0
17.493333  0.425328  0
17.520000  0.425135  0
17.546667  0.424943  0
17.573333  0.424750  0
17.600000  0.424557  0
17.626667  0.424364  0
17.653333  0.424172  0
17.680000  0.423979  0
17.706667  0.423786  0
17.733333  0.423593  0
17.760000  0.423401  0
17.786667  0.423208  0
17.813333  0.423015  0
17.840000  0.422822  0
17.866667  0.422629  0
17.893333  0.422437  0
17.920000  0.422244  0
17.946667  0.422051  0
17.973333  0.421858  0
18.000000  0.421666  0
18.026667  0.421473  0
18.053333  0.421280  0
18.080000  0.421087  0
18.106667  0.420895  0
18.133333  0.420702  0
18.160000  0.420509  0
18.186667  0.420316  0
18.213333  0.420124  0
18.240000  0.419931  0
18.266667  0.419738  0
18.293333  0.419545  0
18.320000  0.419353  0
18.346667  0.419160  0
18.373333  0.418967  0
18.400000  0.418774  0
18.426667  0.418581  0
18.453333  0.418389  0
18.480000  0.418196  0
18.506667  0.418003  0
18.533333  0.417810  0
18.560000  0.417618  0
