2.426667  0.760322  0
2.453333  0.758542  0
2.480000  0.756763  0
2.506667  0.754984  0
2.533333  0.753204  0
2.560000  0.751425  0
2.586667  0.749646  0
2.613333  0.747866  0
2.640000  0.746087  0
2.666667  0.744308  0
2.693333  0.742528  0
2.720000  0.740749  0
2.746667  0.738970  0
2.773333  0.737190  0
2.800000  0.735411  0
2.826667  0.733632  0
2.853333  0.731852  0
2.880000  0.730073  0
2.906667  0.728294  0
2.933333  0.726514  0
2.960000  0.724735  0
2.986667  0.722956  0
3.013333  0.721176  0
3.040000  0.719929  0
3.066667  0.719082  0
3.093333  0.718235  0
3.120000  0.717388  0
3.146667  0.716540  0
3.173333  0.715693  0
3.200000  0.714846  0
3.226667  0.713998  0
3.253333  0.713151  0
3.280000  0.712304  0
3.306667  0.711456  0
3.333333  0.710609  0
3.360000  0.709762  0
3.386667  0.708915  0
3.413333  0.708067  0
3.440000  0.707220  0
3.466667  0.706373  0
3.493333  0.705525  0
3.520000  0.704678  0
3.546667  0.703831  0
3.573333  0.702983  0
3.600000  0.702136  0
3.626667  0.701185  0
3.653333  0.700196  0
3.680000  0.699208  0
3.706667  0.698219  0
3.733333  0.697230  0
3.760000  0.696242  0
3.786667  0.695253  0
3.813333  0.694265  0
3.840000  0.693276  0
3.866667  0.692288  0
3.893333  0.691299  0
3.920000  0.690311  0
3.946667  0.689322  0
3.973333  0.688334  0
4.000000  0.687345  0
4.026667  0.686357  0
4.053333  0.685368  0
4.080000  0.684380  0
4.106667  0.683391  0
4.133333  0.682403  0
4.160000  0.681414  0
4.186667  0.680426  0
4.213333  0.679437  0
4.240000  0.678449  0
4.266667  0.677460  0
4.293333  0.676472  0
4.320000  0.675483  0
4.346667  0.674494  0
4.373333  0.673506  0
4.400000  0.672517  0
4.426667  0.671529  0
4.453333  0.670540  0
4.480000  0.669552  0
4.506667  0.668741  0
4.533333  0.667932  0
4.560000  0.667123  0
4.586667  0.666315  0
4.613333  0.665506  0
4.640000  0.664697  0
4.666667  0.663888  0
4.693333  0.663079  0
4.720000  0.662271  0
4.746667  0.661462  0
4.773333  0.660653  0
4.800000  0.659844  0
4.826667  0.659035  0
4.853333  0.658227  0
4.880000  0.657418  0
4.906667  0.656609  0
4.933333  0.655800  0
4.960000  0.654991  0
4.986667  0.654183  0
5.013333  0.653374  0
5.040000  0.652565  0
5.066667  0.651756  0
5.093333  0.650948  0
5.120000  0.650139  0
5.146667  0.649330  0
5.173333  0.648521  0
5.200000  0.647712  0
5.226667  0.646904  0
5.253333  0.646095  0
5.280000  0.645286  0
5.306667  0.644477  0
5.333333  0.643668  0
5.360000  0.642860  0
5.386667  0.642051  0
5.413333  0.641298  0
5.440000  0.640572  0
5.466667  0.639846  0
5.493333  0.639119  0
5.520000  0.638393  0
5.546667  0.637667  0
5.573333  0.636940  0
5.600000  0.636214  0
5.626667  0.635488  0
5.653333  0.634762  0
5.680000  0.634035  0
5.706667  0.633309  0
5.733333  0.632583  0
5.760000  0.631857  0
5.786667  0.631130  0
5.813333  0.630404  0
5.840000  0.629678  0
5.866667  0.628952  0
5.893333  0.628225  0
5.920000  0.627499  0
5.946667  0.626773  0
5.973333  0.626047  0
6.000000  0.625320  0
6.026667  0.624594  0
6.053333  0.623868  0
6.080000  0.623142  0
6.106667  0.622415  0
6.133333  0.621689  0
6.160000  0.620963  0
6.186667  0.620236  0
6.213333  0.619510  0
6.240000  0.618784  0
6.266667  0.618058  0
6.293333  0.617331  0
6.320000  0.616605  0
6.346667  0.615879  0
6.373333  0.615153  0
6.400000  0.614426  0
6.426667  0.613848  0
6.453333  0.613436  0
6.480000  0.613024  0
6.506667  0.612612  0
6.533333  0.612200  0
6.560000  0.611789  0
6.586667  0.611377  0
6.613333  0.610965  0
6.640000  0.610553  0
6.666667  0.610141  0
6.693333  0.609729  0
6.720000  0.609317  0
6.746667  0.608905  0
6.773333  0.608493  0
6.800000  0.608082  0
6.826667  0.607670  0
6.853333  0.607258  0
6.880000  0.606846  0
6.906667  0.606434  0
6.933333  0.606022  0
6.960000  0.605610  0
6.986667  0.605198  0
7.013333  0.604786  0
7.040000  0.604375  0
7.066667  0.603963  0
7.093333  0.603551  0
7.120000  0.603139  0
7.146667  0.602727  0
7.173333  0.602093  0
7.200000  0.601125  0
7.226667  0.600157  0
7.253333  0.599188  0
7.280000  0.598220  0
7.306667  0.597252  0
7.333333  0.596283  0
7.360000  0.595315  0
7.386667  0.594346  0
7.413333  0.593378  0
7.440000  0.592410  0
7.466667  0.591441  0
7.493333  0.590473  0
7.520000  0.589505  0
7.546667  0.588536  0
7.573333  0.587568  0
7.600000  0.586600  0
7.626667  0.585631  0
7.653333  0.584663  0
7.680000  0.583695  0
7.706667  0.582726  0
7.733333  0.581758  0
7.760000  0.580790  0
7.786667  0.579821  0
7.813333  0.578853  0
7.840000  0.577885  0
7.866667  0.576916  0
7.893333  0.575948  0
7.920000  0.574980  0
7.946667  0.574011  0
7.973333  0.573043  0
8.000000  0.572074  0
8.026667  0.571106  0
8.053333  0.570138  0
8.080000  0.569169  0
8.106667  0.568201  0
8.133333  0.567233  0
8.160000  0.566264  0
8.186667  0.565315  0
8.213333  0.564448  0
8.240000  0.563582  0
8.266667  0.562715  0
8.293333  0.561848  0
8.320000  0.560981  0
8.346667  0.560114  0
8.373333  0.559247  0
8.400000  0.558380  0
8.426667  0.557514  0
8.453333  0.556647  0
8.480000  0.555780  0
8.506667  0.554913  0
8.533333  0.554046  0
8.560000  0.553179  0
8.586667  0.552312  0
8.613333  0.551446  0
8.640000  0.550579  0
8.666667  0.549712  0
8.693333  0.548845  0
8.720000  0.547978  0
8.746667  0.547111  0
8.773333  0.546244  0
8.800000  0.545378  0
8.826667  0.544511  0
8.853333  0.543644  0
8.880000  0.542777  0
8.906667  0.541910  0
8.933333  0.541043  0
8.960000  0.540176  0
8.986667  0.539310  0
9.013333  0.538443  0
9.040000  0.537576  0
9.066667  0.536709  0
9.093333  0.535842  0
9.120000  0.534975  0
9.146667  0.534108  0
9.173333  0.533242  0
9.200000  0.532375  0
9.226667  0.531508  0
9.253333  0.530641  0
9.280000  0.529774  0
9.306667  0.528907  0
9.333333  0.528040  0
9.360000  0.527174  0
9.386667  0.526307  0
9.413333  0.525440  0
9.440000  0.524573  0
9.466667  0.523706  0
9.493333  0.522839  0
9.520000  0.521972  0
9.546667  0.521236  0
9.573333  0.520628  0
9.600000  0.520020  0
9.626667  0.519411  0
9.653333  0.518803  0
9.680000  0.518195  0
9.706667  0.517586  0
9.733333  0.516978  0
9.760000  0.516370  0
9.786667  0.515762  0
9.813333  0.515153  0
9.840000  0.514545  0
9.866667  0.513937  0
9.893333  0.513328  0
9.920000  0.512720  0
9.946667  0.512112  0
9.973333  0.511503  0
10.000000  0.510895  0
10.026667  0.510287  0
10.053333  0.509678  0
10.080000  0.509070  0
10.106667  0.508462  0
10.133333  0.507853  0
10.160000  0.507245  0
10.186667  0.506637  0
10.213333  0.506028  0
10.240000  0.505420  0
10.266667  0.504812  0
10.293333  0.504203  0
10.320000  0.503595  0
10.346667  0.502987  0
10.373333  0.502378  0
10.400000  0.501770  0
10.426667  0.501162  0
10.453333  0.500553  0
10.480000  0.499945  0
10.506667  0.499337  0
10.533333  0.498729  0
10.560000  0.498120  0
10.586667  0.497512  0
10.613333  0.496904  0
10.640000  0.496295  0
10.666667  0.495687  0
10.693333  0.495079  0
10.720000  0.494470  0
10.746667  0.493862  0
10.773333  0.493254  0
10.800000  0.492645  0
10.826667  0.492037  0
10.853333  0.491429  0
10.880000  0.490820  0
10.906667  0.490212  0
10.933333  0.489604  0
10.960000  0.488995  0
10.986667  0.488387  0
11.013333  0.487779  0
11.040000  0.487170  0
11.066667  0.486562  0
11.093333  0.485954  0
11.120000  0.485345  0
11.146667  0.484737  0
11.173333  0.484229  0
11.200000  0.483767  0
11.226667  0.483305  0
11.253333  0.482842  0
11.280000  0.482380  0
11.306667  0.481918  0
11.333333  0.481456  0
11.360000  0.480994  0
11.386667  0.480532  0
11.413333  0.480069  0
11.440000  0.479607  0
11.466667  0.479145  0
11.493333  0.478683  0
11.520000  0.478221  0
11.546667  0.477759  0
11.573333  0.477296  0
11.600000  0.476834  0
11.626667  0.476372  0
11.653333  0.475910  0
11.680000  0.475448  0
11.706667  0.474986  0
11.733333  0.474523  0
11.760000  0.474061  0
11.786667  0.473599  0
11.813333  0.473137  0
11.840000  0.472675  0
11.866667  0.472213  0
11.893333  0.471750  0
11.920000  0.471288  0
11.946667  0.470826  0
11.973333  0.470364  0
12.000000  0.469902  0
12.026667  0.469440  0
12.053333  0.468977  0
12.080000  0.468515  0
12.106667  0.468053  0
12.133333  0.467591  0
12.160000  0.467129  0
12.186667  0.466667  0
12.213333  0.466204  0
12.240000  0.465742  0
12.266667  0.465280  0
12.293333  0.464818  0
12.320000  0.464356  0
12.346667  0.463894  0
12.373333  0.463431  0
12.400000  0.462969  0
12.426667  0.462507  0
12.453333  0.462045  0
12.480000  0.461583  0
12.506667  0.461121  0
12.533333  0.460658  0
12.560000  0.460196  0
12.586667  0.459734  0
12.613333  0.459272  0
12.640000  0.458810  0
12.666667  0.458348  0
12.693333  0.457885  0
12.720000  0.457423  0
12.746667  0.456961  0
12.773333  0.456811  0
12.800000  0.456833  0
12.826667  0.456856  0
12.853333  0.456879  0
12.880000  0.456902  0
12.906667  0.456925  0
12.933333  0.456948  0
12.960000  0.456970  0
12.986667  0.456993  0
13.013333  0.457016  0
13.040000  0.457039  0
13.066667  0.457062  0
13.093333  0.457084  0
13.120000  0.457107  0
13.146667  0.457130  0
13.173333  0.457153  0
13.200000  0.457176  0
13.226667  0.457198  0
13.253333  0.457221  0
13.280000  0.457244  0
13.306667  0.457267  0
13.333333  0.457290  0
13.360000  0.457313  0
13.386667  0.457335  0
13.413333  0.457358  0
13.440000  0.457381  0
13.466667  0.457404  0
13.493333  0.457427  0
13.520000  0.457449  0
13.546667  0.457472  0
13.573333  0.457495  0
13.600000  0.457518  0
13.626667  0.457541  0
13.653333  0.457563  0
13.680000  0.457586  0
13.706667  0.457609  0
13.733333  0.457632  0
13.760000  0.457655  0
13.786667  0.457678  0
13.813333  0.457700  0
13.840000  0.457723  0
13.866667  0.457746  0
13.893333  0.457769  0
13.920000  0.457792  0
13.946667  0.457814  0
13.973333  0.457837  0
14.000000  0.457860  0
14.026667  0.457883  0
14.053333  0.457906  0
14.080000  0.457928  0
14.106667  0.457951  0
14.133333  0.457974  0
14.160000  0.457997  0
14.186667  0.458020  0
14.213333  0.458043  0
14.240000  0.458065  0
14.266667  0.458088  0
14.293333  0.458111  0
14.320000  0.458134  0
14.346667  0.458157  0
14.373333  0.458179  0
14.400000  0.458202  0
14.426667  0.458225  0
14.453333  0.458248  0
14.480000  0.458271  0
14.506667  0.458293  0
14.533333  0.458316  0
14.560000  0.458339  0
14.586667  0.458362  0
14.613333  0.458385  0
14.640000  0.458408  0
14.666667  0.458430  0
14.693333  0.458453  0
14.720000  0.458476  0
14.746667  0.458499  0
14.773333  0.458522  0
14.800000  0.458544  0
14.826667  0.458567  0
14.853333  0.458590  0
14.880000  0.458613  0
14.906667  0.458636  0
14.933333  0.458658  0
14.960000  0.458681  0
14.986667  0.458704  0
15.013333  0.458727  0
15.040000  0.458750  0
15.066667  0.458772  0
15.093333  0.458795  0
15.120000  0.458818  0
15.146667  0.458841  0
15.173333  0.458864  0
15.200000  0.458887  0
15.226667  0.458909  0
15.253333  0.458932  0
15.280000  0.458955  0
15.306667  0.458978  0
15.333333  0.459001  0
15.360000  0.459023  0
15.386667  0.459046  0
15.413333  0.459069  0
15.440000  0.459092  0
