2.293333  0.747432  0
2.320000  0.746295  0
2.346667  0.745158  0
2.373333  0.744022  0
2.400000  0.742885  0
2.426667  0.741748  0
2.453333  0.740611  0
2.480000  0.739474  0
2.506667  0.738338  0
2.533333  0.737201  0
2.560000  0.736064  0
2.586667  0.734927  0
2.613333  0.733790  0
2.640000  0.732654  0
2.666667  0.731517  0
2.693333  0.730380  0
2.720000  0.729243  0
2.746667  0.728106  0
2.773333  0.726970  0
2.800000  0.725833  0
2.826667  0.724696  0
2.853333  0.723559  0
2.880000  0.722422  0
2.906667  0.721286  0
2.933333  0.720149  0
2.960000  0.719012  0
2.986667  0.717875  0
3.013333  0.716738  0
3.040000  0.715602  0
3.066667  0.714465  0
3.093333  0.713328  0
3.120000  0.712191  0
3.146667  0.711054  0
3.173333  0.709918  0
3.200000  0.708781  0
3.226667  0.707644  0
3.253333  0.706507  0
3.280000  0.705370  0
3.306667  0.704234  0
3.333333  0.703097  0
3.360000  0.701960  0
3.386667  0.700823  0
3.413333  0.699686  0
3.440000  0.698550  0
3.466667  0.697413  0
3.493333  0.696276  0
3.520000  0.695139  0
3.546667  0.694460  0
3.573333  0.693857  0
3.600000  0.693254  0
3.626667  0.692650  0
3.653333  0.692047  0
3.680000  0.691444  0
3.706667  0.690841  0
3.733333  0.690238  0
3.760000  0.689635  0
3.786667  0.689031  0
3.813333  0.688428  0
3.840000  0.687825  0
3.866667  0.687222  0
3.893333  0.686619  0
3.920000  0.686016  0
3.946667  0.685412  0
3.973333  0.684809  0
4.000000  0.684206  0
4.026667  0.683603  0
4.053333  0.683000  0
4.080000  0.682397  0
4.106667  0.681793  0
4.133333  0.681190  0
4.160000  0.680587  0
4.186667  0.679984  0
4.213333  0.679381  0
4.240000  0.678778  0
4.266667  0.678174  0
4.293333  0.677571  0
4.320000  0.676968  0
4.346667  0.676365  0
4.373333  0.675762  0
4.400000  0.675159  0
4.426667  0.674555  0
4.453333  0.673952  0
4.480000  0.673349  0
4.506667  0.672746  0
4.533333  0.672143  0
4.560000  0.671540  0
4.586667  0.670936  0
4.613333  0.670333  0
4.640000  0.669730  0
4.666667  0.669127  0
4.693333  0.668524  0
4.720000  0.667921  0
4.746667  0.667317  0
4.773333  0.665888  0
4.800000  0.664315  0
4.826667  0.662741  0
4.853333  0.661168  0
4.880000  0.659594  0
4.906667  0.658020  0
4.933333  0.656447  0
4.960000  0.654873  0
4.986667  0.653300  0
5.013333  0.651726  0
5.040000  0.650153  0
5.066667  0.648579  0
5.093333  0.647005  0
5.120000  0.645432  0
5.146667  0.643858  0
5.173333  0.642285  0
5.200000  0.640711  0
5.226667  0.639138  0
5.253333  0.637564  0
5.280000  0.635990  0
5.306667  0.634417  0
5.333333  0.632843  0
5.360000  0.631270  0
5.386667  0.629696  0
5.413333  0.628123  0
5.440000  0.626549  0
5.466667  0.624976  0
5.493333  0.623402  0
5.520000  0.621828  0
5.546667  0.620255  0
5.573333  0.618681  0
5.600000  0.617108  0
5.626667  0.615534  0
5.653333  0.613961  0
5.680000  0.612387  0
5.706667  0.610813  0
5.733333  0.609240  0
5.760000  0.607666  0
5.786667  0.606435  0
5.813333  0.605395  0
5.840000  0.604354  0
5.866667  0.603314  0
5.893333  0.602273  0
5.920000  0.601233  0
5.946667  0.600192  0
5.973333  0.599152  0
6.000000  0.598111  0
6.026667  0.597070  0
6.053333  0.596030  0
6.080000  0.594989  0
6.106667  0.593949  0
6.133333  0.592908  0
6.160000  0.591868  0
6.186667  0.590827  0
6.213333  0.589787  0
6.240000  0.588746  0
6.266667  0.587705  0
6.293333  0.586665  0
6.320000  0.585624  0
6.346667  0.584584  0
6.373333  0.583543  0
6.400000  0.582503  0
6.426667  0.581462  0
6.453333  0.580422  0
6.480000  0.579381  0
6.506667  0.578341  0
6.533333  0.577300  0
6.560000  0.576259  0
6.586667  0.575219  0
6.613333  0.574178  0
6.640000  0.573138  0
6.666667  0.572097  0
6.693333  0.571057  0
6.720000  0.570016  0
6.746667  0.568976  0
6.773333  0.567935  0
6.800000  0.566895  0
6.826667  0.565854  0
6.853333  0.564813  0
6.880000  0.563773  0
6.906667  0.562732  0
6.933333  0.561692  0
6.960000  0.560705  0
6.986667  0.559938  0
7.013333  0.559171  0
7.040000  0.558404  0
7.066667  0.557637  0
7.093333  0.556870  0
7.120000  0.556103  0
7.146667  0.555336  0
7.173333  0.554569  0
7.200000  0.553802  0
7.226667  0.553035  0
7.253333  0.552268  0
7.280000  0.551501  0
7.306667  0.550735  0
7.333333  0.549968  0
7.360000  0.549201  0
7.386667  0.548434  0
7.413333  0.547667  0
7.440000  0.546900  0
7.466667  0.546133  0
7.493333  0.545366  0
7.520000  0.544599  0
7.546667  0.543832  0
7.573333  0.543065  0
7.600000  0.542298  0
7.626667  0.541531  0
7.653333  0.540764  0
7.680000  0.539997  0
7.706667  0.539230  0
7.733333  0.538463  0
7.760000  0.537696  0
7.786667  0.536929  0
7.813333  0.536162  0
7.840000  0.535395  0
7.866667  0.534628  0
7.893333  0.533861  0
7.920000  0.533095  0
7.946667  0.532328  0
7.973333  0.531561  0
8.000000  0.530794  0
8.026667  0.530027  0
8.053333  0.529260  0
8.080000  0.528493  0
8.106667  0.527726  0
8.133333  0.526959  0
8.160000  0.526192  0
8.186667  0.525783  0
8.213333  0.525384  0
8.240000  0.524986  0
8.266667  0.524587  0
8.293333  0.524189  0
8.320000  0.523791  0
8.346667  0.523392  0
8.373333  0.522994  0
8.400000  0.522596  0
8.426667  0.522197  0
8.453333  0.521799  0
8.480000  0.521401  0
8.506667  0.521002  0
8.533333  0.520604  0
8.560000  0.520206  0
8.586667  0.519807  0
8.613333  0.519409  0
8.640000  0.519010  0
8.666667  0.518612  0
8.693333  0.518214  0
8.720000  0.517815  0
8.746667  0.517417  0
8.773333  0.517019  0
8.800000  0.516620  0
8.826667  0.516222  0
8.853333  0.515824  0
8.880000  0.515425  0
8.906667  0.515027  0
8.933333  0.514628  0
8.960000  0.514230  0
8.986667  0.513832  0
9.013333  0.513433  0
9.040000  0.513035  0
9.066667  0.512637  0
9.093333  0.512238  0
9.120000  0.511840  0
9.146667  0.511442  0
9.173333  0.511043  0
9.200000  0.510645  0
9.226667  0.510247  0
9.253333  0.509848  0
9.280000  0.509450  0
9.306667  0.509051  0
9.333333  0.508653  0
9.360000  0.508255  0
9.386667  0.507856  0
9.413333  0.507458  0
9.440000  0.507060  0
9.466667  0.506661  0
9.493333  0.506263  0
9.520000  0.505865  0
9.546667  0.505466  0
9.573333  0.505191  0
9.600000  0.504963  0
9.626667  0.504735  0
9.653333  0.504507  0
9.680000  0.504279  0
9.706667  0.504051  0
9.733333  0.503823  0
9.760000  0.503595  0
9.786667  0.503367  0
9.813333  0.503138  0
9.840000  0.502910  0
9.866667  0.502682  0
9.893333  0.502454  0
9.920000  0.502226  0
9.946667  0.501998  0
9.973333  0.501770  0
10.000000  0.501542  0
10.026667  0.501313  0
10.053333  0.501085  0
10.080000  0.500857  0
10.106667  0.500629  0
10.133333  0.500401  0
10.160000  0.500173  0
10.186667  0.499945  0
10.213333  0.499717  0
10.240000  0.499488  0
10.266667  0.499260  0
10.293333  0.499032  0
10.320000  0.498804  0
10.346667  0.498576  0
10.373333  0.498348  0
10.400000  0.498120  0
10.426667  0.497892  0
10.453333  0.497664  0
10.480000  0.497435  0
10.506667  0.497207  0
10.533333  0.496979  0
10.560000  0.496751  0
10.586667  0.496523  0
10.613333  0.496295  0
10.640000  0.496067  0
10.666667  0.495839  0
10.693333  0.495610  0
10.720000  0.495382  0
10.746667  0.495154  0
10.773333  0.494926  0
10.800000  0.494698  0
10.826667  0.494470  0
10.853333  0.494242  0
10.880000  0.494014  0
10.906667  0.493790  0
10.933333  0.493676  0
10.960000  0.493562  0
10.986667  0.493448  0
11.013333  0.493334  0
11.040000  0.493220  0
11.066667  0.493106  0
11.093333  0.492992  0
11.120000  0.492878  0
11.146667  0.492764  0
11.173333  0.492650  0
11.200000  0.492536  0
11.226667  0.492421  0
11.253333  0.492307  0
11.280000  0.492193  0
11.306667  0.492079  0
11.333333  0.491965  0
11.360000  0.491851  0
11.386667  0.491737  0
11.413333  0.491623  0
11.440000  0.491509  0
11.466667  0.491395  0
11.493333  0.491281  0
11.520000  0.491167  0
11.546667  0.491053  0
11.573333  0.490939  0
11.600000  0.490825  0
11.626667  0.490711  0
11.653333  0.490597  0
11.680000  0.490482  0
11.706667  0.490368  0
11.733333  0.490254  0
11.760000  0.490140  0
11.786667  0.490026  0
11.813333  0.489912  0
11.840000  0.489798  0
11.866667  0.489684  0
11.893333  0.489570  0
11.920000  0.489456  0
11.946667  0.489342  0
11.973333  0.489228  0
12.000000  0.489114  0
12.026667  0.489000  0
12.053333  0.488886  0
12.080000  0.488772  0
12.106667  0.488658  0
12.133333  0.488543  0
12.160000  0.488429  0
12.186667  0.488315  0
12.213333  0.488201  0
12.240000  0.488087  0
12.266667  0.487973  0
12.293333  0.487859  0
12.320000  0.487745  0
12.346667  0.487631  0
12.373333  0.487517  0
12.400000  0.487403  0
12.426667  0.487289  0
12.453333  0.487175  0
12.480000  0.487061  0
12.506667  0.486947  0
12.533333  0.486833  0
12.560000  0.486718  0
12.586667  0.486604  0
12.613333  0.486490  0
12.640000  0.486376  0
12.666667  0.486262  0
12.693333  0.486148  0
12.720000  0.486034  0
12.746667  0.485920  0
12.773333  0.485806  0
12.800000  0.485692  0
12.826667  0.485578  0
12.853333  0.485464  0
12.880000  0.485350  0
12.906667  0.485236  0
12.933333  0.485122  0
12.960000  0.485008  0
12.986667  0.484894  0
13.013333  0.484779  0
13.040000  0.484665  0
13.066667  0.484551  0
13.093333  0.484437  0
13.120000  0.484323  0
13.146667  0.484209  0
13.173333  0.484095  0
13.200000  0.483981  0
13.226667  0.483867  0
13.253333  0.483753  0
13.280000  0.483639  0
13.306667  0.483525  0
13.333333  0.483411  0
13.360000  0.483297  0
13.386667  0.483183  0
13.413333  0.483069  0
13.440000  0.482954  0
13.466667  0.482840  0
13.493333  0.482726  0
13.520000  0.482612  0
13.546667  0.482498  0
13.573333  0.482384  0
13.600000  0.482270  0
13.626667  0.482156  0
13.653333  0.482042  0
13.680000  0.481928  0
13.706667  0.481814  0
13.733333  0.481700  0
13.760000  0.481586  0
13.786667  0.481472  0
13.813333  0.481358  0
13.840000  0.481244  0
13.866667  0.481130  0
13.893333  0.481015  0
13.920000  0.480901  0
13.946667  0.480787  0
13.973333  0.480673  0
14.000000  0.480559  0
14.026667  0.480445  0
14.053333  0.480331  0
14.080000  0.480217  0
14.106667  0.480103  0
14.133333  0.479989  0
14.160000  0.479869  0
14.186667  0.479741  0
14.213333  0.479613  0
14.240000  0.479485  0
14.266667  0.479357  0
14.293333  0.479229  0
14.320000  0.479101  0
14.346667  0.478973  0
14.373333  0.478845  0
14.400000  0.478717  0
14.426667  0.478588  0
14.453333  0.478460  0
14.480000  0.478332  0
14.506667  0.478204  0
14.533333  0.478076  0
14.560000  0.477948  0
14.586667  0.477820  0
14.613333  0.477692  0
14.640000  0.477564  0
14.666667  0.477436  0
14.693333  0.477308  0
14.720000  0.477180  0
14.746667  0.477051  0
14.773333  0.476923  0
14.800000  0.476795  0
14.826667  0.476667  0
14.853333  0.476539  0
14.880000  0.476411  0
14.906667  0.476283  0
14.933333  0.476155  0
14.960000  0.476027  0
14.986667  0.475899  0
15.013333  0.475771  0
15.040000  0.475643  0
15.066667  0.475515  0
15.093333  0.475386  0
15.120000  0.475258  0
15.146667  0.475130  0
15.173333  0.475002  0
15.200000  0.474874  0
15.226667  0.474746  0
15.253333  0.474618  0
15.280000  0.474490  0
15.306667  0.474362  0
15.333333  0.474234  0
15.360000  0.474106  0
15.386667  0.473978  0
15.413333  0.473849  0
15.440000  0.473721  0
15.466667  0.473593  0
15.493333  0.473465  0
15.520000  0.473337  0
15.546667  0.473209  0
15.573333  0.473081  0
15.600000  0.472953  0
15.626667  0.472825  0
15.653333  0.472697  0
15.680000  0.472569  0
15.706667  0.472441  0
15.733333  0.472312  0
15.760000  0.472184  0
15.786667  0.472056  0
15.813333  0.471928  0
15.840000  0.471800  0
15.866667  0.471672  0
15.893333  0.471544  0
15.920000  0.471416  0
15.946667  0.471288  0
15.973333  0.471160  0
16.000000  0.471032  0
16.026667  0.470904  0
16.053333  0.470776  0
16.080000  0.470647  0
16.106667  0.470519  0
16.133333  0.470391  0
16.160000  0.470263  0
16.186667  0.470135  0
16.213333  0.470007  0
16.240000  0.469879  0
16.266667  0.469751  0
16.293333  0.469623  0
16.320000  0.469495  0
16.346667  0.469367  0
16.373333  0.469239  0
16.400000  0.469110  0
16.426667  0.468982  0
16.453333  0.468854  0
16.480000  0.468726  0
16.506667  0.468598  0
16.533333  0.468470  0
16.560000  0.468342  0
16.586667  0.468214  0
16.613333  0.468086  0
16.640000  0.467958  0
16.666667  0.467830  0
16.693333  0.467702  0
16.720000  0.467573  0
16.746667  0.467445  0
16.773333  0.467317  0
16.800000  0.467189  0
16.826667  0.467061  0
16.853333  0.466933  0
16.880000  0.466805  0
16.906667  0.466677  0
16.933333  0.466549  0
16.960000  0.466421  0
16.986667  0.466293  0
17.013333  0.466165  0
17.040000  0.466037  0
17.066667  0.465908  0
17.093333  0.465780  0
17.120000  0.465652  0
17.146667  0.465524  0
17.173333  0.465396  0
17.200000  0.465268  0
17.226667  0.465140  0
17.253333  0.465012  0
17.280000  0.464884  0
17.306667  0.464756  0
17.333333  0.464628  0
17.360000  0.464500  0
17.386667  0.464371  0
17.413333  0.464243  0
17.440000  0.464115  0
17.466667  0.463987  0
17.493333  0.463859  0
17.520000  0.463731  0
17.546667  0.463603  0
17.573333  0.463475  0
17.600000  0.463347  0
17.626667  0.463219  0
17.653333  0.463091  0
17.680000  0.462963  0
17.706667  0.462835  0
17.733333  0.462706  0
17.760000  0.462578  0
17.786667  0.462450  0
17.813333  0.462322  0
17.840000  0.462194  0
17.866667  0.462066  0
17.893333  0.461938  0
17.920000  0.461810  0
17.946667  0.461682  0
17.973333  0.461554  0
18.000000  0.461426  0
18.026667  0.461298  0
18.053333  0.461169  0
18.080000  0.461041  0
18.106667  0.460913  0
18.133333  0.460785  0
18.160000  0.460657  0
18.186667  0.460529  0
18.213333  0.460401  0
18.240000  0.460273  0
18.266667  0.460145  0
18.293333  0.460017  0
18.320000  0.459889  0
18.346667  0.459761  0
18.373333  0.459632  0
18.400000  0.459504  0
18.426667  0.459376  0
18.453333  0.459248  0
18.480000  0.459120  0
18.506667  0.458992  0
18.533333  0.458864  0
18.560000  0.458736  0
18.586667  0.458608  0
18.613333  0.458480  0
18.640000  0.458352  0
18.666667  0.458224  0
18.693333  0.458096  0
18.720000  0.457967  0
18.746667  0.457839  0
18.773333  0.457711  0
18.800000  0.457583  0
18.826667  0.457455  0
18.853333  0.457327  0
18.880000  0.457199  0
18.906667  0.457071  0
18.933333  0.456943  0
18.960000  0.456815  0
18.986667  0.456687  0
19.013333  0.456559  0
19.040000  0.456430  0
19.066667  0.456302  0
19.093333  0.456174  0
19.120000  0.456046  0
19.146667  0.455918  0
19.173333  0.455790  0
19.200000  0.455662  0
19.226667  0.455534  0
19.253333  0.455406  0
19.280000  0.455278  0
19.306667  0.455150  0
19.333333  0.455022  0
19.360000  0.454893  0
19.386667  0.454765  0
19.413333  0.454637  0
19.440000  0.454509  0
19.466667  0.454381  0
19.493333  0.454253  0
19.520000  0.454125  0
19.546667  0.453997  0
19.573333  0.453869  0
19.600000  0.453741  0
19.626667  0.453613  0
19.653333  0.453485  0
19.680000  0.453357  0
19.706667  0.453228  0
19.733333  0.453100  0
19.760000  0.452972  0
19.786667  0.452844  0
19.813333  0.452716  0
19.840000  0.452588  0
19.866667  0.452460  0
19.893333  0.452332  0
19.920000  0.452204  0
19.946667  0.452076  0
19.973333  0.451948  0
20.000000  0.451820  0
20.026667  0.451691  0
20.053333  0.451563  0
20.080000  0.451435  0
20.106667  0.451307  0
20.133333  0.451179  0
20.160000  0.451051  0
20.186667  0.450923  0
20.213333  0.450795  0
20.240000  0.450667  0
20.266667  0.450539  0
20.293333  0.450411  0
20.320000  0.450283  0
20.346667  0.450154  0
20.373333  0.450026  0
20.400000  0.449898  0
