2.213333  0.735771  0
2.240000  0.734681  0
2.266667  0.733592  0
2.293333  0.732503  0
2.320000  0.731413  0
2.346667  0.730324  0
2.373333  0.729234  0
2.400000  0.728145  0
2.426667  0.727056  0
2.453333  0.725966  0
2.480000  0.724877  0
2.506667  0.723787  0
2.533333  0.722698  0
2.560000  0.721609  0
2.586667  0.720519  0
2.613333  0.719430  0
2.640000  0.718340  0
2.666667  0.717251  0
2.693333  0.716162  0
2.720000  0.715072  0
2.746667  0.713983  0
2.773333  0.712893  0
2.800000  0.711804  0
2.826667  0.710715  0
2.853333  0.709625  0
2.880000  0.708536  0
2.906667  0.707447  0
2.933333  0.706357  0
2.960000  0.705268  0
2.986667  0.704178  0
3.013333  0.703089  0
3.040000  0.702000  0
3.066667  0.700910  0
3.093333  0.699821  0
3.120000  0.698731  0
3.146667  0.697642  0
3.173333  0.696553  0
3.200000  0.695463  0
3.226667  0.694449  0
3.253333  0.693496  0
3.280000  0.692543  0
3.306667  0.691590  0
3.333333  0.690636  0
3.360000  0.689683  0
3.386667  0.688730  0
3.413333  0.687777  0
3.440000  0.686823  0
3.466667  0.685870  0
3.493333  0.684917  0
3.520000  0.683964  0
3.546667  0.683011  0
3.573333  0.682057  0
3.600000  0.681104  0
3.626667  0.680151  0
3.653333  0.679198  0
3.680000  0.678244  0
3.706667  0.677291  0
3.733333  0.676338  0
3.760000  0.675385  0
3.786667  0.674432  0
3.813333  0.673938  0
3.840000  0.673622  0
3.866667  0.673307  0
3.893333  0.672991  0
3.920000  0.672676  0
3.946667  0.672360  0
3.973333  0.672045  0
4.000000  0.671729  0
4.026667  0.671414  0
4.053333  0.671098  0
4.080000  0.670783  0
4.106667  0.670467  0
4.133333  0.670152  0
4.160000  0.669836  0
4.186667  0.669521  0
4.213333  0.669205  0
4.240000  0.668890  0
4.266667  0.668574  0
4.293333  0.668259  0
4.320000  0.667943  0
4.346667  0.667628  0
4.373333  0.667313  0
4.400000  0.666997  0
4.426667  0.666682  0
4.453333  0.666366  0
4.480000  0.666051  0
4.506667  0.665735  0
4.533333  0.665420  0
4.560000  0.665104  0
4.586667  0.664789  0
4.613333  0.664473  0
4.640000  0.664158  0
4.666667  0.663842  0
4.693333  0.663527  0
4.720000  0.663211  0
4.746667  0.662896  0
4.773333  0.662540  0
4.800000  0.661664  0
4.826667  0.660788  0
4.853333  0.659912  0
4.880000  0.659035  0
4.906667  0.658159  0
4.933333  0.657283  0
4.960000  0.656407  0
4.986667  0.655531  0
5.013333  0.654654  0
5.040000  0.653778  0
5.066667  0.652902  0
5.093333  0.652026  0
5.120000  0.651150  0
5.146667  0.650274  0
5.173333  0.649397  0
5.200000  0.648521  0
5.226667  0.647645  0
5.253333  0.646769  0
5.280000  0.645893  0
5.306667  0.645016  0
5.333333  0.644140  0
5.360000  0.643264  0
5.386667  0.642388  0
5.413333  0.641512  0
5.440000  0.640635  0
5.466667  0.639759  0
5.493333  0.638883  0
5.520000  0.638007  0
5.546667  0.637131  0
5.573333  0.636254  0
5.600000  0.635378  0
5.626667  0.634502  0
5.653333  0.633626  0
5.680000  0.632750  0
5.706667  0.631035  0
5.733333  0.629058  0
5.760000  0.627081  0
5.786667  0.625104  0
5.813333  0.623127  0
5.840000  0.621150  0
5.866667  0.619173  0
5.893333  0.617195  0
5.920000  0.615218  0
5.946667  0.613241  0
5.973333  0.611264  0
6.000000  0.609287  0
6.026667  0.607310  0
6.053333  0.605333  0
6.080000  0.603356  0
6.106667  0.601379  0
6.133333  0.599402  0
6.160000  0.597425  0
6.186667  0.595448  0
6.213333  0.593471  0
6.240000  0.591494  0
6.266667  0.589517  0
6.293333  0.587540  0
6.320000  0.585563  0
6.346667  0.583586  0
6.373333  0.581609  0
6.400000  0.579632  0
6.426667  0.577655  0
6.453333  0.575678  0
6.480000  0.573701  0
6.506667  0.571723  0
6.533333  0.569746  0
6.560000  0.567769  0
6.586667  0.565792  0
6.613333  0.563815  0
6.640000  0.562334  0
6.666667  0.561094  0
6.693333  0.559854  0
6.720000  0.558613  0
6.746667  0.557373  0
6.773333  0.556133  0
6.800000  0.554893  0
6.826667  0.553653  0
6.853333  0.552413  0
6.880000  0.551173  0
6.906667  0.549932  0
6.933333  0.548692  0
6.960000  0.547452  0
6.986667  0.546212  0
7.013333  0.544972  0
7.040000  0.543732  0
7.066667  0.542492  0
7.093333  0.541251  0
7.120000  0.540011  0
7.146667  0.538771  0
7.173333  0.537531  0
7.200000  0.536291  0
7.226667  0.535051  0
7.253333  0.533811  0
7.280000  0.532570  0
7.306667  0.531330  0
7.333333  0.530090  0
7.360000  0.528850  0
7.386667  0.527610  0
7.413333  0.526370  0
7.440000  0.525130  0
7.466667  0.523889  0
7.493333  0.522649  0
7.520000  0.521409  0
7.546667  0.520169  0
7.573333  0.518929  0
7.600000  0.517689  0
7.626667  0.516448  0
7.653333  0.515208  0
7.680000  0.513968  0
7.706667  0.512728  0
7.733333  0.511488  0
7.760000  0.510248  0
7.786667  0.508817  0
7.813333  0.507334  0
7.840000  0.505851  0
7.866667  0.504369  0
7.893333  0.502886  0
7.920000  0.501403  0
7.946667  0.499920  0
7.973333  0.498437  0
8.000000  0.496955  0
8.026667  0.495472  0
8.053333  0.493989  0
8.080000  0.492506  0
8.106667  0.491024  0
8.133333  0.489541  0
8.160000  0.488058  0
8.186667  0.486575  0
8.213333  0.485092  0
8.240000  0.483610  0
8.266667  0.482127  0
8.293333  0.480644  0
8.320000  0.479161  0
8.346667  0.477679  0
8.373333  0.476196  0
8.400000  0.474713  0
8.426667  0.473230  0
8.453333  0.471747  0
8.480000  0.470265  0
8.506667  0.468782  0
8.533333  0.467299  0
8.560000  0.465816  0
8.586667  0.464333  0
8.613333  0.462851  0
8.640000  0.461368  0
8.666667  0.459885  0
8.693333  0.458402  0
8.720000  0.456920  0
8.746667  0.455437  0
8.773333  0.453954  0
8.800000  0.452471  0
8.826667  0.450988  0
8.853333  0.449654  0
8.880000  0.448796  0
8.906667  0.447937  0
8.933333  0.447079  0
8.960000  0.446220  0
8.986667  0.445362  0
9.013333  0.444504  0
9.040000  0.443645  0
9.066667  0.442787  0
9.093333  0.441928  0
9.120000  0.441070  0
9.146667  0.440211  0
9.173333  0.439353  0
9.200000  0.438494  0
9.226667  0.437636  0
9.253333  0.436777  0
9.280000  0.435919  0
9.306667  0.435061  0
9.333333  0.434202  0
9.360000  0.433344  0
9.386667  0.432485  0
9.413333  0.431627  0
9.440000  0.430768  0
9.466667  0.429910  0
9.493333  0.429051  0
9.520000  0.428193  0
9.546667  0.427335  0
9.573333  0.426476  0
9.600000  0.425618  0
9.626667  0.424759  0
9.653333  0.424277  0
9.680000  0.424038  0
9.706667  0.423800  0
9.733333  0.423561  0
9.760000  0.423323  0
9.786667  0.423084  0
9.813333  0.422845  0
9.840000  0.422607  0
9.866667  0.422368  0
9.893333  0.422130  0
9.920000  0.421891  0
9.946667  0.421652  0
9.973333  0.421414  0
10.000000  0.421175  0
10.026667  0.420936  0
10.053333  0.420698  0
10.080000  0.420459  0
10.106667  0.420221  0
10.133333  0.419982  0
10.160000  0.419743  0
10.186667  0.419505  0
10.213333  0.419266  0
10.240000  0.419028  0
10.266667  0.418789  0
10.293333  0.418550  0
10.320000  0.418312  0
10.346667  0.418073  0
10.373333  0.417835  0
10.400000  0.417596  0
10.426667  0.417357  0
10.453333  0.417119  0
10.480000  0.416880  0
10.506667  0.416642  0
10.533333  0.416403  0
10.560000  0.416164  0
10.586667  0.415926  0
10.613333  0.415687  0
10.640000  0.415448  0
10.666667  0.415210  0
10.693333  0.414971  0
10.720000  0.414733  0
10.746667  0.414494  0
10.773333  0.414255  0
10.800000  0.414017  0
10.826667  0.413778  0
10.853333  0.413540  0
10.880000  0.413301  0
10.906667  0.413062  0
10.933333  0.412824  0
10.960000  0.412585  0
10.986667  0.412347  0
11.013333  0.412108  0
11.040000  0.411869  0
11.066667  0.411631  0
11.093333  0.411392  0
11.120000  0.411154  0
11.146667  0.410915  0
11.173333  0.410676  0
11.200000  0.410438  0
11.226667  0.410199  0
11.253333  0.409960  0
11.280000  0.409722  0
11.306667  0.409483  0
11.333333  0.409245  0
11.360000  0.409006  0
11.386667  0.408767  0
11.413333  0.408529  0
11.440000  0.408290  0
11.466667  0.408213  0
11.493333  0.408184  0
11.520000  0.408156  0
11.546667  0.408127  0
11.573333  0.408098  0
11.600000  0.408070  0
11.626667  0.408041  0
11.653333  0.408012  0
11.680000  0.407984  0
11.706667  0.407955  0
11.733333  0.407926  0
11.760000  0.407898  0
11.786667  0.407869  0
11.813333  0.407840  0
11.840000  0.407812  0
11.866667  0.407783  0
11.893333  0.407754  0
11.920000  0.407726  0
11.946667  0.407697  0
11.973333  0.407668  0
12.000000  0.407640  0
12.026667  0.407611  0
12.053333  0.407582  0
12.080000  0.407554  0
12.106667  0.407525  0
12.133333  0.407497  0
12.160000  0.407468  0
12.186667  0.407439  0
12.213333  0.407411  0
12.240000  0.407382  0
12.266667  0.407353  0
12.293333  0.407325  0
12.320000  0.407296  0
12.346667  0.407267  0
12.373333  0.407239  0
12.400000  0.407210  0
12.426667  0.407181  0
12.453333  0.407153  0
12.480000  0.407124  0
12.506667  0.407095  0
12.533333  0.407067  0
12.560000  0.407038  0
12.586667  0.407009  0
12.613333  0.406981  0
12.640000  0.406952  0
12.666667  0.406923  0
12.693333  0.406895  0
12.720000  0.406866  0
12.746667  0.406838  0
12.773333  0.406809  0
12.800000  0.406780  0
12.826667  0.406752  0
12.853333  0.406723  0
12.880000  0.406694  0
12.906667  0.406666  0
12.933333  0.406637  0
12.960000  0.406608  0
12.986667  0.406580  0
13.013333  0.406551  0
13.040000  0.406522  0
13.066667  0.406494  0
13.093333  0.406465  0
13.120000  0.406436  0
13.146667  0.406408  0
13.173333  0.406379  0
13.200000  0.406350  0
13.226667  0.406322  0
13.253333  0.406293  0
13.280000  0.406264  0
13.306667  0.406236  0
13.333333  0.406207  0
13.360000  0.406178  0
13.386667  0.406150  0
13.413333  0.406121  0
13.440000  0.406093  0
13.466667  0.406064  0
13.493333  0.406035  0
13.520000  0.406007  0
13.546667  0.405978  0
13.573333  0.405949  0
13.600000  0.405921  0
13.626667  0.405892  0
13.653333  0.405863  0
13.680000  0.405835  0
13.706667  0.405806  0
13.733333  0.405777  0
13.760000  0.405749  0
13.786667  0.405720  0
13.813333  0.405691  0
13.840000  0.405663  0
13.866667  0.405634  0
13.893333  0.405605  0
13.920000  0.405577  0
13.946667  0.405548  0
13.973333  0.405519  0
14.000000  0.405491  0
14.026667  0.405462  0
14.053333  0.405434  0
14.080000  0.405405  0
14.106667  0.405376  0
14.133333  0.405348  0
14.160000  0.405319  0
14.186667  0.405290  0
14.213333  0.405262  0
14.240000  0.405233  0
14.266667  0.405204  0
14.293333  0.405176  0
14.320000  0.405147  0
14.346667  0.405118  0
14.373333  0.405090  0
14.400000  0.405061  0
14.426667  0.405032  0
14.453333  0.405004  0
14.480000  0.404975  0
14.506667  0.404946  0
14.533333  0.404918  0
14.560000  0.404889  0
14.586667  0.404860  0
14.613333  0.404832  0
14.640000  0.404803  0
14.666667  0.404775  0
14.693333  0.404746  0
14.720000  0.404717  0
14.746667  0.404689  0
14.773333  0.404660  0
14.800000  0.404631  0
14.826667  0.404603  0
14.853333  0.404574  0
14.880000  0.404545  0
14.906667  0.404517  0
14.933333  0.404488  0
14.960000  0.404459  0
14.986667  0.404431  0
15.013333  0.404402  0
15.040000  0.404373  0
15.066667  0.404345  0
15.093333  0.404316  0
15.120000  0.404287  0
15.146667  0.404259  0
15.173333  0.404230  0
15.200000  0.404201  0
15.226667  0.404173  0
15.253333  0.404144  0
15.280000  0.404115  0
15.306667  0.404087  0
15.333333  0.404058  0
15.360000  0.404030  0
15.386667  0.404001  0
15.413333  0.403972  0
15.440000  0.403944  0
15.466667  0.403915  0
15.493333  0.403886  0
15.520000  0.403858  0
15.546667  0.403829  0
15.573333  0.403800  0
15.600000  0.403772  0
15.626667  0.403743  0
15.653333  0.403714  0
15.680000  0.403686  0
15.706667  0.403657  0
15.733333  0.403628  0
15.760000  0.403600  0
15.786667  0.403572  0
15.813333  0.403545  0
15.840000  0.403517  0
15.866667  0.403489  0
15.893333  0.403461  0
15.920000  0.403434  0
15.946667  0.403406  0
15.973333  0.403378  0
16.000000  0.403351  0
16.026667  0.403323  0
16.053333  0.403295  0
16.080000  0.403267  0
16.106667  0.403240  0
16.133333  0.403212  0
16.160000  0.403184  0
16.186667  0.403157  0
16.213333  0.403129  0
16.240000  0.403101  0
16.266667  0.403073  0
16.293333  0.403046  0
16.320000  0.403018  0
16.346667  0.402990  0
16.373333  0.402963  0
16.400000  0.402935  0
16.426667  0.402907  0
16.453333  0.402879  0
16.480000  0.402852  0
16.506667  0.402824  0
16.533333  0.402796  0
16.560000  0.402769  0
16.586667  0.402741  0
16.613333  0.402713  0
16.640000  0.402685  0
16.666667  0.402658  0
16.693333  0.402630  0
16.720000  0.402602  0
16.746667  0.402575  0
16.773333  0.402547  0
16.800000  0.402519  0
16.826667  0.402491  0
16.853333  0.402464  0
16.880000  0.402436  0
16.906667  0.402408  0
16.933333  0.402381  0
16.960000  0.402353  0
16.986667  0.402325  0
17.013333  0.402297  0
17.040000  0.402270  0
17.066667  0.402242  0
17.093333  0.402214  0
17.120000  0.402187  0
17.146667  0.402159  0
17.173333  0.402131  0
17.200000  0.402103  0
17.226667  0.402076  0
17.253333  0.402048  0
17.280000  0.402020  0
17.306667  0.401993  0
17.333333  0.401965  0
17.360000  0.401937  0
17.386667  0.401909  0
17.413333  0.401882  0
17.440000  0.401854  0
17.466667  0.401826  0
17.493333  0.401799  0
17.520000  0.401771  0
17.546667  0.401743  0
17.573333  0.401715  0
17.600000  0.401688  0
17.626667  0.401660  0
17.653333  0.401632  0
17.680000  0.401605  0
17.706667  0.401577  0
17.733333  0.401549  0
17.760000  0.401521  0
17.786667  0.401494  0
17.813333  0.401466  0
17.840000  0.401438  0
17.866667  0.401411  0
17.893333  0.401383  0
17.920000  0.401355  0
17.946667  0.401327  0
17.973333  0.401300  0
18.000000  0.401272  0
18.026667  0.401244  0
18.053333  0.401217  0
18.080000  0.401189  0
18.106667  0.401161  0
18.133333  0.401133  0
18.160000  0.401106  0
18.186667  0.401078  0
18.213333  0.401050  0
18.240000  0.401023  0
18.266667  0.400995  0
18.293333  0.400967  0
18.320000  0.400939  0
18.346667  0.400912  0
18.373333  0.400884  0
18.400000  0.400856  0
18.426667  0.400829  0
18.453333  0.400801  0
18.480000  0.400773  0
18.506667  0.400745  0
18.533333  0.400718  0
18.560000  0.400690  0
18.586667  0.400662  0
18.613333  0.400635  0
18.640000  0.400607  0
18.666667  0.400579  0
18.693333  0.400551  0
18.720000  0.400524  0
18.746667  0.400496  0
18.773333  0.400468  0
18.800000  0.400440  0
18.826667  0.400413  0
18.853333  0.400385  0
18.880000  0.400357  0
18.906667  0.400330  0
18.933333  0.400302  0
18.960000  0.400274  0
18.986667  0.400246  0
19.013333  0.400219  0
19.040000  0.400191  0
19.066667  0.400163  0
19.093333  0.400136  0
19.120000  0.400108  0
19.146667  0.400080  0
19.173333  0.400052  0
19.200000  0.400025  0
19.226667  0.399997  0
19.253333  0.399969  0
19.280000  0.399942  0
19.306667  0.399914  0
19.333333  0.399886  0
19.360000  0.399858  0
19.386667  0.399831  0
19.413333  0.399803  0
19.440000  0.399775  0
19.466667  0.399748  0
19.493333  0.399720  0
19.520000  0.399692  0
19.546667  0.399664  0
19.573333  0.399637  0
19.600000  0.399609  0
19.626667  0.399581  0
19.653333  0.399554  0
19.680000  0.399526  0
19.706667  0.399498  0
19.733333  0.399470  0
19.760000  0.399443  0
19.786667  0.399415  0
19.813333  0.399387  0
19.840000  0.399360  0
19.866667  0.399332  0
19.893333  0.399304  0
19.920000  0.399276  0
19.946667  0.399249  0
19.973333  0.399221  0
20.000000  0.399193  0
20.026667  0.399166  0
20.053333  0.399138  0
20.080000  0.399110  0
20.106667  0.399082  0
20.133333  0.399055  0
20.160000  0.399027  0
20.186667  0.398999  0
20.213333  0.398972  0
20.240000  0.398944  0
20.266667  0.398916  0
20.293333  0.398888  0
20.320000  0.398861  0
20.346667  0.398833  0
20.373333  0.398805  0
20.400000  0.398778  0
20.426667  0.398750  0
20.453333  0.398722  0
20.480000  0.398694  0
20.506667  0.398667  0
20.533333  0.398639  0
20.560000  0.398611  0
20.586667  0.398584  0
20.613333  0.398556  0
20.640000  0.398528  0
20.666667  0.398500  0
20.693333  0.398473  0
20.720000  0.398445  0
20.746667  0.398417  0
20.773333  0.398390  0
20.800000  0.398362  0
20.826667  0.398334  0
20.853333  0.398306  0
20.880000  0.398279  0
20.906667  0.398251  0
20.933333  0.398223  0
20.960000  0.398196  0
20.986667  0.398168  0
21.013333  0.398140  0
21.040000  0.398112  0
21.066667  0.398085  0
21.093333  0.398057  0
21.120000  0.398029  0
21.146667  0.398002  0
21.173333  0.397974  0
21.200000  0.397946  0
21.226667  0.397918  0
21.253333  0.397891  0
21.280000  0.397863  0
21.306667  0.397835  0
21.333333  0.397808  0
21.360000  0.397780  0
21.386667  0.397752  0
21.413333  0.397724  0
21.440000  0.397697  0
21.466667  0.397669  0
21.493333  0.397641  0
21.520000  0.397614  0
21.546667  0.397586  0
21.573333  0.397558  0
21.600000  0.397530  0
21.626667  0.397503  0
21.653333  0.397475  0
21.680000  0.397447  0
21.706667  0.397419  0
21.733333  0.397392  0
21.760000  0.397364  0
21.786667  0.397336  0
21.813333  0.397309  0
21.840000  0.397281  0
21.866667  0.397253  0
21.893333  0.397225  0
21.920000  0.397198  0
21.946667  0.397170  0
21.973333  0.397142  0
22.000000  0.397115  0
22.026667  0.397087  0
22.053333  0.397059  0
22.080000  0.397031  0
22.106667  0.397004  0
22.133333  0.396976  0
22.160000  0.396948  0
22.186667  0.396921  0
22.213333  0.396893  0
22.240000  0.396865  0
22.266667  0.396837  0
22.293333  0.396810  0
22.320000  0.396782  0
22.346667  0.396754  0
22.373333  0.396727  0
22.400000  0.396699  0
22.426667  0.396671  0
22.453333  0.396643  0
22.480000  0.396616  0
22.506667  0.396588  0
22.533333  0.396560  0
22.560000  0.396533  0
22.586667  0.396505  0
22.613333  0.396477  0
22.640000  0.396449  0
22.666667  0.396422  0
22.693333  0.396394  0
22.720000  0.396366  0
22.746667  0.396339  0
22.773333  0.396311  0
22.800000  0.396283  0
22.826667  0.396255  0
22.853333  0.396228  0
22.880000  0.396200  0
22.906667  0.396172  0
22.933333  0.396145  0
22.960000  0.396117  0
22.986667  0.396089  0
23.013333  0.396061  0
23.040000  0.396034  0
23.066667  0.396006  0
23.093333  0.395978  0
23.120000  0.395951  0
23.146667  0.395923  0
23.173333  0.395895  0
23.200000  0.395867  0
23.226667  0.395840  0
23.253333  0.395812  0
23.280000  0.395784  0
23.306667  0.395757  0
23.333333  0.395729  0
23.360000  0.395701  0
23.386667  0.395673  0
23.413333  0.395646  0
23.440000  0.395618  0
23.466667  0.395590  0
23.493333  0.395563  0
23.520000  0.395535  0
23.546667  0.395507  0
23.573333  0.395479  0
23.600000  0.395452  0
23.626667  0.395424  0
23.653333  0.395396  0
23.680000  0.395369  0
23.706667  0.395341  0
23.733333  0.395313  0
23.760000  0.395285  0
23.786667  0.395258  0
23.813333  0.395230  0
23.840000  0.395202  0
23.866667  0.395175  0
23.893333  0.395147  0
23.920000  0.395119  0
23.946667  0.395091  0
23.973333  0.395064  0
24.000000  0.395036  0
24.026667  0.395008  0
24.053333  0.394981  0
24.080000  0.394953  0
24.106667  0.394925  0
24.133333  0.394897  0
24.160000  0.394870  0
24.186667  0.394842  0
24.213333  0.394814  0
24.240000  0.394787  0
24.266667  0.394759  0
24.293333  0.394731  0
24.320000  0.394703  0
24.346667  0.394676  0
24.373333  0.394648  0
24.400000  0.394620  0
24.426667  0.394593  0
24.453333  0.394565  0
24.480000  0.394537  0
24.506667  0.394509  0
24.533333  0.394482  0
24.560000  0.394454  0
24.586667  0.394426  0
24.613333  0.394398  0
24.640000  0.394371  0
