2.346667  0.680811  0
2.373333  0.679853  0
2.400000  0.678895  0
2.426667  0.677937  0
2.453333  0.676979  0
2.480000  0.676021  0
2.506667  0.675063  0
2.533333  0.674105  0
2.560000  0.673147  0
2.586667  0.672188  0
2.613333  0.671230  0
2.640000  0.670272  0
2.666667  0.669314  0
2.693333  0.668356  0
2.720000  0.667398  0
2.746667  0.666440  0
2.773333  0.665482  0
2.800000  0.664524  0
2.826667  0.663565  0
2.853333  0.662607  0
2.880000  0.661649  0
2.906667  0.660691  0
2.933333  0.659733  0
2.960000  0.658775  0
2.986667  0.657817  0
3.013333  0.656859  0
3.040000  0.655901  0
3.066667  0.654943  0
3.093333  0.653984  0
3.120000  0.653026  0
3.146667  0.652068  0
3.173333  0.651110  0
3.200000  0.650152  0
3.226667  0.649194  0
3.253333  0.648236  0
3.280000  0.647278  0
3.306667  0.646320  0
3.333333  0.645361  0
3.360000  0.644403  0
3.386667  0.643445  0
3.413333  0.642487  0
3.440000  0.641529  0
3.466667  0.640571  0
3.493333  0.639613  0
3.520000  0.638655  0
3.546667  0.637697  0
3.573333  0.636739  0
3.600000  0.635780  0
3.626667  0.634822  0
3.653333  0.633864  0
3.680000  0.632906  0
3.706667  0.631941  0
3.733333  0.630971  0
3.760000  0.630002  0
3.786667  0.629032  0
3.813333  0.628063  0
3.840000  0.627093  0
3.866667  0.626124  0
3.893333  0.625154  0
3.920000  0.624185  0
3.946667  0.623215  0
3.973333  0.622246  0
4.000000  0.621276  0
4.026667  0.620307  0
4.053333  0.619337  0
4.080000  0.618368  0
4.106667  0.617398  0
4.133333  0.616429  0
4.160000  0.615459  0
4.186667  0.614490  0
4.213333  0.613520  0
4.240000  0.612551  0
4.266667  0.611581  0
4.293333  0.610612  0
4.320000  0.609642  0
4.346667  0.608673  0
4.373333  0.607703  0
4.400000  0.606734  0
4.426667  0.605764  0
4.453333  0.604795  0
4.480000  0.603825  0
4.506667  0.602856  0
4.533333  0.601886  0
4.560000  0.600917  0
4.586667  0.599947  0
4.613333  0.598978  0
4.640000  0.598008  0
4.666667  0.597038  0
4.693333  0.596069  0
4.720000  0.595099  0
4.746667  0.594130  0
4.773333  0.593150  0
4.800000  0.592027  0
4.826667  0.590905  0
4.853333  0.589783  0
4.880000  0.588661  0
4.906667  0.587539  0
4.933333  0.586417  0
4.960000  0.585295  0
4.986667  0.584173  0
5.013333  0.583051  0
5.040000  0.581928  0
5.066667  0.580806  0
5.093333  0.579684  0
5.120000  0.578562  0
5.146667  0.577440  0
5.173333  0.576318  0
5.200000  0.575196  0
5.226667  0.574074  0
5.253333  0.572952  0
5.280000  0.571830  0
5.306667  0.570707  0
5.333333  0.569585  0
5.360000  0.568463  0
5.386667  0.567341  0
5.413333  0.566219  0
5.440000  0.565097  0
5.466667  0.563975  0
5.493333  0.562853  0
5.520000  0.561731  0
5.546667  0.560681  0
5.573333  0.559891  0
5.600000  0.559100  0
5.626667  0.558309  0
5.653333  0.557518  0
5.680000  0.556727  0
5.706667  0.555937  0
5.733333  0.555146  0
5.760000  0.554355  0
5.786667  0.553564  0
5.813333  0.552773  0
5.840000  0.551982  0
5.866667  0.551192  0
5.893333  0.550401  0
5.920000  0.549610  0
5.946667  0.548819  0
5.973333  0.548028  0
6.000000  0.547238  0
6.026667  0.546447  0
6.053333  0.545656  0
6.080000  0.544865  0
6.106667  0.544074  0
6.133333  0.543283  0
6.160000  0.542493  0
6.186667  0.541702  0
6.213333  0.540911  0
6.240000  0.540120  0
6.266667  0.539329  0
6.293333  0.538539  0
6.320000  0.537748  0
6.346667  0.536957  0
6.373333  0.536166  0
6.400000  0.535375  0
6.426667  0.534584  0
6.453333  0.533794  0
6.480000  0.533003  0
6.506667  0.532212  0
6.533333  0.531421  0
6.560000  0.530630  0
6.586667  0.529840  0
6.613333  0.529049  0
6.640000  0.528258  0
6.666667  0.527467  0
6.693333  0.526676  0
6.720000  0.525885  0
6.746667  0.525095  0
6.773333  0.524304  0
6.800000  0.523367  0
6.826667  0.522240  0
6.853333  0.521113  0
6.880000  0.519986  0
6.906667  0.518859  0
6.933333  0.517732  0
6.960000  0.516605  0
6.986667  0.515479  0
7.013333  0.514352  0
7.040000  0.513225  0
7.066667  0.512098  0
7.093333  0.510971  0
7.120000  0.509844  0
7.146667  0.508717  0
7.173333  0.507590  0
7.200000  0.506463  0
7.226667  0.505336  0
7.253333  0.504209  0
7.280000  0.503082  0
7.306667  0.501956  0
7.333333  0.500829  0
7.360000  0.499702  0
7.386667  0.498575  0
7.413333  0.497448  0
7.440000  0.496321  0
7.466667  0.495194  0
7.493333  0.494067  0
7.520000  0.492940  0
7.546667  0.491813  0
7.573333  0.490686  0
7.600000  0.489559  0
7.626667  0.488433  0
7.653333  0.487306  0
7.680000  0.486179  0
7.706667  0.485052  0
7.733333  0.483925  0
7.760000  0.482798  0
7.786667  0.481671  0
7.813333  0.480544  0
7.840000  0.479459  0
7.866667  0.478424  0
7.893333  0.477390  0
7.920000  0.476355  0
7.946667  0.475321  0
7.973333  0.474286  0
8.000000  0.473252  0
8.026667  0.472217  0
8.053333  0.471183  0
8.080000  0.470148  0
8.106667  0.469114  0
8.133333  0.468079  0
8.160000  0.467045  0
8.186667  0.466010  0
8.213333  0.464976  0
8.240000  0.463941  0
8.266667  0.462907  0
8.293333  0.461872  0
8.320000  0.460838  0
8.346667  0.459803  0
8.373333  0.458769  0
8.400000  0.457734  0
8.426667  0.456700  0
8.453333  0.455665  0
8.480000  0.454631  0
8.506667  0.453596  0
8.533333  0.452562  0
8.560000  0.451527  0
8.586667  0.450493  0
8.613333  0.449458  0
8.640000  0.448424  0
8.666667  0.447389  0
8.693333  0.446355  0
8.720000  0.445320  0
8.746667  0.444727  0
8.773333  0.444174  0
8.800000  0.443621  0
8.826667  0.443068  0
8.853333  0.442515  0
8.880000  0.441962  0
8.906667  0.441410  0
8.933333  0.440857  0
8.960000  0.440304  0
8.986667  0.439751  0
9.013333  0.439198  0
9.040000  0.438645  0
9.066667  0.438092  0
9.093333  0.437539  0
9.120000  0.436986  0
9.146667  0.436433  0
9.173333  0.435881  0
9.200000  0.435328  0
9.226667  0.434775  0
9.253333  0.434222  0
9.280000  0.433669  0
9.306667  0.433116  0
9.333333  0.432563  0
9.360000  0.432010  0
9.386667  0.431457  0
9.413333  0.430904  0
9.440000  0.430352  0
9.466667  0.429799  0
9.493333  0.429246  0
9.520000  0.428693  0
9.546667  0.428140  0
9.573333  0.427587  0
9.600000  0.427034  0
9.626667  0.426481  0
9.653333  0.425928  0
9.680000  0.425375  0
9.706667  0.424823  0
9.733333  0.424270  0
9.760000  0.423717  0
9.786667  0.423164  0
9.813333  0.422611  0
9.840000  0.422058  0
9.866667  0.421505  0
9.893333  0.420952  0
9.920000  0.420399  0
9.946667  0.419846  0
9.973333  0.419672  0
10.000000  0.419535  0
10.026667  0.419399  0
10.053333  0.419262  0
10.080000  0.419125  0
10.106667  0.418988  0
10.133333  0.418851  0
10.160000  0.418714  0
10.186667  0.418577  0
10.213333  0.418441  0
10.240000  0.418304  0
10.266667  0.418167  0
10.293333  0.418030  0
10.320000  0.417893  0
10.346667  0.417756  0
10.373333  0.417619  0
10.400000  0.417482  0
10.426667  0.417346  0
10.453333  0.417209  0
10.480000  0.417072  0
10.506667  0.416935  0
10.533333  0.416798  0
10.560000  0.416661  0
10.586667  0.416524  0
10.613333  0.416387  0
10.640000  0.416251  0
10.666667  0.416114  0
10.693333  0.415977  0
10.720000  0.415840  0
10.746667  0.415703  0
10.773333  0.415566  0
10.800000  0.415429  0
10.826667  0.415292  0
10.853333  0.415156  0
10.880000  0.415019  0
10.906667  0.414882  0
10.933333  0.414745  0
10.960000  0.414608  0
10.986667  0.414471  0
11.013333  0.414334  0
11.040000  0.414197  0
11.066667  0.414061  0
11.093333  0.413924  0
11.120000  0.413787  0
11.146667  0.413650  0
11.173333  0.413513  0
11.200000  0.413376  0
11.226667  0.413239  0
11.253333  0.413102  0
11.280000  0.412966  0
11.306667  0.412813  0
11.333333  0.412609  0
11.360000  0.412404  0
11.386667  0.412200  0
11.413333  0.411995  0
11.440000  0.411791  0
11.466667  0.411586  0
11.493333  0.411382  0
11.520000  0.411177  0
11.546667  0.410973  0
11.573333  0.410768  0
11.600000  0.410564  0
11.626667  0.410359  0
11.653333  0.410155  0
11.680000  0.409950  0
11.706667  0.409746  0
11.733333  0.409541  0
11.760000  0.409337  0
11.786667  0.409132  0
11.813333  0.408928  0
11.840000  0.408723  0
11.866667  0.408518  0
11.893333  0.408314  0
11.920000  0.408109  0
11.946667  0.407905  0
11.973333  0.407700  0
12.000000  0.407496  0
12.026667  0.407291  0
12.053333  0.407087  0
12.080000  0.406882  0
12.106667  0.406678  0
12.133333  0.406473  0
12.160000  0.406269  0
12.186667  0.406064  0
12.213333  0.405860  0
12.240000  0.405655  0
12.266667  0.405451  0
12.293333  0.405246  0
12.320000  0.405042  0
12.346667  0.404837  0
12.373333  0.404633  0
12.400000  0.404428  0
12.426667  0.404224  0
12.453333  0.404019  0
12.480000  0.403814  0
12.506667  0.403610  0
12.533333  0.403405  0
12.560000  0.403201  0
12.586667  0.402996  0
12.613333  0.402792  0
12.640000  0.402587  0
12.666667  0.402383  0
12.693333  0.402178  0
12.720000  0.401974  0
12.746667  0.401769  0
12.773333  0.401565  0
12.800000  0.401360  0
12.826667  0.401156  0
12.853333  0.400951  0
12.880000  0.400747  0
12.906667  0.400542  0
12.933333  0.400338  0
12.960000  0.400133  0
12.986667  0.399929  0
13.013333  0.399724  0
13.040000  0.399520  0
13.066667  0.399315  0
13.093333  0.399110  0
13.120000  0.398998  0
13.146667  0.399030  0
13.173333  0.399062  0
13.200000  0.399094  0
13.226667  0.399127  0
13.253333  0.399159  0
13.280000  0.399191  0
13.306667  0.399223  0
13.333333  0.399255  0
13.360000  0.399288  0
13.386667  0.399320  0
13.413333  0.399352  0
13.440000  0.399384  0
13.466667  0.399417  0
13.493333  0.399449  0
13.520000  0.399481  0
13.546667  0.399513  0
13.573333  0.399546  0
13.600000  0.399578  0
13.626667  0.399610  0
13.653333  0.399642  0
13.680000  0.399674  0
13.706667  0.399707  0
13.733333  0.399739  0
13.760000  0.399771  0
13.786667  0.399803  0
13.813333  0.399836  0
13.840000  0.399868  0
13.866667  0.399900  0
13.893333  0.399932  0
13.920000  0.399965  0
13.946667  0.399997  0
13.973333  0.400029  0
14.000000  0.400061  0
14.026667  0.400094  0
14.053333  0.400126  0
14.080000  0.400158  0
14.106667  0.400190  0
14.133333  0.400222  0
14.160000  0.400255  0
14.186667  0.400287  0
14.213333  0.400319  0
14.240000  0.400351  0
14.266667  0.400384  0
14.293333  0.400416  0
14.320000  0.400448  0
14.346667  0.400480  0
14.373333  0.400513  0
14.400000  0.400545  0
14.426667  0.400577  0
14.453333  0.400609  0
14.480000  0.400642  0
14.506667  0.400674  0
14.533333  0.400706  0
14.560000  0.400738  0
14.586667  0.400770  0
14.613333  0.400803  0
14.640000  0.400835  0
14.666667  0.400867  0
14.693333  0.400899  0
14.720000  0.400932  0
14.746667  0.400964  0
14.773333  0.400996  0
14.800000  0.401028  0
14.826667  0.401061  0
14.853333  0.401093  0
14.880000  0.401125  0
14.906667  0.401157  0
14.933333  0.401190  0
14.960000  0.401222  0
14.986667  0.401254  0
15.013333  0.401286  0
15.040000  0.401237  0
15.066667  0.401145  0
15.093333  0.401052  0
15.120000  0.400959  0
15.146667  0.400867  0
15.173333  0.400774  0
15.200000  0.400681  0
15.226667  0.400589  0
15.253333  0.400496  0
15.280000  0.400403  0
15.306667  0.400311  0
15.333333  0.400218  0
15.360000  0.400125  0
15.386667  0.400033  0
15.413333  0.399940  0
15.440000  0.399847  0
15.466667  0.399755  0
15.493333  0.399662  0
15.520000  0.399569  0
15.546667  0.399477  0
15.573333  0.399384  0
15.600000  0.399291  0
15.626667  0.399199  0
15.653333  0.399106  0
15.680000  0.399013  0
15.706667  0.398921  0
15.733333  0.398828  0
15.760000  0.398735  0
15.786667  0.398643  0
15.813333  0.398550  0
15.840000  0.398457  0
15.866667  0.398365  0
15.893333  0.398272  0
15.920000  0.398179  0
15.946667  0.398086  0
15.973333  0.397994  0
16.000000  0.397901  0
16.026667  0.397808  0
16.053333  0.397716  0
16.080000  0.397623  0
16.106667  0.397530  0
16.133333  0.397438  0
16.160000  0.397345  0
16.186667  0.397252  0
16.213333  0.397160  0
16.240000  0.397067  0
16.266667  0.396974  0
16.293333  0.396882  0
16.320000  0.396789  0
16.346667  0.396696  0
16.373333  0.396604  0
16.400000  0.396511  0
16.426667  0.396418  0
16.453333  0.396326  0
16.480000  0.396233  0
16.506667  0.396140  0
16.533333  0.396048  0
16.560000  0.395955  0
16.586667  0.395862  0
16.613333  0.395770  0
16.640000  0.395677  0
16.666667  0.395584  0
16.693333  0.395492  0
16.720000  0.395399  0
16.746667  0.395306  0
16.773333  0.395214  0
16.800000  0.395121  0
16.826667  0.395028  0
16.853333  0.394936  0
16.880000  0.394843  0
16.906667  0.394750  0
16.933333  0.394658  0
16.960000  0.394565  0
16.986667  0.394472  0
17.013333  0.394380  0
17.040000  0.394287  0
17.066667  0.394194  0
17.093333  0.394102  0
17.120000  0.394009  0
17.146667  0.393916  0
17.173333  0.393823  0
17.200000  0.393731  0
17.226667  0.393638  0
17.253333  0.393545  0
17.280000  0.393453  0
17.306667  0.393360  0
17.333333  0.393267  0
17.360000  0.393175  0
17.386667  0.393082  0
17.413333  0.392989  0
17.440000  0.392897  0
17.466667  0.392804  0
17.493333  0.392711  0
17.520000  0.392619  0
17.546667  0.392526  0
17.573333  0.392433  0
17.600000  0.392341  0
17.626667  0.392248  0
17.653333  0.392155  0
17.680000  0.392063  0
17.706667  0.392024  0
17.733333  0.391996  0
17.760000  0.391968  0
17.786667  0.391939  0
17.813333  0.391911  0
17.840000  0.391883  0
17.866667  0.391855  0
17.893333  0.391826  0
17.920000  0.391798  0
17.946667  0.391770  0
17.973333  0.391742  0
18.000000  0.391713  0
18.026667  0.391685  0
18.053333  0.391657  0
18.080000  0.391629  0
18.106667  0.391600  0
18.133333  0.391572  0
18.160000  0.391544  0
18.186667  0.391516  0
18.213333  0.391487  0
18.240000  0.391459  0
18.266667  0.391431  0
18.293333  0.391403  0
18.320000  0.391374  0
18.346667  0.391346  0
18.373333  0.391318  0
18.400000  0.391290  0
18.426667  0.391262  0
18.453333  0.391233  0
18.480000  0.391205  0
18.506667  0.391177  0
18.533333  0.391149  0
18.560000  0.391120  0
18.586667  0.391092  0
18.613333  0.391064  0
18.640000  0.391036  0
18.666667  0.391007  0
18.693333  0.390979  0
18.720000  0.390951  0
18.746667  0.390923  0
18.773333  0.390894  0
18.800000  0.390866  0
18.826667  0.390838  0
18.853333  0.390810  0
18.880000  0.390781  0
18.906667  0.390753  0
18.933333  0.390725  0
18.960000  0.390697  0
18.986667  0.390668  0
19.013333  0.390640  0
19.040000  0.390612  0
19.066667  0.390584  0
19.093333  0.390555  0
19.120000  0.390527  0
19.146667  0.390499  0
19.173333  0.390471  0
19.200000  0.390442  0
19.226667  0.390414  0
19.253333  0.390386  0
19.280000  0.390358  0
19.306667  0.390329  0
19.333333  0.390301  0
19.360000  0.390273  0
19.386667  0.390245  0
19.413333  0.390217  0
19.440000  0.390188  0
19.466667  0.390160  0
19.493333  0.390132  0
19.520000  0.390104  0
19.546667  0.390075  0
19.573333  0.390047  0
19.600000  0.390019  0
19.626667  0.389991  0
19.653333  0.389962  0
19.680000  0.389934  0
19.706667  0.389906  0
19.733333  0.389878  0
19.760000  0.389849  0
19.786667  0.389821  0
19.813333  0.389793  0
19.840000  0.389765  0
19.866667  0.389736  0
19.893333  0.389708  0
19.920000  0.389680  0
19.946667  0.389652  0
19.973333  0.389623  0
20.000000  0.389595  0
20.026667  0.389567  0
20.053333  0.389539  0
20.080000  0.389510  0
20.106667  0.389482  0
20.133333  0.389454  0
20.160000  0.389426  0
20.186667  0.389397  0
20.213333  0.389369  0
20.240000  0.389341  0
20.266667  0.389313  0
20.293333  0.389284  0
20.320000  0.389256  0
20.346667  0.389228  0
20.373333  0.389200  0
20.400000  0.389171  0
20.426667  0.389143  0
20.453333  0.389115  0
20.480000  0.389087  0
20.506667  0.389059  0
20.533333  0.389030  0
20.560000  0.389002  0
20.586667  0.388974  0
20.613333  0.388946  0
20.640000  0.388917  0
20.666667  0.388889  0
20.693333  0.388861  0
20.720000  0.388833  0
20.746667  0.388804  0
20.773333  0.388776  0
20.800000  0.388748  0
20.826667  0.388720  0
20.853333  0.388691  0
20.880000  0.388663  0
20.906667  0.388635  0
20.933333  0.388607  0
20.960000  0.388578  0
20.986667  0.388550  0
21.013333  0.388522  0
21.040000  0.388494  0
21.066667  0.388465  0
21.093333  0.388437  0
21.120000  0.388409  0
21.146667  0.388381  0
21.173333  0.388352  0
21.200000  0.388324  0
21.226667  0.388296  0
21.253333  0.388268  0
21.280000  0.388239  0
21.306667  0.388211  0
21.333333  0.388183  0
21.360000  0.388155  0
21.386667  0.388126  0
21.413333  0.388098  0
21.440000  0.388070  0
21.466667  0.388042  0
21.493333  0.388014  0
21.520000  0.387985  0
21.546667  0.387957  0
21.573333  0.387929  0
21.600000  0.387901  0
21.626667  0.387872  0
21.653333  0.387844  0
21.680000  0.387816  0
21.706667  0.387788  0
21.733333  0.387759  0
21.760000  0.387731  0
21.786667  0.387703  0
21.813333  0.387675  0
21.840000  0.387646  0
21.866667  0.387618  0
21.893333  0.387590  0
21.920000  0.387562  0
21.946667  0.387533  0
21.973333  0.387505  0
22.000000  0.387477  0
22.026667  0.387449  0
22.053333  0.387420  0
22.080000  0.387392  0
22.106667  0.387364  0
22.133333  0.387336  0
22.160000  0.387307  0
22.186667  0.387279  0
22.213333  0.387251  0
22.240000  0.387223  0
22.266667  0.387194  0
22.293333  0.387166  0
22.320000  0.387138  0
22.346667  0.387110  0
22.373333  0.387081  0
22.400000  0.387053  0
22.426667  0.387025  0
22.453333  0.386997  0
22.480000  0.386969  0
22.506667  0.386940  0
22.533333  0.386912  0
22.560000  0.386884  0
22.586667  0.386856  0
22.613333  0.386827  0
22.640000  0.386799  0
22.666667  0.386771  0
22.693333  0.386743  0
22.720000  0.386714  0
22.746667  0.386686  0
22.773333  0.386658  0
22.800000  0.386630  0
22.826667  0.386601  0
22.853333  0.386573  0
22.880000  0.386545  0
22.906667  0.386517  0
22.933333  0.386488  0
22.960000  0.386460  0
22.986667  0.386432  0
23.013333  0.386404  0
23.040000  0.386375  0
23.066667  0.386347  0
23.093333  0.386319  0
23.120000  0.386291  0
23.146667  0.386262  0
23.173333  0.386234  0
23.200000  0.386206  0
23.226667  0.386178  0
23.253333  0.386149  0
23.280000  0.386121  0
23.306667  0.386093  0
23.333333  0.386065  0
23.360000  0.386036  0
23.386667  0.386008  0
23.413333  0.385980  0
23.440000  0.385952  0
23.466667  0.385923  0
23.493333  0.385895  0
23.520000  0.385867  0
23.546667  0.385839  0
23.573333  0.385811  0
23.600000  0.385782  0
23.626667  0.385754  0
23.653333  0.385726  0
23.680000  0.385698  0
23.706667  0.385669  0
23.733333  0.385641  0
23.760000  0.385613  0
23.786667  0.385585  0
23.813333  0.385556  0
23.840000  0.385528  0
23.866667  0.385500  0
23.893333  0.385472  0
23.920000  0.385443  0
23.946667  0.385415  0
23.973333  0.385387  0
24.000000  0.385359  0
24.026667  0.385330  0
24.053333  0.385302  0
24.080000  0.385274  0
24.106667  0.385246  0
24.133333  0.385217  0
24.160000  0.385189  0
24.186667  0.385161  0
24.213333  0.385133  0
