2.960000  0.712922  0
2.986667  0.712119  0
3.013333  0.711315  0
3.040000  0.710512  0
3.066667  0.709709  0
3.093333  0.708906  0
3.120000  0.708103  0
3.146667  0.707300  0
3.173333  0.706496  0
3.200000  0.705693  0
3.226667  0.704890  0
3.253333  0.704087  0
3.280000  0.703284  0
3.306667  0.702481  0
3.333333  0.701677  0
3.360000  0.700874  0
3.386667  0.700071  0
3.413333  0.699268  0
3.440000  0.698465  0
3.466667  0.697661  0
3.493333  0.696858  0
3.520000  0.696055  0
3.546667  0.695252  0
3.573333  0.694449  0
3.600000  0.693646  0
3.626667  0.692842  0
3.653333  0.692039  0
3.680000  0.691236  0
3.706667  0.690433  0
3.733333  0.689630  0
3.760000  0.688827  0
3.786667  0.688023  0
3.813333  0.687220  0
3.840000  0.686417  0
3.866667  0.685614  0
3.893333  0.684811  0
3.920000  0.684008  0
3.946667  0.683142  0
3.973333  0.682100  0
4.000000  0.681058  0
4.026667  0.680016  0
4.053333  0.678974  0
4.080000  0.677932  0
4.106667  0.676890  0
4.133333  0.675848  0
4.160000  0.674806  0
4.186667  0.673764  0
4.213333  0.672722  0
4.240000  0.671680  0
4.266667  0.670638  0
4.293333  0.669596  0
4.320000  0.668554  0
4.346667  0.667512  0
4.373333  0.666471  0
4.400000  0.665429  0
4.426667  0.664387  0
4.453333  0.663345  0
4.480000  0.662303  0
4.506667  0.661261  0
4.533333  0.660219  0
4.560000  0.659177  0
4.586667  0.658135  0
4.613333  0.657093  0
4.640000  0.656051  0
4.666667  0.655009  0
4.693333  0.653967  0
4.720000  0.652932  0
4.746667  0.651908  0
4.773333  0.650883  0
4.800000  0.649859  0
4.826667  0.648834  0
4.853333  0.647810  0
4.880000  0.646785  0
4.906667  0.645761  0
4.933333  0.644737  0
4.960000  0.643712  0
4.986667  0.642688  0
5.013333  0.641663  0
5.040000  0.640639  0
5.066667  0.639614  0
5.093333  0.638590  0
5.120000  0.637565  0
5.146667  0.636541  0
5.173333  0.635516  0
5.200000  0.634492  0
5.226667  0.633467  0
5.253333  0.632443  0
5.280000  0.631418  0
5.306667  0.630394  0
5.333333  0.629369  0
5.360000  0.628345  0
5.386667  0.627321  0
5.413333  0.626296  0
5.440000  0.625272  0
5.466667  0.624247  0
5.493333  0.623223  0
5.520000  0.622198  0
5.546667  0.621174  0
5.573333  0.620149  0
5.600000  0.619125  0
5.626667  0.618100  0
5.653333  0.617076  0
5.680000  0.616051  0
5.706667  0.615027  0
5.733333  0.614002  0
5.760000  0.612978  0
5.786667  0.611954  0
5.813333  0.610929  0
5.840000  0.609905  0
5.866667  0.609077  0
5.893333  0.608428  0
5.920000  0.607780  0
5.946667  0.607131  0
5.973333  0.606482  0
6.000000  0.605833  0
6.026667  0.605185  0
6.053333  0.604536  0
6.080000  0.603887  0
6.106667  0.603238  0
6.133333  0.602590  0
6.160000  0.601941  0
6.186667  0.601292  0
6.213333  0.600644  0
6.240000  0.599995  0
6.266667  0.599346  0
6.293333  0.598697  0
6.320000  0.598049  0
6.346667  0.597400  0
6.373333  0.596751  0
6.400000  0.596103  0
6.426667  0.595454  0
6.453333  0.594805  0
6.480000  0.594156  0
6.506667  0.593508  0
6.533333  0.592859  0
6.560000  0.592210  0
6.586667  0.591562  0
6.613333  0.590913  0
6.640000  0.590264  0
6.666667  0.589615  0
6.693333  0.588967  0
6.720000  0.588318  0
6.746667  0.587669  0
6.773333  0.587021  0
6.800000  0.586372  0
6.826667  0.585723  0
6.853333  0.585074  0
6.880000  0.584426  0
6.906667  0.583777  0
6.933333  0.583128  0
6.960000  0.582480  0
6.986667  0.581831  0
7.013333  0.581182  0
7.040000  0.580533  0
7.066667  0.579885  0
7.093333  0.579236  0
7.120000  0.578587  0
7.146667  0.577938  0
7.173333  0.577290  0
7.200000  0.576524  0
7.226667  0.575686  0
7.253333  0.574848  0
7.280000  0.574010  0
7.306667  0.573171  0
7.333333  0.572333  0
7.360000  0.571495  0
7.386667  0.570657  0
7.413333  0.569819  0
7.440000  0.568981  0
7.466667  0.568143  0
7.493333  0.567305  0
7.520000  0.566467  0
7.546667  0.565629  0
7.573333  0.564791  0
7.600000  0.563952  0
7.626667  0.563114  0
7.653333  0.562276  0
7.680000  0.561438  0
7.706667  0.560600  0
7.733333  0.559762  0
7.760000  0.558924  0
7.786667  0.558086  0
7.813333  0.557248  0
7.840000  0.556410  0
7.866667  0.555571  0
7.893333  0.554733  0
7.920000  0.553895  0
7.946667  0.553057  0
7.973333  0.552219  0
8.000000  0.551381  0
8.026667  0.550543  0
8.053333  0.549705  0
8.080000  0.548867  0
8.106667  0.548029  0
8.133333  0.547191  0
8.160000  0.546622  0
8.186667  0.546144  0
8.213333  0.545666  0
8.240000  0.545187  0
8.266667  0.544709  0
8.293333  0.544231  0
8.320000  0.543752  0
8.346667  0.543274  0
8.373333  0.542796  0
8.400000  0.542317  0
8.426667  0.541839  0
8.453333  0.541361  0
8.480000  0.540882  0
8.506667  0.540404  0
8.533333  0.539926  0
8.560000  0.539447  0
8.586667  0.538969  0
8.613333  0.538491  0
8.640000  0.538013  0
8.666667  0.537534  0
8.693333  0.537056  0
8.720000  0.536578  0
8.746667  0.536099  0
8.773333  0.535621  0
8.800000  0.535113  0
8.826667  0.534583  0
8.853333  0.534054  0
8.880000  0.533524  0
8.906667  0.532995  0
8.933333  0.532465  0
8.960000  0.531936  0
8.986667  0.531406  0
9.013333  0.530877  0
9.040000  0.530347  0
9.066667  0.529817  0
9.093333  0.529288  0
9.120000  0.528758  0
9.146667  0.528229  0
9.173333  0.527699  0
9.200000  0.527170  0
9.226667  0.526640  0
9.253333  0.526110  0
9.280000  0.525581  0
9.306667  0.525051  0
9.333333  0.524522  0
9.360000  0.523992  0
9.386667  0.523463  0
9.413333  0.522933  0
9.440000  0.522403  0
9.466667  0.521874  0
9.493333  0.521344  0
9.520000  0.520815  0
9.546667  0.520285  0
9.573333  0.519756  0
9.600000  0.519226  0
9.626667  0.518697  0
9.653333  0.518167  0
9.680000  0.517637  0
9.706667  0.517108  0
9.733333  0.516578  0
9.760000  0.516049  0
9.786667  0.515519  0
9.813333  0.514990  0
9.840000  0.514460  0
9.866667  0.513930  0
9.893333  0.513401  0
9.920000  0.512871  0
9.946667  0.512342  0
9.973333  0.511942  0
10.000000  0.511555  0
10.026667  0.511169  0
10.053333  0.510782  0
10.080000  0.510395  0
10.106667  0.510008  0
10.133333  0.509621  0
10.160000  0.509234  0
10.186667  0.508848  0
10.213333  0.508461  0
10.240000  0.508074  0
10.266667  0.507687  0
10.293333  0.507300  0
10.320000  0.506914  0
10.346667  0.506527  0
10.373333  0.506140  0
10.400000  0.505753  0
10.426667  0.505366  0
10.453333  0.504980  0
10.480000  0.504593  0
10.506667  0.504206  0
10.533333  0.503819  0
10.560000  0.503432  0
10.586667  0.503045  0
10.613333  0.502659  0
10.640000  0.502272  0
10.666667  0.501885  0
10.693333  0.501498  0
10.720000  0.501111  0
10.746667  0.500725  0
10.773333  0.500338  0
10.800000  0.499951  0
10.826667  0.499564  0
10.853333  0.499177  0
10.880000  0.498791  0
10.906667  0.498409  0
10.933333  0.498150  0
10.960000  0.497890  0
10.986667  0.497631  0
11.013333  0.497371  0
11.040000  0.497112  0
11.066667  0.496852  0
11.093333  0.496593  0
11.120000  0.496333  0
11.146667  0.496074  0
11.173333  0.495814  0
11.200000  0.495555  0
11.226667  0.495295  0
11.253333  0.495036  0
11.280000  0.494776  0
11.306667  0.494517  0
11.333333  0.494257  0
11.360000  0.493998  0
11.386667  0.493738  0
11.413333  0.493479  0
11.440000  0.493219  0
11.466667  0.492960  0
11.493333  0.492700  0
11.520000  0.492441  0
11.546667  0.492181  0
11.573333  0.491922  0
11.600000  0.491662  0
11.626667  0.491403  0
11.653333  0.491143  0
11.680000  0.490884  0
11.706667  0.490624  0
11.733333  0.490365  0
11.760000  0.490105  0
11.786667  0.489846  0
11.813333  0.489586  0
11.840000  0.489327  0
11.866667  0.489067  0
11.893333  0.488808  0
11.920000  0.488549  0
11.946667  0.488289  0
11.973333  0.488030  0
12.000000  0.487770  0
12.026667  0.487511  0
12.053333  0.487251  0
12.080000  0.486992  0
12.106667  0.486732  0
12.133333  0.486473  0
12.160000  0.486213  0
12.186667  0.485954  0
12.213333  0.485694  0
12.240000  0.485435  0
12.266667  0.485175  0
12.293333  0.484916  0
12.320000  0.484656  0
12.346667  0.484397  0
12.373333  0.484137  0
12.400000  0.483878  0
12.426667  0.483618  0
12.453333  0.483359  0
12.480000  0.483099  0
12.506667  0.482840  0
12.533333  0.482580  0
12.560000  0.482321  0
12.586667  0.482173  0
12.613333  0.482082  0
12.640000  0.481992  0
12.666667  0.481901  0
12.693333  0.481810  0
12.720000  0.481720  0
12.746667  0.481629  0
12.773333  0.481538  0
12.800000  0.481448  0
12.826667  0.481357  0
12.853333  0.481266  0
12.880000  0.481176  0
12.906667  0.481085  0
12.933333  0.480994  0
12.960000  0.480904  0
12.986667  0.480813  0
13.013333  0.480722  0
13.040000  0.480632  0
13.066667  0.480541  0
13.093333  0.480451  0
13.120000  0.480360  0
13.146667  0.480269  0
13.173333  0.480179  0
13.200000  0.480088  0
13.226667  0.479997  0
13.253333  0.479907  0
13.280000  0.479816  0
13.306667  0.479725  0
13.333333  0.479635  0
13.360000  0.479544  0
13.386667  0.479453  0
13.413333  0.479363  0
13.440000  0.479272  0
13.466667  0.479181  0
13.493333  0.479091  0
13.520000  0.479000  0
13.546667  0.478909  0
13.573333  0.478819  0
13.600000  0.478728  0
13.626667  0.478638  0
13.653333  0.478547  0
13.680000  0.478456  0
13.706667  0.478366  0
13.733333  0.478275  0
13.760000  0.478184  0
13.786667  0.478094  0
13.813333  0.478003  0
13.840000  0.477912  0
13.866667  0.477822  0
13.893333  0.477731  0
13.920000  0.477640  0
13.946667  0.477550  0
13.973333  0.477459  0
14.000000  0.477368  0
14.026667  0.477278  0
14.053333  0.477187  0
14.080000  0.477096  0
14.106667  0.477006  0
14.133333  0.476915  0
14.160000  0.476825  0
14.186667  0.476734  0
14.213333  0.476643  0
14.240000  0.476553  0
14.266667  0.476462  0
14.293333  0.476371  0
14.320000  0.476281  0
14.346667  0.476190  0
14.373333  0.476099  0
14.400000  0.476009  0
14.426667  0.475918  0
14.453333  0.475827  0
14.480000  0.475737  0
14.506667  0.475646  0
14.533333  0.475555  0
14.560000  0.475465  0
14.586667  0.475374  0
14.613333  0.475283  0
14.640000  0.475193  0
14.666667  0.475102  0
14.693333  0.475012  0
14.720000  0.474921  0
14.746667  0.474830  0
14.773333  0.474740  0
14.800000  0.474649  0
14.826667  0.474558  0
14.853333  0.474468  0
14.880000  0.474377  0
14.906667  0.474286  0
14.933333  0.474196  0
14.960000  0.474105  0
14.986667  0.474014  0
15.013333  0.473924  0
15.040000  0.473833  0
15.066667  0.473742  0
15.093333  0.473652  0
15.120000  0.473561  0
15.146667  0.473470  0
15.173333  0.473380  0
15.200000  0.473289  0
15.226667  0.473198  0
15.253333  0.473108  0
15.280000  0.473017  0
15.306667  0.472927  0
15.333333  0.472836  0
15.360000  0.472745  0
15.386667  0.472655  0
15.413333  0.472564  0
15.440000  0.472473  0
15.466667  0.472383  0
15.493333  0.472292  0
15.520000  0.472201  0
15.546667  0.472111  0
15.573333  0.472020  0
15.600000  0.471929  0
15.626667  0.471839  0
15.653333  0.471748  0
15.680000  0.471657  0
15.706667  0.471567  0
15.733333  0.471476  0
15.760000  0.471385  0
15.786667  0.471295  0
15.813333  0.471204  0
15.840000  0.471114  0
15.866667  0.471023  0
15.893333  0.470932  0
15.920000  0.470842  0
15.946667  0.470751  0
15.973333  0.470660  0
16.000000  0.470570  0
16.026667  0.470479  0
16.053333  0.470388  0
16.080000  0.470298  0
16.106667  0.470207  0
16.133333  0.470116  0
16.160000  0.470026  0
16.186667  0.469935  0
16.213333  0.469844  0
16.240000  0.469754  0
16.266667  0.469663  0
16.293333  0.469572  0
16.320000  0.469482  0
16.346667  0.469391  0
16.373333  0.469301  0
16.400000  0.469210  0
16.426667  0.469119  0
16.453333  0.469029  0
16.480000  0.468938  0
16.506667  0.468847  0
16.533333  0.468757  0
16.560000  0.468666  0
16.586667  0.468575  0
16.613333  0.468485  0
16.640000  0.468394  0
16.666667  0.468303  0
16.693333  0.468213  0
16.720000  0.468122  0
16.746667  0.468031  0
16.773333  0.467941  0
16.800000  0.467850  0
16.826667  0.467759  0
16.853333  0.467669  0
16.880000  0.467578  0
16.906667  0.467488  0
16.933333  0.467397  0
16.960000  0.467306  0
16.986667  0.467216  0
17.013333  0.467125  0
17.040000  0.467034  0
17.066667  0.466944  0
17.093333  0.466853  0
17.120000  0.466762  0
17.146667  0.466672  0
17.173333  0.466581  0
17.200000  0.466490  0
17.226667  0.466400  0
17.253333  0.466309  0
17.280000  0.466218  0
17.306667  0.466128  0
