2.640000  0.695668  0
2.666667  0.695613  0
2.693333  0.695505  0
2.720000  0.695349  0
2.746667  0.695153  0
2.773333  0.694923  0
2.800000  0.694666  0
2.826667  0.694390  0
2.853333  0.694100  0
2.880000  0.693801  0
2.906667  0.693496  0
2.933333  0.693187  0
2.960000  0.692875  0
2.986667  0.692562  0
3.013333  0.692248  0
3.040000  0.691931  0
3.066667  0.691612  0
3.093333  0.691288  0
3.120000  0.690958  0
3.146667  0.690618  0
3.173333  0.690266  0
3.200000  0.689896  0
3.226667  0.689506  0
3.253333  0.689091  0
3.280000  0.688648  0
3.306667  0.688175  0
3.333333  0.687671  0
3.360000  0.687138  0
3.386667  0.686577  0
3.413333  0.685992  0
3.440000  0.685386  0
3.466667  0.684764  0
3.493333  0.684128  0
3.520000  0.683481  0
3.546667  0.682825  0
3.573333  0.682159  0
3.600000  0.681484  0
3.626667  0.680797  0
3.653333  0.680097  0
3.680000  0.679380  0
3.706667  0.678643  0
3.733333  0.677880  0
3.760000  0.677085  0
3.786667  0.676248  0
3.813333  0.675354  0
3.840000  0.674383  0
3.866667  0.673309  0
3.893333  0.672098  0
3.920000  0.670714  0
3.946667  0.669115  0
3.973333  0.667267  0
4.000000  0.665142  0
4.026667  0.662725  0
4.053333  0.660019  0
4.080000  0.657045  0
4.106667  0.653837  0
4.133333  0.650440  0
4.160000  0.646906  0
4.186667  0.643283  0
4.213333  0.639618  0
4.240000  0.635955  0
4.266667  0.632331  0
4.293333  0.628786  0
4.320000  0.625359  0
4.346667  0.622091  0
4.373333  0.619021  0
4.400000  0.616183  0
4.426667  0.613604  0
4.453333  0.611294  0
4.480000  0.609252  0
4.506667  0.607464  0
4.533333  0.605905  0
4.560000  0.604552  0
4.586667  0.603383  0
4.613333  0.602384  0
4.640000  0.601551  0
4.666667  0.600883  0
4.693333  0.600382  0
4.720000  0.600041  0
4.746667  0.599843  0
4.773333  0.599758  0
4.800000  0.599740  0
4.826667  0.599735  0
4.853333  0.599686  0
4.880000  0.599539  0
4.906667  0.599252  0
4.933333  0.598797  0
4.960000  0.598160  0
4.986667  0.597344  0
5.013333  0.596358  0
5.040000  0.595221  0
5.066667  0.593952  0
5.093333  0.592570  0
5.120000  0.591097  0
5.146667  0.589553  0
5.173333  0.587966  0
5.200000  0.586363  0
5.226667  0.584780  0
5.253333  0.583251  0
5.280000  0.581812  0
5.306667  0.580489  0
5.333333  0.579300  0
5.360000  0.578241  0
5.386667  0.577296  0
5.413333  0.576424  0
5.440000  0.575577  0
5.466667  0.574697  0
5.493333  0.573732  0
5.520000  0.572644  0
5.546667  0.571417  0
5.573333  0.570064  0
5.600000  0.568621  0
5.626667  0.567147  0
5.653333  0.565710  0
5.680000  0.564380  0
5.706667  0.563217  0
5.733333  0.562262  0
5.760000  0.561533  0
5.786667  0.561021  0
5.813333  0.560694  0
5.840000  0.560496  0
5.866667  0.560361  0
5.893333  0.560217  0
5.920000  0.559996  0
5.946667  0.559644  0
5.973333  0.559127  0
6.000000  0.558433  0
6.026667  0.557571  0
6.053333  0.556569  0
6.080000  0.555466  0
6.106667  0.554307  0
6.133333  0.553135  0
6.160000  0.551986  0
6.186667  0.550888  0
6.213333  0.549856  0
6.240000  0.548895  0
6.266667  0.548003  0
6.293333  0.547173  0
6.320000  0.546391  0
6.346667  0.545647  0
6.373333  0.544928  0
6.400000  0.544223  0
6.426667  0.543522  0
6.453333  0.542817  0
6.480000  0.542099  0
6.506667  0.541362  0
6.533333  0.540601  0
6.560000  0.539810  0
6.586667  0.538986  0
6.613333  0.538128  0
6.640000  0.537233  0
6.666667  0.536303  0
6.693333  0.535337  0
6.720000  0.534333  0
6.746667  0.533287  0
6.773333  0.532188  0
6.800000  0.531023  0
6.826667  0.529769  0
6.853333  0.528403  0
6.880000  0.526900  0
6.906667  0.525238  0
6.933333  0.523408  0
6.960000  0.521414  0
6.986667  0.519283  0
7.013333  0.517057  0
7.040000  0.514797  0
7.066667  0.512571  0
7.093333  0.510443  0
7.120000  0.508471  0
7.146667  0.506689  0
7.173333  0.505114  0
7.200000  0.503741  0
7.226667  0.502551  0
7.253333  0.501512  0
7.280000  0.500593  0
7.306667  0.499761  0
7.333333  0.498987  0
7.360000  0.498251  0
7.386667  0.497534  0
7.413333  0.496826  0
7.440000  0.496120  0
7.466667  0.495409  0
7.493333  0.494692  0
7.520000  0.493966  0
7.546667  0.493230  0
7.573333  0.492485  0
7.600000  0.491731  0
7.626667  0.490968  0
7.653333  0.490197  0
7.680000  0.489419  0
7.706667  0.488633  0
7.733333  0.487838  0
7.760000  0.487032  0
7.786667  0.486214  0
7.813333  0.485380  0
7.840000  0.484527  0
7.866667  0.483654  0
7.893333  0.482758  0
7.920000  0.481839  0
7.946667  0.480896  0
7.973333  0.479931  0
8.000000  0.478947  0
8.026667  0.477944  0
8.053333  0.476927  0
8.080000  0.475896  0
8.106667  0.474853  0
8.133333  0.473798  0
8.160000  0.472730  0
8.186667  0.471643  0
8.213333  0.470534  0
8.240000  0.469395  0
8.266667  0.468220  0
8.293333  0.467003  0
8.320000  0.465736  0
8.346667  0.464416  0
8.373333  0.463040  0
8.400000  0.461611  0
8.426667  0.460130  0
8.453333  0.458604  0
8.480000  0.457038  0
8.506667  0.455440  0
8.533333  0.453817  0
8.560000  0.452174  0
8.586667  0.450514  0
8.613333  0.448842  0
8.640000  0.447158  0
8.666667  0.445461  0
8.693333  0.443750  0
8.720000  0.442021  0
8.746667  0.440268  0
8.773333  0.438483  0
8.800000  0.436655  0
8.826667  0.434773  0
8.853333  0.432827  0
8.880000  0.430807  0
8.906667  0.428712  0
8.933333  0.426547  0
8.960000  0.424330  0
8.986667  0.422088  0
9.013333  0.419859  0
9.040000  0.417688  0
9.066667  0.415620  0
9.093333  0.413700  0
9.120000  0.411963  0
9.146667  0.410436  0
9.173333  0.409132  0
9.200000  0.408055  0
9.226667  0.407197  0
9.253333  0.406542  0
9.280000  0.406071  0
9.306667  0.405757  0
9.333333  0.405574  0
9.360000  0.405492  0
9.386667  0.405484  0
9.413333  0.405525  0
9.440000  0.405590  0
9.466667  0.405662  0
9.493333  0.405724  0
9.520000  0.405769  0
9.546667  0.405792  0
9.573333  0.405794  0
9.600000  0.405779  0
9.626667  0.405752  0
9.653333  0.405722  0
9.680000  0.405693  0
9.706667  0.405667  0
9.733333  0.405643  0
9.760000  0.405616  0
9.786667  0.405578  0
9.813333  0.405519  0
9.840000  0.405431  0
9.866667  0.405306  0
9.893333  0.405143  0
9.920000  0.404944  0
9.946667  0.404716  0
9.973333  0.404472  0
10.000000  0.404226  0
10.026667  0.403995  0
10.053333  0.403795  0
10.080000  0.403637  0
10.106667  0.403532  0
10.133333  0.403484  0
10.160000  0.403493  0
10.186667  0.403553  0
10.213333  0.403656  0
10.240000  0.403790  0
10.266667  0.403943  0
10.293333  0.404101  0
10.320000  0.404251  0
10.346667  0.404382  0
10.373333  0.404484  0
10.400000  0.404551  0
10.426667  0.404579  0
10.453333  0.404566  0
10.480000  0.404514  0
10.506667  0.404425  0
10.533333  0.404303  0
10.560000  0.404153  0
10.586667  0.403980  0
10.613333  0.403790  0
10.640000  0.403589  0
10.666667  0.403382  0
10.693333  0.403173  0
10.720000  0.402966  0
10.746667  0.402761  0
10.773333  0.402559  0
10.800000  0.402359  0
10.826667  0.402158  0
10.853333  0.401955  0
10.880000  0.401746  0
10.906667  0.401529  0
10.933333  0.401304  0
10.960000  0.401071  0
10.986667  0.400832  0
11.013333  0.400588  0
11.040000  0.400341  0
11.066667  0.400094  0
11.093333  0.399847  0
11.120000  0.399600  0
11.146667  0.399351  0
11.173333  0.399101  0
11.200000  0.398846  0
11.226667  0.398586  0
11.253333  0.398324  0
11.280000  0.398060  0
11.306667  0.397798  0
11.333333  0.397544  0
11.360000  0.397301  0
11.386667  0.397073  0
11.413333  0.396864  0
11.440000  0.396673  0
11.466667  0.396502  0
11.493333  0.396347  0
11.520000  0.396205  0
11.546667  0.396072  0
11.573333  0.395942  0
11.600000  0.395811  0
11.626667  0.395675  0
11.653333  0.395531  0
11.680000  0.395377  0
11.706667  0.395216  0
11.733333  0.395048  0
11.760000  0.394877  0
11.786667  0.394709  0
11.813333  0.394548  0
11.840000  0.394398  0
11.866667  0.394263  0
11.893333  0.394146  0
11.920000  0.394047  0
11.946667  0.393967  0
11.973333  0.393906  0
12.000000  0.393861  0
12.026667  0.393831  0
12.053333  0.393814  0
12.080000  0.393810  0
12.106667  0.393817  0
12.133333  0.393836  0
12.160000  0.393867  0
12.186667  0.393910  0
12.213333  0.393965  0
12.240000  0.394034  0
12.266667  0.394114  0
12.293333  0.394205  0
12.320000  0.394305  0
12.346667  0.394411  0
12.373333  0.394519  0
12.400000  0.394625  0
12.426667  0.394725  0
12.453333  0.394815  0
12.480000  0.394892  0
12.506667  0.394953  0
12.533333  0.394998  0
12.560000  0.395026  0
12.586667  0.395039  0
12.613333  0.395038  0
12.640000  0.395027  0
12.666667  0.395008  0
12.693333  0.394986  0
12.720000  0.394962  0
12.746667  0.394940  0
12.773333  0.394920  0
12.800000  0.394904  0
12.826667  0.394891  0
12.853333  0.394880  0
12.880000  0.394869  0
12.906667  0.394854  0
12.933333  0.394832  0
12.960000  0.394801  0
12.986667  0.394758  0
13.013333  0.394702  0
13.040000  0.394633  0
13.066667  0.394552  0
13.093333  0.394461  0
13.120000  0.394365  0
13.146667  0.394268  0
13.173333  0.394174  0
13.200000  0.394087  0
13.226667  0.394010  0
13.253333  0.393944  0
13.280000  0.393890  0
13.306667  0.393846  0
13.333333  0.393812  0
13.360000  0.393784  0
13.386667  0.393759  0
13.413333  0.393734  0
13.440000  0.393703  0
13.466667  0.393663  0
13.493333  0.393608  0
13.520000  0.393535  0
13.546667  0.393439  0
13.573333  0.393316  0
13.600000  0.393163  0
13.626667  0.392979  0
13.653333  0.392763  0
13.680000  0.392515  0
13.706667  0.392239  0
13.733333  0.391939  0
13.760000  0.391620  0
13.786667  0.391291  0
13.813333  0.390958  0
13.840000  0.390631  0
13.866667  0.390317  0
13.893333  0.390024  0
13.920000  0.389757  0
13.946667  0.389523  0
13.973333  0.389324  0
14.000000  0.389163  0
14.026667  0.389042  0
14.053333  0.388960  0
14.080000  0.388919  0
