2.693333  0.894813  0
2.720000  0.893397  0
2.746667  0.891982  0
2.773333  0.890566  0
2.800000  0.889151  0
2.826667  0.887736  0
2.853333  0.886320  0
2.880000  0.884905  0
2.906667  0.883490  0
2.933333  0.882074  0
2.960000  0.880659  0
2.986667  0.879243  0
3.013333  0.877828  0
3.040000  0.876413  0
3.066667  0.874997  0
3.093333  0.873582  0
3.120000  0.872167  0
3.146667  0.870751  0
3.173333  0.869336  0
3.200000  0.867920  0
3.226667  0.866505  0
3.253333  0.865090  0
3.280000  0.863674  0
3.306667  0.862259  0
3.333333  0.860844  0
3.360000  0.859428  0
3.386667  0.858013  0
3.413333  0.856597  0
3.440000  0.855182  0
3.466667  0.853767  0
3.493333  0.852351  0
3.520000  0.850936  0
3.546667  0.849521  0
3.573333  0.848105  0
3.600000  0.846690  0
3.626667  0.845274  0
3.653333  0.843859  0
3.680000  0.842444  0
3.706667  0.841028  0
3.733333  0.839613  0
3.760000  0.838198  0
3.786667  0.836782  0
3.813333  0.835367  0
3.840000  0.833951  0
3.866667  0.832536  0
3.893333  0.831121  0
3.920000  0.829705  0
3.946667  0.828290  0
3.973333  0.826875  0
4.000000  0.825459  0
4.026667  0.824044  0
4.053333  0.822628  0
4.080000  0.821213  0
4.106667  0.819798  0
4.133333  0.818382  0
4.160000  0.816967  0
4.186667  0.815552  0
4.213333  0.814136  0
4.240000  0.812721  0
4.266667  0.811305  0
4.293333  0.809890  0
4.320000  0.808475  0
4.346667  0.807059  0
4.373333  0.805644  0
4.400000  0.804229  0
4.426667  0.802813  0
4.453333  0.801398  0
4.480000  0.799982  0
4.506667  0.798567  0
4.533333  0.797152  0
4.560000  0.795736  0
4.586667  0.794321  0
4.613333  0.792906  0
4.640000  0.791490  0
4.666667  0.790075  0
4.693333  0.788659  0
4.720000  0.787244  0
4.746667  0.785829  0
4.773333  0.784413  0
4.800000  0.782998  0
4.826667  0.781583  0
4.853333  0.780167  0
4.880000  0.778752  0
4.906667  0.777336  0
4.933333  0.775921  0
4.960000  0.774506  0
4.986667  0.773090  0
5.013333  0.771675  0
5.040000  0.770260  0
5.066667  0.768844  0
5.093333  0.767429  0
5.120000  0.766013  0
5.146667  0.764598  0
5.173333  0.763183  0
5.200000  0.761767  0
5.226667  0.760352  0
5.253333  0.758937  0
5.280000  0.757521  0
5.306667  0.756106  0
5.333333  0.753693  0
5.360000  0.751421  0
5.386667  0.749307  0
5.413333  0.747357  0
5.440000  0.745573  0
5.466667  0.743950  0
5.493333  0.742476  0
5.520000  0.741134  0
5.546667  0.739906  0
5.573333  0.738767  0
5.600000  0.737696  0
5.626667  0.736671  0
5.653333  0.735671  0
5.680000  0.734679  0
5.706667  0.733684  0
5.733333  0.732677  0
5.760000  0.731655  0
5.786667  0.730617  0
5.813333  0.729569  0
5.840000  0.728518  0
5.866667  0.727475  0
5.893333  0.726452  0
5.920000  0.725461  0
5.946667  0.724514  0
5.973333  0.723624  0
6.000000  0.722800  0
6.026667  0.722048  0
6.053333  0.721375  0
6.080000  0.720782  0
6.106667  0.720266  0
6.133333  0.719823  0
6.160000  0.719446  0
6.186667  0.719124  0
6.213333  0.718846  0
6.240000  0.718597  0
6.266667  0.718365  0
6.293333  0.718133  0
6.320000  0.717889  0
6.346667  0.717620  0
6.373333  0.717315  0
6.400000  0.716965  0
6.426667  0.716563  0
6.453333  0.716103  0
6.480000  0.715585  0
6.506667  0.715007  0
6.533333  0.714372  0
6.560000  0.713684  0
6.586667  0.712949  0
6.613333  0.712175  0
6.640000  0.711371  0
6.666667  0.710546  0
6.693333  0.709711  0
6.720000  0.708877  0
6.746667  0.708055  0
6.773333  0.707253  0
6.800000  0.706483  0
6.826667  0.705751  0
6.853333  0.705063  0
6.880000  0.704426  0
6.906667  0.703841  0
6.933333  0.703309  0
6.960000  0.702828  0
6.986667  0.702397  0
7.013333  0.702011  0
7.040000  0.701664  0
7.066667  0.701350  0
7.093333  0.701063  0
7.120000  0.700796  0
7.146667  0.700543  0
7.173333  0.700299  0
7.200000  0.700059  0
7.226667  0.699820  0
7.253333  0.699579  0
7.280000  0.699334  0
7.306667  0.699083  0
7.333333  0.698828  0
7.360000  0.698566  0
7.386667  0.698299  0
7.413333  0.698027  0
7.440000  0.697750  0
7.466667  0.697467  0
7.493333  0.697178  0
7.520000  0.696883  0
7.546667  0.696579  0
7.573333  0.696266  0
7.600000  0.695941  0
7.626667  0.695603  0
7.653333  0.695249  0
7.680000  0.694877  0
7.706667  0.694483  0
7.733333  0.694064  0
7.760000  0.693617  0
7.786667  0.693136  0
7.813333  0.692615  0
7.840000  0.692049  0
7.866667  0.691427  0
7.893333  0.690739  0
7.920000  0.689973  0
7.946667  0.689111  0
7.973333  0.688135  0
8.000000  0.687021  0
8.026667  0.685745  0
8.053333  0.684277  0
8.080000  0.682586  0
8.106667  0.680639  0
8.133333  0.678402  0
8.160000  0.675844  0
8.186667  0.672935  0
8.213333  0.669654  0
8.240000  0.665984  0
8.266667  0.661920  0
8.293333  0.657470  0
8.320000  0.652654  0
8.346667  0.647505  0
8.373333  0.642072  0
8.400000  0.636413  0
8.426667  0.630601  0
8.453333  0.624712  0
8.480000  0.618830  0
8.506667  0.613038  0
8.533333  0.607417  0
8.560000  0.602039  0
8.586667  0.596969  0
8.613333  0.592258  0
8.640000  0.587941  0
8.666667  0.584040  0
8.693333  0.580559  0
8.720000  0.577489  0
8.746667  0.574805  0
8.773333  0.572473  0
8.800000  0.570449  0
8.826667  0.568683  0
8.853333  0.567122  0
8.880000  0.565715  0
8.906667  0.564410  0
8.933333  0.563163  0
8.960000  0.561937  0
8.986667  0.560709  0
9.013333  0.559467  0
9.040000  0.558219  0
9.066667  0.556990  0
9.093333  0.555816  0
9.120000  0.554742  0
9.146667  0.553806  0
9.173333  0.553031  0
9.200000  0.552417  0
9.226667  0.551945  0
9.253333  0.551585  0
9.280000  0.551303  0
9.306667  0.551070  0
9.333333  0.550863  0
9.360000  0.550669  0
9.386667  0.550481  0
9.413333  0.550296  0
9.440000  0.550110  0
9.466667  0.549923  0
9.493333  0.549731  0
9.520000  0.549532  0
9.546667  0.549320  0
9.573333  0.549085  0
9.600000  0.548819  0
9.626667  0.548512  0
9.653333  0.548154  0
9.680000  0.547739  0
9.706667  0.547262  0
9.733333  0.546718  0
9.760000  0.546108  0
9.786667  0.545438  0
9.813333  0.544719  0
9.840000  0.543975  0
9.866667  0.543232  0
9.893333  0.542515  0
9.920000  0.541843  0
9.946667  0.541221  0
9.973333  0.540647  0
10.000000  0.540109  0
10.026667  0.539591  0
10.053333  0.539080  0
10.080000  0.538565  0
10.106667  0.538041  0
10.133333  0.537510  0
10.160000  0.536979  0
10.186667  0.536455  0
10.213333  0.535945  0
10.240000  0.535454  0
10.266667  0.534978  0
10.293333  0.534506  0
10.320000  0.534023  0
10.346667  0.533515  0
10.373333  0.532967  0
10.400000  0.532373  0
10.426667  0.531735  0
10.453333  0.531062  0
10.480000  0.530366  0
10.506667  0.529661  0
10.533333  0.528961  0
10.560000  0.528279  0
10.586667  0.527622  0
10.613333  0.526999  0
10.640000  0.526414  0
10.666667  0.525870  0
10.693333  0.525367  0
10.720000  0.524907  0
10.746667  0.524488  0
10.773333  0.524108  0
10.800000  0.523764  0
10.826667  0.523455  0
10.853333  0.523178  0
10.880000  0.522930  0
10.906667  0.522708  0
10.933333  0.522509  0
10.960000  0.522332  0
10.986667  0.522172  0
11.013333  0.522027  0
11.040000  0.521894  0
11.066667  0.521769  0
11.093333  0.521649  0
11.120000  0.521531  0
11.146667  0.521412  0
11.173333  0.521289  0
11.200000  0.521160  0
11.226667  0.521022  0
11.253333  0.520875  0
11.280000  0.520717  0
11.306667  0.520548  0
11.333333  0.520367  0
11.360000  0.520175  0
11.386667  0.519972  0
11.413333  0.519757  0
11.440000  0.519530  0
11.466667  0.519292  0
11.493333  0.519041  0
11.520000  0.518777  0
11.546667  0.518499  0
11.573333  0.518204  0
11.600000  0.517891  0
11.626667  0.517558  0
11.653333  0.517204  0
11.680000  0.516826  0
11.706667  0.516424  0
11.733333  0.515998  0
11.760000  0.515545  0
11.786667  0.515069  0
11.813333  0.514568  0
11.840000  0.514046  0
11.866667  0.513506  0
11.893333  0.512949  0
11.920000  0.512380  0
11.946667  0.511801  0
11.973333  0.511218  0
12.000000  0.510632  0
12.026667  0.510048  0
12.053333  0.509468  0
12.080000  0.508893  0
12.106667  0.508326  0
12.133333  0.507767  0
12.160000  0.507217  0
12.186667  0.506677  0
12.213333  0.506147  0
12.240000  0.505626  0
12.266667  0.505116  0
12.293333  0.504617  0
12.320000  0.504129  0
12.346667  0.503653  0
12.373333  0.503190  0
12.400000  0.502742  0
12.426667  0.502309  0
12.453333  0.501894  0
12.480000  0.501497  0
12.506667  0.501120  0
12.533333  0.500762  0
12.560000  0.500425  0
12.586667  0.500106  0
12.613333  0.499806  0
12.640000  0.499523  0
12.666667  0.499256  0
12.693333  0.499000  0
12.720000  0.498755  0
12.746667  0.498517  0
12.773333  0.498284  0
12.800000  0.498051  0
12.826667  0.497818  0
12.853333  0.497581  0
12.880000  0.497338  0
12.906667  0.497089  0
12.933333  0.496831  0
12.960000  0.496566  0
12.986667  0.496293  0
13.013333  0.496012  0
13.040000  0.495724  0
13.066667  0.495432  0
13.093333  0.495135  0
13.120000  0.494836  0
13.146667  0.494535  0
13.173333  0.494235  0
13.200000  0.493937  0
13.226667  0.493642  0
13.253333  0.493352  0
13.280000  0.493066  0
13.306667  0.492785  0
13.333333  0.492511  0
13.360000  0.492243  0
13.386667  0.491982  0
13.413333  0.491728  0
13.440000  0.491481  0
13.466667  0.491240  0
13.493333  0.491005  0
13.520000  0.490776  0
13.546667  0.490553  0
13.573333  0.490335  0
13.600000  0.490123  0
13.626667  0.489915  0
13.653333  0.489712  0
13.680000  0.489514  0
13.706667  0.489323  0
13.733333  0.489138  0
13.760000  0.488962  0
13.786667  0.488794  0
13.813333  0.488637  0
13.840000  0.488491  0
13.866667  0.488358  0
13.893333  0.488238  0
13.920000  0.488130  0
13.946667  0.488036  0
13.973333  0.487953  0
14.000000  0.487881  0
14.026667  0.487816  0
14.053333  0.487758  0
14.080000  0.487703  0
14.106667  0.487650  0
14.133333  0.487594  0
14.160000  0.487534  0
14.186667  0.487467  0
14.213333  0.487393  0
14.240000  0.487310  0
14.266667  0.487217  0
14.293333  0.487113  0
14.320000  0.487000  0
14.346667  0.486878  0
14.373333  0.486746  0
14.400000  0.486605  0
14.426667  0.486456  0
14.453333  0.486298  0
14.480000  0.486132  0
14.506667  0.485956  0
14.533333  0.485771  0
14.560000  0.485576  0
14.586667  0.485369  0
14.613333  0.485152  0
14.640000  0.484924  0
14.666667  0.484686  0
14.693333  0.484438  0
14.720000  0.484185  0
14.746667  0.483928  0
14.773333  0.483673  0
14.800000  0.483423  0
14.826667  0.483184  0
14.853333  0.482962  0
14.880000  0.482763  0
14.906667  0.482594  0
14.933333  0.482460  0
14.960000  0.482367  0
14.986667  0.482320  0
15.013333  0.481827  0
15.040000  0.481334  0
15.066667  0.480840  0
15.093333  0.480347  0
15.120000  0.479854  0
15.146667  0.479361  0
15.173333  0.478868  0
15.200000  0.478374  0
15.226667  0.477881  0
15.253333  0.477388  0
15.280000  0.476895  0
15.306667  0.476402  0
15.333333  0.475908  0
15.360000  0.475415  0
15.386667  0.474922  0
15.413333  0.474429  0
15.440000  0.473936  0
15.466667  0.473442  0
15.493333  0.472949  0
15.520000  0.472456  0
15.546667  0.471963  0
15.573333  0.471470  0
15.600000  0.470976  0
15.626667  0.470483  0
15.653333  0.469990  0
15.680000  0.469497  0
15.706667  0.469003  0
15.733333  0.468510  0
15.760000  0.468017  0
15.786667  0.467524  0
15.813333  0.467031  0
15.840000  0.466537  0
15.866667  0.466044  0
15.893333  0.465551  0
15.920000  0.465058  0
15.946667  0.464565  0
15.973333  0.464071  0
16.000000  0.463578  0
16.026667  0.463085  0
16.053333  0.462592  0
16.080000  0.462099  0
16.106667  0.461605  0
16.133333  0.461112  0
16.160000  0.460619  0
16.186667  0.460126  0
16.213333  0.459632  0
16.240000  0.459139  0
16.266667  0.458646  0
16.293333  0.458153  0
16.320000  0.457660  0
16.346667  0.457166  0
16.373333  0.456673  0
16.400000  0.456180  0
16.426667  0.455687  0
16.453333  0.455194  0
16.480000  0.454700  0
16.506667  0.454207  0
16.533333  0.453714  0
16.560000  0.453221  0
16.586667  0.452728  0
16.613333  0.452234  0
16.640000  0.451741  0
16.666667  0.451248  0
16.693333  0.450917  0
16.720000  0.450603  0
16.746667  0.450289  0
16.773333  0.449975  0
16.800000  0.449661  0
16.826667  0.449347  0
16.853333  0.449033  0
16.880000  0.448719  0
16.906667  0.448405  0
16.933333  0.448091  0
16.960000  0.447777  0
16.986667  0.447463  0
17.013333  0.447149  0
17.040000  0.446835  0
17.066667  0.446521  0
17.093333  0.446207  0
17.120000  0.445893  0
17.146667  0.445579  0
17.173333  0.445265  0
17.200000  0.444951  0
17.226667  0.444637  0
17.253333  0.444323  0
17.280000  0.444009  0
17.306667  0.443695  0
17.333333  0.443381  0
17.360000  0.443067  0
17.386667  0.442753  0
17.413333  0.442439  0
17.440000  0.442125  0
17.466667  0.441811  0
17.493333  0.441497  0
17.520000  0.441183  0
17.546667  0.440869  0
17.573333  0.440555  0
17.600000  0.440241  0
17.626667  0.439927  0
17.653333  0.439613  0
17.680000  0.439299  0
17.706667  0.438985  0
17.733333  0.438671  0
17.760000  0.438357  0
17.786667  0.438043  0
17.813333  0.437729  0
17.840000  0.437415  0
17.866667  0.437101  0
17.893333  0.436787  0
17.920000  0.436473  0
17.946667  0.436159  0
17.973333  0.435845  0
18.000000  0.435531  0
18.026667  0.435217  0
18.053333  0.434903  0
18.080000  0.434589  0
18.106667  0.434275  0
18.133333  0.433961  0
18.160000  0.433647  0
18.186667  0.433333  0
18.213333  0.433019  0
18.240000  0.432705  0
18.266667  0.432391  0
18.293333  0.432077  0
18.320000  0.431763  0
18.346667  0.431449  0
18.373333  0.431135  0
18.400000  0.430821  0
18.426667  0.430507  0
18.453333  0.430193  0
18.480000  0.429879  0
18.506667  0.429565  0
18.533333  0.429251  0
18.560000  0.428937  0
18.586667  0.428623  0
18.613333  0.428309  0
18.640000  0.427995  0
18.666667  0.427681  0
18.693333  0.427367  0
18.720000  0.427053  0
18.746667  0.426739  0
18.773333  0.426425  0
18.800000  0.426111  0
18.826667  0.425797  0
18.853333  0.425483  0
18.880000  0.425169  0
18.906667  0.424855  0
18.933333  0.424541  0
18.960000  0.424227  0
18.986667  0.423913  0
19.013333  0.423599  0
19.040000  0.423285  0
19.066667  0.422971  0
19.093333  0.422657  0
19.120000  0.422343  0
19.146667  0.422029  0
19.173333  0.421715  0
19.200000  0.421401  0
19.226667  0.421087  0
19.253333  0.420773  0
19.280000  0.420459  0
19.306667  0.420145  0
19.333333  0.419831  0
19.360000  0.419517  0
19.386667  0.419203  0
19.413333  0.418889  0
19.440000  0.418575  0
19.466667  0.418261  0
19.493333  0.417947  0
19.520000  0.417728  0
19.546667  0.417661  0
19.573333  0.417595  0
19.600000  0.417529  0
19.626667  0.417463  0
19.653333  0.417397  0
19.680000  0.417331  0
19.706667  0.417265  0
19.733333  0.417198  0
19.760000  0.417132  0
19.786667  0.417066  0
19.813333  0.417000  0
19.840000  0.416934  0
19.866667  0.416868  0
19.893333  0.416802  0
19.920000  0.416736  0
19.946667  0.416669  0
19.973333  0.416603  0
20.000000  0.416537  0
20.026667  0.416471  0
20.053333  0.416405  0
20.080000  0.416339  0
20.106667  0.416273  0
20.133333  0.416207  0
20.160000  0.416140  0
20.186667  0.416074  0
20.213333  0.416008  0
20.240000  0.415942  0
20.266667  0.415876  0
20.293333  0.415810  0
20.320000  0.415744  0
20.346667  0.415677  0
20.373333  0.415611  0
20.400000  0.415545  0
20.426667  0.415479  0
20.453333  0.415413  0
20.480000  0.415347  0
20.506667  0.415281  0
20.533333  0.415215  0
20.560000  0.415148  0
20.586667  0.415082  0
20.613333  0.415016  0
20.640000  0.414950  0
20.666667  0.414884  0
20.693333  0.414818  0
20.720000  0.414752  0
20.746667  0.414686  0
20.773333  0.414619  0
20.800000  0.414553  0
20.826667  0.414487  0
20.853333  0.414421  0
20.880000  0.414355  0
20.906667  0.414289  0
20.933333  0.414223  0
20.960000  0.414156  0
20.986667  0.414090  0
21.013333  0.414024  0
21.040000  0.413958  0
21.066667  0.413892  0
21.093333  0.413826  0
21.120000  0.413760  0
21.146667  0.413694  0
21.173333  0.413627  0
21.200000  0.413561  0
21.226667  0.413495  0
21.253333  0.413429  0
21.280000  0.413363  0
21.306667  0.413297  0
21.333333  0.413231  0
21.360000  0.413165  0
21.386667  0.413098  0
21.413333  0.413032  0
21.440000  0.412966  0
21.466667  0.412900  0
21.493333  0.412834  0
21.520000  0.412768  0
21.546667  0.412702  0
21.573333  0.412635  0
21.600000  0.412569  0
21.626667  0.412503  0
21.653333  0.412437  0
21.680000  0.412371  0
21.706667  0.412305  0
21.733333  0.412239  0
21.760000  0.412173  0
21.786667  0.412106  0
21.813333  0.412040  0
21.840000  0.411974  0
21.866667  0.411908  0
21.893333  0.411842  0
21.920000  0.411776  0
21.946667  0.411710  0
21.973333  0.411644  0
22.000000  0.411577  0
22.026667  0.411511  0
22.053333  0.411445  0
22.080000  0.411379  0
22.106667  0.411313  0
22.133333  0.411247  0
22.160000  0.411181  0
22.186667  0.411114  0
