2.106667  0.717166  0
2.133333  0.715751  0
2.160000  0.714335  0
2.186667  0.712920  0
2.213333  0.711505  0
2.240000  0.710089  0
2.266667  0.708674  0
2.293333  0.707258  0
2.320000  0.705843  0
2.346667  0.704428  0
2.373333  0.703012  0
2.400000  0.701597  0
2.426667  0.700181  0
2.453333  0.698766  0
2.480000  0.697351  0
2.506667  0.695935  0
2.533333  0.694520  0
2.560000  0.693105  0
2.586667  0.691689  0
2.613333  0.690274  0
2.640000  0.688858  0
2.666667  0.687443  0
2.693333  0.686028  0
2.720000  0.684612  0
2.746667  0.683197  0
2.773333  0.681781  0
2.800000  0.680366  0
2.826667  0.678951  0
2.853333  0.677535  0
2.880000  0.676120  0
2.906667  0.674705  0
2.933333  0.673289  0
2.960000  0.671874  0
2.986667  0.670458  0
3.013333  0.669228  0
3.040000  0.668338  0
3.066667  0.667448  0
3.093333  0.666559  0
3.120000  0.665669  0
3.146667  0.664779  0
3.173333  0.663890  0
3.200000  0.663000  0
3.226667  0.662110  0
3.253333  0.661221  0
3.280000  0.660331  0
3.306667  0.659441  0
3.333333  0.658552  0
3.360000  0.657662  0
3.386667  0.656772  0
3.413333  0.655883  0
3.440000  0.654993  0
3.466667  0.654103  0
3.493333  0.653214  0
3.520000  0.652324  0
3.546667  0.651434  0
3.573333  0.650545  0
3.600000  0.649655  0
3.626667  0.648765  0
3.653333  0.647876  0
3.680000  0.646986  0
3.706667  0.646096  0
3.733333  0.645207  0
3.760000  0.644317  0
3.786667  0.643427  0
3.813333  0.642538  0
3.840000  0.641629  0
3.866667  0.640619  0
3.893333  0.639609  0
3.920000  0.638600  0
3.946667  0.637590  0
3.973333  0.636581  0
4.000000  0.635571  0
4.026667  0.634562  0
4.053333  0.633552  0
4.080000  0.632543  0
4.106667  0.631533  0
4.133333  0.630524  0
4.160000  0.629514  0
4.186667  0.628504  0
4.213333  0.627495  0
4.240000  0.626485  0
4.266667  0.625476  0
4.293333  0.624466  0
4.320000  0.623457  0
4.346667  0.622447  0
4.373333  0.621438  0
4.400000  0.620428  0
4.426667  0.619418  0
4.453333  0.618409  0
4.480000  0.617399  0
4.506667  0.616390  0
4.533333  0.615380  0
4.560000  0.614371  0
4.586667  0.613361  0
4.613333  0.612352  0
4.640000  0.611342  0
4.666667  0.610332  0
4.693333  0.609323  0
4.720000  0.608313  0
4.746667  0.607304  0
4.773333  0.606294  0
4.800000  0.605285  0
4.826667  0.604274  0
4.853333  0.603263  0
4.880000  0.602252  0
4.906667  0.601241  0
4.933333  0.600230  0
4.960000  0.599219  0
4.986667  0.598208  0
5.013333  0.597197  0
5.040000  0.596186  0
5.066667  0.595175  0
5.093333  0.594164  0
5.120000  0.593153  0
5.146667  0.592142  0
5.173333  0.591131  0
5.200000  0.590121  0
5.226667  0.589110  0
5.253333  0.588099  0
5.280000  0.587088  0
5.306667  0.586077  0
5.333333  0.585066  0
5.360000  0.584055  0
5.386667  0.583044  0
5.413333  0.582033  0
5.440000  0.581022  0
5.466667  0.580011  0
5.493333  0.579000  0
5.520000  0.577989  0
5.546667  0.576978  0
5.573333  0.575967  0
5.600000  0.574956  0
5.626667  0.573945  0
5.653333  0.572934  0
5.680000  0.571923  0
5.706667  0.570912  0
5.733333  0.569870  0
5.760000  0.568707  0
5.786667  0.567544  0
5.813333  0.566381  0
5.840000  0.565218  0
5.866667  0.564055  0
5.893333  0.562892  0
5.920000  0.561729  0
5.946667  0.560566  0
5.973333  0.559403  0
6.000000  0.558240  0
6.026667  0.557077  0
6.053333  0.555914  0
6.080000  0.554751  0
6.106667  0.553588  0
6.133333  0.552425  0
6.160000  0.551263  0
6.186667  0.550100  0
6.213333  0.548937  0
6.240000  0.547774  0
6.266667  0.546611  0
6.293333  0.545448  0
6.320000  0.544285  0
6.346667  0.543122  0
6.373333  0.541959  0
6.400000  0.540796  0
6.426667  0.539633  0
6.453333  0.538470  0
6.480000  0.537307  0
6.506667  0.536144  0
6.533333  0.534981  0
6.560000  0.533818  0
6.586667  0.532655  0
6.613333  0.531492  0
6.640000  0.530329  0
6.666667  0.529166  0
6.693333  0.528003  0
6.720000  0.526840  0
6.746667  0.525677  0
6.773333  0.524514  0
6.800000  0.523427  0
6.826667  0.522439  0
6.853333  0.521450  0
6.880000  0.520462  0
6.906667  0.519473  0
6.933333  0.518484  0
6.960000  0.517496  0
6.986667  0.516507  0
7.013333  0.515519  0
7.040000  0.514530  0
7.066667  0.513542  0
7.093333  0.512553  0
7.120000  0.511565  0
7.146667  0.510576  0
7.173333  0.509588  0
7.200000  0.508599  0
7.226667  0.507611  0
7.253333  0.506622  0
7.280000  0.505634  0
7.306667  0.504645  0
7.333333  0.503657  0
7.360000  0.502668  0
7.386667  0.501680  0
7.413333  0.500691  0
7.440000  0.499703  0
7.466667  0.498714  0
7.493333  0.497726  0
7.520000  0.496737  0
7.546667  0.495748  0
7.573333  0.494760  0
7.600000  0.493771  0
7.626667  0.492783  0
7.653333  0.491794  0
7.680000  0.490806  0
7.706667  0.489817  0
7.733333  0.488829  0
7.760000  0.487840  0
7.786667  0.486852  0
7.813333  0.485863  0
7.840000  0.484875  0
7.866667  0.483886  0
7.893333  0.482898  0
7.920000  0.481909  0
7.946667  0.480921  0
7.973333  0.479932  0
8.000000  0.478944  0
8.026667  0.477955  0
8.053333  0.476967  0
8.080000  0.475978  0
8.106667  0.474990  0
8.133333  0.474001  0
8.160000  0.473012  0
8.186667  0.472276  0
8.213333  0.471546  0
8.240000  0.470817  0
8.266667  0.470088  0
8.293333  0.469359  0
8.320000  0.468629  0
8.346667  0.467900  0
8.373333  0.467171  0
8.400000  0.466442  0
8.426667  0.465712  0
8.453333  0.464983  0
8.480000  0.464254  0
8.506667  0.463525  0
8.533333  0.462795  0
8.560000  0.462066  0
8.586667  0.461337  0
8.613333  0.460608  0
8.640000  0.459878  0
8.666667  0.459149  0
8.693333  0.458420  0
8.720000  0.457691  0
8.746667  0.456962  0
8.773333  0.456232  0
8.800000  0.455503  0
8.826667  0.454774  0
8.853333  0.454045  0
8.880000  0.453315  0
8.906667  0.452586  0
8.933333  0.451857  0
8.960000  0.451128  0
8.986667  0.450398  0
9.013333  0.449669  0
9.040000  0.448940  0
9.066667  0.448211  0
9.093333  0.447481  0
9.120000  0.446752  0
9.146667  0.446023  0
9.173333  0.445294  0
9.200000  0.444564  0
9.226667  0.443835  0
9.253333  0.443106  0
9.280000  0.442377  0
9.306667  0.441648  0
9.333333  0.440918  0
9.360000  0.440189  0
9.386667  0.439460  0
9.413333  0.438731  0
9.440000  0.438161  0
9.466667  0.437827  0
9.493333  0.437493  0
9.520000  0.437159  0
9.546667  0.436825  0
9.573333  0.436491  0
9.600000  0.436156  0
9.626667  0.435822  0
9.653333  0.435488  0
9.680000  0.435154  0
9.706667  0.434820  0
9.733333  0.434486  0
9.760000  0.434151  0
9.786667  0.433817  0
9.813333  0.433483  0
9.840000  0.433149  0
9.866667  0.432815  0
9.893333  0.432481  0
9.920000  0.432147  0
9.946667  0.431812  0
9.973333  0.431478  0
10.000000  0.431144  0
10.026667  0.430810  0
10.053333  0.430476  0
10.080000  0.430142  0
10.106667  0.429808  0
10.133333  0.429473  0
10.160000  0.429139  0
10.186667  0.428805  0
10.213333  0.428471  0
10.240000  0.428137  0
10.266667  0.427803  0
10.293333  0.427469  0
10.320000  0.427134  0
10.346667  0.426800  0
10.373333  0.426466  0
10.400000  0.426132  0
10.426667  0.425798  0
10.453333  0.425464  0
10.480000  0.425129  0
10.506667  0.424795  0
10.533333  0.424461  0
10.560000  0.424127  0
10.586667  0.423793  0
10.613333  0.423459  0
10.640000  0.423125  0
10.666667  0.422790  0
10.693333  0.422456  0
10.720000  0.422122  0
10.746667  0.421788  0
10.773333  0.421454  0
10.800000  0.421120  0
10.826667  0.420786  0
10.853333  0.420451  0
10.880000  0.420117  0
10.906667  0.419792  0
10.933333  0.419678  0
10.960000  0.419564  0
10.986667  0.419450  0
11.013333  0.419336  0
11.040000  0.419222  0
11.066667  0.419108  0
11.093333  0.418994  0
11.120000  0.418880  0
11.146667  0.418766  0
11.173333  0.418652  0
11.200000  0.418538  0
11.226667  0.418424  0
11.253333  0.418309  0
11.280000  0.418195  0
11.306667  0.418081  0
11.333333  0.417967  0
11.360000  0.417853  0
11.386667  0.417739  0
11.413333  0.417625  0
11.440000  0.417511  0
11.466667  0.417397  0
11.493333  0.417283  0
11.520000  0.417169  0
11.546667  0.417055  0
11.573333  0.416941  0
11.600000  0.416827  0
11.626667  0.416713  0
11.653333  0.416599  0
11.680000  0.416485  0
11.706667  0.416370  0
11.733333  0.416256  0
11.760000  0.416142  0
11.786667  0.416028  0
11.813333  0.415914  0
11.840000  0.415800  0
11.866667  0.415686  0
11.893333  0.415572  0
11.920000  0.415458  0
11.946667  0.415344  0
11.973333  0.415230  0
12.000000  0.415116  0
12.026667  0.415002  0
12.053333  0.414888  0
12.080000  0.414774  0
12.106667  0.414660  0
12.133333  0.414545  0
12.160000  0.414431  0
12.186667  0.414317  0
12.213333  0.414203  0
12.240000  0.414089  0
12.266667  0.413975  0
12.293333  0.413861  0
12.320000  0.413747  0
12.346667  0.413633  0
12.373333  0.413519  0
12.400000  0.413405  0
12.426667  0.413291  0
12.453333  0.413177  0
12.480000  0.413063  0
12.506667  0.412949  0
12.533333  0.412835  0
12.560000  0.412721  0
12.586667  0.412606  0
12.613333  0.412492  0
12.640000  0.412378  0
12.666667  0.412264  0
12.693333  0.412150  0
12.720000  0.412036  0
12.746667  0.411922  0
12.773333  0.411808  0
12.800000  0.411694  0
12.826667  0.411580  0
12.853333  0.411466  0
12.880000  0.411352  0
12.906667  0.411238  0
12.933333  0.411124  0
12.960000  0.411010  0
12.986667  0.410896  0
13.013333  0.410782  0
13.040000  0.410667  0
13.066667  0.410553  0
13.093333  0.410439  0
13.120000  0.410325  0
13.146667  0.410211  0
13.173333  0.410097  0
13.200000  0.409983  0
13.226667  0.409869  0
13.253333  0.409755  0
13.280000  0.409641  0
13.306667  0.409527  0
13.333333  0.409413  0
13.360000  0.409299  0
13.386667  0.409185  0
13.413333  0.409071  0
13.440000  0.408957  0
13.466667  0.408842  0
13.493333  0.408728  0
13.520000  0.408614  0
13.546667  0.408500  0
13.573333  0.408386  0
13.600000  0.408272  0
13.626667  0.408195  0
13.653333  0.408135  0
13.680000  0.408076  0
13.706667  0.408016  0
13.733333  0.407957  0
13.760000  0.407897  0
13.786667  0.407837  0
13.813333  0.407778  0
13.840000  0.407718  0
13.866667  0.407659  0
13.893333  0.407599  0
13.920000  0.407540  0
13.946667  0.407480  0
13.973333  0.407421  0
14.000000  0.407361  0
14.026667  0.407302  0
14.053333  0.407242  0
14.080000  0.407182  0
14.106667  0.407123  0
14.133333  0.407063  0
14.160000  0.407004  0
14.186667  0.406944  0
14.213333  0.406885  0
14.240000  0.406825  0
14.266667  0.406766  0
14.293333  0.406706  0
14.320000  0.406646  0
14.346667  0.406587  0
14.373333  0.406527  0
14.400000  0.406468  0
14.426667  0.406408  0
14.453333  0.406349  0
14.480000  0.406289  0
14.506667  0.406230  0
14.533333  0.406170  0
14.560000  0.406111  0
14.586667  0.406051  0
14.613333  0.405991  0
14.640000  0.405932  0
14.666667  0.405872  0
14.693333  0.405813  0
14.720000  0.405753  0
14.746667  0.405694  0
14.773333  0.405634  0
14.800000  0.405575  0
14.826667  0.405515  0
14.853333  0.405456  0
14.880000  0.405396  0
14.906667  0.405336  0
14.933333  0.405277  0
14.960000  0.405217  0
14.986667  0.405158  0
15.013333  0.405098  0
15.040000  0.405039  0
15.066667  0.404979  0
15.093333  0.404920  0
15.120000  0.404860  0
15.146667  0.404800  0
15.173333  0.404741  0
15.200000  0.404681  0
15.226667  0.404622  0
15.253333  0.404562  0
15.280000  0.404503  0
15.306667  0.404443  0
15.333333  0.404384  0
15.360000  0.404324  0
15.386667  0.404265  0
15.413333  0.404205  0
15.440000  0.404145  0
15.466667  0.404086  0
15.493333  0.404026  0
15.520000  0.403967  0
15.546667  0.403907  0
15.573333  0.403848  0
15.600000  0.403788  0
15.626667  0.403729  0
15.653333  0.403669  0
15.680000  0.403609  0
15.706667  0.403550  0
15.733333  0.403490  0
15.760000  0.403431  0
15.786667  0.403371  0
15.813333  0.403312  0
15.840000  0.403252  0
15.866667  0.403193  0
15.893333  0.403133  0
15.920000  0.403074  0
15.946667  0.403014  0
15.973333  0.402954  0
16.000000  0.402895  0
16.026667  0.402835  0
16.053333  0.402776  0
16.080000  0.402716  0
16.106667  0.402657  0
16.133333  0.402597  0
16.160000  0.402538  0
16.186667  0.402478  0
16.213333  0.402418  0
16.240000  0.402359  0
16.266667  0.402299  0
16.293333  0.402240  0
16.320000  0.402180  0
16.346667  0.402121  0
16.373333  0.402061  0
16.400000  0.402002  0
16.426667  0.401942  0
16.453333  0.401883  0
16.480000  0.401823  0
16.506667  0.401763  0
16.533333  0.401704  0
16.560000  0.401644  0
16.586667  0.401585  0
16.613333  0.401525  0
16.640000  0.401466  0
16.666667  0.401406  0
16.693333  0.401347  0
16.720000  0.401287  0
16.746667  0.401227  0
16.773333  0.401168  0
16.800000  0.401108  0
16.826667  0.401049  0
16.853333  0.400989  0
16.880000  0.400930  0
16.906667  0.400870  0
16.933333  0.400811  0
16.960000  0.400751  0
16.986667  0.400692  0
17.013333  0.400632  0
17.040000  0.400572  0
17.066667  0.400513  0
17.093333  0.400453  0
17.120000  0.400394  0
17.146667  0.400334  0
17.173333  0.400275  0
17.200000  0.400215  0
17.226667  0.400156  0
17.253333  0.400096  0
17.280000  0.400037  0
17.306667  0.399977  0
17.333333  0.399917  0
17.360000  0.399858  0
17.386667  0.399798  0
17.413333  0.399739  0
17.440000  0.399679  0
17.466667  0.399620  0
17.493333  0.399560  0
17.520000  0.399501  0
17.546667  0.399441  0
17.573333  0.399381  0
17.600000  0.399322  0
17.626667  0.399262  0
17.653333  0.399203  0
17.680000  0.399143  0
17.706667  0.399084  0
17.733333  0.399024  0
17.760000  0.398965  0
17.786667  0.398905  0
17.813333  0.398846  0
17.840000  0.398786  0
17.866667  0.398726  0
17.893333  0.398667  0
17.920000  0.398607  0
17.946667  0.398548  0
17.973333  0.398488  0
18.000000  0.398429  0
18.026667  0.398369  0
18.053333  0.398310  0
18.080000  0.398250  0
18.106667  0.398190  0
18.133333  0.398131  0
18.160000  0.398071  0
18.186667  0.398012  0
18.213333  0.397952  0
18.240000  0.397893  0
18.266667  0.397833  0
18.293333  0.397774  0
18.320000  0.397714  0
18.346667  0.397655  0
18.373333  0.397595  0
18.400000  0.397535  0
18.426667  0.397476  0
18.453333  0.397416  0
18.480000  0.397357  0
18.506667  0.397297  0
18.533333  0.397238  0
18.560000  0.397178  0
18.586667  0.397119  0
18.613333  0.397059  0
18.640000  0.396999  0
18.666667  0.396940  0
18.693333  0.396880  0
18.720000  0.396821  0
18.746667  0.396761  0
18.773333  0.396702  0
18.800000  0.396627  0
18.826667  0.396539  0
18.853333  0.396451  0
18.880000  0.396362  0
18.906667  0.396274  0
18.933333  0.396186  0
18.960000  0.396097  0
18.986667  0.396009  0
19.013333  0.395920  0
19.040000  0.395832  0
19.066667  0.395744  0
19.093333  0.395655  0
19.120000  0.395567  0
19.146667  0.395479  0
19.173333  0.395390  0
19.200000  0.395302  0
19.226667  0.395213  0
19.253333  0.395125  0
19.280000  0.395037  0
19.306667  0.394948  0
19.333333  0.394860  0
19.360000  0.394771  0
19.386667  0.394683  0
19.413333  0.394595  0
19.440000  0.394506  0
19.466667  0.394418  0
19.493333  0.394330  0
19.520000  0.394241  0
19.546667  0.394153  0
19.573333  0.394064  0
19.600000  0.393976  0
19.626667  0.393888  0
19.653333  0.393799  0
19.680000  0.393711  0
19.706667  0.393623  0
19.733333  0.393534  0
19.760000  0.393446  0
19.786667  0.393357  0
19.813333  0.393269  0
19.840000  0.393181  0
19.866667  0.393092  0
19.893333  0.393004  0
19.920000  0.392916  0
19.946667  0.392827  0
19.973333  0.392739  0
20.000000  0.392650  0
20.026667  0.392562  0
20.053333  0.392474  0
20.080000  0.392385  0
20.106667  0.392297  0
20.133333  0.392209  0
20.160000  0.392120  0
20.186667  0.392032  0
20.213333  0.391943  0
20.240000  0.391855  0
20.266667  0.391767  0
20.293333  0.391678  0
20.320000  0.391590  0
20.346667  0.391502  0
20.373333  0.391413  0
20.400000  0.391325  0
20.426667  0.391236  0
20.453333  0.391148  0
20.480000  0.391060  0
20.506667  0.390971  0
20.533333  0.390883  0
20.560000  0.390794  0
20.586667  0.390706  0
20.613333  0.390618  0
20.640000  0.390529  0
20.666667  0.390441  0
20.693333  0.390353  0
20.720000  0.390264  0
20.746667  0.390176  0
20.773333  0.390087  0
20.800000  0.389999  0
20.826667  0.389911  0
20.853333  0.389822  0
20.880000  0.389734  0
20.906667  0.389646  0
20.933333  0.389557  0
20.960000  0.389469  0
20.986667  0.389380  0
21.013333  0.389292  0
21.040000  0.389204  0
21.066667  0.389115  0
21.093333  0.389027  0
21.120000  0.388939  0
21.146667  0.388850  0
21.173333  0.388762  0
21.200000  0.388673  0
21.226667  0.388585  0
21.253333  0.388497  0
21.280000  0.388408  0
21.306667  0.388320  0
21.333333  0.388232  0
21.360000  0.388143  0
21.386667  0.388055  0
21.413333  0.387966  0
21.440000  0.387878  0
21.466667  0.387790  0
21.493333  0.387701  0
21.520000  0.387613  0
21.546667  0.387525  0
21.573333  0.387436  0
21.600000  0.387348  0
21.626667  0.387259  0
21.653333  0.387171  0
21.680000  0.387083  0
21.706667  0.386994  0
21.733333  0.386906  0
21.760000  0.386817  0
21.786667  0.386729  0
21.813333  0.386641  0
21.840000  0.386552  0
21.866667  0.386464  0
21.893333  0.386376  0
21.920000  0.386287  0
21.946667  0.386199  0
21.973333  0.386110  0
22.000000  0.386022  0
22.026667  0.385934  0
22.053333  0.385845  0
22.080000  0.385757  0
22.106667  0.385669  0
22.133333  0.385580  0
22.160000  0.385492  0
22.186667  0.385403  0
22.213333  0.385315  0
22.240000  0.385227  0
22.266667  0.385138  0
22.293333  0.385050  0
22.320000  0.384962  0
22.346667  0.384873  0
22.373333  0.384785  0
22.400000  0.384696  0
22.426667  0.384608  0
22.453333  0.384520  0
22.480000  0.384431  0
22.506667  0.384343  0
22.533333  0.384255  0
22.560000  0.384166  0
22.586667  0.384078  0
22.613333  0.383989  0
22.640000  0.383901  0
22.666667  0.383813  0
22.693333  0.383724  0
22.720000  0.383636  0
22.746667  0.383548  0
22.773333  0.383459  0
22.800000  0.383371  0
22.826667  0.383282  0
22.853333  0.383194  0
22.880000  0.383106  0
22.906667  0.383017  0
22.933333  0.382929  0
22.960000  0.382840  0
22.986667  0.382752  0
23.013333  0.382664  0
23.040000  0.382575  0
23.066667  0.382487  0
23.093333  0.382399  0
23.120000  0.382310  0
23.146667  0.382222  0
23.173333  0.382133  0
23.200000  0.382045  0
23.226667  0.381957  0
23.253333  0.381868  0
23.280000  0.381780  0
23.306667  0.381692  0
23.333333  0.381603  0
23.360000  0.381515  0
23.386667  0.381426  0
23.413333  0.381338  0
23.440000  0.381250  0
23.466667  0.381161  0
23.493333  0.381073  0
23.520000  0.380985  0
23.546667  0.380896  0
23.573333  0.380808  0
23.600000  0.380719  0
23.626667  0.380631  0
23.653333  0.380543  0
23.680000  0.380454  0
23.706667  0.380366  0
23.733333  0.380278  0
23.760000  0.380189  0
23.786667  0.380101  0
23.813333  0.380012  0
23.840000  0.379924  0
23.866667  0.379836  0
23.893333  0.379747  0
23.920000  0.379659  0
23.946667  0.379571  0
23.973333  0.379482  0
24.000000  0.379394  0
24.026667  0.379305  0
24.053333  0.379217  0
24.080000  0.379129  0
24.106667  0.379040  0
24.133333  0.378952  0
24.160000  0.378863  0
24.186667  0.378775  0
24.213333  0.378687  0
24.240000  0.378598  0
24.266667  0.378510  0
24.293333  0.378422  0
24.320000  0.378333  0
24.346667  0.378245  0
24.373333  0.378156  0
24.400000  0.378068  0
24.426667  0.377980  0
24.453333  0.377891  0
24.480000  0.377803  0
24.506667  0.377715  0
24.533333  0.377626  0
24.560000  0.377538  0
24.586667  0.377449  0
24.613333  0.377361  0
24.640000  0.377273  0
24.666667  0.377184  0
24.693333  0.377096  0
24.720000  0.377008  0
24.746667  0.376919  0
24.773333  0.376831  0
24.800000  0.376742  0
24.826667  0.376654  0
24.853333  0.376566  0
24.880000  0.376477  0
24.906667  0.376389  0
24.933333  0.376301  0
24.960000  0.376212  0
24.986667  0.376124  0
25.013333  0.376035  0
25.040000  0.375947  0
