2.373333  0.740550  0
2.400000  0.739261  0
2.426667  0.737971  0
2.453333  0.736682  0
2.480000  0.735393  0
2.506667  0.734103  0
2.533333  0.732814  0
2.560000  0.731525  0
2.586667  0.730235  0
2.613333  0.728946  0
2.640000  0.727656  0
2.666667  0.726367  0
2.693333  0.725078  0
2.720000  0.723788  0
2.746667  0.722499  0
2.773333  0.721210  0
2.800000  0.719920  0
2.826667  0.718631  0
2.853333  0.717341  0
2.880000  0.716052  0
2.906667  0.714763  0
2.933333  0.713473  0
2.960000  0.712184  0
2.986667  0.710895  0
3.013333  0.709605  0
3.040000  0.708316  0
3.066667  0.707026  0
3.093333  0.705737  0
3.120000  0.704448  0
3.146667  0.703158  0
3.173333  0.701869  0
3.200000  0.700580  0
3.226667  0.699290  0
3.253333  0.698001  0
3.280000  0.696711  0
3.306667  0.695422  0
3.333333  0.694085  0
3.360000  0.692722  0
3.386667  0.691360  0
3.413333  0.689997  0
3.440000  0.688634  0
3.466667  0.687272  0
3.493333  0.685909  0
3.520000  0.684547  0
3.546667  0.683184  0
3.573333  0.681822  0
3.600000  0.680459  0
3.626667  0.679097  0
3.653333  0.677734  0
3.680000  0.676371  0
3.706667  0.675009  0
3.733333  0.673646  0
3.760000  0.672284  0
3.786667  0.670921  0
3.813333  0.669559  0
3.840000  0.668196  0
3.866667  0.666834  0
3.893333  0.665471  0
3.920000  0.664108  0
3.946667  0.662746  0
3.973333  0.661383  0
4.000000  0.660021  0
4.026667  0.658658  0
4.053333  0.657296  0
4.080000  0.655933  0
4.106667  0.654699  0
4.133333  0.653497  0
4.160000  0.652295  0
4.186667  0.651093  0
4.213333  0.649890  0
4.240000  0.648688  0
4.266667  0.647486  0
4.293333  0.646284  0
4.320000  0.645081  0
4.346667  0.643879  0
4.373333  0.642677  0
4.400000  0.641475  0
4.426667  0.640272  0
4.453333  0.639070  0
4.480000  0.637868  0
4.506667  0.636666  0
4.533333  0.635463  0
4.560000  0.634261  0
4.586667  0.633059  0
4.613333  0.631856  0
4.640000  0.630654  0
4.666667  0.629452  0
4.693333  0.628250  0
4.720000  0.627047  0
4.746667  0.625845  0
4.773333  0.624643  0
4.800000  0.623441  0
4.826667  0.622238  0
4.853333  0.621036  0
4.880000  0.620037  0
4.906667  0.619049  0
4.933333  0.618060  0
4.960000  0.617072  0
4.986667  0.616083  0
5.013333  0.615095  0
5.040000  0.614106  0
5.066667  0.613118  0
5.093333  0.612129  0
5.120000  0.611141  0
5.146667  0.610152  0
5.173333  0.609164  0
5.200000  0.608175  0
5.226667  0.607187  0
5.253333  0.606198  0
5.280000  0.605210  0
5.306667  0.604221  0
5.333333  0.603233  0
5.360000  0.602244  0
5.386667  0.601256  0
5.413333  0.600267  0
5.440000  0.599279  0
5.466667  0.598290  0
5.493333  0.597301  0
5.520000  0.596313  0
5.546667  0.595388  0
5.573333  0.594691  0
5.600000  0.593993  0
5.626667  0.593295  0
5.653333  0.592597  0
5.680000  0.591900  0
5.706667  0.591202  0
5.733333  0.590504  0
5.760000  0.589806  0
5.786667  0.589108  0
5.813333  0.588411  0
5.840000  0.587713  0
5.866667  0.587015  0
5.893333  0.586317  0
5.920000  0.585620  0
5.946667  0.584922  0
5.973333  0.584224  0
6.000000  0.583526  0
6.026667  0.582828  0
6.053333  0.582131  0
6.080000  0.581433  0
6.106667  0.580735  0
6.133333  0.580037  0
6.160000  0.579340  0
6.186667  0.578642  0
6.213333  0.577944  0
6.240000  0.577246  0
6.266667  0.576852  0
6.293333  0.576582  0
6.320000  0.576312  0
6.346667  0.576043  0
6.373333  0.575773  0
6.400000  0.575504  0
6.426667  0.575234  0
6.453333  0.574965  0
6.480000  0.574695  0
6.506667  0.574425  0
6.533333  0.574156  0
6.560000  0.573886  0
6.586667  0.573617  0
6.613333  0.573347  0
6.640000  0.573077  0
6.666667  0.572808  0
6.693333  0.572538  0
6.720000  0.572213  0
6.746667  0.571842  0
6.773333  0.571471  0
6.800000  0.571100  0
6.826667  0.570730  0
6.853333  0.570359  0
6.880000  0.569988  0
6.906667  0.569618  0
6.933333  0.569247  0
6.960000  0.568876  0
6.986667  0.568506  0
7.013333  0.568135  0
7.040000  0.567764  0
7.066667  0.567394  0
7.093333  0.567023  0
7.120000  0.566652  0
7.146667  0.566281  0
7.173333  0.565911  0
7.200000  0.565540  0
7.226667  0.564703  0
7.253333  0.563776  0
7.280000  0.562849  0
7.306667  0.561922  0
7.333333  0.560996  0
7.360000  0.560069  0
7.386667  0.559142  0
7.413333  0.558215  0
7.440000  0.557289  0
7.466667  0.556362  0
7.493333  0.555435  0
7.520000  0.554509  0
7.546667  0.553582  0
7.573333  0.552655  0
7.600000  0.551728  0
7.626667  0.550802  0
7.653333  0.549875  0
7.680000  0.548948  0
7.706667  0.548021  0
7.733333  0.547095  0
7.760000  0.546168  0
7.786667  0.545241  0
7.813333  0.544314  0
7.840000  0.543388  0
7.866667  0.542461  0
7.893333  0.541629  0
7.920000  0.540810  0
7.946667  0.539990  0
7.973333  0.539171  0
8.000000  0.538352  0
8.026667  0.537532  0
8.053333  0.536713  0
8.080000  0.535893  0
8.106667  0.535074  0
8.133333  0.534254  0
8.160000  0.533435  0
8.186667  0.532616  0
8.213333  0.531796  0
8.240000  0.530977  0
8.266667  0.530157  0
8.293333  0.529338  0
8.320000  0.528518  0
8.346667  0.527699  0
8.373333  0.526880  0
8.400000  0.526060  0
8.426667  0.525241  0
8.453333  0.524421  0
8.480000  0.523602  0
8.506667  0.522782  0
8.533333  0.521963  0
8.560000  0.521144  0
8.586667  0.520324  0
8.613333  0.519505  0
8.640000  0.518685  0
8.666667  0.517866  0
8.693333  0.517046  0
8.720000  0.516227  0
8.746667  0.515408  0
8.773333  0.514588  0
8.800000  0.513769  0
8.826667  0.512949  0
8.853333  0.512130  0
8.880000  0.511310  0
8.906667  0.510491  0
8.933333  0.509671  0
8.960000  0.508852  0
8.986667  0.508033  0
9.013333  0.507213  0
9.040000  0.506394  0
9.066667  0.505574  0
9.093333  0.504755  0
9.120000  0.503935  0
9.146667  0.503116  0
9.173333  0.502297  0
9.200000  0.501477  0
9.226667  0.500658  0
9.253333  0.499838  0
9.280000  0.499019  0
9.306667  0.498199  0
9.333333  0.497380  0
9.360000  0.496561  0
9.386667  0.495741  0
9.413333  0.494922  0
9.440000  0.494102  0
9.466667  0.493515  0
9.493333  0.493066  0
9.520000  0.492617  0
9.546667  0.492169  0
9.573333  0.491720  0
9.600000  0.491272  0
9.626667  0.490823  0
9.653333  0.490375  0
9.680000  0.489926  0
9.706667  0.489477  0
9.733333  0.489029  0
9.760000  0.488580  0
9.786667  0.488132  0
9.813333  0.487683  0
9.840000  0.487235  0
9.866667  0.486786  0
9.893333  0.486337  0
9.920000  0.485889  0
9.946667  0.485440  0
9.973333  0.484992  0
10.000000  0.484543  0
10.026667  0.484095  0
10.053333  0.483646  0
10.080000  0.483197  0
10.106667  0.482749  0
10.133333  0.482300  0
10.160000  0.481852  0
10.186667  0.481403  0
10.213333  0.480955  0
10.240000  0.480506  0
10.266667  0.480057  0
10.293333  0.479609  0
10.320000  0.479160  0
10.346667  0.478712  0
10.373333  0.478263  0
10.400000  0.477815  0
10.426667  0.477366  0
10.453333  0.476917  0
10.480000  0.476469  0
10.506667  0.476020  0
10.533333  0.475572  0
10.560000  0.475123  0
10.586667  0.474675  0
10.613333  0.474226  0
10.640000  0.473777  0
10.666667  0.473329  0
10.693333  0.472880  0
10.720000  0.472432  0
10.746667  0.471983  0
10.773333  0.471535  0
10.800000  0.471086  0
10.826667  0.470637  0
10.853333  0.470189  0
10.880000  0.469740  0
10.906667  0.469292  0
10.933333  0.468843  0
10.960000  0.468395  0
10.986667  0.467946  0
11.013333  0.467497  0
11.040000  0.467049  0
11.066667  0.466600  0
11.093333  0.466152  0
11.120000  0.465703  0
11.146667  0.465255  0
11.173333  0.464806  0
11.200000  0.464357  0
11.226667  0.463909  0
11.253333  0.463460  0
11.280000  0.463012  0
11.306667  0.462563  0
11.333333  0.462114  0
11.360000  0.461666  0
11.386667  0.461217  0
11.413333  0.460769  0
11.440000  0.460320  0
11.466667  0.459872  0
11.493333  0.459423  0
11.520000  0.458974  0
11.546667  0.458526  0
11.573333  0.458077  0
11.600000  0.457629  0
11.626667  0.457180  0
11.653333  0.456732  0
11.680000  0.456283  0
11.706667  0.455834  0
11.733333  0.455386  0
11.760000  0.454937  0
11.786667  0.454489  0
11.813333  0.454040  0
11.840000  0.453592  0
11.866667  0.453143  0
11.893333  0.452694  0
11.920000  0.452246  0
11.946667  0.451687  0
11.973333  0.451106  0
12.000000  0.450525  0
12.026667  0.449944  0
12.053333  0.449364  0
12.080000  0.448783  0
12.106667  0.448202  0
12.133333  0.447621  0
12.160000  0.447040  0
12.186667  0.446459  0
12.213333  0.445878  0
12.240000  0.445297  0
12.266667  0.444716  0
12.293333  0.444136  0
12.320000  0.443555  0
12.346667  0.442974  0
12.373333  0.442393  0
12.400000  0.441812  0
12.426667  0.441231  0
12.453333  0.440650  0
12.480000  0.440069  0
12.506667  0.439488  0
12.533333  0.438908  0
12.560000  0.438327  0
12.586667  0.437746  0
12.613333  0.437165  0
12.640000  0.436584  0
12.666667  0.436003  0
12.693333  0.435422  0
12.720000  0.434841  0
12.746667  0.434261  0
12.773333  0.433680  0
12.800000  0.433099  0
12.826667  0.432518  0
12.853333  0.431937  0
12.880000  0.431356  0
12.906667  0.430775  0
12.933333  0.430194  0
12.960000  0.429613  0
12.986667  0.429033  0
13.013333  0.428452  0
13.040000  0.427871  0
13.066667  0.427290  0
13.093333  0.426709  0
13.120000  0.426128  0
13.146667  0.425547  0
13.173333  0.424966  0
13.200000  0.424385  0
13.226667  0.423805  0
13.253333  0.423224  0
13.280000  0.422643  0
13.306667  0.422062  0
13.333333  0.421481  0
13.360000  0.420900  0
13.386667  0.420319  0
13.413333  0.419738  0
13.440000  0.419158  0
13.466667  0.418577  0
13.493333  0.417996  0
13.520000  0.417415  0
13.546667  0.416834  0
13.573333  0.416253  0
13.600000  0.415672  0
13.626667  0.415091  0
13.653333  0.414510  0
13.680000  0.413930  0
13.706667  0.413349  0
13.733333  0.412768  0
13.760000  0.412187  0
13.786667  0.411606  0
13.813333  0.411025  0
13.840000  0.410444  0
13.866667  0.409863  0
13.893333  0.409283  0
13.920000  0.408702  0
13.946667  0.408220  0
13.973333  0.408143  0
14.000000  0.408067  0
14.026667  0.407991  0
14.053333  0.407914  0
14.080000  0.407838  0
14.106667  0.407761  0
14.133333  0.407685  0
14.160000  0.407608  0
14.186667  0.407532  0
14.213333  0.407456  0
14.240000  0.407379  0
14.266667  0.407303  0
14.293333  0.407226  0
14.320000  0.407150  0
14.346667  0.407073  0
14.373333  0.406997  0
14.400000  0.406920  0
14.426667  0.406844  0
14.453333  0.406768  0
14.480000  0.406691  0
14.506667  0.406615  0
14.533333  0.406538  0
14.560000  0.406462  0
14.586667  0.406385  0
14.613333  0.406309  0
14.640000  0.406233  0
14.666667  0.406156  0
14.693333  0.406080  0
14.720000  0.406003  0
14.746667  0.405927  0
14.773333  0.405850  0
14.800000  0.405774  0
14.826667  0.405698  0
14.853333  0.405621  0
14.880000  0.405545  0
14.906667  0.405468  0
14.933333  0.405392  0
14.960000  0.405315  0
14.986667  0.405239  0
15.013333  0.405163  0
15.040000  0.405086  0
15.066667  0.405010  0
15.093333  0.404933  0
15.120000  0.404857  0
15.146667  0.404780  0
15.173333  0.404704  0
15.200000  0.404628  0
15.226667  0.404551  0
15.253333  0.404475  0
15.280000  0.404398  0
15.306667  0.404322  0
15.333333  0.404245  0
15.360000  0.404169  0
15.386667  0.404092  0
15.413333  0.404016  0
15.440000  0.403940  0
15.466667  0.403863  0
15.493333  0.403787  0
15.520000  0.403710  0
15.546667  0.403634  0
15.573333  0.403557  0
15.600000  0.403481  0
15.626667  0.403405  0
15.653333  0.403328  0
15.680000  0.403252  0
15.706667  0.403175  0
15.733333  0.403099  0
15.760000  0.403022  0
15.786667  0.402946  0
15.813333  0.402870  0
15.840000  0.402793  0
15.866667  0.402717  0
15.893333  0.402640  0
15.920000  0.402564  0
15.946667  0.402487  0
15.973333  0.402411  0
16.000000  0.402335  0
16.026667  0.402258  0
16.053333  0.402182  0
16.080000  0.402105  0
16.106667  0.402029  0
16.133333  0.401952  0
16.160000  0.401876  0
16.186667  0.401800  0
16.213333  0.401723  0
16.240000  0.401647  0
16.266667  0.401570  0
16.293333  0.401494  0
16.320000  0.401417  0
16.346667  0.401341  0
16.373333  0.401265  0
16.400000  0.401188  0
16.426667  0.401112  0
16.453333  0.401035  0
16.480000  0.400959  0
16.506667  0.400882  0
16.533333  0.400806  0
16.560000  0.400729  0
16.586667  0.400653  0
16.613333  0.400577  0
16.640000  0.400500  0
16.666667  0.400424  0
16.693333  0.400347  0
16.720000  0.400271  0
16.746667  0.400194  0
16.773333  0.400118  0
16.800000  0.400042  0
16.826667  0.399965  0
16.853333  0.399889  0
16.880000  0.399812  0
16.906667  0.399736  0
16.933333  0.399659  0
16.960000  0.399583  0
16.986667  0.399507  0
17.013333  0.399430  0
17.040000  0.399354  0
17.066667  0.399277  0
17.093333  0.399201  0
17.120000  0.399124  0
17.146667  0.399048  0
17.173333  0.398972  0
17.200000  0.398895  0
17.226667  0.398819  0
17.253333  0.398742  0
17.280000  0.398666  0
17.306667  0.398589  0
17.333333  0.398513  0
17.360000  0.398437  0
17.386667  0.398360  0
17.413333  0.398284  0
17.440000  0.398207  0
17.466667  0.398131  0
17.493333  0.398054  0
17.520000  0.397978  0
17.546667  0.397901  0
17.573333  0.397825  0
17.600000  0.397749  0
17.626667  0.397672  0
17.653333  0.397596  0
17.680000  0.397519  0
17.706667  0.397443  0
17.733333  0.397366  0
17.760000  0.397290  0
17.786667  0.397214  0
17.813333  0.397137  0
17.840000  0.397061  0
17.866667  0.396984  0
17.893333  0.396908  0
17.920000  0.396831  0
17.946667  0.396755  0
17.973333  0.396679  0
18.000000  0.396477  0
18.026667  0.396265  0
18.053333  0.396054  0
18.080000  0.395842  0
18.106667  0.395630  0
18.133333  0.395418  0
18.160000  0.395206  0
18.186667  0.394994  0
18.213333  0.394783  0
18.240000  0.394571  0
18.266667  0.394359  0
18.293333  0.394147  0
18.320000  0.393935  0
18.346667  0.393723  0
18.373333  0.393512  0
18.400000  0.393300  0
18.426667  0.393088  0
18.453333  0.392876  0
18.480000  0.392664  0
18.506667  0.392453  0
18.533333  0.392241  0
18.560000  0.392029  0
18.586667  0.391817  0
18.613333  0.391605  0
18.640000  0.391393  0
18.666667  0.391182  0
18.693333  0.390970  0
18.720000  0.390758  0
18.746667  0.390546  0
18.773333  0.390334  0
18.800000  0.390122  0
18.826667  0.389911  0
18.853333  0.389699  0
18.880000  0.389487  0
18.906667  0.389275  0
18.933333  0.389063  0
18.960000  0.388851  0
18.986667  0.388640  0
19.013333  0.388428  0
19.040000  0.388216  0
19.066667  0.388004  0
19.093333  0.387792  0
19.120000  0.387581  0
19.146667  0.387369  0
19.173333  0.387157  0
19.200000  0.386945  0
19.226667  0.386733  0
19.253333  0.386521  0
19.280000  0.386310  0
19.306667  0.386098  0
19.333333  0.385886  0
19.360000  0.385674  0
19.386667  0.385462  0
19.413333  0.385250  0
19.440000  0.385039  0
19.466667  0.384827  0
19.493333  0.384615  0
19.520000  0.384403  0
19.546667  0.384191  0
19.573333  0.383979  0
19.600000  0.383768  0
19.626667  0.383556  0
19.653333  0.383344  0
19.680000  0.383132  0
19.706667  0.382920  0
19.733333  0.382709  0
19.760000  0.382497  0
19.786667  0.382285  0
19.813333  0.382073  0
19.840000  0.381861  0
19.866667  0.381649  0
19.893333  0.381438  0
19.920000  0.381226  0
19.946667  0.381014  0
19.973333  0.380802  0
20.000000  0.380590  0
20.026667  0.380378  0
20.053333  0.380167  0
20.080000  0.379955  0
20.106667  0.379743  0
20.133333  0.379531  0
20.160000  0.379319  0
20.186667  0.379107  0
20.213333  0.378896  0
20.240000  0.378684  0
20.266667  0.378472  0
20.293333  0.378260  0
