3.093333  0.899955  0
3.120000  0.898598  0
3.146667  0.896169  0
3.173333  0.893069  0
3.200000  0.889637  0
3.226667  0.886076  0
3.253333  0.882476  0
3.280000  0.878866  0
3.306667  0.875254  0
3.333333  0.871642  0
3.360000  0.868030  0
3.386667  0.864418  0
3.413333  0.860806  0
3.440000  0.857194  0
3.466667  0.853582  0
3.493333  0.849970  0
3.520000  0.846359  0
3.546667  0.842751  0
3.573333  0.839156  0
3.600000  0.835594  0
3.626667  0.832101  0
3.653333  0.828724  0
3.680000  0.825502  0
3.706667  0.822441  0
3.733333  0.819513  0
3.760000  0.816673  0
3.786667  0.813876  0
3.813333  0.811098  0
3.840000  0.808325  0
3.866667  0.805553  0
3.893333  0.802782  0
3.920000  0.800011  0
3.946667  0.797241  0
3.973333  0.794472  0
4.000000  0.791711  0
4.026667  0.788971  0
4.053333  0.786277  0
4.080000  0.783661  0
4.106667  0.781152  0
4.133333  0.778757  0
4.160000  0.776458  0
4.186667  0.774224  0
4.213333  0.772022  0
4.240000  0.769834  0
4.266667  0.767651  0
4.293333  0.765468  0
4.320000  0.763286  0
4.346667  0.761104  0
4.373333  0.758921  0
4.400000  0.756739  0
4.426667  0.754557  0
4.453333  0.752374  0
4.480000  0.750192  0
4.506667  0.748009  0
4.533333  0.745826  0
4.560000  0.743637  0
4.586667  0.741434  0
4.613333  0.739195  0
4.640000  0.736886  0
4.666667  0.734471  0
4.693333  0.731931  0
4.720000  0.729274  0
4.746667  0.726529  0
4.773333  0.723734  0
4.800000  0.720916  0
4.826667  0.718090  0
4.853333  0.715261  0
4.880000  0.712432  0
4.906667  0.709602  0
4.933333  0.706772  0
4.960000  0.703943  0
4.986667  0.701113  0
5.013333  0.698284  0
5.040000  0.695454  0
5.066667  0.692624  0
5.093333  0.689795  0
5.120000  0.686965  0
5.146667  0.684136  0
5.173333  0.681306  0
5.200000  0.678477  0
5.226667  0.675647  0
5.253333  0.672817  0
5.280000  0.669988  0
5.306667  0.667159  0
5.333333  0.664334  0
5.360000  0.661521  0
5.386667  0.658741  0
5.413333  0.656033  0
5.440000  0.653448  0
5.466667  0.651039  0
5.493333  0.648831  0
5.520000  0.646820  0
5.546667  0.644979  0
5.573333  0.643280  0
5.600000  0.641696  0
5.626667  0.640211  0
5.653333  0.638811  0
5.680000  0.637482  0
5.706667  0.636208  0
5.733333  0.634975  0
5.760000  0.633767  0
5.786667  0.632568  0
5.813333  0.631365  0
5.840000  0.630145  0
5.866667  0.628897  0
5.893333  0.627615  0
5.920000  0.626291  0
5.946667  0.624923  0
5.973333  0.623509  0
6.000000  0.622049  0
6.026667  0.620548  0
6.053333  0.619008  0
6.080000  0.617437  0
6.106667  0.615840  0
6.133333  0.614225  0
6.160000  0.612600  0
6.186667  0.610973  0
6.213333  0.609352  0
6.240000  0.607744  0
6.266667  0.606157  0
6.293333  0.604597  0
6.320000  0.603071  0
6.346667  0.601582  0
6.373333  0.600137  0
6.400000  0.598738  0
6.426667  0.597389  0
6.453333  0.596092  0
6.480000  0.594850  0
6.506667  0.593663  0
6.533333  0.592533  0
6.560000  0.591459  0
6.586667  0.590442  0
6.613333  0.589481  0
6.640000  0.588575  0
6.666667  0.587721  0
6.693333  0.586918  0
6.720000  0.586164  0
6.746667  0.585455  0
6.773333  0.584787  0
6.800000  0.584157  0
6.826667  0.583558  0
6.853333  0.582986  0
6.880000  0.582434  0
6.906667  0.581894  0
6.933333  0.581358  0
6.960000  0.580818  0
6.986667  0.580263  0
7.013333  0.579684  0
7.040000  0.579071  0
7.066667  0.578412  0
7.093333  0.577699  0
7.120000  0.576921  0
7.146667  0.576069  0
7.173333  0.575134  0
7.200000  0.574110  0
7.226667  0.572992  0
7.253333  0.571774  0
7.280000  0.570455  0
7.306667  0.569034  0
7.333333  0.567513  0
7.360000  0.565894  0
7.386667  0.564184  0
7.413333  0.562389  0
7.440000  0.560519  0
7.466667  0.558586  0
7.493333  0.556601  0
7.520000  0.554578  0
7.546667  0.552533  0
7.573333  0.550482  0
7.600000  0.548440  0
7.626667  0.546423  0
7.653333  0.544447  0
7.680000  0.542529  0
7.706667  0.540682  0
7.733333  0.538920  0
7.760000  0.537255  0
7.786667  0.535696  0
7.813333  0.534253  0
7.840000  0.532929  0
7.866667  0.531729  0
7.893333  0.530653  0
7.920000  0.529699  0
7.946667  0.528863  0
7.973333  0.528137  0
8.000000  0.527513  0
8.026667  0.526980  0
8.053333  0.526526  0
8.080000  0.526138  0
8.106667  0.525802  0
8.133333  0.525505  0
8.160000  0.525233  0
8.186667  0.524973  0
8.213333  0.524715  0
8.240000  0.524448  0
8.266667  0.524164  0
8.293333  0.523857  0
8.320000  0.523522  0
8.346667  0.523157  0
8.373333  0.522761  0
8.400000  0.522334  0
8.426667  0.521878  0
8.453333  0.521396  0
8.480000  0.520890  0
8.506667  0.520365  0
8.533333  0.519824  0
8.560000  0.519270  0
8.586667  0.518707  0
8.613333  0.518137  0
8.640000  0.517565  0
8.666667  0.516990  0
8.693333  0.516417  0
8.720000  0.515845  0
8.746667  0.515276  0
8.773333  0.514711  0
8.800000  0.514152  0
8.826667  0.513597  0
8.853333  0.513049  0
8.880000  0.512507  0
8.906667  0.511971  0
8.933333  0.511442  0
8.960000  0.510919  0
8.986667  0.510401  0
9.013333  0.509888  0
9.040000  0.509378  0
9.066667  0.508870  0
9.093333  0.508362  0
9.120000  0.507851  0
9.146667  0.507335  0
9.173333  0.506812  0
9.200000  0.506279  0
9.226667  0.505734  0
9.253333  0.505175  0
9.280000  0.504600  0
9.306667  0.504008  0
9.333333  0.503399  0
9.360000  0.502773  0
9.386667  0.502130  0
9.413333  0.501472  0
9.440000  0.500801  0
9.466667  0.500119  0
9.493333  0.499429  0
9.520000  0.498735  0
9.546667  0.498040  0
9.573333  0.497348  0
9.600000  0.496662  0
9.626667  0.495986  0
9.653333  0.495323  0
9.680000  0.494676  0
9.706667  0.494048  0
9.733333  0.493441  0
9.760000  0.492857  0
9.786667  0.492297  0
9.813333  0.491761  0
9.840000  0.491251  0
9.866667  0.490766  0
9.893333  0.490307  0
9.920000  0.489871  0
9.946667  0.489460  0
9.973333  0.489071  0
10.000000  0.488704  0
10.026667  0.488357  0
10.053333  0.488028  0
10.080000  0.487718  0
10.106667  0.487423  0
10.133333  0.487144  0
10.160000  0.486879  0
10.186667  0.486626  0
10.213333  0.486386  0
10.240000  0.486156  0
10.266667  0.485937  0
10.293333  0.485728  0
10.320000  0.485529  0
10.346667  0.485340  0
10.373333  0.485161  0
10.400000  0.484993  0
10.426667  0.484834  0
10.453333  0.484687  0
10.480000  0.484551  0
10.506667  0.484425  0
10.533333  0.484311  0
10.560000  0.484206  0
10.586667  0.484111  0
10.613333  0.484023  0
10.640000  0.483941  0
10.666667  0.483863  0
10.693333  0.483786  0
10.720000  0.483707  0
10.746667  0.483624  0
10.773333  0.483533  0
10.800000  0.483432  0
10.826667  0.483318  0
10.853333  0.483189  0
10.880000  0.483044  0
10.906667  0.482881  0
10.933333  0.482700  0
10.960000  0.482500  0
10.986667  0.482282  0
11.013333  0.482046  0
11.040000  0.481792  0
11.066667  0.481520  0
11.093333  0.481232  0
11.120000  0.480926  0
11.146667  0.480604  0
11.173333  0.480263  0
11.200000  0.479904  0
11.226667  0.479527  0
11.253333  0.479134  0
11.280000  0.478729  0
11.306667  0.478324  0
11.333333  0.477935  0
11.360000  0.477577  0
11.386667  0.477255  0
11.413333  0.476971  0
11.440000  0.476717  0
11.466667  0.476488  0
11.493333  0.476278  0
11.520000  0.476081  0
11.546667  0.475890  0
11.573333  0.475697  0
11.600000  0.475495  0
11.626667  0.475275  0
11.653333  0.475032  0
11.680000  0.474762  0
11.706667  0.474462  0
11.733333  0.474141  0
11.760000  0.473818  0
11.786667  0.473522  0
11.813333  0.473281  0
11.840000  0.473102  0
11.866667  0.472974  0
11.893333  0.472877  0
11.920000  0.472794  0
11.946667  0.472717  0
11.973333  0.472642  0
12.000000  0.472566  0
12.026667  0.472490  0
12.053333  0.472412  0
12.080000  0.472331  0
12.106667  0.472243  0
12.133333  0.472148  0
12.160000  0.472045  0
12.186667  0.471933  0
12.213333  0.471815  0
12.240000  0.471688  0
12.266667  0.471550  0
12.293333  0.471404  0
12.320000  0.471258  0
12.346667  0.471129  0
12.373333  0.471034  0
12.400000  0.470986  0
12.426667  0.470990  0
12.453333  0.471043  0
12.480000  0.471132  0
12.506667  0.471245  0
12.533333  0.471368  0
12.560000  0.471496  0
12.586667  0.471626  0
12.613333  0.471760  0
12.640000  0.471902  0
12.666667  0.472057  0
12.693333  0.472233  0
12.720000  0.472437  0
12.746667  0.472674  0
12.773333  0.472938  0
12.800000  0.473218  0
12.826667  0.473499  0
12.853333  0.473765  0
12.880000  0.474004  0
12.906667  0.474209  0
12.933333  0.474382  0
12.960000  0.474534  0
12.986667  0.474677  0
13.013333  0.474818  0
13.040000  0.474958  0
13.066667  0.475091  0
13.093333  0.475211  0
13.120000  0.475311  0
13.146667  0.475389  0
13.173333  0.475445  0
13.200000  0.475481  0
13.226667  0.475499  0
13.253333  0.475502  0
13.280000  0.475493  0
13.306667  0.475475  0
13.333333  0.475450  0
13.360000  0.475422  0
13.386667  0.475393  0
13.413333  0.475366  0
13.440000  0.475340  0
13.466667  0.475318  0
13.493333  0.475300  0
13.520000  0.475284  0
13.546667  0.475271  0
13.573333  0.475260  0
13.600000  0.475250  0
13.626667  0.475239  0
13.653333  0.475227  0
13.680000  0.475211  0
13.706667  0.475188  0
13.733333  0.475155  0
13.760000  0.475109  0
13.786667  0.475046  0
13.813333  0.474966  0
13.840000  0.474865  0
13.866667  0.474744  0
13.893333  0.474602  0
13.920000  0.474439  0
13.946667  0.474256  0
13.973333  0.474053  0
14.000000  0.473833  0
14.026667  0.473597  0
14.053333  0.473351  0
14.080000  0.473099  0
14.106667  0.472848  0
14.133333  0.472609  0
14.160000  0.472390  0
14.186667  0.472195  0
14.213333  0.472016  0
14.240000  0.471841  0
14.266667  0.471654  0
14.293333  0.471449  0
14.320000  0.471225  0
14.346667  0.470990  0
14.373333  0.470751  0
14.400000  0.470514  0
14.426667  0.470285  0
14.453333  0.470071  0
14.480000  0.469875  0
14.506667  0.469701  0
14.533333  0.469544  0
14.560000  0.469394  0
14.586667  0.469236  0
14.613333  0.469063  0
14.640000  0.468871  0
14.666667  0.468663  0
14.693333  0.468446  0
14.720000  0.468229  0
14.746667  0.468015  0
14.773333  0.467809  0
14.800000  0.467613  0
14.826667  0.467432  0
14.853333  0.467267  0
14.880000  0.467122  0
14.906667  0.466999  0
14.933333  0.466903  0
14.960000  0.466835  0
14.986667  0.466800  0
15.013333  0.466503  0
15.040000  0.466205  0
15.066667  0.465907  0
15.093333  0.465609  0
15.120000  0.465312  0
15.146667  0.465014  0
15.173333  0.464716  0
15.200000  0.464419  0
15.226667  0.464121  0
15.253333  0.463823  0
15.280000  0.463525  0
15.306667  0.463228  0
15.333333  0.462930  0
15.360000  0.462632  0
15.386667  0.462334  0
15.413333  0.462037  0
15.440000  0.461739  0
15.466667  0.461441  0
15.493333  0.461144  0
15.520000  0.460846  0
15.546667  0.460548  0
15.573333  0.460250  0
15.600000  0.459953  0
15.626667  0.459655  0
15.653333  0.459357  0
15.680000  0.459060  0
15.706667  0.458762  0
15.733333  0.458464  0
15.760000  0.458166  0
15.786667  0.457869  0
15.813333  0.457571  0
15.840000  0.457273  0
15.866667  0.456976  0
15.893333  0.456678  0
15.920000  0.456380  0
15.946667  0.456082  0
15.973333  0.455785  0
16.000000  0.455487  0
16.026667  0.455189  0
16.053333  0.454892  0
16.080000  0.454594  0
16.106667  0.454296  0
16.133333  0.453998  0
16.160000  0.453701  0
16.186667  0.453403  0
16.213333  0.453105  0
16.240000  0.452808  0
16.266667  0.452510  0
16.293333  0.452212  0
16.320000  0.451914  0
16.346667  0.451617  0
16.373333  0.451319  0
16.400000  0.451021  0
16.426667  0.450724  0
16.453333  0.450426  0
16.480000  0.450128  0
16.506667  0.449830  0
16.533333  0.449533  0
16.560000  0.449235  0
16.586667  0.448937  0
16.613333  0.448640  0
16.640000  0.448342  0
16.666667  0.448044  0
16.693333  0.447746  0
16.720000  0.447449  0
16.746667  0.447151  0
16.773333  0.446853  0
16.800000  0.446556  0
16.826667  0.446258  0
16.853333  0.445960  0
16.880000  0.445662  0
16.906667  0.445365  0
16.933333  0.445067  0
16.960000  0.444769  0
16.986667  0.444472  0
17.013333  0.444174  0
17.040000  0.443876  0
17.066667  0.443578  0
17.093333  0.443281  0
17.120000  0.442983  0
17.146667  0.442685  0
17.173333  0.442387  0
17.200000  0.442090  0
17.226667  0.441792  0
17.253333  0.441494  0
17.280000  0.441197  0
17.306667  0.440899  0
17.333333  0.440601  0
17.360000  0.440303  0
17.386667  0.440006  0
17.413333  0.439708  0
17.440000  0.439410  0
17.466667  0.439113  0
17.493333  0.438815  0
17.520000  0.438517  0
17.546667  0.438219  0
17.573333  0.437922  0
17.600000  0.437624  0
17.626667  0.437326  0
17.653333  0.437029  0
17.680000  0.436731  0
17.706667  0.436433  0
17.733333  0.436135  0
17.760000  0.435838  0
17.786667  0.435540  0
17.813333  0.435242  0
17.840000  0.434945  0
17.866667  0.434647  0
17.893333  0.434349  0
17.920000  0.434051  0
17.946667  0.433754  0
17.973333  0.433456  0
18.000000  0.433158  0
18.026667  0.432861  0
18.053333  0.432563  0
18.080000  0.432265  0
18.106667  0.431967  0
18.133333  0.431670  0
18.160000  0.431372  0
18.186667  0.431359  0
18.213333  0.432523  0
18.240000  0.433687  0
18.266667  0.434851  0
