3.440000  0.820845  0
3.466667  0.819104  0
3.493333  0.817364  0
3.520000  0.815623  0
3.546667  0.813882  0
3.573333  0.812142  0
3.600000  0.810401  0
3.626667  0.808660  0
3.653333  0.806920  0
3.680000  0.805179  0
3.706667  0.803438  0
3.733333  0.801698  0
3.760000  0.799957  0
3.786667  0.798216  0
3.813333  0.796476  0
3.840000  0.794735  0
3.866667  0.792994  0
3.893333  0.791254  0
3.920000  0.789513  0
3.946667  0.787772  0
3.973333  0.786032  0
4.000000  0.784291  0
4.026667  0.782550  0
4.053333  0.780810  0
4.080000  0.779069  0
4.106667  0.777329  0
4.133333  0.775588  0
4.160000  0.773847  0
4.186667  0.772107  0
4.213333  0.770366  0
4.240000  0.768625  0
4.266667  0.766885  0
4.293333  0.765144  0
4.320000  0.763403  0
4.346667  0.761663  0
4.373333  0.759922  0
4.400000  0.758147  0
4.426667  0.756368  0
4.453333  0.754588  0
4.480000  0.752809  0
4.506667  0.751030  0
4.533333  0.749250  0
4.560000  0.747471  0
4.586667  0.745692  0
4.613333  0.743912  0
4.640000  0.742133  0
4.666667  0.740354  0
4.693333  0.738574  0
4.720000  0.736795  0
4.746667  0.735016  0
4.773333  0.733236  0
4.800000  0.731457  0
4.826667  0.729678  0
4.853333  0.727898  0
4.880000  0.726119  0
4.906667  0.724359  0
4.933333  0.722629  0
4.960000  0.720899  0
4.986667  0.719169  0
5.013333  0.717439  0
5.040000  0.715709  0
5.066667  0.713979  0
5.093333  0.712250  0
5.120000  0.710520  0
5.146667  0.708790  0
5.173333  0.707060  0
5.200000  0.705330  0
5.226667  0.703600  0
5.253333  0.701870  0
5.280000  0.700140  0
5.306667  0.698410  0
5.333333  0.696680  0
5.360000  0.694950  0
5.386667  0.693220  0
5.413333  0.691491  0
5.440000  0.689761  0
5.466667  0.688031  0
5.493333  0.686301  0
5.520000  0.684571  0
5.546667  0.682841  0
5.573333  0.681111  0
5.600000  0.679381  0
5.626667  0.677651  0
5.653333  0.675921  0
5.680000  0.674191  0
5.706667  0.672462  0
5.733333  0.670732  0
5.760000  0.669002  0
5.786667  0.667272  0
5.813333  0.665542  0
5.840000  0.663812  0
5.866667  0.662082  0
5.893333  0.660352  0
5.920000  0.658049  0
5.946667  0.655725  0
5.973333  0.653400  0
6.000000  0.651076  0
6.026667  0.648752  0
6.053333  0.646427  0
6.080000  0.644103  0
6.106667  0.641778  0
6.133333  0.639454  0
6.160000  0.637130  0
6.186667  0.634805  0
6.213333  0.632481  0
6.240000  0.630157  0
6.266667  0.627832  0
6.293333  0.625508  0
6.320000  0.623184  0
6.346667  0.620859  0
6.373333  0.618535  0
6.400000  0.616210  0
6.426667  0.613886  0
6.453333  0.611562  0
6.480000  0.609237  0
6.506667  0.606913  0
6.533333  0.604589  0
6.560000  0.602264  0
6.586667  0.599940  0
6.613333  0.597616  0
6.640000  0.595291  0
6.666667  0.593102  0
6.693333  0.591972  0
6.720000  0.590842  0
6.746667  0.589713  0
6.773333  0.588583  0
6.800000  0.587453  0
6.826667  0.586323  0
6.853333  0.585194  0
6.880000  0.584064  0
6.906667  0.582934  0
6.933333  0.581805  0
6.960000  0.580675  0
6.986667  0.579545  0
7.013333  0.578415  0
7.040000  0.577286  0
7.066667  0.576156  0
7.093333  0.575026  0
7.120000  0.574082  0
7.146667  0.573203  0
7.173333  0.572324  0
7.200000  0.571446  0
7.226667  0.570567  0
7.253333  0.569688  0
7.280000  0.568810  0
7.306667  0.567931  0
7.333333  0.567052  0
7.360000  0.566173  0
7.386667  0.565295  0
7.413333  0.564416  0
7.440000  0.563537  0
7.466667  0.562659  0
7.493333  0.561780  0
7.520000  0.560901  0
7.546667  0.560023  0
7.573333  0.559144  0
7.600000  0.558265  0
7.626667  0.557387  0
7.653333  0.556508  0
7.680000  0.555419  0
7.706667  0.554233  0
7.733333  0.553046  0
7.760000  0.551860  0
7.786667  0.550674  0
7.813333  0.549488  0
7.840000  0.548301  0
7.866667  0.547115  0
7.893333  0.545929  0
7.920000  0.544743  0
7.946667  0.543556  0
7.973333  0.542370  0
8.000000  0.541184  0
8.026667  0.539998  0
8.053333  0.538812  0
8.080000  0.537625  0
8.106667  0.536439  0
8.133333  0.535253  0
8.160000  0.534067  0
8.186667  0.532880  0
8.213333  0.531694  0
8.240000  0.530508  0
8.266667  0.529322  0
8.293333  0.528136  0
8.320000  0.526949  0
8.346667  0.525763  0
8.373333  0.524577  0
8.400000  0.523533  0
8.426667  0.522709  0
8.453333  0.521885  0
8.480000  0.521062  0
8.506667  0.520238  0
8.533333  0.519414  0
8.560000  0.518590  0
8.586667  0.517767  0
8.613333  0.516943  0
8.640000  0.516119  0
8.666667  0.515295  0
8.693333  0.514472  0
8.720000  0.513648  0
8.746667  0.512824  0
8.773333  0.512000  0
8.800000  0.511176  0
8.826667  0.510353  0
8.853333  0.509529  0
8.880000  0.508705  0
8.906667  0.507881  0
8.933333  0.507058  0
8.960000  0.506234  0
8.986667  0.505410  0
9.013333  0.504586  0
9.040000  0.503763  0
9.066667  0.502939  0
9.093333  0.502115  0
9.120000  0.501291  0
9.146667  0.500573  0
9.173333  0.500079  0
9.200000  0.499585  0
9.226667  0.499091  0
9.253333  0.498596  0
9.280000  0.498102  0
9.306667  0.497608  0
9.333333  0.497114  0
9.360000  0.496619  0
9.386667  0.496125  0
9.413333  0.495631  0
9.440000  0.495137  0
9.466667  0.494642  0
9.493333  0.494148  0
9.520000  0.493654  0
9.546667  0.493159  0
9.573333  0.492665  0
9.600000  0.492171  0
9.626667  0.491677  0
9.653333  0.491182  0
9.680000  0.490688  0
9.706667  0.490194  0
9.733333  0.489700  0
9.760000  0.489205  0
9.786667  0.488711  0
9.813333  0.488217  0
9.840000  0.487723  0
9.866667  0.487228  0
9.893333  0.486734  0
9.920000  0.486240  0
9.946667  0.485746  0
9.973333  0.485251  0
10.000000  0.484757  0
10.026667  0.484263  0
10.053333  0.483769  0
10.080000  0.483274  0
10.106667  0.482780  0
10.133333  0.482286  0
10.160000  0.481476  0
10.186667  0.480629  0
10.213333  0.479782  0
10.240000  0.478934  0
10.266667  0.478087  0
10.293333  0.477240  0
10.320000  0.476392  0
10.346667  0.475545  0
10.373333  0.474698  0
10.400000  0.473851  0
10.426667  0.473003  0
10.453333  0.472156  0
10.480000  0.471309  0
10.506667  0.470461  0
10.533333  0.469614  0
10.560000  0.468767  0
10.586667  0.467919  0
10.613333  0.467072  0
10.640000  0.466225  0
10.666667  0.465377  0
10.693333  0.464530  0
10.720000  0.463683  0
10.746667  0.462836  0
10.773333  0.461988  0
10.800000  0.461141  0
10.826667  0.460294  0
10.853333  0.459446  0
10.880000  0.458599  0
10.906667  0.457752  0
10.933333  0.456904  0
10.960000  0.456057  0
10.986667  0.455210  0
11.013333  0.454363  0
11.040000  0.453515  0
11.066667  0.452668  0
11.093333  0.451821  0
11.120000  0.450973  0
11.146667  0.450126  0
11.173333  0.449279  0
11.200000  0.448431  0
11.226667  0.447584  0
11.253333  0.446737  0
11.280000  0.445889  0
11.306667  0.445042  0
11.333333  0.444195  0
11.360000  0.443348  0
11.386667  0.442500  0
11.413333  0.441653  0
11.440000  0.440806  0
11.466667  0.440498  0
11.493333  0.440354  0
11.520000  0.440210  0
11.546667  0.440067  0
11.573333  0.439923  0
11.600000  0.439779  0
11.626667  0.439635  0
11.653333  0.439491  0
11.680000  0.439347  0
11.706667  0.439203  0
11.733333  0.439059  0
11.760000  0.438915  0
11.786667  0.438771  0
11.813333  0.438627  0
11.840000  0.438483  0
11.866667  0.438339  0
11.893333  0.438195  0
11.920000  0.438051  0
11.946667  0.437907  0
11.973333  0.437763  0
12.000000  0.437619  0
12.026667  0.437475  0
12.053333  0.437331  0
12.080000  0.437187  0
12.106667  0.437043  0
12.133333  0.436899  0
12.160000  0.436755  0
12.186667  0.436611  0
12.213333  0.436468  0
12.240000  0.436324  0
12.266667  0.436180  0
12.293333  0.436036  0
12.320000  0.435892  0
12.346667  0.435748  0
12.373333  0.435604  0
12.400000  0.435460  0
12.426667  0.435316  0
12.453333  0.435172  0
12.480000  0.435028  0
12.506667  0.434884  0
12.533333  0.434740  0
12.560000  0.434596  0
12.586667  0.434452  0
12.613333  0.434308  0
12.640000  0.434164  0
12.666667  0.434020  0
12.693333  0.433876  0
12.720000  0.433732  0
12.746667  0.433588  0
12.773333  0.433444  0
12.800000  0.433300  0
12.826667  0.433156  0
12.853333  0.433013  0
12.880000  0.432869  0
12.906667  0.432725  0
12.933333  0.432581  0
12.960000  0.432437  0
12.986667  0.432293  0
13.013333  0.432149  0
13.040000  0.432005  0
13.066667  0.431861  0
13.093333  0.431717  0
13.120000  0.431573  0
13.146667  0.431429  0
13.173333  0.431285  0
13.200000  0.431141  0
13.226667  0.430997  0
13.253333  0.430853  0
13.280000  0.430709  0
13.306667  0.430565  0
13.333333  0.430421  0
13.360000  0.430277  0
13.386667  0.430133  0
13.413333  0.429989  0
13.440000  0.429845  0
13.466667  0.429701  0
13.493333  0.429557  0
13.520000  0.429414  0
13.546667  0.429270  0
13.573333  0.429126  0
13.600000  0.429000  0
13.626667  0.428896  0
13.653333  0.428792  0
13.680000  0.428688  0
13.706667  0.428584  0
13.733333  0.428480  0
13.760000  0.428376  0
13.786667  0.428272  0
13.813333  0.428168  0
13.840000  0.428065  0
13.866667  0.427961  0
13.893333  0.427857  0
13.920000  0.427753  0
13.946667  0.427649  0
13.973333  0.427545  0
14.000000  0.427441  0
14.026667  0.427337  0
14.053333  0.427233  0
14.080000  0.427129  0
14.106667  0.427025  0
14.133333  0.426921  0
14.160000  0.426818  0
14.186667  0.426714  0
14.213333  0.426610  0
14.240000  0.426506  0
14.266667  0.426402  0
14.293333  0.426298  0
14.320000  0.426194  0
14.346667  0.426090  0
14.373333  0.425986  0
14.400000  0.425882  0
14.426667  0.425778  0
14.453333  0.425674  0
14.480000  0.425571  0
14.506667  0.425467  0
14.533333  0.425363  0
14.560000  0.425259  0
14.586667  0.425155  0
14.613333  0.425051  0
14.640000  0.424947  0
14.666667  0.424843  0
14.693333  0.424739  0
14.720000  0.424635  0
14.746667  0.424531  0
14.773333  0.424428  0
14.800000  0.424324  0
14.826667  0.424220  0
14.853333  0.424116  0
14.880000  0.424012  0
14.906667  0.423908  0
14.933333  0.423804  0
14.960000  0.423700  0
14.986667  0.423596  0
15.013333  0.423492  0
15.040000  0.423388  0
15.066667  0.423284  0
15.093333  0.423181  0
15.120000  0.423077  0
15.146667  0.422973  0
15.173333  0.422869  0
15.200000  0.422765  0
15.226667  0.422661  0
15.253333  0.422557  0
15.280000  0.422453  0
15.306667  0.422349  0
15.333333  0.422245  0
15.360000  0.422141  0
15.386667  0.422037  0
15.413333  0.421934  0
15.440000  0.421830  0
15.466667  0.421726  0
15.493333  0.421622  0
15.520000  0.421518  0
15.546667  0.421414  0
15.573333  0.421310  0
15.600000  0.421206  0
15.626667  0.421102  0
15.653333  0.420998  0
15.680000  0.420894  0
15.706667  0.420790  0
15.733333  0.420687  0
15.760000  0.420583  0
15.786667  0.420479  0
15.813333  0.420375  0
15.840000  0.420271  0
15.866667  0.420167  0
15.893333  0.420063  0
15.920000  0.419959  0
15.946667  0.419855  0
15.973333  0.419751  0
16.000000  0.419647  0
16.026667  0.419544  0
16.053333  0.419440  0
16.080000  0.419336  0
16.106667  0.419232  0
16.133333  0.419128  0
16.160000  0.419024  0
16.186667  0.418920  0
16.213333  0.418816  0
16.240000  0.418712  0
16.266667  0.418608  0
16.293333  0.418504  0
16.320000  0.418400  0
16.346667  0.418297  0
16.373333  0.418193  0
16.400000  0.418089  0
16.426667  0.417985  0
16.453333  0.417881  0
16.480000  0.417777  0
16.506667  0.417673  0
16.533333  0.417569  0
16.560000  0.417465  0
16.586667  0.417361  0
16.613333  0.417257  0
16.640000  0.417153  0
16.666667  0.417050  0
16.693333  0.416946  0
16.720000  0.416842  0
16.746667  0.416738  0
16.773333  0.416634  0
16.800000  0.416530  0
16.826667  0.416426  0
16.853333  0.416322  0
16.880000  0.416218  0
16.906667  0.416114  0
16.933333  0.416010  0
16.960000  0.415906  0
16.986667  0.415803  0
17.013333  0.415699  0
17.040000  0.415595  0
17.066667  0.415491  0
17.093333  0.415387  0
17.120000  0.415283  0
17.146667  0.415179  0
17.173333  0.415075  0
17.200000  0.414971  0
17.226667  0.414867  0
17.253333  0.414763  0
17.280000  0.414660  0
17.306667  0.414556  0
17.333333  0.414452  0
17.360000  0.414348  0
17.386667  0.414244  0
17.413333  0.414140  0
17.440000  0.414036  0
17.466667  0.413932  0
17.493333  0.413828  0
17.520000  0.413724  0
17.546667  0.413620  0
17.573333  0.413516  0
17.600000  0.413413  0
17.626667  0.413309  0
17.653333  0.413205  0
17.680000  0.413101  0
17.706667  0.412997  0
17.733333  0.412893  0
17.760000  0.412789  0
17.786667  0.412685  0
17.813333  0.412581  0
17.840000  0.412477  0
17.866667  0.412373  0
17.893333  0.412269  0
17.920000  0.412166  0
17.946667  0.412062  0
17.973333  0.411958  0
18.000000  0.411854  0
18.026667  0.411750  0
18.053333  0.411646  0
18.080000  0.411542  0
18.106667  0.411438  0
18.133333  0.411334  0
18.160000  0.411230  0
18.186667  0.411126  0
18.213333  0.411023  0
18.240000  0.410919  0
18.266667  0.410815  0
18.293333  0.410711  0
18.320000  0.410607  0
18.346667  0.410503  0
18.373333  0.410399  0
18.400000  0.410295  0
18.426667  0.410191  0
18.453333  0.410087  0
18.480000  0.409983  0
18.506667  0.409879  0
18.533333  0.409776  0
18.560000  0.409672  0
18.586667  0.409568  0
18.613333  0.409464  0
18.640000  0.409360  0
18.666667  0.409256  0
18.693333  0.409152  0
18.720000  0.409048  0
18.746667  0.408944  0
18.773333  0.408840  0
18.800000  0.408736  0
18.826667  0.408632  0
18.853333  0.408529  0
18.880000  0.408425  0
18.906667  0.408321  0
18.933333  0.408217  0
18.960000  0.408113  0
18.986667  0.408009  0
19.013333  0.407905  0
19.040000  0.407801  0
19.066667  0.407697  0
19.093333  0.407593  0
19.120000  0.407489  0
19.146667  0.407385  0
19.173333  0.407282  0
19.200000  0.407178  0
19.226667  0.407074  0
19.253333  0.406970  0
19.280000  0.406866  0
19.306667  0.406762  0
19.333333  0.406658  0
19.360000  0.406554  0
19.386667  0.406450  0
19.413333  0.406346  0
19.440000  0.406242  0
19.466667  0.406139  0
19.493333  0.406035  0
19.520000  0.405931  0
19.546667  0.405827  0
19.573333  0.405723  0
19.600000  0.405619  0
19.626667  0.405515  0
19.653333  0.405411  0
19.680000  0.405307  0
19.706667  0.405203  0
19.733333  0.405099  0
19.760000  0.404995  0
19.786667  0.404892  0
19.813333  0.404788  0
19.840000  0.404684  0
19.866667  0.404580  0
19.893333  0.404476  0
19.920000  0.404372  0
19.946667  0.404268  0
19.973333  0.404164  0
20.000000  0.404060  0
20.026667  0.403956  0
20.053333  0.403852  0
20.080000  0.403748  0
20.106667  0.403645  0
20.133333  0.403541  0
20.160000  0.403437  0
20.186667  0.403333  0
20.213333  0.403229  0
20.240000  0.403125  0
20.266667  0.403021  0
20.293333  0.402917  0
20.320000  0.402813  0
20.346667  0.402709  0
20.373333  0.402605  0
20.400000  0.402501  0
20.426667  0.402398  0
20.453333  0.402294  0
20.480000  0.402190  0
20.506667  0.402086  0
20.533333  0.401982  0
20.560000  0.401878  0
20.586667  0.401774  0
20.613333  0.401670  0
20.640000  0.401566  0
20.666667  0.401462  0
20.693333  0.401358  0
20.720000  0.401255  0
20.746667  0.401151  0
20.773333  0.401047  0
20.800000  0.400943  0
20.826667  0.400839  0
20.853333  0.400735  0
20.880000  0.400631  0
20.906667  0.400527  0
20.933333  0.400423  0
20.960000  0.400319  0
20.986667  0.400215  0
21.013333  0.400111  0
21.040000  0.400008  0
21.066667  0.399904  0
21.093333  0.399800  0
21.120000  0.399696  0
21.146667  0.399592  0
21.173333  0.399488  0
21.200000  0.399384  0
21.226667  0.399280  0
21.253333  0.399176  0
21.280000  0.399072  0
21.306667  0.398983  0
21.333333  0.398973  0
21.360000  0.398962  0
21.386667  0.398951  0
21.413333  0.398940  0
21.440000  0.398929  0
21.466667  0.398918  0
21.493333  0.398908  0
21.520000  0.398897  0
21.546667  0.398886  0
21.573333  0.398875  0
21.600000  0.398864  0
21.626667  0.398853  0
21.653333  0.398843  0
21.680000  0.398832  0
21.706667  0.398821  0
21.733333  0.398810  0
21.760000  0.398799  0
21.786667  0.398789  0
21.813333  0.398778  0
21.840000  0.398767  0
21.866667  0.398756  0
21.893333  0.398745  0
21.920000  0.398734  0
21.946667  0.398724  0
21.973333  0.398713  0
22.000000  0.398702  0
22.026667  0.398691  0
22.053333  0.398680  0
22.080000  0.398669  0
22.106667  0.398659  0
22.133333  0.398648  0
22.160000  0.398637  0
22.186667  0.398626  0
22.213333  0.398615  0
22.240000  0.398605  0
22.266667  0.398594  0
22.293333  0.398583  0
22.320000  0.398572  0
22.346667  0.398561  0
22.373333  0.398550  0
22.400000  0.398540  0
22.426667  0.398529  0
22.453333  0.398518  0
22.480000  0.398507  0
22.506667  0.398496  0
22.533333  0.398485  0
22.560000  0.398475  0
22.586667  0.398464  0
22.613333  0.398453  0
22.640000  0.398442  0
22.666667  0.398431  0
22.693333  0.398421  0
22.720000  0.398410  0
22.746667  0.398399  0
22.773333  0.398388  0
22.800000  0.398377  0
22.826667  0.398366  0
22.853333  0.398356  0
22.880000  0.398345  0
22.906667  0.398334  0
22.933333  0.398323  0
22.960000  0.398312  0
22.986667  0.398301  0
23.013333  0.398291  0
23.040000  0.398280  0
23.066667  0.398269  0
23.093333  0.398258  0
23.120000  0.398247  0
23.146667  0.398237  0
23.173333  0.398226  0
23.200000  0.398215  0
23.226667  0.398204  0
23.253333  0.398193  0
23.280000  0.398182  0
23.306667  0.398172  0
23.333333  0.398161  0
23.360000  0.398150  0
23.386667  0.398139  0
23.413333  0.398128  0
23.440000  0.398117  0
23.466667  0.398107  0
23.493333  0.398096  0
23.520000  0.398085  0
23.546667  0.398074  0
23.573333  0.398063  0
23.600000  0.398053  0
23.626667  0.398042  0
23.653333  0.398031  0
23.680000  0.398020  0
23.706667  0.398009  0
23.733333  0.397998  0
23.760000  0.397988  0
23.786667  0.397977  0
23.813333  0.397966  0
23.840000  0.397955  0
23.866667  0.397944  0
23.893333  0.397934  0
23.920000  0.397923  0
23.946667  0.397912  0
23.973333  0.397901  0
24.000000  0.397890  0
24.026667  0.397879  0
24.053333  0.397869  0
24.080000  0.397858  0
24.106667  0.397847  0
24.133333  0.397836  0
24.160000  0.397825  0
24.186667  0.397814  0
24.213333  0.397804  0
24.240000  0.397793  0
24.266667  0.397782  0
24.293333  0.397771  0
24.320000  0.397760  0
24.346667  0.397750  0
24.373333  0.397739  0
24.400000  0.397728  0
24.426667  0.397717  0
24.453333  0.397706  0
24.480000  0.397695  0
24.506667  0.397685  0
24.533333  0.397674  0
24.560000  0.397663  0
24.586667  0.397652  0
24.613333  0.397641  0
24.640000  0.397630  0
24.666667  0.397620  0
24.693333  0.397609  0
24.720000  0.397598  0
24.746667  0.397587  0
24.773333  0.397576  0
24.800000  0.397566  0
24.826667  0.397555  0
24.853333  0.397544  0
24.880000  0.397533  0
24.906667  0.397522  0
24.933333  0.397511  0
24.960000  0.397501  0
24.986667  0.397490  0
25.013333  0.397479  0
25.040000  0.397468  0
25.066667  0.397457  0
25.093333  0.397446  0
25.120000  0.397436  0
25.146667  0.397425  0
25.173333  0.397414  0
25.200000  0.397403  0
25.226667  0.397392  0
25.253333  0.397382  0
25.280000  0.397371  0
25.306667  0.397360  0
25.333333  0.397349  0
25.360000  0.397338  0
25.386667  0.397327  0
25.413333  0.397317  0
25.440000  0.397306  0
25.466667  0.397295  0
25.493333  0.397284  0
25.520000  0.397273  0
25.546667  0.397262  0
25.573333  0.397252  0
25.600000  0.397241  0
25.626667  0.397230  0
25.653333  0.397219  0
25.680000  0.397208  0
25.706667  0.397198  0
25.733333  0.397187  0
25.760000  0.397176  0
25.786667  0.397165  0
25.813333  0.397154  0
25.840000  0.397143  0
25.866667  0.397133  0
25.893333  0.397122  0
25.920000  0.397111  0
25.946667  0.397100  0
25.973333  0.397089  0
26.000000  0.397078  0
26.026667  0.397068  0
26.053333  0.397057  0
26.080000  0.397046  0
26.106667  0.397035  0
26.133333  0.397024  0
26.160000  0.397014  0
26.186667  0.397003  0
26.213333  0.396992  0
26.240000  0.396981  0
26.266667  0.396970  0
26.293333  0.396959  0
26.320000  0.396949  0
26.346667  0.396938  0
26.373333  0.396927  0
26.400000  0.396916  0
26.426667  0.396905  0
26.453333  0.396894  0
26.480000  0.396884  0
26.506667  0.396873  0
26.533333  0.396862  0
26.560000  0.396851  0
26.586667  0.396840  0
26.613333  0.396830  0
26.640000  0.396819  0
26.666667  0.396808  0
26.693333  0.396797  0
26.720000  0.396786  0
26.746667  0.396775  0
26.773333  0.396765  0
26.800000  0.396754  0
26.826667  0.396743  0
26.853333  0.396732  0
26.880000  0.396721  0
26.906667  0.396710  0
26.933333  0.396700  0
26.960000  0.396689  0
26.986667  0.396678  0
