4.560000  0.762339  0
4.586667  0.761290  0
4.613333  0.760173  0
4.640000  0.759026  0
4.666667  0.757866  0
4.693333  0.756704  0
4.720000  0.755539  0
4.746667  0.754373  0
4.773333  0.753202  0
4.800000  0.752017  0
4.826667  0.750801  0
4.853333  0.749528  0
4.880000  0.748169  0
4.906667  0.746703  0
4.933333  0.745126  0
4.960000  0.743454  0
4.986667  0.741716  0
5.013333  0.739939  0
5.040000  0.738143  0
5.066667  0.736341  0
5.093333  0.734535  0
5.120000  0.732729  0
5.146667  0.730923  0
5.173333  0.729117  0
5.200000  0.727311  0
5.226667  0.725505  0
5.253333  0.723699  0
5.280000  0.721893  0
5.306667  0.720087  0
5.333333  0.718279  0
5.360000  0.716466  0
5.386667  0.714640  0
5.413333  0.712781  0
5.440000  0.710858  0
5.466667  0.708835  0
5.493333  0.706679  0
5.520000  0.704380  0
5.546667  0.701953  0
5.573333  0.699433  0
5.600000  0.696858  0
5.626667  0.694255  0
5.653333  0.691641  0
5.680000  0.689024  0
5.706667  0.686405  0
5.733333  0.683786  0
5.760000  0.681168  0
5.786667  0.678549  0
5.813333  0.675930  0
5.840000  0.673311  0
5.866667  0.670693  0
5.893333  0.668074  0
5.920000  0.665455  0
5.946667  0.662835  0
5.973333  0.660213  0
6.000000  0.657583  0
6.026667  0.654936  0
6.053333  0.652255  0
6.080000  0.649521  0
6.106667  0.646717  0
6.133333  0.643837  0
6.160000  0.640890  0
6.186667  0.637893  0
6.213333  0.634868  0
6.240000  0.631828  0
6.266667  0.628782  0
6.293333  0.625734  0
6.320000  0.622686  0
6.346667  0.619639  0
6.373333  0.616592  0
6.400000  0.613550  0
6.426667  0.610524  0
6.453333  0.607533  0
6.480000  0.604613  0
6.506667  0.601811  0
6.533333  0.599165  0
6.560000  0.596692  0
6.586667  0.594375  0
6.613333  0.592172  0
6.640000  0.590039  0
6.666667  0.587940  0
6.693333  0.585855  0
6.720000  0.583771  0
6.746667  0.581684  0
6.773333  0.579589  0
6.800000  0.577480  0
6.826667  0.575353  0
6.853333  0.573208  0
6.880000  0.571048  0
6.906667  0.568877  0
6.933333  0.566700  0
6.960000  0.564519  0
6.986667  0.562337  0
7.013333  0.560151  0
7.040000  0.557959  0
7.066667  0.555751  0
7.093333  0.553511  0
7.120000  0.551222  0
7.146667  0.548878  0
7.173333  0.546502  0
7.200000  0.544161  0
7.226667  0.541972  0
7.253333  0.540071  0
7.280000  0.538570  0
7.306667  0.537499  0
7.333333  0.536803  0
7.360000  0.536362  0
7.386667  0.536056  0
7.413333  0.535793  0
7.440000  0.535527  0
7.466667  0.535240  0
7.493333  0.534936  0
7.520000  0.534629  0
7.546667  0.534339  0
7.573333  0.534090  0
7.600000  0.533903  0
7.626667  0.533791  0
7.653333  0.533754  0
7.680000  0.533774  0
7.706667  0.533820  0
7.733333  0.533853  0
7.760000  0.533835  0
7.786667  0.533740  0
7.813333  0.533550  0
7.840000  0.533261  0
7.866667  0.532879  0
7.893333  0.532412  0
7.920000  0.531870  0
7.946667  0.531261  0
7.973333  0.530594  0
8.000000  0.529881  0
8.026667  0.529135  0
8.053333  0.528373  0
8.080000  0.527617  0
8.106667  0.526890  0
8.133333  0.526210  0
8.160000  0.525589  0
8.186667  0.525026  0
8.213333  0.524511  0
8.240000  0.524026  0
8.266667  0.523550  0
8.293333  0.523068  0
8.320000  0.522565  0
8.346667  0.522032  0
8.373333  0.521458  0
8.400000  0.520831  0
8.426667  0.520136  0
8.453333  0.519361  0
8.480000  0.518501  0
8.506667  0.517569  0
8.533333  0.516592  0
8.560000  0.515611  0
8.586667  0.514668  0
8.613333  0.513796  0
8.640000  0.513010  0
8.666667  0.512298  0
8.693333  0.511627  0
8.720000  0.510944  0
8.746667  0.510186  0
8.773333  0.509289  0
8.800000  0.508196  0
8.826667  0.506870  0
8.853333  0.505306  0
8.880000  0.503540  0
8.906667  0.501657  0
8.933333  0.499780  0
8.960000  0.498049  0
8.986667  0.496586  0
9.013333  0.495464  0
9.040000  0.494690  0
9.066667  0.494208  0
9.093333  0.493921  0
9.120000  0.493721  0
9.146667  0.493516  0
9.173333  0.493249  0
9.200000  0.492897  0
9.226667  0.492466  0
9.253333  0.491980  0
9.280000  0.491472  0
9.306667  0.490976  0
9.333333  0.490523  0
9.360000  0.490132  0
9.386667  0.489807  0
9.413333  0.489539  0
9.440000  0.489305  0
9.466667  0.489078  0
9.493333  0.488831  0
9.520000  0.488546  0
9.546667  0.488212  0
9.573333  0.487830  0
9.600000  0.487404  0
9.626667  0.486944  0
9.653333  0.486462  0
9.680000  0.485976  0
9.706667  0.485506  0
9.733333  0.485076  0
9.760000  0.484704  0
9.786667  0.484400  0
9.813333  0.484156  0
9.840000  0.483948  0
9.866667  0.483738  0
9.893333  0.483479  0
9.920000  0.483133  0
9.946667  0.482671  0
9.973333  0.482090  0
10.000000  0.481411  0
10.026667  0.480674  0
10.053333  0.479926  0
10.080000  0.479204  0
10.106667  0.478527  0
10.133333  0.477892  0
10.160000  0.477282  0
10.186667  0.476675  0
10.213333  0.476058  0
10.240000  0.475435  0
10.266667  0.474823  0
10.293333  0.474246  0
10.320000  0.473723  0
10.346667  0.473257  0
10.373333  0.472832  0
10.400000  0.472419  0
10.426667  0.471978  0
10.453333  0.471470  0
10.480000  0.470866  0
10.506667  0.470154  0
10.533333  0.469338  0
10.560000  0.468443  0
10.586667  0.467505  0
10.613333  0.466565  0
10.640000  0.465658  0
10.666667  0.464806  0
10.693333  0.464011  0
10.720000  0.463259  0
10.746667  0.462529  0
10.773333  0.461799  0
10.800000  0.461056  0
10.826667  0.460296  0
10.853333  0.459524  0
10.880000  0.458745  0
10.906667  0.457961  0
10.933333  0.457176  0
10.960000  0.456396  0
10.986667  0.455634  0
11.013333  0.454910  0
11.040000  0.454248  0
11.066667  0.453668  0
11.093333  0.453180  0
11.120000  0.452785  0
11.146667  0.452472  0
11.173333  0.452228  0
11.200000  0.452035  0
11.226667  0.451874  0
11.253333  0.451729  0
11.280000  0.451578  0
11.306667  0.451404  0
11.333333  0.451187  0
11.360000  0.450917  0
11.386667  0.450590  0
11.413333  0.450213  0
11.440000  0.449801  0
11.466667  0.449375  0
11.493333  0.448957  0
11.520000  0.448565  0
11.546667  0.448218  0
11.573333  0.447925  0
11.600000  0.447690  0
11.626667  0.447511  0
11.653333  0.447384  0
11.680000  0.447300  0
11.706667  0.447253  0
11.733333  0.447234  0
11.760000  0.447238  0
11.786667  0.447257  0
11.813333  0.447284  0
11.840000  0.447314  0
11.866667  0.447347  0
11.893333  0.447386  0
11.920000  0.447435  0
11.946667  0.447501  0
11.973333  0.447583  0
12.000000  0.447674  0
12.026667  0.447766  0
12.053333  0.447847  0
12.080000  0.447909  0
12.106667  0.447947  0
12.133333  0.447965  0
12.160000  0.447967  0
12.186667  0.447960  0
12.213333  0.447948  0
12.240000  0.447932  0
12.266667  0.447913  0
12.293333  0.447888  0
12.320000  0.447855  0
12.346667  0.447811  0
12.373333  0.447750  0
12.400000  0.447671  0
12.426667  0.447571  0
12.453333  0.447448  0
12.480000  0.447306  0
12.506667  0.447150  0
12.533333  0.446989  0
12.560000  0.446830  0
12.586667  0.446676  0
12.613333  0.446528  0
12.640000  0.446382  0
12.666667  0.446233  0
12.693333  0.446079  0
12.720000  0.445920  0
12.746667  0.445764  0
12.773333  0.445621  0
12.800000  0.445507  0
12.826667  0.445434  0
12.853333  0.445411  0
12.880000  0.445439  0
12.906667  0.445505  0
12.933333  0.445583  0
12.960000  0.445637  0
12.986667  0.445628  0
13.013333  0.445523  0
13.040000  0.445306  0
13.066667  0.444983  0
13.093333  0.444585  0
13.120000  0.444160  0
13.146667  0.443760  0
13.173333  0.443425  0
13.200000  0.443174  0
13.226667  0.442996  0
13.253333  0.442860  0
13.280000  0.442725  0
13.306667  0.442554  0
13.333333  0.442328  0
13.360000  0.442051  0
13.386667  0.441747  0
13.413333  0.441449  0
13.440000  0.441192  0
13.466667  0.441003  0
13.493333  0.440891  0
13.520000  0.440851  0
13.546667  0.440864  0
13.573333  0.440907  0
13.600000  0.440958  0
13.626667  0.441001  0
13.653333  0.441024  0
13.680000  0.441023  0
13.706667  0.440999  0
13.733333  0.440953  0
13.760000  0.440891  0
13.786667  0.440817  0
13.813333  0.440735  0
13.840000  0.440645  0
13.866667  0.440547  0
13.893333  0.440439  0
13.920000  0.440321  0
13.946667  0.440201  0
13.973333  0.440088  0
14.000000  0.439994  0
14.026667  0.439930  0
14.053333  0.439893  0
14.080000  0.439874  0
14.106667  0.439853  0
14.133333  0.439811  0
14.160000  0.439735  0
14.186667  0.439618  0
14.213333  0.439467  0
14.240000  0.439292  0
14.266667  0.439109  0
14.293333  0.438928  0
14.320000  0.438760  0
14.346667  0.438612  0
14.373333  0.438490  0
14.400000  0.438397  0
14.426667  0.438336  0
14.453333  0.438302  0
14.480000  0.438291  0
14.506667  0.438290  0
14.533333  0.438285  0
14.560000  0.438264  0
14.586667  0.438216  0
14.613333  0.438132  0
14.640000  0.438013  0
14.666667  0.437859  0
14.693333  0.437679  0
14.720000  0.437478  0
14.746667  0.437265  0
14.773333  0.437048  0
14.800000  0.436839  0
14.826667  0.436653  0
14.853333  0.436510  0
14.880000  0.436422  0
14.906667  0.436395  0
14.933333  0.436415  0
14.960000  0.436456  0
14.986667  0.436488  0
15.013333  0.436327  0
15.040000  0.436167  0
15.066667  0.436007  0
15.093333  0.435847  0
15.120000  0.435686  0
15.146667  0.435526  0
15.173333  0.435366  0
15.200000  0.435206  0
15.226667  0.435045  0
15.253333  0.434885  0
15.280000  0.434725  0
15.306667  0.434565  0
15.333333  0.434404  0
15.360000  0.434244  0
15.386667  0.434084  0
15.413333  0.433924  0
15.440000  0.433763  0
15.466667  0.433603  0
15.493333  0.433443  0
15.520000  0.433283  0
15.546667  0.433122  0
15.573333  0.432962  0
15.600000  0.432802  0
15.626667  0.432642  0
15.653333  0.432481  0
15.680000  0.432321  0
15.706667  0.432161  0
15.733333  0.432000  0
15.760000  0.431840  0
15.786667  0.431680  0
15.813333  0.431520  0
15.840000  0.431359  0
15.866667  0.431199  0
15.893333  0.431039  0
15.920000  0.430879  0
15.946667  0.430718  0
15.973333  0.430558  0
16.000000  0.430398  0
16.026667  0.430238  0
16.053333  0.430077  0
16.080000  0.429917  0
16.106667  0.429757  0
16.133333  0.429597  0
16.160000  0.429436  0
16.186667  0.429276  0
16.213333  0.429116  0
16.240000  0.428956  0
16.266667  0.428795  0
16.293333  0.428635  0
16.320000  0.428475  0
16.346667  0.428315  0
16.373333  0.428154  0
16.400000  0.427994  0
16.426667  0.427834  0
16.453333  0.427674  0
16.480000  0.427513  0
16.506667  0.427353  0
16.533333  0.427193  0
16.560000  0.427033  0
16.586667  0.426872  0
16.613333  0.426712  0
16.640000  0.426552  0
16.666667  0.426391  0
16.693333  0.426231  0
16.720000  0.426071  0
16.746667  0.425911  0
16.773333  0.425750  0
16.800000  0.425590  0
16.826667  0.425430  0
16.853333  0.425270  0
16.880000  0.425109  0
16.906667  0.424949  0
16.933333  0.424789  0
16.960000  0.424629  0
16.986667  0.424468  0
17.013333  0.424308  0
17.040000  0.424148  0
17.066667  0.423988  0
17.093333  0.423827  0
17.120000  0.423667  0
17.146667  0.423507  0
17.173333  0.423347  0
17.200000  0.423186  0
17.226667  0.423026  0
17.253333  0.422866  0
17.280000  0.422706  0
17.306667  0.422545  0
17.333333  0.422385  0
17.360000  0.422225  0
17.386667  0.422065  0
17.413333  0.421904  0
17.440000  0.421744  0
17.466667  0.421584  0
17.493333  0.421424  0
17.520000  0.421263  0
17.546667  0.421103  0
17.573333  0.420943  0
17.600000  0.420782  0
17.626667  0.420622  0
17.653333  0.420462  0
17.680000  0.420302  0
17.706667  0.420141  0
17.733333  0.419981  0
17.760000  0.419821  0
17.786667  0.419661  0
17.813333  0.419500  0
17.840000  0.419340  0
17.866667  0.419180  0
17.893333  0.419020  0
17.920000  0.418859  0
17.946667  0.418699  0
17.973333  0.418539  0
18.000000  0.418379  0
18.026667  0.418218  0
18.053333  0.418058  0
18.080000  0.417898  0
18.106667  0.417738  0
18.133333  0.417577  0
18.160000  0.417417  0
18.186667  0.417257  0
18.213333  0.417097  0
18.240000  0.416936  0
18.266667  0.416776  0
18.293333  0.416616  0
18.320000  0.416456  0
18.346667  0.416295  0
18.373333  0.416135  0
18.400000  0.415975  0
18.426667  0.415815  0
18.453333  0.415654  0
18.480000  0.415494  0
18.506667  0.415334  0
18.533333  0.415173  0
18.560000  0.415013  0
18.586667  0.414853  0
18.613333  0.414693  0
18.640000  0.414532  0
18.666667  0.414372  0
18.693333  0.414212  0
18.720000  0.414052  0
18.746667  0.413891  0
18.773333  0.413731  0
18.800000  0.413571  0
18.826667  0.413411  0
18.853333  0.413250  0
18.880000  0.413090  0
18.906667  0.412930  0
18.933333  0.412770  0
18.960000  0.412609  0
18.986667  0.412449  0
19.013333  0.412289  0
19.040000  0.412129  0
19.066667  0.411968  0
19.093333  0.411808  0
19.120000  0.411648  0
19.146667  0.411488  0
19.173333  0.411327  0
19.200000  0.411167  0
19.226667  0.411007  0
19.253333  0.410847  0
19.280000  0.410686  0
19.306667  0.410526  0
19.333333  0.410366  0
19.360000  0.410206  0
19.386667  0.410045  0
19.413333  0.409885  0
19.440000  0.409725  0
19.466667  0.409564  0
19.493333  0.409404  0
19.520000  0.409244  0
19.546667  0.409084  0
19.573333  0.408923  0
19.600000  0.408763  0
19.626667  0.408603  0
19.653333  0.408443  0
19.680000  0.408282  0
19.706667  0.408122  0
19.733333  0.407962  0
19.760000  0.407802  0
19.786667  0.407641  0
19.813333  0.407481  0
19.840000  0.407321  0
19.866667  0.407161  0
19.893333  0.407000  0
19.920000  0.406840  0
19.946667  0.406680  0
19.973333  0.406552  0
20.000000  0.406453  0
20.026667  0.406355  0
20.053333  0.406256  0
20.080000  0.406158  0
20.106667  0.406059  0
20.133333  0.405961  0
20.160000  0.405862  0
20.186667  0.405764  0
20.213333  0.405665  0
20.240000  0.405567  0
20.266667  0.405468  0
20.293333  0.405370  0
20.320000  0.405271  0
20.346667  0.405173  0
20.373333  0.405075  0
20.400000  0.404976  0
20.426667  0.404878  0
20.453333  0.404779  0
20.480000  0.404681  0
20.506667  0.404582  0
20.533333  0.404484  0
20.560000  0.404385  0
20.586667  0.404287  0
20.613333  0.404188  0
20.640000  0.404090  0
20.666667  0.403991  0
20.693333  0.403893  0
20.720000  0.403794  0
20.746667  0.403696  0
20.773333  0.403597  0
20.800000  0.403499  0
20.826667  0.403400  0
20.853333  0.403302  0
20.880000  0.403203  0
20.906667  0.403105  0
20.933333  0.403006  0
20.960000  0.402908  0
20.986667  0.402809  0
21.013333  0.402711  0
21.040000  0.402612  0
21.066667  0.402514  0
21.093333  0.402415  0
21.120000  0.402317  0
21.146667  0.402219  0
21.173333  0.402120  0
21.200000  0.402022  0
21.226667  0.401923  0
21.253333  0.401825  0
21.280000  0.401726  0
21.306667  0.401628  0
21.333333  0.401529  0
21.360000  0.401431  0
21.386667  0.401332  0
21.413333  0.401234  0
21.440000  0.401135  0
21.466667  0.401037  0
21.493333  0.400938  0
21.520000  0.400840  0
21.546667  0.400741  0
21.573333  0.400643  0
21.600000  0.400544  0
21.626667  0.400446  0
21.653333  0.400347  0
21.680000  0.400249  0
21.706667  0.400150  0
21.733333  0.400052  0
21.760000  0.399953  0
21.786667  0.399855  0
21.813333  0.399756  0
21.840000  0.399658  0
21.866667  0.399559  0
21.893333  0.399461  0
21.920000  0.399362  0
21.946667  0.399264  0
21.973333  0.399166  0
22.000000  0.399067  0
22.026667  0.398969  0
22.053333  0.398870  0
22.080000  0.398772  0
22.106667  0.398673  0
22.133333  0.398575  0
22.160000  0.398476  0
22.186667  0.398378  0
22.213333  0.398279  0
22.240000  0.398181  0
22.266667  0.398082  0
22.293333  0.397984  0
22.320000  0.397885  0
22.346667  0.397787  0
22.373333  0.397688  0
22.400000  0.397590  0
22.426667  0.397491  0
22.453333  0.397393  0
22.480000  0.397294  0
22.506667  0.397196  0
22.533333  0.397097  0
22.560000  0.396999  0
22.586667  0.396900  0
22.613333  0.396802  0
22.640000  0.396703  0
22.666667  0.396605  0
22.693333  0.396506  0
22.720000  0.396408  0
22.746667  0.396310  0
22.773333  0.396211  0
22.800000  0.396113  0
22.826667  0.396014  0
22.853333  0.395916  0
22.880000  0.395817  0
22.906667  0.395719  0
22.933333  0.395620  0
22.960000  0.395522  0
22.986667  0.395423  0
23.013333  0.395325  0
23.040000  0.395226  0
23.066667  0.395128  0
23.093333  0.395029  0
23.120000  0.394931  0
23.146667  0.394832  0
23.173333  0.394734  0
23.200000  0.394635  0
23.226667  0.394537  0
23.253333  0.394438  0
23.280000  0.394340  0
23.306667  0.394241  0
23.333333  0.394143  0
23.360000  0.394044  0
23.386667  0.393946  0
23.413333  0.393847  0
23.440000  0.393749  0
23.466667  0.393650  0
23.493333  0.393552  0
23.520000  0.393453  0
23.546667  0.393355  0
23.573333  0.393257  0
23.600000  0.393158  0
23.626667  0.393060  0
23.653333  0.392961  0
23.680000  0.392863  0
23.706667  0.392764  0
23.733333  0.392666  0
23.760000  0.392567  0
23.786667  0.392469  0
23.813333  0.392370  0
23.840000  0.392272  0
23.866667  0.392173  0
23.893333  0.392075  0
23.920000  0.391976  0
23.946667  0.391878  0
23.973333  0.391779  0
24.000000  0.391681  0
24.026667  0.391582  0
24.053333  0.391484  0
24.080000  0.391385  0
24.106667  0.391287  0
24.133333  0.391188  0
24.160000  0.391090  0
24.186667  0.390991  0
24.213333  0.390893  0
24.240000  0.390794  0
24.266667  0.390696  0
24.293333  0.390597  0
24.320000  0.390499  0
24.346667  0.390401  0
24.373333  0.390302  0
24.400000  0.390204  0
24.426667  0.390105  0
24.453333  0.390007  0
24.480000  0.389908  0
24.506667  0.389810  0
24.533333  0.389711  0
24.560000  0.389613  0
24.586667  0.389514  0
24.613333  0.389416  0
24.640000  0.389317  0
24.666667  0.389219  0
24.693333  0.389120  0
24.720000  0.389022  0
24.746667  0.388923  0
24.773333  0.388825  0
24.800000  0.388726  0
24.826667  0.388628  0
24.853333  0.388529  0
24.880000  0.388431  0
24.906667  0.388332  0
24.933333  0.388234  0
24.960000  0.388135  0
24.986667  0.388037  0
25.013333  0.387938  0
25.040000  0.387840  0
25.066667  0.387741  0
25.093333  0.387643  0
25.120000  0.387544  0
25.146667  0.387446  0
25.173333  0.387348  0
25.200000  0.387249  0
25.226667  0.387151  0
25.253333  0.387052  0
25.280000  0.386954  0
25.306667  0.386855  0
25.333333  0.386757  0
25.360000  0.386658  0
25.386667  0.386560  0
25.413333  0.386461  0
25.440000  0.386363  0
25.466667  0.386264  0
25.493333  0.386166  0
25.520000  0.386067  0
25.546667  0.385969  0
25.573333  0.385870  0
25.600000  0.385772  0
25.626667  0.385673  0
25.653333  0.385575  0
25.680000  0.385476  0
25.706667  0.385378  0
25.733333  0.385279  0
25.760000  0.385181  0
25.786667  0.385082  0
25.813333  0.384984  0
25.840000  0.384885  0
25.866667  0.384787  0
25.893333  0.384688  0
25.920000  0.384590  0
25.946667  0.384492  0
25.973333  0.384393  0
26.000000  0.384295  0
26.026667  0.384196  0
26.053333  0.384098  0
26.080000  0.383999  0
26.106667  0.383901  0
26.133333  0.383802  0
26.160000  0.383704  0
26.186667  0.383605  0
26.213333  0.383507  0
26.240000  0.383408  0
26.266667  0.383310  0
26.293333  0.383211  0
26.320000  0.383113  0
26.346667  0.383014  0
26.373333  0.382916  0
26.400000  0.382817  0
26.426667  0.382719  0
26.453333  0.382620  0
26.480000  0.382522  0
26.506667  0.382423  0
26.533333  0.382325  0
26.560000  0.382226  0
26.586667  0.382128  0
