3.280000  0.851238  0
3.306667  0.846641  0
3.333333  0.842044  0
3.360000  0.837448  0
3.386667  0.832851  0
3.413333  0.828254  0
3.440000  0.823658  0
3.466667  0.819061  0
3.493333  0.814464  0
3.520000  0.809868  0
3.546667  0.805271  0
3.573333  0.800675  0
3.600000  0.796078  0
3.626667  0.791481  0
3.653333  0.786885  0
3.680000  0.782288  0
3.706667  0.778781  0
3.733333  0.775944  0
3.760000  0.773108  0
3.786667  0.770271  0
3.813333  0.767434  0
3.840000  0.764598  0
3.866667  0.761761  0
3.893333  0.758925  0
3.920000  0.756088  0
3.946667  0.753251  0
3.973333  0.750415  0
4.000000  0.747578  0
4.026667  0.744741  0
4.053333  0.741905  0
4.080000  0.739068  0
4.106667  0.736232  0
4.133333  0.733395  0
4.160000  0.730558  0
4.186667  0.728589  0
4.213333  0.727019  0
4.240000  0.725449  0
4.266667  0.723879  0
4.293333  0.722309  0
4.320000  0.720739  0
4.346667  0.719169  0
4.373333  0.717599  0
4.400000  0.716029  0
4.426667  0.714459  0
4.453333  0.712889  0
4.480000  0.711319  0
4.506667  0.709749  0
4.533333  0.706656  0
4.560000  0.701534  0
4.586667  0.696412  0
4.613333  0.691289  0
4.640000  0.686167  0
4.666667  0.681044  0
4.693333  0.675922  0
4.720000  0.670800  0
4.746667  0.665677  0
4.773333  0.657090  0
4.800000  0.647897  0
4.826667  0.638703  0
4.853333  0.629510  0
4.880000  0.620317  0
4.906667  0.611124  0
4.933333  0.601930  0
4.960000  0.592912  0
4.986667  0.586981  0
5.013333  0.581050  0
5.040000  0.575119  0
5.066667  0.569187  0
5.093333  0.564562  0
5.120000  0.562112  0
5.146667  0.559662  0
5.173333  0.557212  0
5.200000  0.554763  0
5.226667  0.552313  0
5.253333  0.549863  0
5.280000  0.547413  0
5.306667  0.544963  0
5.333333  0.542513  0
5.360000  0.540064  0
5.386667  0.537614  0
5.413333  0.535164  0
5.440000  0.532714  0
5.466667  0.530264  0
5.493333  0.527815  0
5.520000  0.525365  0
5.546667  0.522915  0
5.573333  0.520956  0
5.600000  0.519622  0
5.626667  0.518287  0
5.653333  0.516953  0
5.680000  0.515618  0
5.706667  0.514284  0
5.733333  0.512949  0
5.760000  0.511615  0
5.786667  0.510280  0
5.813333  0.508946  0
5.840000  0.507611  0
5.866667  0.506277  0
5.893333  0.504942  0
5.920000  0.503608  0
5.946667  0.502273  0
5.973333  0.500939  0
6.000000  0.500195  0
6.026667  0.499560  0
6.053333  0.498924  0
6.080000  0.498289  0
6.106667  0.497653  0
6.133333  0.497018  0
6.160000  0.496382  0
6.186667  0.495747  0
6.213333  0.495111  0
6.240000  0.494476  0
6.266667  0.493840  0
6.293333  0.493205  0
6.320000  0.492569  0
6.346667  0.491934  0
6.373333  0.491298  0
6.400000  0.490663  0
6.426667  0.490027  0
6.453333  0.489392  0
6.480000  0.488757  0
6.506667  0.488121  0
6.533333  0.487486  0
6.560000  0.486850  0
6.586667  0.486215  0
6.613333  0.485579  0
6.640000  0.484944  0
6.666667  0.484308  0
6.693333  0.483673  0
6.720000  0.483037  0
6.746667  0.482402  0
6.773333  0.481766  0
6.800000  0.481131  0
6.826667  0.480495  0
6.853333  0.479840  0
6.880000  0.478992  0
6.906667  0.478145  0
6.933333  0.477298  0
6.960000  0.476450  0
6.986667  0.475603  0
7.013333  0.474756  0
7.040000  0.473909  0
7.066667  0.473061  0
7.093333  0.472214  0
7.120000  0.471367  0
7.146667  0.470519  0
7.173333  0.469672  0
7.200000  0.468825  0
7.226667  0.467977  0
7.253333  0.467130  0
7.280000  0.466283  0
7.306667  0.465435  0
7.333333  0.464588  0
7.360000  0.463741  0
7.386667  0.462894  0
7.413333  0.462046  0
7.440000  0.461199  0
7.466667  0.460352  0
7.493333  0.459504  0
7.520000  0.458657  0
7.546667  0.457810  0
7.573333  0.456962  0
7.600000  0.456566  0
7.626667  0.456280  0
7.653333  0.455995  0
7.680000  0.455709  0
7.706667  0.455423  0
7.733333  0.455137  0
7.760000  0.454851  0
7.786667  0.454565  0
7.813333  0.454280  0
7.840000  0.453994  0
7.866667  0.453708  0
7.893333  0.453422  0
7.920000  0.453136  0
7.946667  0.452850  0
7.973333  0.452565  0
8.000000  0.452279  0
8.026667  0.451993  0
8.053333  0.451707  0
8.080000  0.451421  0
8.106667  0.451135  0
8.133333  0.450850  0
8.160000  0.450564  0
8.186667  0.450278  0
8.213333  0.449992  0
8.240000  0.449706  0
8.266667  0.449420  0
8.293333  0.449135  0
8.320000  0.448849  0
8.346667  0.448563  0
8.373333  0.448277  0
8.400000  0.447991  0
8.426667  0.447705  0
8.453333  0.447419  0
8.480000  0.447134  0
8.506667  0.446848  0
8.533333  0.446562  0
8.560000  0.446276  0
8.586667  0.445990  0
8.613333  0.445704  0
8.640000  0.445419  0
8.666667  0.445133  0
8.693333  0.444847  0
8.720000  0.444561  0
8.746667  0.444275  0
8.773333  0.443989  0
8.800000  0.443704  0
8.826667  0.443418  0
8.853333  0.443132  0
8.880000  0.442846  0
8.906667  0.442560  0
8.933333  0.442274  0
8.960000  0.441989  0
8.986667  0.441703  0
9.013333  0.441417  0
9.040000  0.441131  0
9.066667  0.440845  0
9.093333  0.440559  0
9.120000  0.440274  0
9.146667  0.439988  0
9.173333  0.439702  0
9.200000  0.439416  0
9.226667  0.439130  0
9.253333  0.438844  0
9.280000  0.438559  0
9.306667  0.438274  0
9.333333  0.438009  0
9.360000  0.437743  0
9.386667  0.437478  0
9.413333  0.437212  0
9.440000  0.436947  0
9.466667  0.436681  0
9.493333  0.436415  0
9.520000  0.436150  0
9.546667  0.435884  0
9.573333  0.435619  0
9.600000  0.435353  0
9.626667  0.435087  0
9.653333  0.434822  0
9.680000  0.434556  0
9.706667  0.434291  0
9.733333  0.434025  0
9.760000  0.433760  0
9.786667  0.433494  0
9.813333  0.433228  0
9.840000  0.432963  0
9.866667  0.432697  0
9.893333  0.432432  0
9.920000  0.432166  0
9.946667  0.431901  0
9.973333  0.431635  0
10.000000  0.431369  0
10.026667  0.431104  0
10.053333  0.430838  0
10.080000  0.430573  0
10.106667  0.430307  0
10.133333  0.430042  0
10.160000  0.429776  0
10.186667  0.429510  0
10.213333  0.429245  0
10.240000  0.428979  0
10.266667  0.428714  0
10.293333  0.428448  0
10.320000  0.428183  0
10.346667  0.427917  0
10.373333  0.427651  0
10.400000  0.427386  0
10.426667  0.427120  0
10.453333  0.426855  0
10.480000  0.426589  0
10.506667  0.426324  0
10.533333  0.426058  0
10.560000  0.425792  0
10.586667  0.425527  0
10.613333  0.425261  0
10.640000  0.424996  0
10.666667  0.424730  0
10.693333  0.424465  0
10.720000  0.424199  0
10.746667  0.423933  0
10.773333  0.423668  0
10.800000  0.423402  0
10.826667  0.423137  0
10.853333  0.422871  0
10.880000  0.422606  0
10.906667  0.422340  0
10.933333  0.422074  0
10.960000  0.421809  0
10.986667  0.421543  0
11.013333  0.421278  0
11.040000  0.421012  0
11.066667  0.420747  0
11.093333  0.420481  0
11.120000  0.420215  0
11.146667  0.419950  0
11.173333  0.419684  0
11.200000  0.419419  0
11.226667  0.419153  0
11.253333  0.418888  0
11.280000  0.418622  0
11.306667  0.418356  0
11.333333  0.418091  0
11.360000  0.417825  0
11.386667  0.417560  0
11.413333  0.417294  0
11.440000  0.417029  0
11.466667  0.416763  0
11.493333  0.416497  0
11.520000  0.416232  0
11.546667  0.415966  0
11.573333  0.415701  0
11.600000  0.415435  0
11.626667  0.415170  0
11.653333  0.414904  0
11.680000  0.414638  0
11.706667  0.414373  0
11.733333  0.414107  0
11.760000  0.413842  0
11.786667  0.413576  0
11.813333  0.413311  0
11.840000  0.413045  0
11.866667  0.412779  0
11.893333  0.412514  0
11.920000  0.412248  0
11.946667  0.411983  0
11.973333  0.411717  0
12.000000  0.411451  0
12.026667  0.411186  0
12.053333  0.410920  0
12.080000  0.410655  0
12.106667  0.410755  0
12.133333  0.411104  0
12.160000  0.411453  0
12.186667  0.411802  0
12.213333  0.412151  0
12.240000  0.412499  0
12.266667  0.412848  0
12.293333  0.413197  0
12.320000  0.413546  0
12.346667  0.413895  0
12.373333  0.414244  0
12.400000  0.414593  0
12.426667  0.414942  0
12.453333  0.415291  0
12.480000  0.415639  0
12.506667  0.415988  0
12.533333  0.416337  0
12.560000  0.416686  0
12.586667  0.417035  0
12.613333  0.417384  0
12.640000  0.417733  0
12.666667  0.418082  0
12.693333  0.418431  0
12.720000  0.418779  0
12.746667  0.419128  0
12.773333  0.419477  0
12.800000  0.419818  0
12.826667  0.420065  0
12.853333  0.420312  0
12.880000  0.420559  0
12.906667  0.420806  0
12.933333  0.421053  0
12.960000  0.421300  0
12.986667  0.421548  0
13.013333  0.421795  0
13.040000  0.422042  0
13.066667  0.422289  0
13.093333  0.422536  0
13.120000  0.422783  0
13.146667  0.423030  0
13.173333  0.423277  0
13.200000  0.423525  0
13.226667  0.423772  0
13.253333  0.424019  0
13.280000  0.424266  0
13.306667  0.424393  0
13.333333  0.424315  0
13.360000  0.424237  0
13.386667  0.424159  0
13.413333  0.424081  0
13.440000  0.424003  0
13.466667  0.423925  0
13.493333  0.423847  0
13.520000  0.423769  0
13.546667  0.423691  0
13.573333  0.423613  0
13.600000  0.423535  0
13.626667  0.423457  0
13.653333  0.423379  0
13.680000  0.423301  0
13.706667  0.423222  0
13.733333  0.423144  0
13.760000  0.423066  0
13.786667  0.422988  0
13.813333  0.422910  0
13.840000  0.422832  0
13.866667  0.422754  0
13.893333  0.422676  0
13.920000  0.422598  0
13.946667  0.422520  0
13.973333  0.422442  0
14.000000  0.422364  0
14.026667  0.422286  0
14.053333  0.422208  0
14.080000  0.422130  0
14.106667  0.422052  0
14.133333  0.421974  0
14.160000  0.421896  0
14.186667  0.421818  0
14.213333  0.421740  0
14.240000  0.421662  0
14.266667  0.421584  0
14.293333  0.421506  0
14.320000  0.421428  0
14.346667  0.421349  0
14.373333  0.421271  0
14.400000  0.421193  0
14.426667  0.421115  0
14.453333  0.421037  0
14.480000  0.420959  0
14.506667  0.420881  0
14.533333  0.420803  0
14.560000  0.420725  0
14.586667  0.420647  0
14.613333  0.420569  0
14.640000  0.420491  0
14.666667  0.420413  0
14.693333  0.420335  0
14.720000  0.420257  0
14.746667  0.420179  0
14.773333  0.420101  0
14.800000  0.420023  0
14.826667  0.419945  0
14.853333  0.419867  0
14.880000  0.419770  0
14.906667  0.419520  0
14.933333  0.419269  0
14.960000  0.419018  0
14.986667  0.418768  0
15.013333  0.418517  0
15.040000  0.418267  0
15.066667  0.418016  0
15.093333  0.417765  0
15.120000  0.417515  0
15.146667  0.417264  0
15.173333  0.417013  0
15.200000  0.416763  0
15.226667  0.416512  0
15.253333  0.416262  0
15.280000  0.416011  0
15.306667  0.415760  0
15.333333  0.415510  0
15.360000  0.415259  0
15.386667  0.415009  0
15.413333  0.414758  0
15.440000  0.414507  0
15.466667  0.414257  0
15.493333  0.414006  0
15.520000  0.413755  0
15.546667  0.413505  0
15.573333  0.413254  0
15.600000  0.413004  0
15.626667  0.412753  0
15.653333  0.412502  0
15.680000  0.412252  0
15.706667  0.412001  0
15.733333  0.411751  0
15.760000  0.411500  0
15.786667  0.411249  0
15.813333  0.410999  0
15.840000  0.410748  0
15.866667  0.410498  0
15.893333  0.410247  0
15.920000  0.409996  0
15.946667  0.409746  0
15.973333  0.409495  0
16.000000  0.409244  0
16.026667  0.408994  0
16.053333  0.408743  0
16.080000  0.408493  0
16.106667  0.408242  0
16.133333  0.407991  0
16.160000  0.407741  0
16.186667  0.407490  0
16.213333  0.407240  0
16.240000  0.406989  0
16.266667  0.406738  0
16.293333  0.406488  0
16.320000  0.406237  0
16.346667  0.405987  0
16.373333  0.405736  0
16.400000  0.405485  0
16.426667  0.405235  0
16.453333  0.404984  0
16.480000  0.404733  0
16.506667  0.404483  0
16.533333  0.404232  0
16.560000  0.403982  0
16.586667  0.403731  0
16.613333  0.403480  0
16.640000  0.403230  0
16.666667  0.402979  0
16.693333  0.402729  0
16.720000  0.402478  0
16.746667  0.402227  0
16.773333  0.401977  0
16.800000  0.401726  0
16.826667  0.401476  0
16.853333  0.401225  0
16.880000  0.400974  0
16.906667  0.400724  0
16.933333  0.400473  0
16.960000  0.400222  0
16.986667  0.399972  0
17.013333  0.399721  0
17.040000  0.399471  0
17.066667  0.399220  0
17.093333  0.398969  0
17.120000  0.398719  0
17.146667  0.398468  0
17.173333  0.398218  0
17.200000  0.397967  0
17.226667  0.397716  0
17.253333  0.397466  0
17.280000  0.397215  0
17.306667  0.396965  0
17.333333  0.396714  0
17.360000  0.396463  0
17.386667  0.396213  0
17.413333  0.395962  0
17.440000  0.395711  0
17.466667  0.395461  0
17.493333  0.395210  0
17.520000  0.394960  0
17.546667  0.394709  0
17.573333  0.394458  0
17.600000  0.394208  0
17.626667  0.393957  0
17.653333  0.393707  0
17.680000  0.393456  0
17.706667  0.393205  0
17.733333  0.392955  0
17.760000  0.392704  0
17.786667  0.392454  0
17.813333  0.392203  0
17.840000  0.392053  0
17.866667  0.392066  0
17.893333  0.392078  0
17.920000  0.392091  0
17.946667  0.392104  0
17.973333  0.392117  0
18.000000  0.392130  0
18.026667  0.392143  0
18.053333  0.392155  0
18.080000  0.392168  0
18.106667  0.392181  0
18.133333  0.392194  0
18.160000  0.392207  0
18.186667  0.392220  0
18.213333  0.392232  0
18.240000  0.392245  0
18.266667  0.392258  0
18.293333  0.392271  0
18.320000  0.392284  0
18.346667  0.392297  0
18.373333  0.392309  0
18.400000  0.392322  0
18.426667  0.392335  0
18.453333  0.392348  0
18.480000  0.392361  0
18.506667  0.392374  0
18.533333  0.392386  0
18.560000  0.392399  0
18.586667  0.392412  0
18.613333  0.392425  0
18.640000  0.392438  0
18.666667  0.392451  0
18.693333  0.392463  0
18.720000  0.392476  0
18.746667  0.392489  0
18.773333  0.392502  0
18.800000  0.392515  0
18.826667  0.392528  0
18.853333  0.392541  0
18.880000  0.392553  0
18.906667  0.392566  0
18.933333  0.392579  0
18.960000  0.392592  0
18.986667  0.392605  0
19.013333  0.392618  0
19.040000  0.392630  0
19.066667  0.392643  0
19.093333  0.392656  0
19.120000  0.392669  0
19.146667  0.392682  0
19.173333  0.392695  0
19.200000  0.392707  0
19.226667  0.392720  0
19.253333  0.392733  0
19.280000  0.392746  0
19.306667  0.392759  0
19.333333  0.392772  0
19.360000  0.392784  0
19.386667  0.392797  0
19.413333  0.392810  0
19.440000  0.392823  0
19.466667  0.392836  0
19.493333  0.392849  0
19.520000  0.392861  0
19.546667  0.392874  0
19.573333  0.392887  0
19.600000  0.392900  0
19.626667  0.392913  0
19.653333  0.392926  0
19.680000  0.392938  0
19.706667  0.392951  0
19.733333  0.392964  0
19.760000  0.392977  0
19.786667  0.392990  0
19.813333  0.393003  0
19.840000  0.393016  0
19.866667  0.393028  0
19.893333  0.393041  0
19.920000  0.393054  0
19.946667  0.393067  0
19.973333  0.393080  0
20.000000  0.393093  0
20.026667  0.393105  0
20.053333  0.393118  0
20.080000  0.393131  0
20.106667  0.393144  0
20.133333  0.393157  0
20.160000  0.393170  0
20.186667  0.393182  0
20.213333  0.393195  0
20.240000  0.393208  0
20.266667  0.393221  0
20.293333  0.393234  0
20.320000  0.393247  0
20.346667  0.393259  0
20.373333  0.393272  0
20.400000  0.393285  0
20.426667  0.393298  0
20.453333  0.393311  0
20.480000  0.393324  0
20.506667  0.393336  0
20.533333  0.393349  0
20.560000  0.393362  0
20.586667  0.393375  0
20.613333  0.393388  0
20.640000  0.393401  0
20.666667  0.393414  0
20.693333  0.393426  0
20.720000  0.393439  0
20.746667  0.393452  0
20.773333  0.393465  0
20.800000  0.393478  0
20.826667  0.393491  0
20.853333  0.393503  0
20.880000  0.393516  0
20.906667  0.393529  0
20.933333  0.393542  0
20.960000  0.393555  0
20.986667  0.393568  0
21.013333  0.393580  0
21.040000  0.393593  0
21.066667  0.393606  0
21.093333  0.393619  0
21.120000  0.393632  0
21.146667  0.393645  0
21.173333  0.393657  0
21.200000  0.393670  0
21.226667  0.393683  0
21.253333  0.393696  0
21.280000  0.393709  0
21.306667  0.393722  0
21.333333  0.393734  0
21.360000  0.393747  0
21.386667  0.393760  0
21.413333  0.393773  0
21.440000  0.393786  0
21.466667  0.393799  0
21.493333  0.393811  0
21.520000  0.393824  0
21.546667  0.393837  0
21.573333  0.393850  0
21.600000  0.393863  0
21.626667  0.393876  0
21.653333  0.393889  0
21.680000  0.393901  0
21.706667  0.393914  0
21.733333  0.393927  0
21.760000  0.393940  0
21.786667  0.393953  0
21.813333  0.393966  0
21.840000  0.393978  0
21.866667  0.393991  0
21.893333  0.394004  0
21.920000  0.394017  0
21.946667  0.394030  0
21.973333  0.394043  0
22.000000  0.394055  0
22.026667  0.394068  0
22.053333  0.394081  0
22.080000  0.394094  0
22.106667  0.394107  0
22.133333  0.394120  0
22.160000  0.394132  0
22.186667  0.394145  0
22.213333  0.394158  0
22.240000  0.394171  0
22.266667  0.394184  0
22.293333  0.394197  0
22.320000  0.394209  0
22.346667  0.394222  0
22.373333  0.394235  0
22.400000  0.394248  0
22.426667  0.394261  0
22.453333  0.394274  0
22.480000  0.394286  0
22.506667  0.394299  0
22.533333  0.394312  0
22.560000  0.394325  0
22.586667  0.394338  0
22.613333  0.394351  0
