3.813333  0.873684  0
3.840000  0.868948  0
3.866667  0.864213  0
3.893333  0.859477  0
3.920000  0.854742  0
3.946667  0.850006  0
3.973333  0.845270  0
4.000000  0.840535  0
4.026667  0.835799  0
4.053333  0.831067  0
4.080000  0.826386  0
4.106667  0.821953  0
4.133333  0.818038  0
4.160000  0.814616  0
4.186667  0.811414  0
4.213333  0.808253  0
4.240000  0.805096  0
4.266667  0.801939  0
4.293333  0.798782  0
4.320000  0.795625  0
4.346667  0.792468  0
4.373333  0.789311  0
4.400000  0.786154  0
4.426667  0.782996  0
4.453333  0.779839  0
4.480000  0.776682  0
4.506667  0.773525  0
4.533333  0.770368  0
4.560000  0.767212  0
4.586667  0.764063  0
4.613333  0.760957  0
4.640000  0.757957  0
4.666667  0.755076  0
4.693333  0.752256  0
4.720000  0.749448  0
4.746667  0.746642  0
4.773333  0.743836  0
4.800000  0.741029  0
4.826667  0.738223  0
4.853333  0.735417  0
4.880000  0.732610  0
4.906667  0.729804  0
4.933333  0.726998  0
4.960000  0.724192  0
4.986667  0.721385  0
5.013333  0.718579  0
5.040000  0.715773  0
5.066667  0.712966  0
5.093333  0.710160  0
5.120000  0.707354  0
5.146667  0.704547  0
5.173333  0.701743  0
5.200000  0.698955  0
5.226667  0.696266  0
5.253333  0.693823  0
5.280000  0.691668  0
5.306667  0.689662  0
5.333333  0.687686  0
5.360000  0.685713  0
5.386667  0.683740  0
5.413333  0.681766  0
5.440000  0.679793  0
5.466667  0.677820  0
5.493333  0.675847  0
5.520000  0.673874  0
5.546667  0.671900  0
5.573333  0.669927  0
5.600000  0.667954  0
5.626667  0.665981  0
5.653333  0.664008  0
5.680000  0.662035  0
5.706667  0.660061  0
5.733333  0.658091  0
5.760000  0.656152  0
5.786667  0.654356  0
5.813333  0.652810  0
5.840000  0.651436  0
5.866667  0.650113  0
5.893333  0.648797  0
5.920000  0.647482  0
5.946667  0.646167  0
5.973333  0.644851  0
6.000000  0.643536  0
6.026667  0.642220  0
6.053333  0.640905  0
6.080000  0.639589  0
6.106667  0.638274  0
6.133333  0.636958  0
6.160000  0.635643  0
6.186667  0.634327  0
6.213333  0.633012  0
6.240000  0.631697  0
6.266667  0.630381  0
6.293333  0.629066  0
6.320000  0.627750  0
6.346667  0.626435  0
6.373333  0.625119  0
6.400000  0.623804  0
6.426667  0.622488  0
6.453333  0.621173  0
6.480000  0.619857  0
6.506667  0.618542  0
6.533333  0.617227  0
6.560000  0.615915  0
6.586667  0.614626  0
6.613333  0.613408  0
6.640000  0.612288  0
6.666667  0.611223  0
6.693333  0.610169  0
6.720000  0.609117  0
6.746667  0.608065  0
6.773333  0.607012  0
6.800000  0.605960  0
6.826667  0.604908  0
6.853333  0.603855  0
6.880000  0.602803  0
6.906667  0.601751  0
6.933333  0.600698  0
6.960000  0.599646  0
6.986667  0.598593  0
7.013333  0.597541  0
7.040000  0.596489  0
7.066667  0.595436  0
7.093333  0.594384  0
7.120000  0.593332  0
7.146667  0.592279  0
7.173333  0.591227  0
7.200000  0.590175  0
7.226667  0.589122  0
7.253333  0.588070  0
7.280000  0.587017  0
7.306667  0.585965  0
7.333333  0.584913  0
7.360000  0.583860  0
7.386667  0.582808  0
7.413333  0.581756  0
7.440000  0.580703  0
7.466667  0.579651  0
7.493333  0.578599  0
7.520000  0.577546  0
7.546667  0.576494  0
7.573333  0.575443  0
7.600000  0.574412  0
7.626667  0.573473  0
7.653333  0.572699  0
7.680000  0.572047  0
7.706667  0.571436  0
7.733333  0.570831  0
7.760000  0.570226  0
7.786667  0.569622  0
7.813333  0.569017  0
7.840000  0.568412  0
7.866667  0.567808  0
7.893333  0.567203  0
7.920000  0.566599  0
7.946667  0.565994  0
7.973333  0.565390  0
8.000000  0.564785  0
8.026667  0.564181  0
8.053333  0.563576  0
8.080000  0.562971  0
8.106667  0.562367  0
8.133333  0.561762  0
8.160000  0.561158  0
8.186667  0.560553  0
8.213333  0.559949  0
8.240000  0.559344  0
8.266667  0.558740  0
8.293333  0.558135  0
8.320000  0.557531  0
8.346667  0.556926  0
8.373333  0.556321  0
8.400000  0.555717  0
8.426667  0.555112  0
8.453333  0.554508  0
8.480000  0.553903  0
8.506667  0.553299  0
8.533333  0.552694  0
8.560000  0.552090  0
8.586667  0.551485  0
8.613333  0.550880  0
8.640000  0.550276  0
8.666667  0.549671  0
8.693333  0.549067  0
8.720000  0.548462  0
8.746667  0.547858  0
8.773333  0.547253  0
8.800000  0.546649  0
8.826667  0.546044  0
8.853333  0.545440  0
8.880000  0.544835  0
8.906667  0.544230  0
8.933333  0.543626  0
8.960000  0.543021  0
8.986667  0.542417  0
9.013333  0.541812  0
9.040000  0.541208  0
9.066667  0.540603  0
9.093333  0.539999  0
9.120000  0.539394  0
9.146667  0.538790  0
9.173333  0.538186  0
9.200000  0.537595  0
9.226667  0.537063  0
9.253333  0.536644  0
9.280000  0.536318  0
9.306667  0.536030  0
9.333333  0.535747  0
9.360000  0.535465  0
9.386667  0.535183  0
9.413333  0.534901  0
9.440000  0.534620  0
9.466667  0.534338  0
9.493333  0.534056  0
9.520000  0.533774  0
9.546667  0.533492  0
9.573333  0.533210  0
9.600000  0.532928  0
9.626667  0.532646  0
9.653333  0.532365  0
9.680000  0.532083  0
9.706667  0.531801  0
9.733333  0.531519  0
9.760000  0.531237  0
9.786667  0.530955  0
9.813333  0.530673  0
9.840000  0.530391  0
9.866667  0.530109  0
9.893333  0.529828  0
9.920000  0.529546  0
9.946667  0.529264  0
9.973333  0.528982  0
10.000000  0.528700  0
10.026667  0.528418  0
10.053333  0.528136  0
10.080000  0.527854  0
10.106667  0.527573  0
10.133333  0.527291  0
10.160000  0.527009  0
10.186667  0.526727  0
10.213333  0.526445  0
10.240000  0.526163  0
10.266667  0.525881  0
10.293333  0.525599  0
10.320000  0.525317  0
10.346667  0.525036  0
10.373333  0.524754  0
10.400000  0.524472  0
10.426667  0.524190  0
10.453333  0.523908  0
10.480000  0.523626  0
10.506667  0.523344  0
10.533333  0.523062  0
10.560000  0.522781  0
10.586667  0.522499  0
10.613333  0.522217  0
10.640000  0.521935  0
10.666667  0.521653  0
10.693333  0.521371  0
10.720000  0.521089  0
10.746667  0.520807  0
10.773333  0.520525  0
10.800000  0.520244  0
10.826667  0.519962  0
10.853333  0.519680  0
10.880000  0.519398  0
10.906667  0.519116  0
10.933333  0.518834  0
10.960000  0.518552  0
10.986667  0.518270  0
11.013333  0.517988  0
11.040000  0.517707  0
11.066667  0.517425  0
11.093333  0.517144  0
11.120000  0.516868  0
11.146667  0.516616  0
11.173333  0.516398  0
11.200000  0.516202  0
11.226667  0.516010  0
11.253333  0.515819  0
11.280000  0.515628  0
11.306667  0.515436  0
11.333333  0.515245  0
11.360000  0.515054  0
11.386667  0.514862  0
11.413333  0.514671  0
11.440000  0.514480  0
11.466667  0.514288  0
11.493333  0.514097  0
11.520000  0.513906  0
11.546667  0.513714  0
11.573333  0.513523  0
11.600000  0.513332  0
11.626667  0.513140  0
11.653333  0.512949  0
11.680000  0.512757  0
11.706667  0.512566  0
11.733333  0.512375  0
11.760000  0.512183  0
11.786667  0.511992  0
11.813333  0.511801  0
11.840000  0.511609  0
11.866667  0.511418  0
11.893333  0.511227  0
11.920000  0.511035  0
11.946667  0.510844  0
11.973333  0.510653  0
12.000000  0.510461  0
12.026667  0.510270  0
12.053333  0.510079  0
12.080000  0.509887  0
12.106667  0.509696  0
12.133333  0.509505  0
12.160000  0.509313  0
12.186667  0.509122  0
12.213333  0.508931  0
12.240000  0.508739  0
12.266667  0.508548  0
12.293333  0.508357  0
12.320000  0.508165  0
12.346667  0.507974  0
12.373333  0.507783  0
12.400000  0.507591  0
12.426667  0.507400  0
12.453333  0.507209  0
12.480000  0.507017  0
12.506667  0.506826  0
12.533333  0.506635  0
12.560000  0.506443  0
12.586667  0.506252  0
12.613333  0.506061  0
12.640000  0.505869  0
12.666667  0.505678  0
12.693333  0.505487  0
12.720000  0.505295  0
12.746667  0.505104  0
12.773333  0.504913  0
12.800000  0.504721  0
12.826667  0.504530  0
12.853333  0.504339  0
12.880000  0.504147  0
12.906667  0.503956  0
12.933333  0.503765  0
12.960000  0.503573  0
12.986667  0.503382  0
13.013333  0.503191  0
13.040000  0.502999  0
13.066667  0.502808  0
13.093333  0.502617  0
13.120000  0.502425  0
13.146667  0.502234  0
13.173333  0.502043  0
13.200000  0.501851  0
13.226667  0.501660  0
13.253333  0.501468  0
13.280000  0.501277  0
13.306667  0.501086  0
13.333333  0.500895  0
13.360000  0.500706  0
13.386667  0.500530  0
13.413333  0.500377  0
13.440000  0.500245  0
13.466667  0.500122  0
13.493333  0.500001  0
13.520000  0.499879  0
13.546667  0.499758  0
13.573333  0.499636  0
13.600000  0.499515  0
13.626667  0.499394  0
13.653333  0.499272  0
13.680000  0.499151  0
13.706667  0.499029  0
13.733333  0.498908  0
13.760000  0.498786  0
13.786667  0.498665  0
13.813333  0.498544  0
13.840000  0.498422  0
13.866667  0.498301  0
13.893333  0.498179  0
13.920000  0.498058  0
13.946667  0.497936  0
13.973333  0.497815  0
14.000000  0.497694  0
14.026667  0.497572  0
14.053333  0.497451  0
14.080000  0.497329  0
14.106667  0.497208  0
14.133333  0.497087  0
14.160000  0.496965  0
14.186667  0.496844  0
14.213333  0.496722  0
14.240000  0.496601  0
14.266667  0.496479  0
14.293333  0.496358  0
14.320000  0.496237  0
14.346667  0.496115  0
14.373333  0.495994  0
14.400000  0.495872  0
14.426667  0.495751  0
14.453333  0.495629  0
14.480000  0.495508  0
14.506667  0.495387  0
14.533333  0.495265  0
14.560000  0.495144  0
14.586667  0.495022  0
14.613333  0.494901  0
14.640000  0.494779  0
14.666667  0.494658  0
14.693333  0.494537  0
14.720000  0.494415  0
14.746667  0.494294  0
14.773333  0.494172  0
14.800000  0.494051  0
14.826667  0.493929  0
14.853333  0.493808  0
14.880000  0.493687  0
14.906667  0.493565  0
14.933333  0.493444  0
14.960000  0.493322  0
14.986667  0.493201  0
15.013333  0.493079  0
15.040000  0.492958  0
15.066667  0.492837  0
15.093333  0.492716  0
15.120000  0.492602  0
15.146667  0.492524  0
19.786667  0.625554  1
19.813333  0.625366  1
19.840000  0.625178  1
19.866667  0.624990  1
19.893333  0.624802  1
19.920000  0.624614  1
19.946667  0.624426  1
19.973333  0.624238  1
20.000000  0.624051  1
20.026667  0.623863  1
20.053333  0.623675  1
20.080000  0.623487  1
20.106667  0.623299  1
20.133333  0.623111  1
20.160000  0.622923  1
20.186667  0.622735  1
20.213333  0.622548  1
20.240000  0.622360  1
20.266667  0.622172  1
20.293333  0.621984  1
20.320000  0.621796  1
20.346667  0.621608  1
20.373333  0.621420  1
20.400000  0.621232  1
20.426667  0.621044  1
20.453333  0.620857  1
20.480000  0.620669  1
20.506667  0.620481  1
20.533333  0.620293  1
20.560000  0.620105  1
20.586667  0.619917  1
20.613333  0.619729  1
20.640000  0.619541  1
20.666667  0.619354  1
20.693333  0.619166  1
20.720000  0.618978  1
20.746667  0.618790  1
20.773333  0.618602  1
20.800000  0.618414  1
20.826667  0.618226  1
20.853333  0.618038  1
20.880000  0.617851  1
20.906667  0.617663  1
20.933333  0.617475  1
20.960000  0.617287  1
20.986667  0.617099  1
21.013333  0.616911  1
21.040000  0.616723  1
21.066667  0.616535  1
21.093333  0.616347  1
21.120000  0.616160  1
21.146667  0.615972  1
21.173333  0.615784  1
21.200000  0.615596  1
21.226667  0.615408  1
21.253333  0.615220  1
21.280000  0.615032  1
21.306667  0.614844  1
21.333333  0.614657  1
21.360000  0.614469  1
21.386667  0.614281  1
21.413333  0.614093  1
21.440000  0.613905  1
21.466667  0.613717  1
21.493333  0.613529  1
21.520000  0.613341  1
21.546667  0.613154  1
21.573333  0.612966  1
21.600000  0.612778  1
21.626667  0.612590  1
21.653333  0.612402  1
21.680000  0.612214  1
21.706667  0.612026  1
21.733333  0.611838  1
21.760000  0.611650  1
21.786667  0.611463  1
21.813333  0.611275  1
21.840000  0.611087  1
21.866667  0.610899  1
21.893333  0.610711  1
21.920000  0.610523  1
21.946667  0.610335  1
21.973333  0.610147  1
22.000000  0.609960  1
22.026667  0.609772  1
22.053333  0.609584  1
22.080000  0.609396  1
22.106667  0.609208  1
22.133333  0.609020  1
22.160000  0.608832  1
22.186667  0.608644  1
22.213333  0.608457  1
22.240000  0.608269  1
22.266667  0.608081  1
22.293333  0.607893  1
22.320000  0.607705  1
22.346667  0.607517  1
22.373333  0.607329  1
22.400000  0.607141  1
22.426667  0.606953  1
22.453333  0.606766  1
22.480000  0.606578  1
22.506667  0.606390  1
22.533333  0.606202  1
22.560000  0.606014  1
22.586667  0.605826  1
22.613333  0.605638  1
22.640000  0.605450  1
15.013333  0.847472  2
15.040000  0.846960  2
15.066667  0.846449  2
15.093333  0.845938  2
15.120000  0.845427  2
15.146667  0.844916  2
15.173333  0.844405  2
15.200000  0.843894  2
15.226667  0.843383  2
15.253333  0.842871  2
15.280000  0.842360  2
15.306667  0.841849  2
15.333333  0.841338  2
15.360000  0.840827  2
15.386667  0.840316  2
15.413333  0.839805  2
15.440000  0.839294  2
15.466667  0.838783  2
15.493333  0.838271  2
15.520000  0.837760  2
15.546667  0.837249  2
15.573333  0.836738  2
15.600000  0.836227  2
15.626667  0.835716  2
15.653333  0.835205  2
15.680000  0.834694  2
15.706667  0.834182  2
15.733333  0.833671  2
15.760000  0.833160  2
15.786667  0.832649  2
15.813333  0.832138  2
15.840000  0.831627  2
15.866667  0.831116  2
15.893333  0.830605  2
15.920000  0.830093  2
15.946667  0.829582  2
15.973333  0.829071  2
16.000000  0.828560  2
16.026667  0.828049  2
16.053333  0.827538  2
16.080000  0.827027  2
16.106667  0.826516  2
16.133333  0.826005  2
16.160000  0.825493  2
16.186667  0.824982  2
16.213333  0.824471  2
16.240000  0.823960  2
16.266667  0.823449  2
16.293333  0.822938  2
16.320000  0.822427  2
16.346667  0.821916  2
16.373333  0.821404  2
16.400000  0.820893  2
16.426667  0.820382  2
16.453333  0.819871  2
16.480000  0.819360  2
16.506667  0.818849  2
16.533333  0.818338  2
16.560000  0.817827  2
16.586667  0.817315  2
16.613333  0.816804  2
16.640000  0.816293  2
16.666667  0.815782  2
16.693333  0.815271  2
16.720000  0.814760  2
16.746667  0.814249  2
16.773333  0.813738  2
16.800000  0.813227  2
16.826667  0.812715  2
16.853333  0.812204  2
16.880000  0.811693  2
16.906667  0.811182  2
16.933333  0.810671  2
16.960000  0.810160  2
16.986667  0.809649  2
17.013333  0.809138  2
17.040000  0.808626  2
17.066667  0.808115  2
17.093333  0.807604  2
17.120000  0.807093  2
17.146667  0.806582  2
17.173333  0.806071  2
17.200000  0.805560  2
17.226667  0.805049  2
17.253333  0.804537  2
17.280000  0.804026  2
17.306667  0.803515  2
17.333333  0.803004  2
17.360000  0.802493  2
17.386667  0.801982  2
17.413333  0.801471  2
17.440000  0.800960  2
17.466667  0.800449  2
17.493333  0.799937  2
17.520000  0.799426  2
17.546667  0.798915  2
17.573333  0.798404  2
17.600000  0.797893  2
17.626667  0.797382  2
17.653333  0.796871  2
17.680000  0.796360  2
17.706667  0.795848  2
17.733333  0.795337  2
17.760000  0.794826  2
17.786667  0.794315  2
17.813333  0.793804  2
17.840000  0.793293  2
17.866667  0.792782  2
17.893333  0.792271  2
17.920000  0.791759  2
17.946667  0.791248  2
17.973333  0.790737  2
18.000000  0.790226  2
18.026667  0.789715  2
18.053333  0.789204  2
18.080000  0.788693  2
18.106667  0.788182  2
18.133333  0.787671  2
18.160000  0.787159  2
18.186667  0.786648  2
18.213333  0.786137  2
18.240000  0.785626  2
18.266667  0.785115  2
18.293333  0.784604  2
18.320000  0.784093  2
18.346667  0.783582  2
18.373333  0.783070  2
18.400000  0.782559  2
18.426667  0.782048  2
18.453333  0.781537  2
18.480000  0.781026  2
18.506667  0.780515  2
18.533333  0.780004  2
18.560000  0.779493  2
18.586667  0.778981  2
18.613333  0.778470  2
18.640000  0.777959  2
18.666667  0.777448  2
18.693333  0.776937  2
18.720000  0.776426  2
18.746667  0.775915  2
18.773333  0.775404  2
18.800000  0.774893  2
18.826667  0.774381  2
18.853333  0.773870  2
18.880000  0.773359  2
18.906667  0.772848  2
18.933333  0.772337  2
18.960000  0.771826  2
18.986667  0.771315  2
