2.960000  0.894891  0
2.986667  0.892523  0
3.013333  0.890156  0
3.040000  0.887789  0
3.066667  0.885422  0
3.093333  0.883054  0
3.120000  0.880687  0
3.146667  0.878320  0
3.173333  0.875952  0
3.200000  0.873585  0
3.226667  0.871218  0
3.253333  0.868851  0
3.280000  0.866483  0
3.306667  0.864116  0
3.333333  0.861749  0
3.360000  0.859381  0
3.386667  0.857014  0
3.413333  0.854647  0
3.440000  0.852279  0
3.466667  0.849912  0
3.493333  0.847545  0
3.520000  0.845178  0
3.546667  0.842810  0
3.573333  0.840443  0
3.600000  0.838076  0
3.626667  0.835708  0
3.653333  0.833341  0
3.680000  0.830974  0
3.706667  0.828607  0
3.733333  0.826239  0
3.760000  0.823872  0
3.786667  0.821505  0
3.813333  0.819137  0
3.840000  0.816770  0
3.866667  0.814403  0
3.893333  0.812035  0
3.920000  0.809668  0
3.946667  0.807301  0
3.973333  0.804934  0
4.000000  0.802566  0
4.026667  0.800199  0
4.053333  0.797832  0
4.080000  0.795464  0
4.106667  0.793097  0
4.133333  0.790730  0
4.160000  0.788363  0
4.186667  0.785995  0
4.213333  0.783628  0
4.240000  0.781261  0
4.266667  0.778893  0
4.293333  0.776526  0
4.320000  0.774159  0
4.346667  0.771791  0
4.373333  0.769424  0
4.400000  0.767057  0
4.426667  0.764963  0
4.453333  0.762879  0
4.480000  0.760796  0
4.506667  0.758713  0
4.533333  0.756630  0
4.560000  0.754546  0
4.586667  0.752463  0
4.613333  0.750380  0
4.640000  0.748297  0
4.666667  0.746214  0
4.693333  0.744130  0
4.720000  0.742047  0
4.746667  0.739964  0
4.773333  0.737881  0
4.800000  0.735797  0
4.826667  0.733714  0
4.853333  0.731631  0
4.880000  0.729548  0
4.906667  0.727465  0
4.933333  0.725381  0
4.960000  0.723298  0
4.986667  0.721215  0
5.013333  0.719132  0
5.040000  0.717049  0
5.066667  0.714965  0
5.093333  0.712882  0
5.120000  0.710799  0
5.146667  0.708716  0
5.173333  0.706632  0
5.200000  0.704549  0
5.226667  0.702466  0
5.253333  0.700383  0
5.280000  0.698300  0
5.306667  0.696216  0
5.333333  0.694133  0
5.360000  0.692050  0
5.386667  0.689967  0
5.413333  0.687883  0
5.440000  0.685800  0
5.466667  0.683717  0
5.493333  0.681634  0
5.520000  0.679551  0
5.546667  0.677720  0
5.573333  0.676437  0
5.600000  0.675155  0
5.626667  0.673873  0
5.653333  0.672590  0
5.680000  0.671308  0
5.706667  0.670026  0
5.733333  0.668744  0
5.760000  0.667461  0
5.786667  0.666179  0
5.813333  0.664897  0
5.840000  0.663615  0
5.866667  0.662332  0
5.893333  0.661050  0
5.920000  0.659768  0
5.946667  0.658485  0
5.973333  0.657203  0
6.000000  0.655921  0
6.026667  0.654639  0
6.053333  0.653356  0
6.080000  0.652074  0
6.106667  0.650792  0
6.133333  0.649509  0
6.160000  0.648227  0
6.186667  0.646945  0
6.213333  0.645663  0
6.240000  0.644380  0
6.266667  0.643098  0
6.293333  0.641816  0
6.320000  0.640533  0
6.346667  0.639251  0
6.373333  0.637969  0
6.400000  0.636687  0
6.426667  0.635404  0
6.453333  0.634122  0
6.480000  0.632840  0
6.506667  0.631557  0
6.533333  0.630275  0
6.560000  0.628993  0
6.586667  0.627711  0
6.613333  0.626428  0
6.640000  0.625356  0
6.666667  0.624632  0
6.693333  0.623909  0
6.720000  0.623186  0
6.746667  0.622462  0
6.773333  0.621739  0
6.800000  0.621016  0
6.826667  0.620292  0
6.853333  0.619569  0
6.880000  0.618846  0
6.906667  0.618122  0
6.933333  0.617399  0
6.960000  0.616675  0
6.986667  0.615952  0
7.013333  0.615229  0
7.040000  0.614505  0
7.066667  0.613782  0
7.093333  0.613059  0
7.120000  0.612335  0
7.146667  0.611612  0
7.173333  0.610889  0
7.200000  0.610165  0
7.226667  0.609442  0
7.253333  0.608719  0
7.280000  0.607995  0
7.306667  0.607272  0
7.333333  0.606549  0
7.360000  0.605825  0
7.386667  0.605102  0
7.413333  0.604379  0
7.440000  0.603655  0
7.466667  0.602932  0
7.493333  0.602209  0
7.520000  0.601485  0
7.546667  0.600762  0
7.573333  0.600039  0
7.600000  0.599315  0
7.626667  0.598592  0
7.653333  0.597869  0
7.680000  0.597145  0
7.706667  0.596422  0
7.733333  0.595699  0
7.760000  0.594975  0
7.786667  0.594252  0
7.813333  0.593529  0
7.840000  0.592805  0
7.866667  0.592082  0
7.893333  0.591359  0
7.920000  0.590635  0
7.946667  0.589912  0
7.973333  0.589189  0
8.000000  0.588465  0
8.026667  0.587742  0
8.053333  0.587019  0
8.080000  0.586295  0
8.106667  0.585572  0
8.133333  0.584849  0
8.160000  0.584125  0
8.186667  0.583402  0
8.213333  0.582679  0
8.240000  0.581955  0
8.266667  0.581232  0
8.293333  0.580782  0
8.320000  0.580341  0
8.346667  0.579901  0
8.373333  0.579460  0
8.400000  0.579020  0
8.426667  0.578579  0
8.453333  0.578139  0
8.480000  0.577699  0
8.506667  0.577258  0
8.533333  0.576818  0
8.560000  0.576377  0
8.586667  0.575937  0
8.613333  0.575496  0
8.640000  0.575056  0
8.666667  0.574616  0
8.693333  0.574175  0
8.720000  0.573735  0
8.746667  0.573294  0
8.773333  0.572854  0
8.800000  0.572413  0
8.826667  0.571973  0
8.853333  0.571533  0
8.880000  0.571092  0
8.906667  0.570652  0
8.933333  0.570211  0
8.960000  0.569771  0
8.986667  0.569330  0
9.013333  0.568890  0
9.040000  0.568450  0
9.066667  0.568009  0
9.093333  0.567569  0
9.120000  0.567128  0
9.146667  0.566688  0
9.173333  0.566247  0
9.200000  0.565807  0
9.226667  0.565367  0
9.253333  0.564926  0
9.280000  0.564486  0
9.306667  0.564045  0
9.333333  0.563605  0
9.360000  0.563164  0
9.386667  0.562724  0
9.413333  0.562284  0
9.440000  0.561843  0
9.466667  0.561403  0
9.493333  0.560962  0
9.520000  0.560522  0
9.546667  0.560081  0
9.573333  0.559641  0
9.600000  0.559201  0
9.626667  0.558760  0
9.653333  0.558320  0
9.680000  0.557879  0
9.706667  0.557439  0
9.733333  0.556998  0
9.760000  0.556558  0
9.786667  0.556118  0
9.813333  0.555677  0
9.840000  0.555237  0
9.866667  0.554796  0
9.893333  0.554356  0
9.920000  0.553916  0
9.946667  0.553475  0
9.973333  0.553035  0
10.000000  0.552594  0
10.026667  0.552154  0
10.053333  0.551713  0
10.080000  0.551273  0
10.106667  0.550833  0
10.133333  0.550392  0
10.160000  0.549952  0
10.186667  0.549511  0
10.213333  0.549071  0
10.240000  0.548761  0
10.266667  0.548534  0
10.293333  0.548307  0
10.320000  0.548080  0
10.346667  0.547853  0
10.373333  0.547626  0
10.400000  0.547399  0
10.426667  0.547172  0
10.453333  0.546945  0
10.480000  0.546718  0
10.506667  0.546491  0
10.533333  0.546264  0
10.560000  0.546037  0
10.586667  0.545810  0
10.613333  0.545583  0
10.640000  0.545356  0
10.666667  0.545129  0
10.693333  0.544902  0
10.720000  0.544675  0
10.746667  0.544448  0
10.773333  0.544221  0
10.800000  0.543994  0
10.826667  0.543767  0
10.853333  0.543540  0
10.880000  0.543313  0
10.906667  0.543086  0
10.933333  0.542859  0
10.960000  0.542632  0
10.986667  0.542405  0
11.013333  0.542178  0
11.040000  0.541951  0
11.066667  0.541724  0
11.093333  0.541497  0
11.120000  0.541270  0
11.146667  0.541043  0
11.173333  0.540816  0
11.200000  0.540589  0
11.226667  0.540362  0
11.253333  0.540135  0
11.280000  0.539908  0
11.306667  0.539681  0
11.333333  0.539454  0
11.360000  0.539227  0
11.386667  0.539000  0
11.413333  0.538773  0
11.440000  0.538546  0
11.466667  0.538319  0
11.493333  0.538092  0
11.520000  0.537865  0
11.546667  0.537638  0
11.573333  0.537411  0
11.600000  0.537184  0
11.626667  0.536957  0
11.653333  0.536730  0
11.680000  0.536503  0
11.706667  0.536276  0
11.733333  0.536049  0
11.760000  0.535822  0
11.786667  0.535595  0
11.813333  0.535368  0
11.840000  0.535141  0
11.866667  0.534914  0
11.893333  0.534687  0
11.920000  0.534460  0
11.946667  0.534233  0
11.973333  0.534006  0
12.000000  0.533779  0
12.026667  0.533552  0
12.053333  0.533325  0
12.080000  0.533098  0
12.106667  0.532871  0
12.133333  0.532644  0
12.160000  0.532417  0
12.186667  0.532190  0
12.213333  0.531963  0
12.240000  0.531736  0
12.266667  0.531509  0
12.293333  0.531282  0
12.320000  0.531055  0
12.346667  0.530828  0
12.373333  0.530601  0
12.400000  0.530374  0
12.426667  0.530147  0
12.453333  0.529920  0
12.480000  0.529693  0
12.506667  0.529466  0
12.533333  0.529239  0
12.560000  0.529012  0
12.586667  0.528785  0
12.613333  0.528558  0
12.640000  0.528331  0
12.666667  0.528104  0
12.693333  0.527877  0
12.720000  0.527650  0
12.746667  0.527423  0
12.773333  0.527196  0
12.800000  0.526969  0
12.826667  0.526742  0
12.853333  0.526515  0
12.880000  0.526288  0
12.906667  0.526061  0
12.933333  0.525834  0
12.960000  0.525607  0
12.986667  0.525380  0
13.013333  0.525153  0
13.040000  0.524926  0
13.066667  0.524699  0
13.093333  0.524472  0
13.120000  0.524245  0
13.146667  0.524018  0
13.173333  0.523791  0
13.200000  0.523564  0
13.226667  0.523337  0
13.253333  0.523110  0
13.280000  0.522883  0
13.306667  0.522656  0
13.333333  0.522429  0
13.360000  0.522202  0
13.386667  0.521975  0
13.413333  0.521748  0
13.440000  0.521521  0
13.466667  0.521294  0
13.493333  0.521067  0
13.520000  0.520840  0
13.546667  0.520626  0
13.573333  0.520544  0
13.600000  0.520462  0
13.626667  0.520379  0
13.653333  0.520297  0
13.680000  0.520214  0
13.706667  0.520132  0
13.733333  0.520050  0
13.760000  0.519967  0
13.786667  0.519885  0
13.813333  0.519803  0
13.840000  0.519720  0
13.866667  0.519638  0
13.893333  0.519556  0
13.920000  0.519473  0
13.946667  0.519391  0
13.973333  0.519309  0
14.000000  0.519226  0
14.026667  0.519144  0
14.053333  0.519062  0
14.080000  0.518979  0
14.106667  0.518897  0
14.133333  0.518815  0
14.160000  0.518732  0
14.186667  0.518650  0
14.213333  0.518568  0
14.240000  0.518485  0
14.266667  0.518403  0
14.293333  0.518321  0
14.320000  0.518238  0
14.346667  0.518156  0
14.373333  0.518074  0
14.400000  0.517991  0
14.426667  0.517909  0
14.453333  0.517827  0
14.480000  0.517744  0
14.506667  0.517662  0
14.533333  0.517580  0
14.560000  0.517497  0
14.586667  0.517415  0
14.613333  0.517333  0
14.640000  0.517250  0
14.666667  0.517168  0
14.693333  0.517086  0
14.720000  0.517003  0
14.746667  0.516921  0
14.773333  0.516839  0
14.800000  0.516756  0
14.826667  0.516674  0
14.853333  0.516591  0
14.880000  0.516509  0
14.906667  0.516427  0
14.933333  0.516344  0
14.960000  0.516262  0
14.986667  0.516180  0
15.013333  0.516097  0
15.040000  0.516015  0
15.066667  0.515933  0
15.093333  0.515850  0
15.120000  0.515768  0
15.146667  0.515686  0
15.173333  0.515603  0
15.200000  0.515521  0
15.226667  0.515439  0
15.253333  0.515356  0
15.280000  0.515274  0
15.306667  0.515192  0
15.333333  0.515109  0
15.360000  0.515027  0
15.386667  0.514945  0
15.413333  0.514862  0
15.440000  0.514780  0
15.466667  0.514698  0
15.493333  0.514615  0
15.520000  0.514533  0
15.546667  0.514451  0
15.573333  0.514368  0
15.600000  0.514286  0
15.626667  0.514204  0
15.653333  0.514121  0
15.680000  0.514039  0
15.706667  0.513957  0
15.733333  0.513874  0
15.760000  0.513792  0
15.786667  0.513710  0
15.813333  0.513627  0
15.840000  0.513545  0
15.866667  0.513463  0
15.893333  0.513380  0
15.920000  0.513298  0
15.946667  0.513216  0
15.973333  0.513133  0
16.000000  0.513051  0
16.026667  0.512969  0
16.053333  0.512886  0
16.080000  0.512804  0
16.106667  0.512721  0
16.133333  0.512639  0
16.160000  0.512557  0
16.186667  0.512474  0
16.213333  0.512392  0
16.240000  0.512310  0
16.266667  0.512227  0
16.293333  0.512145  0
16.320000  0.512063  0
16.346667  0.511980  0
16.373333  0.511898  0
16.400000  0.511816  0
16.426667  0.511733  0
16.453333  0.511651  0
16.480000  0.511569  0
16.506667  0.511486  0
16.533333  0.511404  0
16.560000  0.511322  0
16.586667  0.511239  0
16.613333  0.511157  0
16.640000  0.511075  0
16.666667  0.510992  0
16.693333  0.510910  0
16.720000  0.510828  0
16.746667  0.510745  0
16.773333  0.510663  0
16.800000  0.510581  0
16.826667  0.510498  0
16.853333  0.510416  0
16.880000  0.510334  0
16.906667  0.510251  0
16.933333  0.510169  0
16.960000  0.510087  0
16.986667  0.510004  0
17.013333  0.509922  0
17.040000  0.509840  0
17.066667  0.509757  0
17.093333  0.509675  0
17.120000  0.509593  0
17.146667  0.509510  0
17.173333  0.509428  0
17.200000  0.509346  0
17.226667  0.509263  0
17.253333  0.509181  0
17.280000  0.509098  0
17.306667  0.509016  0
17.333333  0.508934  0
17.360000  0.508851  0
17.386667  0.508769  0
17.413333  0.508687  0
17.440000  0.508604  0
17.466667  0.508522  0
17.493333  0.508440  0
17.520000  0.508357  0
17.546667  0.508275  0
17.573333  0.508193  0
17.600000  0.508110  0
17.626667  0.508028  0
17.653333  0.507946  0
17.680000  0.507863  0
17.706667  0.507781  0
17.733333  0.507699  0
17.760000  0.507616  0
17.786667  0.507534  0
17.813333  0.507452  0
17.840000  0.507369  0
17.866667  0.507287  0
17.893333  0.507205  0
17.920000  0.507122  0
17.946667  0.507040  0
17.973333  0.506958  0
18.000000  0.506875  0
18.026667  0.506793  0
18.053333  0.506711  0
18.080000  0.506628  0
18.106667  0.506546  0
18.133333  0.506464  0
18.160000  0.506381  0
18.186667  0.506299  0
18.213333  0.506217  0
18.240000  0.506134  0
18.266667  0.506052  0
18.293333  0.505970  0
18.320000  0.505887  0
18.346667  0.505805  0
18.373333  0.505723  0
18.400000  0.505640  0
18.426667  0.505558  0
18.453333  0.505476  0
18.480000  0.505393  0
18.506667  0.505311  0
18.533333  0.505228  0
18.560000  0.505146  0
18.586667  0.505064  0
18.613333  0.504981  0
18.640000  0.504899  0
18.666667  0.504817  0
18.693333  0.504734  0
18.720000  0.504652  0
18.746667  0.504570  0
22.160000  0.641678  1
22.186667  0.641530  1
22.213333  0.641382  1
22.240000  0.641234  1
22.266667  0.641086  1
22.293333  0.640938  1
22.320000  0.640790  1
22.346667  0.640642  1
22.373333  0.640494  1
22.400000  0.640346  1
22.426667  0.640199  1
22.453333  0.640051  1
22.480000  0.639903  1
22.506667  0.639755  1
22.533333  0.639607  1
22.560000  0.639459  1
22.586667  0.639311  1
22.613333  0.639163  1
22.640000  0.639015  1
22.666667  0.638867  1
22.693333  0.638719  1
22.720000  0.638571  1
22.746667  0.638423  1
22.773333  0.638275  1
22.800000  0.638127  1
22.826667  0.637979  1
22.853333  0.637831  1
22.880000  0.637683  1
22.906667  0.637535  1
22.933333  0.637387  1
22.960000  0.637239  1
22.986667  0.637091  1
23.013333  0.636944  1
23.040000  0.636796  1
23.066667  0.636648  1
23.093333  0.636500  1
23.120000  0.636352  1
23.146667  0.636204  1
23.173333  0.636056  1
23.200000  0.635908  1
23.226667  0.635760  1
23.253333  0.635612  1
23.280000  0.635464  1
23.306667  0.635316  1
23.333333  0.635168  1
23.360000  0.635020  1
23.386667  0.634872  1
23.413333  0.634724  1
23.440000  0.634576  1
23.466667  0.634428  1
23.493333  0.634280  1
23.520000  0.634132  1
23.546667  0.633984  1
23.573333  0.633836  1
23.600000  0.633688  1
23.626667  0.633541  1
23.653333  0.633393  1
23.680000  0.633245  1
23.706667  0.633097  1
23.733333  0.632949  1
23.760000  0.632801  1
23.786667  0.632653  1
23.813333  0.632505  1
23.840000  0.632357  1
23.866667  0.632209  1
23.893333  0.632061  1
23.920000  0.631913  1
23.946667  0.631765  1
23.973333  0.631617  1
24.000000  0.631469  1
24.026667  0.631321  1
24.053333  0.631173  1
24.080000  0.631025  1
24.106667  0.630877  1
24.133333  0.630729  1
24.160000  0.630581  1
24.186667  0.630433  1
24.213333  0.630285  1
24.240000  0.630138  1
24.266667  0.629990  1
24.293333  0.629842  1
24.320000  0.629694  1
24.346667  0.629546  1
24.373333  0.629398  1
24.400000  0.629250  1
24.426667  0.629102  1
24.453333  0.628954  1
24.480000  0.628806  1
24.506667  0.628658  1
24.533333  0.628510  1
24.560000  0.628362  1
24.586667  0.628214  1
24.613333  0.628066  1
24.640000  0.627918  1
24.666667  0.627770  1
24.693333  0.627622  1
24.720000  0.627474  1
24.746667  0.627326  1
24.773333  0.627178  1
24.800000  0.627030  1
24.826667  0.626883  1
24.853333  0.626735  1
24.880000  0.626587  1
24.906667  0.626439  1
24.933333  0.626291  1
24.960000  0.626143  1
24.986667  0.625995  1
25.013333  0.625847  1
25.040000  0.625699  1
25.066667  0.625551  1
25.093333  0.625403  1
25.120000  0.625255  1
25.146667  0.625107  1
25.173333  0.624959  1
25.200000  0.624811  1
25.226667  0.624663  1
25.253333  0.624515  1
25.280000  0.624367  1
25.306667  0.624219  1
25.333333  0.624071  1
25.360000  0.623923  1
25.386667  0.623775  1
25.413333  0.623627  1
25.440000  0.623480  1
25.466667  0.623332  1
25.493333  0.623184  1
25.520000  0.623036  1
25.546667  0.622888  1
25.573333  0.622740  1
25.600000  0.622592  1
25.626667  0.622444  1
25.653333  0.622296  1
25.680000  0.622148  1
25.706667  0.622000  1
25.733333  0.621852  1
25.760000  0.621704  1
25.786667  0.621556  1
25.813333  0.621408  1
25.840000  0.621260  1
25.866667  0.621112  1
25.893333  0.620964  1
25.920000  0.620816  1
25.946667  0.620668  1
25.973333  0.620520  1
26.000000  0.620372  1
26.026667  0.620224  1
26.053333  0.620077  1
26.080000  0.619929  1
26.106667  0.619781  1
26.133333  0.619633  1
26.160000  0.619485  1
26.186667  0.619337  1
26.213333  0.619189  1
26.240000  0.619041  1
26.266667  0.618893  1
26.293333  0.618745  1
26.320000  0.618597  1
26.346667  0.618449  1
26.373333  0.618301  1
26.400000  0.618153  1
26.426667  0.618005  1
26.453333  0.617857  1
26.480000  0.617709  1
26.506667  0.617561  1
26.533333  0.617413  1
26.560000  0.617265  1
26.586667  0.617117  1
26.613333  0.616969  1
26.640000  0.616822  1
26.666667  0.616674  1
26.693333  0.616526  1
26.720000  0.616378  1
26.746667  0.616230  1
26.773333  0.616082  1
26.800000  0.615934  1
26.826667  0.615786  1
26.853333  0.615638  1
26.880000  0.615490  1
26.906667  0.615342  1
26.933333  0.615194  1
26.960000  0.615046  1
26.986667  0.614898  1
27.013333  0.614750  1
27.040000  0.614602  1
27.066667  0.614454  1
27.093333  0.614306  1
27.120000  0.614158  1
27.146667  0.614010  1
27.173333  0.613862  1
27.200000  0.613714  1
27.226667  0.613566  1
