3.040000  0.891871  0
3.066667  0.889826  0
3.093333  0.887782  0
3.120000  0.885737  0
3.146667  0.883693  0
3.173333  0.881648  0
3.200000  0.879604  0
3.226667  0.877560  0
3.253333  0.875515  0
3.280000  0.873471  0
3.306667  0.871426  0
3.333333  0.869382  0
3.360000  0.867337  0
3.386667  0.865293  0
3.413333  0.863248  0
3.440000  0.861204  0
3.466667  0.859159  0
3.493333  0.857115  0
3.520000  0.855070  0
3.546667  0.853026  0
3.573333  0.850981  0
3.600000  0.848937  0
3.626667  0.846892  0
3.653333  0.844848  0
3.680000  0.842803  0
3.706667  0.840759  0
3.733333  0.838714  0
3.760000  0.836670  0
3.786667  0.834625  0
3.813333  0.832581  0
3.840000  0.830536  0
3.866667  0.828492  0
3.893333  0.826448  0
3.920000  0.824403  0
3.946667  0.822359  0
3.973333  0.820314  0
4.000000  0.818270  0
4.026667  0.816225  0
4.053333  0.814200  0
4.080000  0.812188  0
4.106667  0.810176  0
4.133333  0.808164  0
4.160000  0.806151  0
4.186667  0.804139  0
4.213333  0.802127  0
4.240000  0.800115  0
4.266667  0.798103  0
4.293333  0.796090  0
4.320000  0.794078  0
4.346667  0.792066  0
4.373333  0.790054  0
4.400000  0.788042  0
4.426667  0.786029  0
4.453333  0.784017  0
4.480000  0.782005  0
4.506667  0.779993  0
4.533333  0.777981  0
4.560000  0.775968  0
4.586667  0.773956  0
4.613333  0.771944  0
4.640000  0.769932  0
4.666667  0.767920  0
4.693333  0.765907  0
4.720000  0.763895  0
4.746667  0.761883  0
4.773333  0.759871  0
4.800000  0.757859  0
4.826667  0.755846  0
4.853333  0.753834  0
4.880000  0.751822  0
4.906667  0.749810  0
4.933333  0.747798  0
4.960000  0.745936  0
4.986667  0.744232  0
5.013333  0.742528  0
5.040000  0.740823  0
5.066667  0.739119  0
5.093333  0.737414  0
5.120000  0.735710  0
5.146667  0.734005  0
5.173333  0.732301  0
5.200000  0.730596  0
5.226667  0.728892  0
5.253333  0.727188  0
5.280000  0.725483  0
5.306667  0.723779  0
5.333333  0.722074  0
5.360000  0.720370  0
5.386667  0.718665  0
5.413333  0.716961  0
5.440000  0.715256  0
5.466667  0.713552  0
5.493333  0.711847  0
5.520000  0.710143  0
5.546667  0.708439  0
5.573333  0.706734  0
5.600000  0.705030  0
5.626667  0.703325  0
5.653333  0.701621  0
5.680000  0.699916  0
5.706667  0.698212  0
5.733333  0.696507  0
5.760000  0.694803  0
5.786667  0.693098  0
5.813333  0.691394  0
5.840000  0.689690  0
5.866667  0.687985  0
5.893333  0.686281  0
5.920000  0.684576  0
5.946667  0.682872  0
5.973333  0.681167  0
6.000000  0.679463  0
6.026667  0.677758  0
6.053333  0.676054  0
6.080000  0.674350  0
6.106667  0.673316  0
6.133333  0.672405  0
6.160000  0.671495  0
6.186667  0.670584  0
6.213333  0.669674  0
6.240000  0.668763  0
6.266667  0.667853  0
6.293333  0.666942  0
6.320000  0.666032  0
6.346667  0.665121  0
6.373333  0.664211  0
6.400000  0.663300  0
6.426667  0.662390  0
6.453333  0.661479  0
6.480000  0.660569  0
6.506667  0.659658  0
6.533333  0.658748  0
6.560000  0.657837  0
6.586667  0.656927  0
6.613333  0.656016  0
6.640000  0.655106  0
6.666667  0.654195  0
6.693333  0.653285  0
6.720000  0.652374  0
6.746667  0.651464  0
6.773333  0.650553  0
6.800000  0.649643  0
6.826667  0.648733  0
6.853333  0.647822  0
6.880000  0.646912  0
6.906667  0.646001  0
6.933333  0.645091  0
6.960000  0.644180  0
6.986667  0.643270  0
7.013333  0.642359  0
7.040000  0.641449  0
7.066667  0.640538  0
7.093333  0.639628  0
7.120000  0.638717  0
7.146667  0.637807  0
7.173333  0.636896  0
7.200000  0.635986  0
7.226667  0.635075  0
7.253333  0.634165  0
7.280000  0.633428  0
7.306667  0.632871  0
7.333333  0.632314  0
7.360000  0.631757  0
7.386667  0.631200  0
7.413333  0.630643  0
7.440000  0.630086  0
7.466667  0.629529  0
7.493333  0.628972  0
7.520000  0.628415  0
7.546667  0.627858  0
7.573333  0.627301  0
7.600000  0.626744  0
7.626667  0.626187  0
7.653333  0.625630  0
7.680000  0.625073  0
7.706667  0.624516  0
7.733333  0.623959  0
7.760000  0.623402  0
7.786667  0.622845  0
7.813333  0.622288  0
7.840000  0.621731  0
7.866667  0.621174  0
7.893333  0.620617  0
7.920000  0.620060  0
7.946667  0.619503  0
7.973333  0.618946  0
8.000000  0.618389  0
8.026667  0.617832  0
8.053333  0.617275  0
8.080000  0.616718  0
8.106667  0.616161  0
8.133333  0.615604  0
8.160000  0.615047  0
8.186667  0.614490  0
8.213333  0.613933  0
8.240000  0.613376  0
8.266667  0.612819  0
8.293333  0.612262  0
8.320000  0.611705  0
8.346667  0.611148  0
8.373333  0.610591  0
8.400000  0.610034  0
8.426667  0.609477  0
8.453333  0.608920  0
8.480000  0.608363  0
8.506667  0.607806  0
8.533333  0.607249  0
8.560000  0.606692  0
8.586667  0.606135  0
8.613333  0.605578  0
8.640000  0.605021  0
8.666667  0.604464  0
8.693333  0.603907  0
8.720000  0.603350  0
8.746667  0.602793  0
8.773333  0.602236  0
8.800000  0.601679  0
8.826667  0.601214  0
8.853333  0.600842  0
8.880000  0.600471  0
8.906667  0.600100  0
8.933333  0.599728  0
8.960000  0.599357  0
8.986667  0.598986  0
9.013333  0.598614  0
9.040000  0.598243  0
9.066667  0.597872  0
9.093333  0.597500  0
9.120000  0.597129  0
9.146667  0.596758  0
9.173333  0.596386  0
9.200000  0.596015  0
9.226667  0.595644  0
9.253333  0.595272  0
9.280000  0.594901  0
9.306667  0.594530  0
9.333333  0.594158  0
9.360000  0.593787  0
9.386667  0.593416  0
9.413333  0.593044  0
9.440000  0.592673  0
9.466667  0.592302  0
9.493333  0.591930  0
9.520000  0.591559  0
9.546667  0.591188  0
9.573333  0.590816  0
9.600000  0.590445  0
9.626667  0.590074  0
9.653333  0.589702  0
9.680000  0.589331  0
9.706667  0.588960  0
9.733333  0.588588  0
9.760000  0.588217  0
9.786667  0.587846  0
9.813333  0.587474  0
9.840000  0.587103  0
9.866667  0.586731  0
9.893333  0.586360  0
9.920000  0.585989  0
9.946667  0.585617  0
9.973333  0.585246  0
10.000000  0.584875  0
10.026667  0.584503  0
10.053333  0.584132  0
10.080000  0.583761  0
10.106667  0.583389  0
10.133333  0.583018  0
10.160000  0.582647  0
10.186667  0.582275  0
10.213333  0.581904  0
10.240000  0.581533  0
10.266667  0.581161  0
10.293333  0.580790  0
10.320000  0.580419  0
10.346667  0.580047  0
10.373333  0.579676  0
10.400000  0.579305  0
10.426667  0.578933  0
10.453333  0.578562  0
10.480000  0.578191  0
10.506667  0.577819  0
10.533333  0.577448  0
10.560000  0.577077  0
10.586667  0.576705  0
10.613333  0.576334  0
10.640000  0.575963  0
10.666667  0.575591  0
10.693333  0.575220  0
10.720000  0.574849  0
10.746667  0.574477  0
10.773333  0.574106  0
10.800000  0.573735  0
10.826667  0.573363  0
10.853333  0.572992  0
10.880000  0.572621  0
10.906667  0.572249  0
10.933333  0.571878  0
10.960000  0.571507  0
10.986667  0.571135  0
11.013333  0.570764  0
11.040000  0.570393  0
11.066667  0.570021  0
11.093333  0.569650  0
11.120000  0.569278  0
11.146667  0.569016  0
11.173333  0.568863  0
11.200000  0.568710  0
11.226667  0.568558  0
11.253333  0.568405  0
11.280000  0.568252  0
11.306667  0.568100  0
11.333333  0.567947  0
11.360000  0.567794  0
11.386667  0.567641  0
11.413333  0.567489  0
11.440000  0.567336  0
11.466667  0.567183  0
11.493333  0.567030  0
11.520000  0.566878  0
11.546667  0.566725  0
11.573333  0.566572  0
11.600000  0.566420  0
11.626667  0.566267  0
11.653333  0.566114  0
11.680000  0.565961  0
11.706667  0.565809  0
11.733333  0.565656  0
11.760000  0.565503  0
11.786667  0.565350  0
11.813333  0.565198  0
11.840000  0.565045  0
11.866667  0.564892  0
11.893333  0.564740  0
11.920000  0.564587  0
11.946667  0.564434  0
11.973333  0.564281  0
12.000000  0.564129  0
12.026667  0.563976  0
12.053333  0.563823  0
12.080000  0.563670  0
12.106667  0.563518  0
12.133333  0.563365  0
12.160000  0.563212  0
12.186667  0.563060  0
12.213333  0.562907  0
12.240000  0.562754  0
12.266667  0.562601  0
12.293333  0.562449  0
12.320000  0.562296  0
12.346667  0.562143  0
12.373333  0.561990  0
12.400000  0.561838  0
12.426667  0.561685  0
12.453333  0.561532  0
12.480000  0.561380  0
12.506667  0.561227  0
12.533333  0.561074  0
12.560000  0.560921  0
12.586667  0.560769  0
12.613333  0.560616  0
12.640000  0.560463  0
12.666667  0.560310  0
12.693333  0.560158  0
12.720000  0.560005  0
12.746667  0.559852  0
12.773333  0.559699  0
12.800000  0.559547  0
12.826667  0.559394  0
12.853333  0.559241  0
12.880000  0.559089  0
12.906667  0.558936  0
12.933333  0.558783  0
12.960000  0.558630  0
12.986667  0.558478  0
13.013333  0.558325  0
13.040000  0.558172  0
13.066667  0.558019  0
13.093333  0.557867  0
13.120000  0.557714  0
13.146667  0.557561  0
13.173333  0.557409  0
13.200000  0.557256  0
13.226667  0.557103  0
13.253333  0.556950  0
13.280000  0.556798  0
13.306667  0.556645  0
13.333333  0.556492  0
13.360000  0.556339  0
13.386667  0.556187  0
13.413333  0.556034  0
13.440000  0.555881  0
13.466667  0.555729  0
13.493333  0.555576  0
13.520000  0.555423  0
13.546667  0.555270  0
13.573333  0.555118  0
13.600000  0.554965  0
13.626667  0.554812  0
13.653333  0.554659  0
13.680000  0.554507  0
13.706667  0.554354  0
13.733333  0.554201  0
13.760000  0.554049  0
13.786667  0.553896  0
13.813333  0.553743  0
13.840000  0.553590  0
13.866667  0.553438  0
13.893333  0.553285  0
13.920000  0.553132  0
13.946667  0.552979  0
13.973333  0.552784  0
14.000000  0.552574  0
14.026667  0.552363  0
14.053333  0.552153  0
14.080000  0.551943  0
14.106667  0.551732  0
14.133333  0.551522  0
14.160000  0.551311  0
14.186667  0.551101  0
14.213333  0.550890  0
14.240000  0.550680  0
14.266667  0.550470  0
14.293333  0.550259  0
14.320000  0.550049  0
14.346667  0.549838  0
14.373333  0.549628  0
14.400000  0.549417  0
14.426667  0.549207  0
14.453333  0.548997  0
14.480000  0.548786  0
14.506667  0.548576  0
14.533333  0.548365  0
14.560000  0.548155  0
14.586667  0.547944  0
14.613333  0.547734  0
14.640000  0.547524  0
14.666667  0.547313  0
14.693333  0.547103  0
14.720000  0.546892  0
14.746667  0.546682  0
14.773333  0.546471  0
14.800000  0.546261  0
14.826667  0.546051  0
14.853333  0.545840  0
14.880000  0.545630  0
14.906667  0.545419  0
14.933333  0.545209  0
14.960000  0.544998  0
14.986667  0.544788  0
15.013333  0.544578  0
15.040000  0.544367  0
15.066667  0.544157  0
15.093333  0.543946  0
15.120000  0.543736  0
15.146667  0.543525  0
15.173333  0.543315  0
15.200000  0.543105  0
15.226667  0.542894  0
15.253333  0.542684  0
15.280000  0.542473  0
15.306667  0.542263  0
15.333333  0.542053  0
15.360000  0.541842  0
15.386667  0.541632  0
15.413333  0.541421  0
15.440000  0.541211  0
15.466667  0.541000  0
15.493333  0.540790  0
15.520000  0.540580  0
15.546667  0.540369  0
15.573333  0.540159  0
15.600000  0.539948  0
15.626667  0.539738  0
15.653333  0.539527  0
15.680000  0.539317  0
15.706667  0.539107  0
15.733333  0.538896  0
15.760000  0.538686  0
15.786667  0.538475  0
15.813333  0.538265  0
15.840000  0.538054  0
15.866667  0.537844  0
15.893333  0.537634  0
15.920000  0.537423  0
15.946667  0.537213  0
15.973333  0.537002  0
16.000000  0.536792  0
16.026667  0.536581  0
16.053333  0.536371  0
16.080000  0.536161  0
16.106667  0.535950  0
16.133333  0.535740  0
16.160000  0.535529  0
16.186667  0.535319  0
16.213333  0.535108  0
16.240000  0.534898  0
16.266667  0.534688  0
16.293333  0.534477  0
16.320000  0.534267  0
16.346667  0.534056  0
16.373333  0.533846  0
16.400000  0.533635  0
16.426667  0.533425  0
16.453333  0.533215  0
16.480000  0.533004  0
16.506667  0.532794  0
16.533333  0.532583  0
16.560000  0.532373  0
16.586667  0.532162  0
16.613333  0.531952  0
16.640000  0.531742  0
16.666667  0.531531  0
16.693333  0.531321  0
16.720000  0.531110  0
16.746667  0.530900  0
16.773333  0.530690  0
16.800000  0.530479  0
16.826667  0.530269  0
16.853333  0.530058  0
16.880000  0.529848  0
16.906667  0.529637  0
16.933333  0.529427  0
16.960000  0.529217  0
16.986667  0.529006  0
17.013333  0.528796  0
17.040000  0.528585  0
17.066667  0.528375  0
17.093333  0.528164  0
17.120000  0.527954  0
17.146667  0.527744  0
17.173333  0.527533  0
17.200000  0.527323  0
17.226667  0.527112  0
17.253333  0.526902  0
17.280000  0.526691  0
17.306667  0.526481  0
17.333333  0.526271  0
17.360000  0.526060  0
17.386667  0.525850  0
17.413333  0.525639  0
17.440000  0.525429  0
17.466667  0.525218  0
17.493333  0.525008  0
17.520000  0.524798  0
17.546667  0.524587  0
17.573333  0.524377  0
17.600000  0.524166  0
17.626667  0.523956  0
17.653333  0.523745  0
17.680000  0.523535  0
17.706667  0.523325  0
17.733333  0.523114  0
17.760000  0.522904  0
17.786667  0.522693  0
17.813333  0.522483  0
17.840000  0.522272  0
17.866667  0.522062  0
17.893333  0.521852  0
17.920000  0.521641  0
17.946667  0.521431  0
17.973333  0.521220  0
18.000000  0.521010  0
18.026667  0.520799  0
18.960000  0.665979  1
18.986667  0.665658  1
19.013333  0.665337  1
19.040000  0.665017  1
19.066667  0.664696  1
19.093333  0.664376  1
19.120000  0.664055  1
19.146667  0.663735  1
19.173333  0.663414  1
19.200000  0.663093  1
19.226667  0.662773  1
19.253333  0.662452  1
19.280000  0.662132  1
19.306667  0.661811  1
19.333333  0.661491  1
19.360000  0.661170  1
19.386667  0.660849  1
19.413333  0.660529  1
19.440000  0.660208  1
19.466667  0.659888  1
19.493333  0.659567  1
19.520000  0.659247  1
19.546667  0.658926  1
19.573333  0.658605  1
19.600000  0.658285  1
19.626667  0.657964  1
19.653333  0.657644  1
19.680000  0.657323  1
19.706667  0.657003  1
19.733333  0.656682  1
19.760000  0.656361  1
19.786667  0.656041  1
19.813333  0.655720  1
19.840000  0.655400  1
19.866667  0.655079  1
19.893333  0.654759  1
19.920000  0.654438  1
19.946667  0.654117  1
19.973333  0.653797  1
20.000000  0.653476  1
20.026667  0.653156  1
20.053333  0.652835  1
20.080000  0.652515  1
20.106667  0.652194  1
20.133333  0.651873  1
20.160000  0.651553  1
20.186667  0.651232  1
20.213333  0.650912  1
20.240000  0.650591  1
20.266667  0.650271  1
20.293333  0.649950  1
20.320000  0.649629  1
20.346667  0.649309  1
20.373333  0.648988  1
20.400000  0.648668  1
20.426667  0.648347  1
20.453333  0.648027  1
20.480000  0.647706  1
20.506667  0.647385  1
20.533333  0.647065  1
20.560000  0.646744  1
20.586667  0.646424  1
20.613333  0.646103  1
20.640000  0.645783  1
20.666667  0.645462  1
20.693333  0.645141  1
20.720000  0.644821  1
20.746667  0.644500  1
20.773333  0.644180  1
20.800000  0.643859  1
20.826667  0.643539  1
20.853333  0.643218  1
20.880000  0.642897  1
20.906667  0.642577  1
20.933333  0.642256  1
20.960000  0.641936  1
20.986667  0.641615  1
21.013333  0.641295  1
21.040000  0.640974  1
21.066667  0.640653  1
21.093333  0.640333  1
21.120000  0.640012  1
21.146667  0.639692  1
21.173333  0.639371  1
21.200000  0.639051  1
21.226667  0.638730  1
21.253333  0.638409  1
21.280000  0.638089  1
21.306667  0.637768  1
21.333333  0.637448  1
21.360000  0.637127  1
21.386667  0.636807  1
21.413333  0.636486  1
21.440000  0.636165  1
21.466667  0.635845  1
21.493333  0.635524  1
21.520000  0.635204  1
21.546667  0.634883  1
21.573333  0.634563  1
21.600000  0.634242  1
21.626667  0.633921  1
21.653333  0.633601  1
21.680000  0.633280  1
21.706667  0.632960  1
21.733333  0.632639  1
21.760000  0.632319  1
21.786667  0.631998  1
21.813333  0.631677  1
21.840000  0.631357  1
21.866667  0.631036  1
21.893333  0.630716  1
21.920000  0.630395  1
21.946667  0.630075  1
21.973333  0.629754  1
22.000000  0.629433  1
22.026667  0.629113  1
22.053333  0.628792  1
22.080000  0.628472  1
22.106667  0.628151  1
22.133333  0.627831  1
22.160000  0.627510  1
22.186667  0.627189  1
22.213333  0.626869  1
22.240000  0.626548  1
22.266667  0.626228  1
22.293333  0.625907  1
22.320000  0.625587  1
22.346667  0.625266  1
22.373333  0.624945  1
22.400000  0.624625  1
22.426667  0.624304  1
22.453333  0.623984  1
22.480000  0.623663  1
22.506667  0.623343  1
22.533333  0.623022  1
22.560000  0.622701  1
22.586667  0.622381  1
22.613333  0.622060  1
22.640000  0.621740  1
22.666667  0.621419  1
22.693333  0.621099  1
22.720000  0.620778  1
22.746667  0.620457  1
22.773333  0.620137  1
22.800000  0.619816  1
22.826667  0.619496  1
22.853333  0.619175  1
22.880000  0.618855  1
22.906667  0.618534  1
22.933333  0.618213  1
22.960000  0.617893  1
22.986667  0.617572  1
23.013333  0.617252  1
23.040000  0.616931  1
23.066667  0.616611  1
23.093333  0.616290  1
23.120000  0.615970  1
23.146667  0.615649  1
23.173333  0.615328  1
23.200000  0.615008  1
23.226667  0.614687  1
23.253333  0.614367  1
23.280000  0.614046  1
23.306667  0.613726  1
