3.280000  0.842344  0
3.306667  0.840124  0
3.333333  0.837905  0
3.360000  0.835686  0
3.386667  0.833466  0
3.413333  0.831247  0
3.440000  0.829028  0
3.466667  0.826808  0
3.493333  0.824589  0
3.520000  0.822370  0
3.546667  0.820150  0
3.573333  0.817931  0
3.600000  0.815712  0
3.626667  0.813492  0
3.653333  0.811273  0
3.680000  0.809054  0
3.706667  0.806834  0
3.733333  0.804615  0
3.760000  0.802396  0
3.786667  0.800176  0
3.813333  0.797957  0
3.840000  0.795738  0
3.866667  0.793518  0
3.893333  0.791299  0
3.920000  0.789080  0
3.946667  0.786860  0
3.973333  0.784641  0
4.000000  0.782375  0
4.026667  0.780008  0
4.053333  0.777641  0
4.080000  0.775273  0
4.106667  0.772906  0
4.133333  0.770539  0
4.160000  0.768172  0
4.186667  0.765804  0
4.213333  0.763437  0
4.240000  0.761070  0
4.266667  0.758702  0
4.293333  0.756335  0
4.320000  0.753968  0
4.346667  0.751600  0
4.373333  0.749233  0
4.400000  0.746866  0
4.426667  0.744499  0
4.453333  0.742131  0
4.480000  0.739764  0
4.506667  0.737397  0
4.533333  0.735029  0
4.560000  0.732662  0
4.586667  0.730295  0
4.613333  0.727928  0
4.640000  0.725560  0
4.666667  0.723193  0
4.693333  0.720826  0
4.720000  0.718458  0
4.746667  0.716091  0
4.773333  0.713724  0
4.800000  0.711356  0
4.826667  0.709593  0
4.853333  0.708218  0
4.880000  0.706844  0
4.906667  0.705469  0
4.933333  0.704095  0
4.960000  0.702720  0
4.986667  0.701346  0
5.013333  0.699971  0
5.040000  0.698597  0
5.066667  0.697222  0
5.093333  0.695847  0
5.120000  0.694473  0
5.146667  0.693098  0
5.173333  0.691724  0
5.200000  0.690349  0
5.226667  0.688975  0
5.253333  0.687600  0
5.280000  0.686226  0
5.306667  0.684851  0
5.333333  0.683476  0
5.360000  0.682102  0
5.386667  0.680727  0
5.413333  0.679353  0
5.440000  0.677978  0
5.466667  0.676604  0
5.493333  0.675229  0
5.520000  0.673855  0
5.546667  0.672480  0
5.573333  0.671105  0
5.600000  0.669731  0
5.626667  0.668356  0
5.653333  0.666982  0
5.680000  0.665607  0
5.706667  0.664233  0
5.733333  0.662858  0
5.760000  0.661484  0
5.786667  0.660109  0
5.813333  0.658734  0
5.840000  0.657360  0
5.866667  0.655985  0
5.893333  0.654611  0
5.920000  0.653236  0
5.946667  0.651862  0
5.973333  0.650487  0
6.000000  0.649113  0
6.026667  0.647738  0
6.053333  0.646363  0
6.080000  0.644989  0
6.106667  0.643614  0
6.133333  0.642240  0
6.160000  0.640865  0
6.186667  0.639491  0
6.213333  0.638116  0
6.240000  0.637088  0
6.266667  0.636190  0
6.293333  0.635292  0
6.320000  0.634394  0
6.346667  0.633496  0
6.373333  0.632599  0
6.400000  0.631701  0
6.426667  0.630803  0
6.453333  0.629905  0
6.480000  0.629007  0
6.506667  0.628109  0
6.533333  0.627211  0
6.560000  0.626313  0
6.586667  0.625415  0
6.613333  0.624517  0
6.640000  0.623619  0
6.666667  0.622721  0
6.693333  0.621823  0
6.720000  0.620925  0
6.746667  0.620027  0
6.773333  0.619129  0
6.800000  0.618231  0
6.826667  0.617334  0
6.853333  0.616436  0
6.880000  0.615538  0
6.906667  0.614640  0
6.933333  0.613742  0
6.960000  0.612844  0
6.986667  0.611946  0
7.013333  0.611048  0
7.040000  0.610150  0
7.066667  0.609252  0
7.093333  0.608354  0
7.120000  0.607456  0
7.146667  0.606558  0
7.173333  0.605660  0
7.200000  0.604762  0
7.226667  0.603864  0
7.253333  0.602967  0
7.280000  0.602069  0
7.306667  0.601171  0
7.333333  0.600273  0
7.360000  0.599375  0
7.386667  0.598477  0
7.413333  0.597579  0
7.440000  0.596681  0
7.466667  0.595783  0
7.493333  0.594885  0
7.520000  0.593987  0
7.546667  0.593172  0
7.573333  0.592597  0
7.600000  0.592021  0
7.626667  0.591445  0
7.653333  0.590869  0
7.680000  0.590293  0
7.706667  0.589717  0
7.733333  0.589142  0
7.760000  0.588566  0
7.786667  0.587990  0
7.813333  0.587414  0
7.840000  0.586838  0
7.866667  0.586262  0
7.893333  0.585687  0
7.920000  0.585111  0
7.946667  0.584535  0
7.973333  0.583959  0
8.000000  0.583383  0
8.026667  0.582808  0
8.053333  0.582232  0
8.080000  0.581656  0
8.106667  0.581080  0
8.133333  0.580504  0
8.160000  0.579928  0
8.186667  0.579353  0
8.213333  0.578777  0
8.240000  0.578201  0
8.266667  0.577625  0
8.293333  0.577049  0
8.320000  0.576473  0
8.346667  0.575898  0
8.373333  0.575322  0
8.400000  0.574746  0
8.426667  0.574170  0
8.453333  0.573594  0
8.480000  0.573018  0
8.506667  0.572443  0
8.533333  0.571867  0
8.560000  0.571291  0
8.586667  0.570715  0
8.613333  0.570139  0
8.640000  0.569563  0
8.666667  0.568988  0
8.693333  0.568412  0
8.720000  0.567836  0
8.746667  0.567260  0
8.773333  0.566684  0
8.800000  0.566108  0
8.826667  0.565533  0
8.853333  0.564957  0
8.880000  0.564381  0
8.906667  0.563805  0
8.933333  0.563229  0
8.960000  0.562654  0
8.986667  0.562078  0
9.013333  0.561502  0
9.040000  0.560926  0
9.066667  0.560350  0
9.093333  0.559774  0
9.120000  0.559199  0
9.146667  0.558623  0
9.173333  0.558047  0
9.200000  0.557471  0
9.226667  0.556928  0
9.253333  0.556584  0
9.280000  0.556240  0
9.306667  0.555895  0
9.333333  0.555551  0
9.360000  0.555207  0
9.386667  0.554862  0
9.413333  0.554518  0
9.440000  0.554174  0
9.466667  0.553829  0
9.493333  0.553485  0
9.520000  0.553141  0
9.546667  0.552796  0
9.573333  0.552452  0
9.600000  0.552108  0
9.626667  0.551763  0
9.653333  0.551419  0
9.680000  0.551075  0
9.706667  0.550730  0
9.733333  0.550386  0
9.760000  0.550042  0
9.786667  0.549697  0
9.813333  0.549353  0
9.840000  0.549009  0
9.866667  0.548664  0
9.893333  0.548320  0
9.920000  0.547976  0
9.946667  0.547631  0
9.973333  0.547287  0
10.000000  0.546943  0
10.026667  0.546598  0
10.053333  0.546254  0
10.080000  0.545910  0
10.106667  0.545565  0
10.133333  0.545221  0
10.160000  0.544877  0
10.186667  0.544532  0
10.213333  0.544188  0
10.240000  0.543844  0
10.266667  0.543499  0
10.293333  0.543155  0
10.320000  0.542811  0
10.346667  0.542466  0
10.373333  0.542122  0
10.400000  0.541778  0
10.426667  0.541433  0
10.453333  0.541089  0
10.480000  0.540745  0
10.506667  0.540400  0
10.533333  0.540056  0
10.560000  0.539712  0
10.586667  0.539367  0
10.613333  0.539023  0
10.640000  0.538679  0
10.666667  0.538334  0
10.693333  0.537990  0
10.720000  0.537646  0
10.746667  0.537301  0
10.773333  0.536957  0
10.800000  0.536613  0
10.826667  0.536268  0
10.853333  0.535924  0
10.880000  0.535580  0
10.906667  0.535235  0
10.933333  0.534891  0
10.960000  0.534547  0
10.986667  0.534202  0
11.013333  0.533858  0
11.040000  0.533514  0
11.066667  0.533169  0
11.093333  0.532825  0
11.120000  0.532481  0
11.146667  0.532136  0
11.173333  0.531792  0
11.200000  0.531448  0
11.226667  0.531103  0
11.253333  0.530759  0
11.280000  0.530415  0
11.306667  0.530070  0
11.333333  0.529726  0
11.360000  0.529382  0
11.386667  0.529037  0
11.413333  0.528693  0
11.440000  0.528349  0
11.466667  0.528004  0
11.493333  0.527660  0
11.520000  0.527316  0
11.546667  0.526971  0
11.573333  0.526627  0
11.600000  0.526283  0
11.626667  0.525938  0
11.653333  0.525594  0
11.680000  0.525250  0
11.706667  0.524905  0
11.733333  0.524605  0
11.760000  0.524396  0
11.786667  0.524188  0
11.813333  0.523979  0
11.840000  0.523771  0
11.866667  0.523562  0
11.893333  0.523354  0
11.920000  0.523146  0
11.946667  0.522937  0
11.973333  0.522729  0
12.000000  0.522520  0
12.026667  0.522312  0
12.053333  0.522103  0
12.080000  0.521895  0
12.106667  0.521686  0
12.133333  0.521478  0
12.160000  0.521270  0
12.186667  0.521061  0
12.213333  0.520853  0
12.240000  0.520644  0
12.266667  0.520436  0
12.293333  0.520227  0
12.320000  0.520019  0
12.346667  0.519810  0
12.373333  0.519602  0
12.400000  0.519394  0
12.426667  0.519185  0
12.453333  0.518977  0
12.480000  0.518768  0
12.506667  0.518560  0
12.533333  0.518351  0
12.560000  0.518143  0
12.586667  0.517934  0
12.613333  0.517726  0
12.640000  0.517518  0
12.666667  0.517309  0
12.693333  0.517101  0
12.720000  0.516892  0
12.746667  0.516684  0
12.773333  0.516475  0
12.800000  0.516267  0
12.826667  0.516059  0
12.853333  0.515850  0
12.880000  0.515642  0
12.906667  0.515433  0
12.933333  0.515225  0
12.960000  0.515016  0
12.986667  0.514808  0
13.013333  0.514599  0
13.040000  0.514391  0
13.066667  0.514183  0
13.093333  0.513974  0
13.120000  0.513766  0
13.146667  0.513557  0
13.173333  0.513349  0
13.200000  0.513140  0
13.226667  0.512932  0
13.253333  0.512723  0
13.280000  0.512515  0
13.306667  0.512307  0
13.333333  0.512098  0
13.360000  0.511890  0
13.386667  0.511681  0
13.413333  0.511473  0
13.440000  0.511264  0
13.466667  0.511056  0
13.493333  0.510848  0
13.520000  0.510639  0
13.546667  0.510431  0
13.573333  0.510222  0
13.600000  0.510014  0
13.626667  0.509805  0
13.653333  0.509597  0
13.680000  0.509388  0
13.706667  0.509180  0
13.733333  0.508972  0
13.760000  0.508763  0
13.786667  0.508555  0
13.813333  0.508346  0
13.840000  0.508138  0
13.866667  0.507929  0
13.893333  0.507721  0
13.920000  0.507512  0
13.946667  0.507304  0
13.973333  0.507096  0
14.000000  0.506887  0
14.026667  0.506679  0
14.053333  0.506470  0
14.080000  0.506262  0
14.106667  0.506053  0
14.133333  0.505845  0
14.160000  0.505636  0
14.186667  0.505428  0
14.213333  0.505220  0
14.240000  0.505011  0
14.266667  0.504803  0
14.293333  0.504594  0
14.320000  0.504386  0
14.346667  0.504177  0
14.373333  0.503969  0
14.400000  0.503761  0
14.426667  0.503552  0
14.453333  0.503344  0
14.480000  0.503135  0
14.506667  0.502927  0
14.533333  0.502718  0
14.560000  0.502510  0
14.586667  0.502301  0
14.613333  0.502093  0
14.640000  0.501885  0
14.666667  0.501676  0
14.693333  0.501468  0
14.720000  0.501259  0
14.746667  0.501051  0
14.773333  0.500842  0
14.800000  0.500634  0
14.826667  0.500425  0
14.853333  0.500217  0
14.880000  0.500009  0
14.906667  0.499800  0
14.933333  0.499592  0
14.960000  0.499383  0
14.986667  0.499175  0
15.013333  0.498966  0
15.040000  0.498758  0
15.066667  0.498549  0
15.093333  0.498341  0
15.120000  0.498133  0
15.146667  0.497924  0
15.173333  0.497716  0
15.200000  0.497507  0
15.226667  0.497299  0
15.253333  0.497090  0
15.280000  0.496882  0
15.306667  0.496674  0
15.333333  0.496465  0
15.360000  0.496257  0
15.386667  0.496048  0
15.413333  0.495840  0
15.440000  0.495631  0
15.466667  0.495423  0
15.493333  0.495214  0
15.520000  0.495006  0
15.546667  0.494798  0
15.573333  0.494589  0
15.600000  0.494381  0
15.626667  0.494172  0
15.653333  0.493964  0
15.680000  0.493755  0
15.706667  0.493547  0
15.733333  0.493338  0
15.760000  0.493130  0
15.786667  0.492922  0
15.813333  0.492713  0
15.840000  0.492505  0
15.866667  0.492296  0
15.893333  0.492088  0
15.920000  0.491879  0
15.946667  0.491671  0
15.973333  0.491463  0
16.000000  0.491254  0
16.026667  0.491046  0
16.053333  0.490837  0
16.080000  0.490629  0
16.106667  0.490420  0
16.133333  0.490212  0
16.160000  0.490003  0
16.186667  0.489795  0
16.213333  0.489587  0
16.240000  0.489378  0
16.266667  0.489170  0
16.293333  0.488961  0
16.320000  0.488753  0
16.346667  0.488544  0
16.373333  0.488336  0
16.400000  0.488127  0
16.426667  0.487919  0
16.453333  0.487711  0
16.480000  0.487502  0
16.506667  0.487294  0
16.533333  0.487085  0
16.560000  0.486877  0
16.586667  0.486668  0
16.613333  0.486460  0
16.640000  0.486251  0
16.666667  0.486043  0
16.693333  0.485835  0
16.720000  0.485626  0
16.746667  0.485418  0
16.773333  0.485209  0
16.800000  0.485001  0
16.826667  0.484792  0
16.853333  0.484584  0
16.880000  0.484376  0
16.906667  0.484167  0
16.933333  0.483959  0
16.960000  0.483750  0
16.986667  0.483542  0
17.013333  0.483333  0
17.040000  0.483125  0
17.066667  0.482916  0
17.093333  0.482708  0
17.120000  0.482500  0
17.146667  0.482291  0
17.173333  0.482083  0
17.200000  0.481874  0
17.226667  0.481666  0
17.253333  0.481457  0
17.280000  0.481249  0
17.306667  0.481040  0
17.333333  0.480832  0
17.360000  0.480624  0
17.386667  0.480415  0
17.413333  0.480207  0
17.440000  0.479998  0
17.466667  0.479790  0
17.493333  0.479581  0
17.520000  0.479373  0
17.546667  0.479164  0
17.573333  0.478956  0
17.600000  0.478748  0
17.626667  0.478539  0
17.653333  0.478331  0
17.680000  0.478122  0
17.706667  0.477914  0
17.733333  0.477705  0
17.760000  0.477497  0
17.786667  0.477289  0
17.813333  0.477080  0
17.840000  0.476872  0
17.866667  0.476663  0
17.893333  0.476455  0
17.920000  0.476246  0
17.946667  0.476038  0
17.973333  0.475829  0
18.000000  0.475621  0
18.026667  0.475413  0
18.053333  0.475204  0
18.080000  0.474996  0
18.106667  0.474787  0
18.133333  0.474579  0
18.160000  0.474370  0
18.186667  0.474162  0
18.213333  0.473953  0
18.240000  0.473745  0
18.266667  0.473537  0
18.293333  0.473328  0
18.320000  0.473120  0
18.346667  0.472911  0
18.373333  0.472703  0
18.400000  0.472494  0
18.426667  0.472286  0
18.453333  0.472077  0
18.480000  0.471869  0
18.506667  0.471661  0
18.533333  0.471452  0
18.560000  0.471244  0
18.586667  0.471035  0
18.613333  0.470827  0
18.640000  0.470618  0
18.666667  0.470410  0
18.693333  0.470202  0
18.720000  0.469993  0
18.746667  0.469785  0
18.773333  0.469576  0
18.800000  0.469368  0
18.826667  0.469159  0
18.853333  0.468951  0
18.880000  0.468742  0
18.906667  0.468534  0
8.000000  0.863731  1
8.026667  0.862981  1
8.053333  0.862232  1
8.080000  0.861482  1
8.106667  0.860732  1
8.133333  0.859983  1
8.160000  0.859233  1
8.186667  0.858483  1
8.213333  0.857734  1
8.240000  0.856984  1
8.266667  0.856235  1
8.293333  0.855485  1
8.320000  0.854735  1
8.346667  0.853986  1
8.373333  0.853236  1
8.400000  0.852486  1
8.426667  0.851737  1
8.453333  0.850987  1
8.480000  0.850237  1
8.506667  0.849488  1
8.533333  0.848738  1
8.560000  0.847988  1
8.586667  0.847239  1
8.613333  0.846489  1
8.640000  0.845740  1
8.666667  0.844990  1
8.693333  0.844240  1
8.720000  0.843491  1
8.746667  0.842741  1
8.773333  0.841991  1
8.800000  0.841242  1
8.826667  0.840492  1
8.853333  0.839742  1
8.880000  0.838993  1
8.906667  0.838243  1
8.933333  0.837493  1
8.960000  0.836744  1
8.986667  0.835994  1
9.013333  0.835245  1
9.040000  0.834495  1
9.066667  0.833745  1
9.093333  0.832996  1
9.120000  0.832246  1
9.146667  0.831496  1
9.173333  0.830747  1
9.200000  0.829997  1
9.226667  0.829247  1
9.253333  0.828498  1
9.280000  0.827748  1
9.306667  0.826998  1
9.333333  0.826249  1
9.360000  0.825499  1
9.386667  0.824750  1
9.413333  0.824000  1
9.440000  0.823250  1
9.466667  0.822501  1
9.493333  0.821751  1
9.520000  0.821001  1
9.546667  0.820252  1
9.573333  0.819502  1
9.600000  0.818752  1
9.626667  0.818003  1
9.653333  0.817253  1
9.680000  0.816503  1
9.706667  0.815754  1
9.733333  0.815004  1
9.760000  0.814255  1
9.786667  0.813505  1
9.813333  0.812755  1
9.840000  0.812006  1
9.866667  0.811256  1
9.893333  0.810506  1
9.920000  0.809757  1
9.946667  0.809007  1
9.973333  0.808257  1
10.000000  0.807508  1
10.026667  0.806758  1
10.053333  0.806008  1
10.080000  0.805259  1
10.106667  0.804509  1
10.133333  0.803760  1
10.160000  0.803010  1
10.186667  0.802260  1
10.213333  0.801511  1
10.240000  0.800761  1
10.266667  0.800011  1
10.293333  0.799262  1
10.320000  0.798512  1
10.346667  0.797762  1
10.373333  0.797013  1
10.400000  0.796263  1
10.426667  0.795513  1
10.453333  0.794764  1
10.480000  0.794014  1
10.506667  0.793265  1
10.533333  0.792515  1
10.560000  0.791765  1
10.586667  0.791016  1
10.613333  0.790266  1
10.640000  0.789516  1
10.666667  0.788767  1
10.693333  0.788017  1
10.720000  0.787267  1
10.746667  0.786740  1
10.773333  0.786252  1
10.800000  0.785763  1
10.826667  0.785275  1
10.853333  0.784787  1
10.880000  0.784299  1
10.906667  0.783810  1
10.933333  0.783322  1
10.960000  0.782834  1
10.986667  0.782346  1
11.013333  0.781857  1
11.040000  0.781369  1
11.066667  0.780881  1
11.093333  0.780393  1
11.120000  0.779904  1
11.146667  0.779416  1
11.173333  0.778928  1
11.200000  0.778440  1
11.226667  0.777951  1
11.253333  0.777463  1
11.280000  0.776975  1
11.306667  0.776487  1
11.333333  0.775998  1
11.360000  0.775510  1
11.386667  0.775022  1
11.413333  0.774534  1
11.440000  0.774045  1
11.466667  0.773557  1
11.493333  0.773069  1
11.520000  0.772581  1
11.546667  0.772092  1
11.573333  0.771604  1
11.600000  0.771116  1
11.626667  0.770628  1
11.653333  0.770139  1
11.680000  0.769651  1
11.706667  0.769163  1
11.733333  0.768675  1
11.760000  0.768186  1
11.786667  0.767698  1
11.813333  0.767210  1
11.840000  0.766722  1
11.866667  0.766233  1
11.893333  0.765745  1
11.920000  0.765257  1
11.946667  0.764769  1
11.973333  0.764280  1
12.000000  0.763792  1
12.026667  0.763304  1
12.053333  0.762815  1
12.080000  0.762327  1
12.106667  0.761839  1
12.133333  0.761351  1
12.160000  0.760862  1
12.186667  0.760374  1
12.213333  0.759886  1
12.240000  0.759398  1
12.266667  0.758909  1
12.293333  0.758421  1
12.320000  0.757933  1
12.346667  0.757445  1
12.373333  0.756956  1
12.400000  0.756468  1
12.426667  0.755980  1
12.453333  0.755492  1
12.480000  0.755003  1
12.506667  0.754515  1
12.533333  0.754027  1
12.560000  0.753539  1
12.586667  0.753050  1
12.613333  0.752562  1
12.640000  0.752074  1
12.666667  0.751586  1
12.693333  0.751097  1
12.720000  0.750609  1
12.746667  0.750121  1
12.773333  0.749633  1
12.800000  0.749144  1
12.826667  0.748656  1
12.853333  0.748168  1
12.880000  0.747680  1
12.906667  0.747191  1
12.933333  0.746703  1
12.960000  0.746215  1
12.986667  0.745727  1
13.013333  0.745238  1
13.040000  0.744750  1
13.066667  0.744262  1
13.093333  0.743774  1
13.120000  0.743285  1
13.146667  0.742797  1
13.173333  0.742309  1
13.200000  0.741821  1
13.226667  0.741332  1
13.253333  0.740844  1
13.280000  0.740356  1
13.306667  0.739868  1
13.333333  0.739379  1
13.360000  0.738891  1
13.386667  0.738403  1
13.413333  0.737915  1
13.440000  0.737426  1
13.466667  0.736938  1
13.493333  0.736450  1
13.520000  0.735962  1
13.546667  0.735473  1
13.573333  0.734985  1
13.600000  0.734497  1
13.626667  0.734008  1
13.653333  0.733520  1
13.680000  0.733032  1
13.706667  0.732544  1
13.733333  0.732055  1
13.760000  0.731567  1
13.786667  0.731079  1
13.813333  0.730591  1
13.840000  0.730102  1
13.866667  0.729614  1
13.893333  0.729126  1
13.920000  0.728638  1
13.946667  0.728149  1
13.973333  0.727661  1
14.000000  0.727173  1
14.026667  0.726685  1
14.053333  0.726196  1
14.080000  0.725708  1
14.106667  0.725220  1
14.133333  0.724732  1
14.160000  0.724243  1
14.186667  0.723755  1
14.213333  0.723267  1
14.240000  0.722779  1
14.266667  0.722290  1
14.293333  0.721802  1
14.320000  0.721314  1
14.346667  0.720826  1
14.373333  0.720337  1
14.400000  0.719849  1
14.426667  0.719361  1
14.453333  0.718873  1
14.480000  0.718384  1
14.506667  0.717896  1
14.533333  0.717408  1
14.560000  0.716920  1
14.586667  0.716431  1
14.613333  0.715943  1
14.640000  0.715455  1
14.666667  0.714967  1
14.693333  0.714478  1
14.720000  0.713990  1
14.746667  0.713502  1
14.773333  0.713014  1
14.800000  0.712525  1
14.826667  0.712037  1
14.853333  0.711549  1
14.880000  0.711061  1
14.906667  0.710572  1
14.933333  0.710084  1
14.960000  0.709596  1
14.986667  0.709108  1
15.013333  0.708619  1
15.040000  0.708131  1
15.066667  0.707643  1
15.093333  0.707155  1
15.120000  0.706666  1
15.146667  0.706178  1
15.173333  0.705690  1
15.200000  0.705201  1
15.226667  0.704713  1
15.253333  0.704225  1
15.280000  0.703737  1
15.306667  0.703248  1
15.333333  0.702760  1
15.360000  0.702272  1
15.386667  0.701784  1
15.413333  0.701295  1
15.440000  0.700807  1
15.466667  0.700319  1
15.493333  0.699831  1
15.520000  0.699342  1
15.546667  0.698854  1
15.573333  0.698366  1
15.600000  0.697878  1
15.626667  0.697389  1
15.653333  0.696901  1
15.680000  0.696413  1
15.706667  0.695925  1
15.733333  0.695436  1
15.760000  0.694948  1
15.786667  0.694460  1
15.813333  0.693972  1
15.840000  0.693483  1
15.866667  0.692995  1
15.893333  0.692507  1
15.920000  0.692019  1
15.946667  0.691530  1
15.973333  0.691042  1
16.000000  0.690554  1
16.026667  0.690066  1
16.053333  0.689577  1
16.080000  0.689089  1
16.106667  0.688601  1
16.133333  0.688113  1
16.160000  0.687624  1
16.186667  0.687136  1
16.213333  0.686648  1
16.240000  0.686160  1
16.266667  0.685671  1
16.293333  0.685183  1
16.320000  0.684695  1
16.346667  0.684207  1
16.373333  0.683718  1
16.400000  0.683230  1
16.426667  0.682742  1
16.453333  0.682254  1
16.480000  0.681765  1
16.506667  0.681277  1
16.533333  0.680789  1
16.560000  0.680301  1
16.586667  0.679812  1
16.613333  0.679324  1
16.640000  0.678836  1
16.666667  0.678348  1
16.693333  0.677859  1
16.720000  0.677371  1
16.746667  0.676883  1
16.773333  0.676394  1
16.800000  0.675906  1
16.826667  0.675418  1
16.853333  0.674930  1
16.880000  0.674441  1
16.906667  0.673953  1
16.933333  0.673465  1
16.960000  0.672977  1
16.986667  0.672488  1
17.013333  0.672000  1
17.040000  0.671512  1
17.066667  0.671024  1
17.093333  0.670535  1
17.120000  0.670047  1
17.146667  0.669559  1
17.173333  0.669071  1
17.200000  0.668582  1
17.226667  0.668094  1
17.253333  0.667606  1
17.280000  0.667118  1
17.306667  0.666629  1
17.333333  0.666141  1
17.360000  0.665653  1
17.386667  0.665165  1
17.413333  0.664676  1
17.440000  0.664188  1
17.466667  0.663700  1
17.493333  0.663212  1
17.520000  0.662723  1
17.546667  0.662235  1
17.573333  0.661747  1
17.600000  0.661259  1
17.626667  0.660770  1
17.653333  0.660282  1
17.680000  0.659794  1
17.706667  0.659306  1
17.733333  0.658817  1
17.760000  0.658329  1
17.786667  0.657841  1
17.813333  0.657353  1
17.840000  0.656864  1
17.866667  0.656376  1
17.893333  0.655888  1
17.920000  0.655400  1
17.946667  0.654911  1
17.973333  0.654423  1
18.000000  0.653935  1
18.026667  0.653673  1
18.053333  0.653433  1
18.080000  0.653192  1
18.106667  0.652951  1
18.133333  0.652711  1
18.160000  0.652470  1
18.186667  0.652229  1
18.213333  0.651988  1
18.240000  0.651748  1
18.266667  0.651507  1
18.293333  0.651266  1
18.320000  0.651025  1
18.346667  0.650785  1
18.373333  0.650544  1
18.400000  0.650303  1
18.426667  0.650062  1
18.453333  0.649822  1
18.480000  0.649581  1
18.506667  0.649340  1
18.533333  0.649099  1
18.560000  0.648859  1
18.586667  0.648618  1
18.613333  0.648377  1
18.640000  0.648136  1
18.666667  0.647896  1
18.693333  0.647655  1
18.720000  0.647414  1
18.746667  0.647173  1
18.773333  0.646933  1
18.800000  0.646692  1
18.826667  0.646451  1
18.853333  0.646210  1
18.880000  0.645970  1
18.906667  0.645729  1
18.933333  0.645488  1
18.960000  0.645248  1
18.986667  0.645007  1
19.013333  0.644766  1
19.040000  0.644525  1
19.066667  0.644285  1
19.093333  0.644044  1
19.120000  0.643803  1
19.146667  0.643562  1
19.173333  0.643322  1
19.200000  0.643081  1
19.226667  0.642840  1
19.253333  0.642599  1
19.280000  0.642359  1
19.306667  0.642118  1
19.333333  0.641877  1
19.360000  0.641636  1
19.386667  0.641396  1
19.413333  0.641155  1
19.440000  0.640914  1
19.466667  0.640673  1
19.493333  0.640433  1
19.520000  0.640192  1
19.546667  0.639951  1
19.573333  0.639710  1
19.600000  0.639470  1
19.626667  0.639229  1
19.653333  0.638988  1
19.680000  0.638748  1
19.706667  0.638507  1
19.733333  0.638266  1
19.760000  0.638025  1
19.786667  0.637785  1
19.813333  0.637544  1
19.840000  0.637303  1
19.866667  0.637062  1
19.893333  0.636822  1
19.920000  0.636581  1
19.946667  0.636340  1
19.973333  0.636099  1
20.000000  0.635859  1
20.026667  0.635618  1
20.053333  0.635377  1
20.080000  0.635136  1
20.106667  0.634896  1
20.133333  0.634655  1
20.160000  0.634414  1
20.186667  0.634173  1
20.213333  0.633933  1
20.240000  0.633692  1
20.266667  0.633451  1
20.293333  0.633210  1
20.320000  0.632970  1
20.346667  0.632729  1
20.373333  0.632488  1
20.400000  0.632247  1
20.426667  0.632007  1
20.453333  0.631766  1
20.480000  0.631525  1
20.506667  0.631285  1
20.533333  0.631044  1
20.560000  0.630803  1
20.586667  0.630562  1
20.613333  0.630322  1
20.640000  0.630081  1
20.666667  0.629840  1
20.693333  0.629599  1
20.720000  0.629359  1
20.746667  0.629118  1
20.773333  0.628877  1
20.800000  0.628636  1
20.826667  0.628396  1
20.853333  0.628155  1
20.880000  0.627914  1
20.906667  0.627673  1
20.933333  0.627433  1
20.960000  0.627192  1
20.986667  0.626951  1
21.013333  0.626710  1
21.040000  0.626470  1
21.066667  0.626229  1
21.093333  0.625988  1
21.120000  0.625747  1
21.146667  0.625507  1
21.173333  0.625266  1
21.200000  0.625025  1
21.226667  0.624784  1
21.253333  0.624544  1
21.280000  0.624303  1
21.306667  0.624062  1
21.333333  0.623822  1
21.360000  0.623581  1
21.386667  0.623340  1
21.413333  0.623099  1
21.440000  0.622859  1
21.466667  0.622618  1
21.493333  0.622377  1
21.520000  0.622136  1
21.546667  0.621896  1
21.573333  0.621655  1
21.600000  0.621414  1
21.626667  0.621173  1
21.653333  0.620933  1
21.680000  0.620692  1
21.706667  0.620451  1
21.733333  0.620210  1
21.760000  0.619970  1
21.786667  0.619729  1
21.813333  0.619488  1
21.840000  0.619247  1
21.866667  0.619007  1
21.893333  0.618766  1
21.920000  0.618525  1
21.946667  0.618284  1
21.973333  0.618044  1
22.000000  0.617803  1
22.026667  0.617562  1
22.053333  0.617321  1
22.080000  0.617081  1
22.106667  0.616840  1
22.133333  0.616599  1
22.160000  0.616359  1
22.186667  0.616118  1
22.213333  0.615877  1
22.240000  0.615636  1
22.266667  0.615396  1
22.293333  0.615155  1
22.320000  0.614914  1
22.346667  0.614673  1
22.373333  0.614433  1
22.400000  0.614192  1
22.426667  0.613951  1
22.453333  0.613710  1
22.480000  0.613470  1
22.506667  0.613229  1
22.533333  0.612988  1
22.560000  0.612747  1
22.586667  0.612507  1
22.613333  0.612266  1
22.640000  0.612025  1
22.666667  0.611784  1
22.693333  0.611544  1
22.720000  0.611303  1
22.746667  0.611062  1
22.773333  0.610821  1
22.800000  0.610581  1
22.826667  0.610340  1
22.853333  0.610099  1
22.880000  0.609859  1
22.906667  0.609618  1
22.933333  0.609377  1
22.960000  0.609136  1
22.986667  0.608896  1
23.013333  0.608655  1
23.040000  0.608414  1
23.066667  0.608173  1
23.093333  0.607933  1
23.120000  0.607692  1
23.146667  0.607451  1
23.173333  0.607210  1
23.200000  0.606970  1
23.226667  0.606729  1
23.253333  0.606488  1
23.280000  0.606247  1
23.306667  0.606007  1
23.333333  0.605766  1
23.360000  0.605525  1
