5.413333  0.804177  0
5.440000  0.803283  0
5.466667  0.802389  0
5.493333  0.801494  0
5.520000  0.800600  0
5.546667  0.799706  0
5.573333  0.798812  0
5.600000  0.797917  0
5.626667  0.797023  0
5.653333  0.796129  0
5.680000  0.795234  0
5.706667  0.794340  0
5.733333  0.793446  0
5.760000  0.792551  0
5.786667  0.791657  0
5.813333  0.790763  0
5.840000  0.789868  0
5.866667  0.788974  0
5.893333  0.788080  0
5.920000  0.787186  0
5.946667  0.786291  0
5.973333  0.785397  0
6.000000  0.784503  0
6.026667  0.783608  0
6.053333  0.782714  0
6.080000  0.781820  0
6.106667  0.780925  0
6.133333  0.780031  0
6.160000  0.779137  0
6.186667  0.778242  0
6.213333  0.777348  0
6.240000  0.776454  0
6.266667  0.775559  0
6.293333  0.774665  0
6.320000  0.773771  0
6.346667  0.772876  0
6.373333  0.771976  0
6.400000  0.771051  0
6.426667  0.770084  0
6.453333  0.769089  0
6.480000  0.768085  0
6.506667  0.767081  0
6.533333  0.766077  0
6.560000  0.765073  0
6.586667  0.764068  0
6.613333  0.763064  0
6.640000  0.762060  0
6.666667  0.761055  0
6.693333  0.760051  0
6.720000  0.759047  0
6.746667  0.758042  0
6.773333  0.757038  0
6.800000  0.756034  0
6.826667  0.755030  0
6.853333  0.754025  0
6.880000  0.753021  0
6.906667  0.752017  0
6.933333  0.751012  0
6.960000  0.750008  0
6.986667  0.749004  0
7.013333  0.747999  0
7.040000  0.746995  0
7.066667  0.745991  0
7.093333  0.744987  0
7.120000  0.743982  0
7.146667  0.742978  0
7.173333  0.741974  0
7.200000  0.740969  0
7.226667  0.739965  0
7.253333  0.738961  0
7.280000  0.737956  0
7.306667  0.736952  0
7.333333  0.735948  0
7.360000  0.734943  0
7.386667  0.733939  0
7.413333  0.732935  0
7.440000  0.731931  0
7.466667  0.730926  0
7.493333  0.729922  0
7.520000  0.728918  0
7.546667  0.727913  0
7.573333  0.726909  0
7.600000  0.725905  0
7.626667  0.724900  0
7.653333  0.723896  0
7.680000  0.722892  0
7.706667  0.721887  0
7.733333  0.720883  0
7.760000  0.719879  0
7.786667  0.718875  0
7.813333  0.717870  0
7.840000  0.716867  0
7.866667  0.715876  0
7.893333  0.714942  0
7.920000  0.714125  0
7.946667  0.713412  0
7.973333  0.712743  0
8.000000  0.712081  0
8.026667  0.711421  0
8.053333  0.710760  0
8.080000  0.710099  0
8.106667  0.709439  0
8.133333  0.708778  0
8.160000  0.708117  0
8.186667  0.707457  0
8.213333  0.706796  0
8.240000  0.706136  0
8.266667  0.705475  0
8.293333  0.704814  0
8.320000  0.704154  0
8.346667  0.703493  0
8.373333  0.702832  0
8.400000  0.702172  0
8.426667  0.701511  0
8.453333  0.700850  0
8.480000  0.700190  0
8.506667  0.699529  0
8.533333  0.698868  0
8.560000  0.698208  0
8.586667  0.697547  0
8.613333  0.696887  0
8.640000  0.696226  0
8.666667  0.695565  0
8.693333  0.694905  0
8.720000  0.694244  0
8.746667  0.693583  0
8.773333  0.692923  0
8.800000  0.692262  0
8.826667  0.691601  0
8.853333  0.690941  0
8.880000  0.690280  0
8.906667  0.689620  0
8.933333  0.688959  0
8.960000  0.688298  0
8.986667  0.687638  0
9.013333  0.686977  0
9.040000  0.686316  0
9.066667  0.685656  0
9.093333  0.684995  0
9.120000  0.684334  0
9.146667  0.683674  0
9.173333  0.683013  0
9.200000  0.682352  0
9.226667  0.681692  0
9.253333  0.681031  0
9.280000  0.680371  0
9.306667  0.679710  0
9.333333  0.679049  0
9.360000  0.678389  0
9.386667  0.677728  0
9.413333  0.677067  0
9.440000  0.676407  0
9.466667  0.675746  0
9.493333  0.675085  0
9.520000  0.674425  0
9.546667  0.673764  0
9.573333  0.673104  0
9.600000  0.672443  0
9.626667  0.671782  0
9.653333  0.671122  0
9.680000  0.670461  0
9.706667  0.669800  0
9.733333  0.669140  0
9.760000  0.668479  0
9.786667  0.667819  0
9.813333  0.667161  0
9.840000  0.666518  0
9.866667  0.665918  0
9.893333  0.665372  0
9.920000  0.664855  0
9.946667  0.664344  0
9.973333  0.663833  0
10.000000  0.663323  0
10.026667  0.662812  0
10.053333  0.662301  0
10.080000  0.661791  0
10.106667  0.661280  0
10.133333  0.660770  0
10.160000  0.660259  0
10.186667  0.659749  0
10.213333  0.659238  0
10.240000  0.658727  0
10.266667  0.658217  0
10.293333  0.657706  0
10.320000  0.657196  0
10.346667  0.656685  0
10.373333  0.656174  0
10.400000  0.655664  0
10.426667  0.655153  0
10.453333  0.654643  0
10.480000  0.654132  0
10.506667  0.653621  0
10.533333  0.653111  0
10.560000  0.652600  0
10.586667  0.652090  0
10.613333  0.651579  0
10.640000  0.651068  0
10.666667  0.650558  0
10.693333  0.650047  0
10.720000  0.649537  0
10.746667  0.649026  0
10.773333  0.648515  0
10.800000  0.648005  0
10.826667  0.647494  0
10.853333  0.646984  0
10.880000  0.646473  0
10.906667  0.645963  0
10.933333  0.645452  0
10.960000  0.644941  0
10.986667  0.644431  0
11.013333  0.643920  0
11.040000  0.643410  0
11.066667  0.642899  0
11.093333  0.642388  0
11.120000  0.641878  0
11.146667  0.641367  0
11.173333  0.640857  0
11.200000  0.640346  0
11.226667  0.639835  0
11.253333  0.639325  0
11.280000  0.638814  0
11.306667  0.638304  0
11.333333  0.637793  0
11.360000  0.637282  0
11.386667  0.636772  0
11.413333  0.636261  0
11.440000  0.635751  0
11.466667  0.635240  0
11.493333  0.634729  0
11.520000  0.634219  0
11.546667  0.633708  0
11.573333  0.633198  0
11.600000  0.632687  0
11.626667  0.632177  0
11.653333  0.631666  0
11.680000  0.631155  0
11.706667  0.630645  0
11.733333  0.630134  0
11.760000  0.629624  0
11.786667  0.629113  0
11.813333  0.628602  0
11.840000  0.628092  0
11.866667  0.627581  0
11.893333  0.627071  0
11.920000  0.626560  0
11.946667  0.626049  0
11.973333  0.625539  0
12.000000  0.625028  0
12.026667  0.624518  0
12.053333  0.624007  0
12.080000  0.623496  0
12.106667  0.622986  0
12.133333  0.622481  0
12.160000  0.622006  0
12.186667  0.621613  0
12.213333  0.621323  0
12.240000  0.621090  0
12.266667  0.620868  0
12.293333  0.620647  0
12.320000  0.620426  0
12.346667  0.620205  0
12.373333  0.619984  0
12.400000  0.619763  0
12.426667  0.619542  0
12.453333  0.619321  0
12.480000  0.619100  0
12.506667  0.618879  0
12.533333  0.618658  0
12.560000  0.618437  0
12.586667  0.618216  0
12.613333  0.617995  0
12.640000  0.617774  0
12.666667  0.617553  0
12.693333  0.617332  0
12.720000  0.617111  0
12.746667  0.616890  0
12.773333  0.616670  0
12.800000  0.616449  0
12.826667  0.616228  0
12.853333  0.616007  0
12.880000  0.615786  0
12.906667  0.615565  0
12.933333  0.615344  0
12.960000  0.615123  0
12.986667  0.614902  0
13.013333  0.614681  0
13.040000  0.614460  0
13.066667  0.614239  0
13.093333  0.614018  0
13.120000  0.613797  0
13.146667  0.613576  0
13.173333  0.613355  0
13.200000  0.613134  0
13.226667  0.612913  0
13.253333  0.612692  0
13.280000  0.612472  0
13.306667  0.612251  0
13.333333  0.612030  0
13.360000  0.611809  0
13.386667  0.611588  0
13.413333  0.611367  0
13.440000  0.611146  0
13.466667  0.610925  0
13.493333  0.610704  0
13.520000  0.610483  0
13.546667  0.610262  0
13.573333  0.610041  0
13.600000  0.609820  0
13.626667  0.609599  0
13.653333  0.609378  0
13.680000  0.609157  0
13.706667  0.608936  0
13.733333  0.608715  0
13.760000  0.608494  0
13.786667  0.608274  0
13.813333  0.608053  0
13.840000  0.607832  0
13.866667  0.607611  0
13.893333  0.607390  0
13.920000  0.607169  0
13.946667  0.606948  0
13.973333  0.606727  0
14.000000  0.606506  0
14.026667  0.606285  0
14.053333  0.606064  0
14.080000  0.605843  0
14.106667  0.605622  0
14.133333  0.605401  0
14.160000  0.605180  0
14.186667  0.604959  0
14.213333  0.604738  0
14.240000  0.604517  0
14.266667  0.604296  0
14.293333  0.604076  0
14.320000  0.603855  0
14.346667  0.603634  0
14.373333  0.603413  0
14.400000  0.603192  0
14.426667  0.602971  0
14.453333  0.602750  0
14.480000  0.602529  0
14.506667  0.602308  0
14.533333  0.602087  0
14.560000  0.601866  0
14.586667  0.601645  0
14.613333  0.601424  0
14.640000  0.601203  0
14.666667  0.600982  0
14.693333  0.600761  0
14.720000  0.600540  0
14.746667  0.600319  0
14.773333  0.600098  0
14.800000  0.599878  0
14.826667  0.599657  0
14.853333  0.599436  0
14.880000  0.599215  0
14.906667  0.598994  0
14.933333  0.598773  0
14.960000  0.598552  0
14.986667  0.598331  0
15.013333  0.598110  0
15.040000  0.597889  0
15.066667  0.597668  0
15.093333  0.597447  0
15.120000  0.597226  0
15.146667  0.597005  0
15.173333  0.596784  0
15.200000  0.596563  0
15.226667  0.596342  0
15.253333  0.596121  0
15.280000  0.595900  0
15.306667  0.595680  0
15.333333  0.595459  0
15.360000  0.595238  0
15.386667  0.595017  0
15.413333  0.594796  0
15.440000  0.594575  0
15.466667  0.594354  0
15.493333  0.594133  0
15.520000  0.593912  0
15.546667  0.593690  0
15.573333  0.593460  0
15.600000  0.593212  0
15.626667  0.592942  0
15.653333  0.592660  0
15.680000  0.592376  0
15.706667  0.592092  0
15.733333  0.591808  0
15.760000  0.591524  0
15.786667  0.591240  0
15.813333  0.590956  0
15.840000  0.590672  0
15.866667  0.590388  0
15.893333  0.590104  0
15.920000  0.589820  0
15.946667  0.589536  0
18.213333  0.803066  1
18.240000  0.802845  1
18.266667  0.802624  1
18.293333  0.802403  1
18.320000  0.802182  1
18.346667  0.801961  1
18.373333  0.801741  1
18.400000  0.801520  1
18.426667  0.801299  1
18.453333  0.801078  1
18.480000  0.800857  1
18.506667  0.800636  1
18.533333  0.800415  1
18.560000  0.800194  1
18.586667  0.799973  1
18.613333  0.799752  1
18.640000  0.799531  1
18.666667  0.799310  1
18.693333  0.799089  1
18.720000  0.798868  1
18.746667  0.798647  1
18.773333  0.798426  1
18.800000  0.798205  1
18.826667  0.797984  1
18.853333  0.797763  1
18.880000  0.797543  1
18.906667  0.797322  1
18.933333  0.797101  1
18.960000  0.796880  1
18.986667  0.796659  1
19.013333  0.796438  1
19.040000  0.796217  1
19.066667  0.795996  1
19.093333  0.795775  1
19.120000  0.795554  1
19.146667  0.795333  1
19.173333  0.795112  1
19.200000  0.794891  1
19.226667  0.794670  1
19.253333  0.794449  1
19.280000  0.794228  1
19.306667  0.794007  1
19.333333  0.793786  1
19.360000  0.793565  1
19.386667  0.793345  1
19.413333  0.793124  1
19.440000  0.792903  1
19.466667  0.792682  1
19.493333  0.792461  1
19.520000  0.792240  1
19.546667  0.792019  1
19.573333  0.791798  1
19.600000  0.791577  1
19.626667  0.791356  1
19.653333  0.791135  1
19.680000  0.790914  1
19.706667  0.790693  1
19.733333  0.790472  1
19.760000  0.790251  1
19.786667  0.790030  1
19.813333  0.789809  1
19.840000  0.789588  1
19.866667  0.789367  1
19.893333  0.789147  1
19.920000  0.788926  1
19.946667  0.788705  1
19.973333  0.788484  1
20.000000  0.788263  1
20.026667  0.788042  1
20.053333  0.787821  1
20.080000  0.787600  1
20.106667  0.787379  1
20.133333  0.787158  1
20.160000  0.786937  1
20.186667  0.786716  1
20.213333  0.786495  1
20.240000  0.786274  1
20.266667  0.786053  1
20.293333  0.785832  1
20.320000  0.785611  1
20.346667  0.785390  1
20.373333  0.785169  1
20.400000  0.784949  1
20.426667  0.784728  1
20.453333  0.784507  1
20.480000  0.784286  1
20.506667  0.784065  1
20.533333  0.783844  1
20.560000  0.783623  1
20.586667  0.783402  1
20.613333  0.783181  1
20.640000  0.782960  1
20.666667  0.782739  1
20.693333  0.782518  1
20.720000  0.782297  1
20.746667  0.782076  1
20.773333  0.781855  1
20.800000  0.781634  1
20.826667  0.781413  1
20.853333  0.781192  1
20.880000  0.780971  1
20.906667  0.780751  1
20.933333  0.780530  1
20.960000  0.780309  1
20.986667  0.780088  1
21.013333  0.779867  1
21.040000  0.779646  1
21.066667  0.779425  1
21.093333  0.779204  1
21.120000  0.778983  1
21.146667  0.778762  1
21.173333  0.778541  1
21.200000  0.778320  1
21.226667  0.778099  1
21.253333  0.777878  1
21.280000  0.777657  1
21.306667  0.777436  1
21.333333  0.777215  1
21.360000  0.776994  1
21.386667  0.776773  1
21.413333  0.776553  1
21.440000  0.776332  1
21.466667  0.776111  1
21.493333  0.775890  1
21.520000  0.775669  1
21.546667  0.775448  1
18.933333  1.053453  3
18.960000  1.053174  3
18.986667  1.052895  3
19.013333  1.052616  3
19.040000  1.052337  3
19.066667  1.052058  3
19.093333  1.051779  3
19.120000  1.051500  3
19.146667  1.051221  3
19.173333  1.050942  3
19.200000  1.050662  3
19.226667  1.050383  3
19.253333  1.050104  3
19.280000  1.049825  3
19.306667  1.049546  3
19.333333  1.049267  3
19.360000  1.048988  3
19.386667  1.048709  3
19.413333  1.048430  3
19.440000  1.048151  3
19.466667  1.047872  3
19.493333  1.047593  3
19.520000  1.047314  3
19.546667  1.047035  3
19.573333  1.046755  3
19.600000  1.046476  3
19.626667  1.046197  3
19.653333  1.045918  3
19.680000  1.045639  3
19.706667  1.045360  3
19.733333  1.045081  3
19.760000  1.044802  3
19.786667  1.044523  3
19.813333  1.044244  3
19.840000  1.043965  3
19.866667  1.043686  3
19.893333  1.043407  3
19.920000  1.043128  3
19.946667  1.042848  3
19.973333  1.042569  3
20.000000  1.042290  3
20.026667  1.042011  3
20.053333  1.041732  3
20.080000  1.041453  3
20.106667  1.041174  3
20.133333  1.040895  3
20.160000  1.040616  3
20.186667  1.040337  3
20.213333  1.040058  3
20.240000  1.039779  3
20.266667  1.039500  3
20.293333  1.039221  3
20.320000  1.038941  3
20.346667  1.038662  3
20.373333  1.038383  3
20.400000  1.038104  3
20.426667  1.037825  3
20.453333  1.037546  3
20.480000  1.037267  3
20.506667  1.036988  3
20.533333  1.036709  3
20.560000  1.036430  3
20.586667  1.036151  3
20.613333  1.035872  3
20.640000  1.035593  3
20.666667  1.035314  3
20.693333  1.035034  3
20.720000  1.034755  3
20.746667  1.034476  3
20.773333  1.034197  3
20.800000  1.033918  3
20.826667  1.033639  3
20.853333  1.033360  3
20.880000  1.033081  3
20.906667  1.032802  3
20.933333  1.032523  3
20.960000  1.032244  3
20.986667  1.031965  3
21.013333  1.031686  3
21.040000  1.031407  3
21.066667  1.031127  3
21.093333  1.030848  3
21.120000  1.030569  3
21.146667  1.030290  3
21.173333  1.030011  3
21.200000  1.029732  3
21.226667  1.029453  3
21.253333  1.029174  3
21.280000  1.028895  3
21.306667  1.028616  3
21.333333  1.028337  3
21.360000  1.028058  3
21.386667  1.027779  3
21.413333  1.027500  3
21.440000  1.027220  3
21.466667  1.026941  3
21.493333  1.026662  3
21.520000  1.026383  3
21.546667  1.026104  3
21.573333  1.025825  3
21.600000  1.025546  3
21.626667  1.025267  3
21.653333  1.024988  3
21.680000  1.024709  3
21.706667  1.024430  3
21.733333  1.024151  3
21.760000  1.023872  3
21.786667  1.023593  3
21.813333  1.023314  3
21.840000  1.023034  3
21.866667  1.022755  3
21.893333  1.022476  3
21.920000  1.022197  3
21.946667  1.021918  3
21.973333  1.021639  3
22.000000  1.021360  3
22.026667  1.021081  3
22.053333  1.020802  3
22.080000  1.020523  3
22.106667  1.020244  3
22.133333  1.019965  3
22.160000  1.019686  3
22.186667  1.019407  3
22.213333  1.019127  3
22.240000  1.018848  3
22.266667  1.018569  3
22.293333  1.018290  3
22.320000  1.018011  3
22.346667  1.017732  3
22.373333  1.017453  3
22.400000  1.017174  3
22.426667  1.016895  3
22.453333  1.016616  3
22.480000  1.016337  3
22.506667  1.016058  3
22.533333  1.015779  3
22.560000  1.015500  3
22.586667  1.015220  3
22.613333  1.014941  3
22.640000  1.014662  3
22.666667  1.014383  3
22.693333  1.014104  3
22.720000  1.013825  3
22.746667  1.013546  3
22.773333  1.013267  3
22.800000  1.012988  3
22.826667  1.012709  3
22.853333  1.012430  3
22.880000  1.012151  3
22.906667  1.011872  3
22.933333  1.011593  3
22.960000  1.011313  3
22.986667  1.011034  3
23.013333  1.010755  3
23.040000  1.010476  3
23.066667  1.010197  3
23.093333  1.009918  3
23.120000  1.009639  3
23.146667  1.009360  3
23.173333  1.009081  3
23.200000  1.008802  3
23.226667  1.008523  3
23.253333  1.008244  3
23.280000  1.007965  3
23.306667  1.007686  3
23.333333  1.007406  3
23.360000  1.007127  3
23.386667  1.006848  3
23.413333  1.006569  3
23.440000  1.006290  3
23.466667  1.006011  3
23.493333  1.005732  3
23.520000  1.005453  3
23.546667  1.005174  3
23.573333  1.004895  3
23.600000  1.004616  3
23.626667  1.004337  3
23.653333  1.004058  3
23.680000  1.003779  3
23.706667  1.003499  3
23.733333  1.003220  3
23.760000  1.002941  3
23.786667  1.002662  3
23.813333  1.002383  3
23.840000  1.002104  3
23.866667  1.001825  3
23.893333  1.001546  3
23.920000  1.001267  3
23.946667  1.000988  3
23.973333  1.000709  3
24.000000  1.000430  3
24.026667  1.000151  3
24.053333  0.999872  3
24.080000  0.999592  3
24.106667  0.999313  3
24.133333  0.999034  3
24.160000  0.998755  3
24.186667  0.998476  3
24.213333  0.998197  3
24.240000  0.997918  3
24.266667  0.997639  3
24.293333  0.997360  3
24.320000  0.997081  3
24.346667  0.996802  3
24.373333  0.996523  3
24.400000  0.996244  3
24.426667  0.995965  3
24.453333  0.995685  3
24.480000  0.995406  3
24.506667  0.995127  3
24.533333  0.994848  3
24.560000  0.994569  3
24.586667  0.994290  3
24.613333  0.994011  3
24.640000  0.993732  3
24.666667  0.993453  3
24.693333  0.993174  3
24.720000  0.992895  3
24.746667  0.992616  3
24.773333  0.992337  3
24.800000  0.992058  3
24.826667  0.991778  3
24.853333  0.991499  3
24.880000  0.991220  3
24.906667  0.990941  3
24.933333  0.990662  3
24.960000  0.990383  3
24.986667  0.990104  3
25.013333  0.989825  3
25.040000  0.989546  3
25.066667  0.989267  3
25.093333  0.988988  3
25.120000  0.988709  3
25.146667  0.988430  3
25.173333  0.988151  3
25.200000  0.987871  3
25.226667  0.987592  3
25.253333  0.987313  3
25.280000  0.987034  3
25.306667  0.986755  3
25.333333  0.986476  3
25.360000  0.986197  3
25.386667  0.985918  3
25.413333  0.985639  3
25.440000  0.985360  3
25.466667  0.985081  3
25.493333  0.984802  3
25.520000  0.984523  3
25.546667  0.984244  3
25.573333  0.983964  3
25.600000  0.983685  3
25.626667  0.983406  3
25.653333  0.983127  3
25.680000  0.982848  3
25.706667  0.982569  3
25.733333  0.982290  3
25.760000  0.982011  3
25.786667  0.981732  3
25.813333  0.981453  3
25.840000  0.981174  3
25.866667  0.980895  3
25.893333  0.980616  3
25.920000  0.980337  3
25.946667  0.980057  3
25.973333  0.979778  3
26.000000  0.979499  3
26.026667  0.979220  3
26.053333  0.978941  3
26.080000  0.978662  3
26.106667  0.978383  3
26.133333  0.978104  3
26.160000  0.977825  3
26.186667  0.977546  3
26.213333  0.977267  3
26.240000  0.976988  3
26.266667  0.976709  3
26.293333  0.976430  3
26.320000  0.976150  3
26.346667  0.975871  3
26.373333  0.975592  3
26.400000  0.975313  3
26.426667  0.975034  3
26.453333  0.974755  3
26.480000  0.974476  3
26.506667  0.974197  3
26.533333  0.973918  3
26.560000  0.973639  3
26.586667  0.973360  3
26.613333  0.973081  3
26.640000  0.972802  3
26.666667  0.972523  3
26.693333  0.972243  3
26.720000  0.971964  3
26.746667  0.971685  3
26.773333  0.971406  3
26.800000  0.971127  3
26.826667  0.970848  3
26.853333  0.970569  3
26.880000  0.970290  3
26.906667  0.970011  3
26.933333  0.969732  3
26.960000  0.969453  3
26.986667  0.969174  3
27.013333  0.968895  3
27.040000  0.968616  3
27.066667  0.968336  3
27.093333  0.968057  3
27.120000  0.967778  3
27.146667  0.967499  3
27.173333  0.967220  3
27.200000  0.966941  3
27.226667  0.966662  3
27.253333  0.966383  3
27.280000  0.966104  3
27.306667  0.965825  3
27.333333  0.965546  3
27.360000  0.965267  3
27.386667  0.964988  3
27.413333  0.964709  3
27.440000  0.964429  3
27.466667  0.964150  3
27.493333  0.963871  3
27.520000  0.963592  3
27.546667  0.963313  3
27.573333  0.963034  3
27.600000  0.962755  3
27.626667  0.962476  3
27.653333  0.962197  3
27.680000  0.961918  3
27.706667  0.961639  3
27.733333  0.961360  3
27.760000  0.961081  3
27.786667  0.960802  3
27.813333  0.960522  3
27.840000  0.960243  3
27.866667  0.959964  3
27.893333  0.959685  3
27.920000  0.959406  3
27.946667  0.959127  3
27.973333  0.958848  3
28.000000  0.958569  3
28.026667  0.958290  3
28.053333  0.958011  3
28.080000  0.957732  3
28.106667  0.957453  3
28.133333  0.957174  3
28.160000  0.956895  3
28.186667  0.956615  3
28.213333  0.956336  3
28.240000  0.956057  3
28.266667  0.955778  3
28.293333  0.955499  3
28.320000  0.955220  3
28.346667  0.954941  3
28.373333  0.954662  3
28.400000  0.954383  3
28.426667  0.954104  3
28.453333  0.953825  3
28.480000  0.953546  3
28.506667  0.953267  3
28.533333  0.952988  3
28.560000  0.952708  3
28.586667  0.952429  3
28.613333  0.952150  3
28.640000  0.951871  3
28.666667  0.951592  3
28.693333  0.951313  3
28.720000  0.951034  3
28.746667  0.950755  3
28.773333  0.950476  3
28.800000  0.950197  3
28.826667  0.949918  3
28.853333  0.949639  3
28.880000  0.949360  3
28.906667  0.949081  3
28.933333  0.948802  3
28.960000  0.948522  3
28.986667  0.948243  3
29.013333  0.947964  3
29.040000  0.947685  3
29.066667  0.947406  3
29.093333  0.947127  3
29.120000  0.946848  3
29.146667  0.946569  3
29.173333  0.946290  3
29.200000  0.946011  3
29.226667  0.945732  3
29.253333  0.945453  3
29.280000  0.945174  3
29.306667  0.944895  3
29.333333  0.944615  3
29.360000  0.944336  3
29.386667  0.944057  3
29.413333  0.943778  3
29.440000  0.943499  3
29.466667  0.943220  3
29.493333  0.942941  3
29.520000  0.942662  3
29.546667  0.942383  3
29.573333  0.942104  3
29.600000  0.941825  3
29.626667  0.941546  3
29.653333  0.941267  3
29.680000  0.940988  3
29.706667  0.940708  3
29.733333  0.940429  3
29.760000  0.940150  3
29.786667  0.939871  3
29.813333  0.939592  3
29.840000  0.939313  3
29.866667  0.939034  3
29.893333  0.938755  3
29.920000  0.938476  3
29.946667  0.938197  3
29.973333  0.937918  3
30.000000  0.937639  3
30.026667  0.937360  3
30.053333  0.937081  3
30.080000  0.936801  3
