3.653333  0.805301  0
3.680000  0.803170  0
3.706667  0.801040  0
3.733333  0.798909  0
3.760000  0.796779  0
3.786667  0.794648  0
3.813333  0.792518  0
3.840000  0.790387  0
3.866667  0.788256  0
3.893333  0.786126  0
3.920000  0.783995  0
3.946667  0.781865  0
3.973333  0.779734  0
4.000000  0.777604  0
4.026667  0.775473  0
4.053333  0.773342  0
4.080000  0.771212  0
4.106667  0.769081  0
4.133333  0.766951  0
4.160000  0.764820  0
4.186667  0.762690  0
4.213333  0.760559  0
4.240000  0.758429  0
4.266667  0.756298  0
4.293333  0.754167  0
4.320000  0.752037  0
4.346667  0.749906  0
4.373333  0.747776  0
4.400000  0.745645  0
4.426667  0.743515  0
4.453333  0.741384  0
4.480000  0.739253  0
4.506667  0.737123  0
4.533333  0.734992  0
4.560000  0.732762  0
4.586667  0.730513  0
4.613333  0.728264  0
4.640000  0.726015  0
4.666667  0.723766  0
4.693333  0.721517  0
4.720000  0.719268  0
4.746667  0.717019  0
4.773333  0.714771  0
4.800000  0.712522  0
4.826667  0.710273  0
4.853333  0.708024  0
4.880000  0.705775  0
4.906667  0.703526  0
4.933333  0.701277  0
4.960000  0.699028  0
4.986667  0.696779  0
5.013333  0.694530  0
5.040000  0.692281  0
5.066667  0.690032  0
5.093333  0.687783  0
5.120000  0.685534  0
5.146667  0.683286  0
5.173333  0.681037  0
5.200000  0.678788  0
5.226667  0.676539  0
5.253333  0.674290  0
5.280000  0.672041  0
5.306667  0.669792  0
5.333333  0.667543  0
5.360000  0.665294  0
5.386667  0.663045  0
5.413333  0.660796  0
5.440000  0.658547  0
5.466667  0.656983  0
5.493333  0.655677  0
5.520000  0.654371  0
5.546667  0.653065  0
5.573333  0.651759  0
5.600000  0.650453  0
5.626667  0.649147  0
5.653333  0.647841  0
5.680000  0.646535  0
5.706667  0.645229  0
5.733333  0.643923  0
5.760000  0.642616  0
5.786667  0.641310  0
5.813333  0.640004  0
5.840000  0.638698  0
5.866667  0.637392  0
5.893333  0.636086  0
5.920000  0.634780  0
5.946667  0.633474  0
5.973333  0.632168  0
6.000000  0.630862  0
6.026667  0.629555  0
6.053333  0.628249  0
6.080000  0.626943  0
6.106667  0.625637  0
6.133333  0.624331  0
6.160000  0.623025  0
6.186667  0.621719  0
6.213333  0.620413  0
6.240000  0.619107  0
6.266667  0.617801  0
6.293333  0.616495  0
6.320000  0.615188  0
6.346667  0.613882  0
6.373333  0.612576  0
6.400000  0.611270  0
6.426667  0.609964  0
6.453333  0.608658  0
6.480000  0.607352  0
6.506667  0.606046  0
6.533333  0.604740  0
6.560000  0.603434  0
6.586667  0.602128  0
6.613333  0.600821  0
6.640000  0.599515  0
6.666667  0.598209  0
6.693333  0.596903  0
6.720000  0.595597  0
6.746667  0.594291  0
6.773333  0.593030  0
6.800000  0.591897  0
6.826667  0.590765  0
6.853333  0.589633  0
6.880000  0.588501  0
6.906667  0.587369  0
6.933333  0.586237  0
6.960000  0.585104  0
6.986667  0.583972  0
7.013333  0.582840  0
7.040000  0.581708  0
7.066667  0.580576  0
7.093333  0.579443  0
7.120000  0.578311  0
7.146667  0.577179  0
7.173333  0.576047  0
7.200000  0.574915  0
7.226667  0.573783  0
7.253333  0.572650  0
7.280000  0.571518  0
7.306667  0.570386  0
7.333333  0.569254  0
7.360000  0.568122  0
7.386667  0.566989  0
7.413333  0.565857  0
7.440000  0.564725  0
7.466667  0.563593  0
7.493333  0.562461  0
7.520000  0.561329  0
7.546667  0.560196  0
7.573333  0.559064  0
7.600000  0.557932  0
7.626667  0.556800  0
7.653333  0.555668  0
7.680000  0.554535  0
7.706667  0.553403  0
7.733333  0.552271  0
7.760000  0.551139  0
7.786667  0.550007  0
7.813333  0.548889  0
7.840000  0.548371  0
7.866667  0.547853  0
7.893333  0.547335  0
7.920000  0.546817  0
7.946667  0.546300  0
7.973333  0.545782  0
8.000000  0.545264  0
8.026667  0.544746  0
8.053333  0.544228  0
8.080000  0.543710  0
8.106667  0.543193  0
8.133333  0.542675  0
8.160000  0.542157  0
8.186667  0.541639  0
8.213333  0.541121  0
8.240000  0.540603  0
8.266667  0.540085  0
8.293333  0.539568  0
8.320000  0.539050  0
8.346667  0.538532  0
8.373333  0.538014  0
8.400000  0.537496  0
8.426667  0.536978  0
8.453333  0.536461  0
8.480000  0.535943  0
8.506667  0.535425  0
8.533333  0.534907  0
8.560000  0.534389  0
8.586667  0.533871  0
8.613333  0.533353  0
8.640000  0.532836  0
8.666667  0.532318  0
8.693333  0.531800  0
8.720000  0.531282  0
8.746667  0.530764  0
8.773333  0.530246  0
8.800000  0.529729  0
8.826667  0.529211  0
8.853333  0.528693  0
8.880000  0.528175  0
8.906667  0.527657  0
8.933333  0.527139  0
8.960000  0.526621  0
8.986667  0.526104  0
9.013333  0.525586  0
9.040000  0.525068  0
16.026667  0.641514  1
16.053333  0.641241  1
16.080000  0.640967  1
16.106667  0.640694  1
16.133333  0.640421  1
16.160000  0.640148  1
16.186667  0.639875  1
16.213333  0.639602  1
16.240000  0.639329  1
16.266667  0.639055  1
16.293333  0.638782  1
16.320000  0.638509  1
16.346667  0.638236  1
16.373333  0.637963  1
16.400000  0.637690  1
16.426667  0.637416  1
16.453333  0.637143  1
16.480000  0.636870  1
16.506667  0.636597  1
16.533333  0.636324  1
16.560000  0.636051  1
16.586667  0.635778  1
16.613333  0.635504  1
16.640000  0.635231  1
16.666667  0.634958  1
16.693333  0.634685  1
16.720000  0.634412  1
16.746667  0.634139  1
16.773333  0.633866  1
16.800000  0.633592  1
16.826667  0.633319  1
16.853333  0.633046  1
16.880000  0.632773  1
16.906667  0.632500  1
16.933333  0.632227  1
16.960000  0.631953  1
16.986667  0.631680  1
17.013333  0.631407  1
17.040000  0.631134  1
17.066667  0.630861  1
17.093333  0.630588  1
17.120000  0.630315  1
17.146667  0.630041  1
17.173333  0.629768  1
17.200000  0.629495  1
17.226667  0.629222  1
17.253333  0.628949  1
17.280000  0.628676  1
17.306667  0.628403  1
17.333333  0.628129  1
17.360000  0.627856  1
17.386667  0.627583  1
17.413333  0.627310  1
17.440000  0.627037  1
17.466667  0.626764  1
17.493333  0.626490  1
17.520000  0.626217  1
17.546667  0.625944  1
17.573333  0.625671  1
17.600000  0.625398  1
17.626667  0.625125  1
17.653333  0.624852  1
17.680000  0.624578  1
17.706667  0.624305  1
17.733333  0.624032  1
17.760000  0.623759  1
17.786667  0.623486  1
17.813333  0.623213  1
17.840000  0.622940  1
17.866667  0.622666  1
17.893333  0.622393  1
17.920000  0.622120  1
17.946667  0.621847  1
17.973333  0.621574  1
18.000000  0.621301  1
18.026667  0.621028  1
18.053333  0.620754  1
18.080000  0.620481  1
18.106667  0.620208  1
18.133333  0.619935  1
18.160000  0.619662  1
18.186667  0.619389  1
18.213333  0.619115  1
18.240000  0.618842  1
18.266667  0.618569  1
18.293333  0.618296  1
18.320000  0.618023  1
18.346667  0.617750  1
18.373333  0.617477  1
18.400000  0.617203  1
18.426667  0.616930  1
18.453333  0.616657  1
18.480000  0.616384  1
18.506667  0.616111  1
18.533333  0.615838  1
18.560000  0.615565  1
18.586667  0.615291  1
18.613333  0.615018  1
18.640000  0.614745  1
18.666667  0.614472  1
18.693333  0.614199  1
18.720000  0.613926  1
18.746667  0.613652  1
18.773333  0.613379  1
18.800000  0.613106  1
18.826667  0.612833  1
18.853333  0.612560  1
18.880000  0.612287  1
18.906667  0.612014  1
18.933333  0.611740  1
18.960000  0.611467  1
18.986667  0.611194  1
19.013333  0.610921  1
19.040000  0.610648  1
19.066667  0.610375  1
19.093333  0.610102  1
19.120000  0.609828  1
19.146667  0.609555  1
19.173333  0.609282  1
19.200000  0.609009  1
19.226667  0.608736  1
19.253333  0.608463  1
19.280000  0.608189  1
19.306667  0.607916  1
19.333333  0.607643  1
19.360000  0.607370  1
19.386667  0.607097  1
19.413333  0.606824  1
19.440000  0.606551  1
19.466667  0.606277  1
19.493333  0.606004  1
19.520000  0.605731  1
19.546667  0.605458  1
