4.133333  0.710078  0
4.160000  0.708287  0
4.186667  0.706496  0
4.213333  0.704704  0
4.240000  0.702913  0
4.266667  0.701121  0
4.293333  0.699330  0
4.320000  0.697538  0
4.346667  0.695747  0
4.373333  0.693955  0
4.400000  0.692164  0
4.426667  0.690372  0
4.453333  0.688581  0
4.480000  0.686789  0
4.506667  0.684998  0
4.533333  0.683206  0
4.560000  0.681415  0
4.586667  0.679624  0
4.613333  0.677832  0
4.640000  0.676041  0
4.666667  0.674249  0
4.693333  0.672458  0
4.720000  0.670666  0
4.746667  0.668875  0
4.773333  0.667083  0
4.800000  0.665292  0
4.826667  0.663500  0
4.853333  0.661709  0
4.880000  0.659917  0
4.906667  0.658126  0
4.933333  0.656335  0
4.960000  0.654543  0
4.986667  0.652752  0
5.013333  0.650960  0
5.040000  0.649169  0
5.066667  0.647377  0
5.093333  0.645586  0
5.120000  0.643794  0
5.146667  0.642003  0
5.173333  0.640211  0
5.200000  0.638420  0
5.226667  0.636628  0
5.253333  0.634837  0
5.280000  0.633045  0
5.306667  0.631254  0
5.333333  0.629463  0
5.360000  0.627671  0
5.386667  0.625880  0
5.413333  0.624088  0
5.440000  0.622297  0
5.466667  0.620505  0
5.493333  0.618714  0
5.520000  0.616922  0
5.546667  0.615131  0
5.573333  0.613339  0
5.600000  0.611548  0
5.626667  0.609756  0
5.653333  0.607965  0
5.680000  0.606173  0
5.706667  0.604382  0
5.733333  0.602591  0
5.760000  0.600799  0
5.786667  0.599008  0
5.813333  0.597268  0
5.840000  0.596122  0
5.866667  0.594977  0
5.893333  0.593831  0
5.920000  0.592686  0
5.946667  0.591540  0
5.973333  0.590395  0
6.000000  0.589250  0
6.026667  0.588104  0
6.053333  0.586959  0
6.080000  0.585813  0
6.106667  0.584668  0
6.133333  0.583522  0
6.160000  0.582377  0
6.186667  0.581231  0
6.213333  0.580086  0
6.240000  0.578940  0
6.266667  0.577795  0
6.293333  0.576649  0
6.320000  0.575504  0
6.346667  0.574359  0
6.373333  0.573213  0
6.400000  0.572068  0
6.426667  0.570922  0
6.453333  0.569777  0
6.480000  0.568631  0
6.506667  0.567486  0
6.533333  0.566340  0
6.560000  0.565195  0
6.586667  0.564049  0
6.613333  0.562904  0
6.640000  0.561758  0
6.666667  0.560613  0
6.693333  0.559467  0
6.720000  0.558322  0
6.746667  0.557177  0
6.773333  0.556031  0
6.800000  0.554886  0
6.826667  0.553740  0
6.853333  0.552595  0
6.880000  0.551449  0
6.906667  0.550304  0
6.933333  0.549158  0
6.960000  0.548013  0
6.986667  0.546867  0
7.013333  0.545722  0
7.040000  0.544576  0
7.066667  0.543431  0
7.093333  0.542285  0
7.120000  0.541140  0
7.146667  0.539995  0
7.173333  0.538849  0
7.200000  0.537704  0
7.226667  0.536613  0
7.253333  0.535743  0
7.280000  0.534874  0
7.306667  0.534004  0
7.333333  0.533135  0
7.360000  0.532265  0
7.386667  0.531395  0
7.413333  0.530526  0
7.440000  0.529656  0
7.466667  0.528787  0
7.493333  0.527917  0
7.520000  0.527047  0
7.546667  0.526178  0
7.573333  0.525308  0
7.600000  0.524438  0
7.626667  0.523569  0
7.653333  0.522699  0
7.680000  0.521830  0
7.706667  0.520960  0
7.733333  0.520090  0
7.760000  0.519221  0
7.786667  0.518351  0
7.813333  0.517482  0
7.840000  0.516612  0
7.866667  0.515742  0
7.893333  0.514873  0
7.920000  0.514003  0
7.946667  0.513133  0
7.973333  0.512264  0
8.000000  0.511394  0
8.026667  0.510525  0
8.053333  0.509655  0
8.080000  0.508785  0
8.106667  0.507916  0
8.133333  0.507046  0
8.160000  0.506176  0
8.186667  0.505307  0
8.213333  0.504437  0
8.240000  0.503568  0
8.266667  0.502698  0
8.293333  0.501828  0
8.320000  0.500959  0
8.346667  0.500089  0
8.373333  0.499220  0
8.400000  0.498350  0
8.426667  0.497480  0
8.453333  0.496611  0
8.480000  0.495741  0
8.506667  0.494871  0
8.533333  0.494002  0
8.560000  0.493132  0
8.586667  0.492263  0
8.613333  0.491393  0
8.640000  0.490523  0
8.666667  0.489654  0
8.693333  0.488784  0
8.720000  0.487915  0
8.746667  0.487045  0
8.773333  0.486175  0
8.800000  0.485306  0
8.826667  0.484436  0
8.853333  0.483566  0
8.880000  0.482697  0
8.906667  0.481827  0
8.933333  0.480958  0
8.960000  0.480088  0
8.986667  0.479218  0
9.013333  0.478349  0
9.040000  0.477479  0
9.066667  0.476609  0
9.093333  0.475740  0
9.120000  0.474870  0
9.146667  0.474001  0
9.173333  0.473131  0
9.200000  0.472261  0
9.226667  0.471392  0
9.253333  0.470522  0
9.280000  0.469653  0
9.306667  0.468783  0
9.333333  0.467913  0
9.360000  0.467044  0
9.386667  0.466174  0
9.413333  0.465304  0
9.440000  0.464435  0
9.466667  0.463804  0
9.493333  0.463324  0
9.520000  0.462843  0
9.546667  0.462363  0
9.573333  0.461883  0
9.600000  0.461402  0
9.626667  0.460922  0
9.653333  0.460442  0
9.680000  0.459961  0
9.706667  0.459481  0
9.733333  0.459001  0
9.760000  0.458520  0
9.786667  0.458040  0
9.813333  0.457560  0
9.840000  0.457080  0
9.866667  0.456599  0
9.893333  0.456119  0
9.920000  0.455639  0
9.946667  0.455158  0
9.973333  0.454678  0
10.000000  0.454198  0
10.026667  0.453717  0
10.053333  0.453237  0
10.080000  0.452757  0
10.106667  0.452276  0
10.133333  0.451796  0
10.160000  0.451316  0
10.186667  0.450835  0
10.213333  0.450355  0
10.240000  0.449875  0
10.266667  0.449394  0
10.293333  0.448914  0
10.320000  0.448434  0
10.346667  0.447953  0
10.373333  0.447473  0
10.400000  0.446993  0
10.426667  0.446512  0
10.453333  0.446032  0
10.480000  0.445552  0
10.506667  0.445071  0
10.533333  0.444591  0
10.560000  0.444111  0
10.586667  0.443631  0
10.613333  0.443150  0
10.640000  0.442670  0
10.666667  0.442190  0
10.693333  0.441709  0
10.720000  0.441229  0
10.746667  0.440749  0
10.773333  0.440268  0
10.800000  0.439788  0
10.826667  0.439308  0
10.853333  0.438827  0
10.880000  0.438347  0
10.906667  0.437867  0
10.933333  0.437386  0
10.960000  0.436906  0
10.986667  0.436426  0
11.013333  0.435945  0
11.040000  0.435465  0
11.066667  0.434985  0
11.093333  0.434504  0
11.120000  0.434024  0
11.146667  0.433544  0
11.173333  0.433063  0
11.200000  0.432583  0
11.226667  0.432103  0
11.253333  0.431623  0
11.280000  0.431142  0
11.306667  0.430662  0
11.333333  0.430182  0
11.360000  0.429701  0
11.386667  0.429221  0
11.413333  0.428741  0
11.440000  0.428260  0
11.466667  0.427780  0
11.493333  0.427300  0
11.520000  0.426819  0
11.546667  0.426339  0
11.573333  0.425859  0
11.600000  0.425378  0
11.626667  0.424898  0
11.653333  0.424418  0
11.680000  0.423937  0
11.706667  0.423457  0
11.733333  0.422977  0
11.760000  0.422496  0
11.786667  0.422016  0
11.813333  0.421536  0
11.840000  0.421055  0
11.866667  0.420575  0
11.893333  0.420095  0
11.920000  0.419615  0
11.946667  0.419134  0
11.973333  0.418654  0
12.000000  0.418174  0
12.026667  0.417693  0
12.053333  0.417213  0
12.080000  0.416733  0
12.106667  0.416252  0
12.133333  0.415772  0
12.160000  0.415292  0
12.186667  0.414811  0
12.213333  0.414331  0
12.240000  0.413851  0
12.266667  0.413370  0
12.293333  0.412890  0
12.320000  0.412410  0
12.346667  0.411929  0
12.373333  0.411449  0
12.400000  0.410969  0
12.426667  0.410488  0
12.453333  0.410008  0
12.480000  0.409528  0
12.506667  0.409047  0
12.533333  0.408567  0
12.560000  0.408087  0
12.586667  0.407607  0
12.613333  0.407331  0
12.640000  0.407076  0
12.666667  0.406820  0
12.693333  0.406565  0
12.720000  0.406309  0
12.746667  0.406054  0
12.773333  0.405798  0
12.800000  0.405543  0
12.826667  0.405287  0
12.853333  0.405032  0
12.880000  0.404776  0
12.906667  0.404521  0
12.933333  0.404265  0
12.960000  0.404010  0
12.986667  0.403755  0
13.013333  0.403499  0
13.040000  0.403244  0
13.066667  0.402988  0
13.093333  0.402733  0
13.120000  0.402477  0
13.146667  0.402222  0
13.173333  0.401966  0
13.200000  0.401711  0
13.226667  0.401455  0
13.253333  0.401200  0
13.280000  0.400944  0
13.306667  0.400689  0
13.333333  0.400434  0
13.360000  0.400178  0
13.386667  0.399923  0
13.413333  0.399667  0
13.440000  0.399412  0
13.466667  0.399156  0
13.493333  0.398901  0
13.520000  0.398645  0
13.546667  0.398390  0
13.573333  0.398134  0
13.600000  0.397879  0
13.626667  0.397623  0
13.653333  0.397368  0
13.680000  0.397112  0
13.706667  0.396857  0
13.733333  0.396602  0
13.760000  0.396346  0
13.786667  0.396091  0
13.813333  0.395835  0
13.840000  0.395580  0
13.866667  0.395324  0
13.893333  0.395069  0
13.920000  0.394813  0
13.946667  0.394558  0
13.973333  0.394302  0
14.000000  0.394047  0
14.026667  0.393791  0
14.053333  0.393536  0
14.080000  0.393281  0
14.106667  0.393025  0
14.133333  0.392770  0
14.160000  0.392514  0
14.186667  0.392259  0
14.213333  0.392003  0
14.240000  0.391748  0
14.266667  0.391492  0
14.293333  0.391237  0
14.320000  0.390981  0
14.346667  0.390726  0
14.373333  0.390470  0
14.400000  0.390215  0
14.426667  0.389960  0
14.453333  0.389704  0
14.480000  0.389449  0
14.506667  0.389193  0
14.533333  0.388938  0
14.560000  0.388682  0
14.586667  0.388427  0
14.613333  0.388171  0
14.640000  0.387916  0
14.666667  0.387660  0
14.693333  0.387405  0
14.720000  0.387149  0
14.746667  0.386894  0
14.773333  0.386638  0
14.800000  0.386383  0
14.826667  0.386128  0
14.853333  0.385872  0
14.880000  0.385617  0
14.906667  0.385361  0
14.933333  0.385106  0
14.960000  0.384850  0
14.986667  0.384595  0
15.013333  0.384339  0
15.040000  0.384084  0
15.066667  0.383828  0
15.093333  0.383573  0
15.120000  0.383317  0
15.146667  0.383062  0
15.173333  0.382807  0
15.200000  0.382551  0
15.226667  0.382296  0
15.253333  0.382040  0
15.280000  0.381785  0
15.306667  0.381529  0
15.333333  0.381274  0
15.360000  0.381018  0
15.386667  0.380763  0
15.413333  0.380507  0
15.440000  0.380252  0
15.466667  0.379996  0
15.493333  0.379741  0
15.520000  0.379486  0
15.546667  0.379230  0
15.573333  0.378975  0
15.600000  0.378719  0
15.626667  0.378464  0
15.653333  0.378208  0
15.680000  0.377953  0
15.706667  0.377697  0
15.733333  0.377442  0
15.760000  0.377186  0
15.786667  0.376931  0
15.813333  0.376675  0
15.840000  0.376420  0
15.866667  0.376164  0
15.893333  0.375909  0
15.920000  0.375654  0
15.946667  0.375398  0
15.973333  0.375143  0
16.000000  0.374887  0
16.026667  0.374632  0
16.053333  0.374376  0
16.080000  0.374121  0
16.106667  0.373865  0
16.133333  0.373610  0
16.160000  0.373354  0
16.186667  0.373099  0
16.213333  0.372843  0
16.240000  0.372588  0
16.266667  0.372333  0
16.293333  0.372077  0
16.320000  0.371822  0
16.346667  0.371566  0
16.373333  0.371311  0
16.400000  0.371055  0
16.426667  0.370800  0
16.453333  0.370544  0
16.480000  0.370289  0
16.506667  0.370033  0
16.533333  0.369778  0
16.560000  0.369522  0
16.586667  0.369267  0
16.613333  0.369012  0
16.640000  0.368756  0
16.666667  0.368501  0
16.693333  0.368245  0
16.720000  0.367990  0
16.746667  0.367734  0
16.773333  0.367479  0
16.800000  0.367223  0
16.826667  0.366968  0
16.853333  0.366712  0
16.880000  0.366457  0
16.906667  0.366201  0
16.933333  0.365946  0
16.960000  0.365691  0
16.986667  0.365435  0
17.013333  0.365180  0
17.040000  0.364924  0
17.066667  0.364669  0
17.093333  0.364413  0
17.120000  0.364158  0
17.146667  0.363902  0
17.173333  0.363647  0
17.200000  0.363391  0
17.226667  0.363136  0
17.253333  0.362880  0
17.280000  0.362625  0
17.306667  0.362369  0
17.333333  0.362114  0
17.360000  0.361859  0
17.386667  0.361603  0
17.413333  0.361348  0
17.440000  0.361092  0
17.466667  0.360837  0
17.493333  0.360581  0
17.520000  0.360326  0
17.546667  0.360070  0
17.573333  0.359815  0
17.600000  0.359559  0
17.626667  0.359304  0
17.653333  0.359048  0
17.680000  0.358793  0
17.706667  0.358538  0
17.733333  0.358282  0
17.760000  0.358027  0
17.786667  0.357771  0
17.813333  0.357516  0
17.840000  0.357260  0
17.866667  0.357005  0
17.893333  0.356749  0
17.920000  0.356494  0
17.946667  0.356238  0
17.973333  0.355983  0
18.000000  0.355727  0
18.026667  0.355472  0
18.053333  0.355217  0
18.080000  0.354961  0
18.106667  0.354706  0
18.133333  0.354450  0
18.160000  0.354195  0
18.186667  0.353939  0
18.213333  0.353684  0
18.240000  0.353428  0
18.266667  0.353173  0
18.293333  0.352917  0
18.320000  0.352662  0
18.346667  0.352406  0
18.373333  0.352151  0
18.400000  0.351895  0
18.426667  0.351640  0
18.453333  0.351385  0
18.480000  0.351129  0
18.506667  0.350874  0
18.533333  0.350618  0
18.560000  0.350363  0
18.586667  0.350107  0
18.613333  0.349852  0
18.640000  0.349596  0
18.666667  0.349341  0
18.693333  0.349085  0
18.720000  0.348830  0
18.746667  0.348574  0
18.773333  0.348319  0
18.800000  0.348064  0
18.826667  0.347808  0
18.853333  0.347553  0
18.880000  0.347297  0
18.906667  0.347042  0
14.373333  0.544633  1
14.400000  0.544033  1
14.426667  0.543433  1
14.453333  0.542834  1
14.480000  0.542234  1
14.506667  0.541634  1
14.533333  0.541034  1
14.560000  0.540435  1
14.586667  0.539835  1
14.613333  0.539235  1
14.640000  0.538636  1
14.666667  0.538036  1
14.693333  0.537436  1
14.720000  0.536836  1
14.746667  0.536237  1
14.773333  0.535637  1
14.800000  0.535037  1
14.826667  0.534438  1
14.853333  0.533838  1
14.880000  0.533238  1
14.906667  0.532638  1
14.933333  0.532039  1
14.960000  0.531439  1
14.986667  0.530839  1
15.013333  0.530240  1
15.040000  0.529640  1
15.066667  0.529040  1
15.093333  0.528440  1
15.120000  0.527841  1
15.146667  0.527241  1
15.173333  0.526641  1
15.200000  0.526042  1
15.226667  0.525442  1
15.253333  0.524842  1
15.280000  0.524242  1
15.306667  0.523643  1
15.333333  0.523043  1
15.360000  0.522443  1
15.386667  0.521844  1
15.413333  0.521244  1
15.440000  0.520644  1
15.466667  0.520044  1
15.493333  0.519445  1
15.520000  0.518845  1
15.546667  0.518245  1
15.573333  0.517646  1
15.600000  0.517046  1
15.626667  0.516446  1
15.653333  0.515846  1
15.680000  0.515247  1
15.706667  0.514647  1
15.733333  0.514047  1
15.760000  0.513448  1
15.786667  0.512848  1
15.813333  0.512248  1
15.840000  0.511648  1
15.866667  0.511049  1
15.893333  0.510449  1
15.920000  0.509849  1
15.946667  0.509250  1
15.973333  0.508650  1
16.000000  0.508050  1
16.026667  0.507450  1
16.053333  0.506851  1
16.080000  0.506251  1
16.106667  0.505651  1
16.133333  0.505052  1
16.160000  0.504452  1
16.186667  0.503852  1
16.213333  0.503252  1
16.240000  0.502653  1
16.266667  0.502053  1
16.293333  0.501453  1
16.320000  0.500854  1
16.346667  0.500254  1
16.373333  0.499654  1
16.400000  0.499054  1
16.426667  0.498455  1
16.453333  0.497855  1
16.480000  0.497255  1
16.506667  0.496656  1
16.533333  0.496056  1
16.560000  0.495456  1
16.586667  0.494856  1
16.613333  0.494257  1
16.640000  0.493657  1
16.666667  0.493057  1
16.693333  0.492458  1
16.720000  0.491858  1
16.746667  0.491258  1
16.773333  0.490658  1
16.800000  0.490059  1
16.826667  0.489459  1
16.853333  0.488859  1
16.880000  0.488260  1
16.906667  0.487660  1
16.933333  0.487060  1
16.960000  0.486460  1
16.986667  0.485861  1
17.013333  0.485261  1
17.040000  0.484661  1
17.066667  0.484062  1
17.093333  0.483462  1
17.120000  0.482862  1
17.146667  0.482262  1
17.173333  0.481663  1
17.200000  0.481063  1
17.226667  0.480463  1
17.253333  0.479864  1
17.280000  0.479264  1
17.306667  0.478664  1
17.333333  0.478064  1
17.360000  0.477465  1
17.386667  0.476865  1
17.413333  0.476265  1
17.440000  0.475666  1
17.466667  0.475066  1
17.493333  0.474466  1
17.520000  0.473866  1
17.546667  0.473267  1
17.573333  0.472667  1
17.600000  0.472067  1
17.626667  0.471468  1
17.653333  0.470868  1
17.680000  0.470268  1
17.706667  0.469668  1
17.733333  0.469069  1
17.760000  0.468469  1
