3.013333  0.872277  0
3.040000  0.867858  0
3.066667  0.863439  0
3.093333  0.859020  0
3.120000  0.854601  0
3.146667  0.850182  0
3.173333  0.845763  0
3.200000  0.841344  0
3.226667  0.836925  0
3.253333  0.832506  0
3.280000  0.828087  0
3.306667  0.823668  0
3.333333  0.819249  0
3.360000  0.814830  0
3.386667  0.810412  0
3.413333  0.805993  0
3.440000  0.801574  0
3.466667  0.797155  0
3.493333  0.792736  0
3.520000  0.788317  0
3.546667  0.783898  0
3.573333  0.779479  0
3.600000  0.775060  0
3.626667  0.770641  0
3.653333  0.766222  0
3.680000  0.761923  0
3.706667  0.757978  0
3.733333  0.754032  0
3.760000  0.750087  0
3.786667  0.746141  0
3.813333  0.742196  0
3.840000  0.738250  0
3.866667  0.734305  0
3.893333  0.730359  0
3.920000  0.726414  0
3.946667  0.722469  0
3.973333  0.718523  0
4.000000  0.714578  0
4.026667  0.710632  0
4.053333  0.706687  0
4.080000  0.702741  0
4.106667  0.698796  0
4.133333  0.694850  0
4.160000  0.690905  0
4.186667  0.686959  0
4.213333  0.683014  0
4.240000  0.679068  0
4.266667  0.675123  0
4.293333  0.671177  0
4.320000  0.667232  0
4.346667  0.663286  0
4.373333  0.659341  0
4.400000  0.655395  0
4.426667  0.651450  0
4.453333  0.647504  0
4.480000  0.643559  0
4.506667  0.640591  0
4.533333  0.638427  0
4.560000  0.636262  0
4.586667  0.634098  0
4.613333  0.631934  0
4.640000  0.629769  0
4.666667  0.627605  0
4.693333  0.625441  0
4.720000  0.623276  0
4.746667  0.621112  0
4.773333  0.618947  0
4.800000  0.616783  0
4.826667  0.614619  0
4.853333  0.612454  0
4.880000  0.610290  0
4.906667  0.608125  0
4.933333  0.605961  0
4.960000  0.603797  0
4.986667  0.601632  0
5.013333  0.599468  0
5.040000  0.597304  0
5.066667  0.595139  0
5.093333  0.592975  0
5.120000  0.590810  0
5.146667  0.588646  0
5.173333  0.586482  0
5.200000  0.584317  0
5.226667  0.582153  0
5.253333  0.579989  0
5.280000  0.577824  0
5.306667  0.575660  0
5.333333  0.573495  0
5.360000  0.571331  0
5.386667  0.569167  0
5.413333  0.567002  0
5.440000  0.564838  0
5.466667  0.562673  0
5.493333  0.560509  0
5.520000  0.558345  0
5.546667  0.556180  0
5.573333  0.554016  0
5.600000  0.551852  0
5.626667  0.549687  0
5.653333  0.547523  0
5.680000  0.545358  0
5.706667  0.543194  0
5.733333  0.541030  0
5.760000  0.538865  0
5.786667  0.536701  0
5.813333  0.534536  0
5.840000  0.532372  0
5.866667  0.530208  0
5.893333  0.528043  0
5.920000  0.525879  0
5.946667  0.523715  0
5.973333  0.521550  0
6.000000  0.519386  0
6.026667  0.517221  0
6.053333  0.515057  0
6.080000  0.512893  0
6.106667  0.511706  0
6.133333  0.510699  0
6.160000  0.509691  0
6.186667  0.508684  0
6.213333  0.507676  0
6.240000  0.506669  0
6.266667  0.505662  0
6.293333  0.504654  0
6.320000  0.503647  0
6.346667  0.502640  0
6.373333  0.501632  0
6.400000  0.500625  0
6.426667  0.499618  0
6.453333  0.498610  0
6.480000  0.497603  0
6.506667  0.496596  0
6.533333  0.495588  0
6.560000  0.494581  0
6.586667  0.493573  0
6.613333  0.492566  0
6.640000  0.491559  0
6.666667  0.490551  0
6.693333  0.489544  0
6.720000  0.488537  0
6.746667  0.487529  0
6.773333  0.486522  0
6.800000  0.485515  0
6.826667  0.484507  0
6.853333  0.483500  0
6.880000  0.482492  0
6.906667  0.481485  0
6.933333  0.480478  0
6.960000  0.479470  0
6.986667  0.478463  0
7.013333  0.477456  0
7.040000  0.476448  0
7.066667  0.475441  0
7.093333  0.474434  0
7.120000  0.473426  0
7.146667  0.472419  0
7.173333  0.471412  0
7.200000  0.470404  0
7.226667  0.469397  0
7.253333  0.468389  0
7.280000  0.467382  0
7.306667  0.466375  0
7.333333  0.465367  0
7.360000  0.464360  0
7.386667  0.463353  0
7.413333  0.462345  0
7.440000  0.461338  0
7.466667  0.460331  0
7.493333  0.459323  0
7.520000  0.458316  0
7.546667  0.457309  0
7.573333  0.456301  0
7.600000  0.455294  0
7.626667  0.454286  0
7.653333  0.453279  0
7.680000  0.452272  0
7.706667  0.451264  0
7.733333  0.450257  0
7.760000  0.449250  0
7.786667  0.448242  0
7.813333  0.447235  0
7.840000  0.446228  0
7.866667  0.445220  0
7.893333  0.444213  0
7.920000  0.443205  0
7.946667  0.442198  0
7.973333  0.441191  0
8.000000  0.440183  0
8.026667  0.439176  0
8.053333  0.438169  0
8.080000  0.437161  0
8.106667  0.436154  0
8.133333  0.435147  0
8.160000  0.434139  0
8.186667  0.433132  0
8.213333  0.432125  0
8.240000  0.431559  0
8.266667  0.431209  0
8.293333  0.430860  0
8.320000  0.430511  0
8.346667  0.430162  0
8.373333  0.429812  0
8.400000  0.429463  0
8.426667  0.429114  0
8.453333  0.428764  0
8.480000  0.428415  0
8.506667  0.428066  0
8.533333  0.427717  0
8.560000  0.427367  0
8.586667  0.427018  0
8.613333  0.426669  0
8.640000  0.426320  0
8.666667  0.425970  0
8.693333  0.425621  0
8.720000  0.425272  0
8.746667  0.424922  0
8.773333  0.424573  0
8.800000  0.424224  0
8.826667  0.423875  0
8.853333  0.423525  0
8.880000  0.423176  0
8.906667  0.422827  0
8.933333  0.422478  0
8.960000  0.422128  0
8.986667  0.421779  0
9.013333  0.421430  0
9.040000  0.421080  0
9.066667  0.420731  0
9.093333  0.420382  0
9.120000  0.420033  0
9.146667  0.419683  0
9.173333  0.419334  0
9.200000  0.418985  0
9.226667  0.418636  0
9.253333  0.418286  0
9.280000  0.417937  0
9.306667  0.417588  0
9.333333  0.417238  0
9.360000  0.416889  0
9.386667  0.416540  0
9.413333  0.416191  0
9.440000  0.415841  0
9.466667  0.415492  0
9.493333  0.415143  0
9.520000  0.414794  0
9.546667  0.414444  0
9.573333  0.414095  0
9.600000  0.413746  0
9.626667  0.413396  0
9.653333  0.413047  0
9.680000  0.412698  0
9.706667  0.412349  0
9.733333  0.411999  0
9.760000  0.411650  0
9.786667  0.411301  0
9.813333  0.410952  0
9.840000  0.410602  0
9.866667  0.410253  0
9.893333  0.409904  0
9.920000  0.409554  0
9.946667  0.409205  0
9.973333  0.408856  0
10.000000  0.408507  0
10.026667  0.408157  0
10.053333  0.407808  0
10.080000  0.407459  0
10.106667  0.407110  0
10.133333  0.406760  0
10.160000  0.406411  0
10.186667  0.406062  0
10.213333  0.405712  0
10.240000  0.405363  0
10.266667  0.405014  0
10.293333  0.404665  0
10.320000  0.404315  0
10.346667  0.403966  0
10.373333  0.403617  0
10.400000  0.403268  0
10.426667  0.402918  0
10.453333  0.402569  0
10.480000  0.402220  0
10.506667  0.401870  0
10.533333  0.401521  0
10.560000  0.401172  0
10.586667  0.400823  0
10.613333  0.400473  0
10.640000  0.400124  0
10.666667  0.399775  0
10.693333  0.399426  0
10.720000  0.399076  0
10.746667  0.398727  0
10.773333  0.398378  0
10.800000  0.398028  0
10.826667  0.397679  0
10.853333  0.397330  0
10.880000  0.396981  0
10.906667  0.396631  0
10.933333  0.396282  0
10.960000  0.395933  0
10.986667  0.395584  0
11.013333  0.395271  0
11.040000  0.394981  0
11.066667  0.394691  0
11.093333  0.394401  0
11.120000  0.394111  0
11.146667  0.393821  0
11.173333  0.393532  0
11.200000  0.393242  0
11.226667  0.392952  0
11.253333  0.392662  0
11.280000  0.392372  0
11.306667  0.392082  0
11.333333  0.391792  0
11.360000  0.391502  0
11.386667  0.391213  0
11.413333  0.390923  0
11.440000  0.390633  0
11.466667  0.390343  0
11.493333  0.390053  0
11.520000  0.389763  0
11.546667  0.389473  0
11.573333  0.389183  0
11.600000  0.388894  0
11.626667  0.388604  0
11.653333  0.388314  0
11.680000  0.388024  0
11.706667  0.387734  0
11.733333  0.387444  0
11.760000  0.387154  0
11.786667  0.386865  0
11.813333  0.386575  0
11.840000  0.386285  0
11.866667  0.385995  0
11.893333  0.385705  0
11.920000  0.385415  0
11.946667  0.385125  0
11.973333  0.384835  0
12.000000  0.384546  0
12.026667  0.384256  0
12.053333  0.383966  0
12.080000  0.383676  0
12.106667  0.383386  0
12.133333  0.383096  0
12.160000  0.382806  0
12.186667  0.382516  0
12.213333  0.382227  0
12.240000  0.381937  0
12.266667  0.381647  0
12.293333  0.381357  0
12.320000  0.381067  0
12.346667  0.380777  0
12.373333  0.380487  0
12.400000  0.380197  0
12.426667  0.379908  0
12.453333  0.379618  0
12.480000  0.379328  0
12.506667  0.379038  0
12.533333  0.378748  0
12.560000  0.378458  0
12.586667  0.378168  0
12.613333  0.377878  0
12.640000  0.377589  0
12.666667  0.377299  0
12.693333  0.377009  0
12.720000  0.376719  0
12.746667  0.376429  0
12.773333  0.376139  0
12.800000  0.375849  0
12.826667  0.375559  0
12.853333  0.375270  0
12.880000  0.374980  0
12.906667  0.374690  0
12.933333  0.374400  0
12.960000  0.374110  0
12.986667  0.373820  0
13.013333  0.373530  0
13.040000  0.373241  0
13.066667  0.372951  0
13.093333  0.372661  0
13.120000  0.372371  0
13.146667  0.372081  0
13.173333  0.371791  0
13.200000  0.371501  0
13.226667  0.371211  0
13.253333  0.370922  0
13.280000  0.370632  0
13.306667  0.370342  0
13.333333  0.370052  0
13.360000  0.369762  0
13.386667  0.369472  0
13.413333  0.369182  0
13.440000  0.368892  0
13.466667  0.368603  0
13.493333  0.368313  0
13.520000  0.368023  0
13.546667  0.367733  0
13.573333  0.367443  0
13.600000  0.367153  0
13.626667  0.366863  0
13.653333  0.366573  0
13.680000  0.366284  0
13.706667  0.365994  0
13.733333  0.365704  0
13.760000  0.365414  0
13.786667  0.365124  0
13.813333  0.364834  0
13.840000  0.364544  0
13.866667  0.364254  0
13.893333  0.363965  0
13.920000  0.363675  0
13.946667  0.363385  0
13.973333  0.363095  0
14.000000  0.362805  0
14.026667  0.362515  0
14.053333  0.362225  0
14.080000  0.361935  0
14.106667  0.361646  0
14.133333  0.361356  0
14.160000  0.361066  0
14.186667  0.360776  0
14.213333  0.360486  0
14.240000  0.360196  0
14.266667  0.359906  0
14.293333  0.359616  0
14.320000  0.359327  0
14.346667  0.359037  0
14.373333  0.358747  0
14.400000  0.358457  0
14.426667  0.358167  0
14.453333  0.357877  0
14.480000  0.357587  0
14.506667  0.357298  0
14.533333  0.357008  0
14.560000  0.356718  0
14.586667  0.356428  0
14.613333  0.356138  0
14.640000  0.355848  0
14.666667  0.355558  0
14.693333  0.355268  0
14.720000  0.354979  0
14.746667  0.354689  0
14.773333  0.354399  0
14.800000  0.354109  0
14.826667  0.353819  0
14.853333  0.353529  0
14.880000  0.353239  0
14.906667  0.352949  0
14.933333  0.352660  0
14.960000  0.352370  0
14.986667  0.352080  0
15.013333  0.351790  0
15.040000  0.351500  0
15.066667  0.351210  0
15.093333  0.350920  0
15.120000  0.350630  0
15.146667  0.350341  0
15.173333  0.350051  0
15.200000  0.349761  0
15.226667  0.349471  0
15.253333  0.349181  0
15.280000  0.348891  0
15.306667  0.348601  0
15.333333  0.348311  0
15.360000  0.348022  0
15.386667  0.347732  0
15.413333  0.347442  0
15.440000  0.347152  0
9.866667  0.552904  1
9.893333  0.551917  1
9.920000  0.550929  1
9.946667  0.549941  1
9.973333  0.548953  1
10.000000  0.547965  1
10.026667  0.546978  1
10.053333  0.545990  1
10.080000  0.545002  1
10.106667  0.544014  1
10.133333  0.543026  1
10.160000  0.542039  1
10.186667  0.541051  1
10.213333  0.540063  1
10.240000  0.539075  1
10.266667  0.538087  1
10.293333  0.537099  1
10.320000  0.536112  1
10.346667  0.535124  1
10.373333  0.534136  1
10.400000  0.533148  1
10.426667  0.532160  1
10.453333  0.531173  1
10.480000  0.530185  1
10.506667  0.529197  1
10.533333  0.528209  1
10.560000  0.527221  1
10.586667  0.526233  1
10.613333  0.525246  1
10.640000  0.524258  1
10.666667  0.523270  1
10.693333  0.522282  1
10.720000  0.521294  1
10.746667  0.520307  1
10.773333  0.519319  1
10.800000  0.518331  1
10.826667  0.517343  1
10.853333  0.516355  1
10.880000  0.515367  1
10.906667  0.514380  1
10.933333  0.513392  1
10.960000  0.512404  1
10.986667  0.511416  1
11.013333  0.510428  1
11.040000  0.509441  1
11.066667  0.508453  1
11.093333  0.507465  1
11.120000  0.506477  1
11.146667  0.505489  1
11.173333  0.504501  1
11.200000  0.503514  1
11.226667  0.502526  1
11.253333  0.501538  1
11.280000  0.500550  1
11.306667  0.499562  1
11.333333  0.498575  1
11.360000  0.497587  1
11.386667  0.496599  1
11.413333  0.495611  1
11.440000  0.494623  1
11.466667  0.493636  1
11.493333  0.492648  1
11.520000  0.491660  1
11.546667  0.490672  1
11.573333  0.489684  1
11.600000  0.488696  1
11.626667  0.487709  1
11.653333  0.486721  1
11.680000  0.485733  1
11.706667  0.484745  1
11.733333  0.483757  1
11.760000  0.482770  1
11.786667  0.481782  1
11.813333  0.480794  1
11.840000  0.479806  1
11.866667  0.478818  1
11.893333  0.477830  1
11.920000  0.476843  1
11.946667  0.475855  1
11.973333  0.474867  1
12.000000  0.473879  1
12.026667  0.472891  1
12.053333  0.471904  1
12.080000  0.470916  1
12.106667  0.469928  1
12.133333  0.468940  1
12.160000  0.467952  1
12.186667  0.466964  1
12.213333  0.465977  1
12.240000  0.464989  1
12.266667  0.464001  1
12.293333  0.463013  1
12.320000  0.462025  1
12.346667  0.461038  1
12.373333  0.460050  1
12.400000  0.459062  1
12.426667  0.458074  1
12.453333  0.457086  1
12.480000  0.456098  1
13.173333  0.620590  2
13.200000  0.619897  2
13.226667  0.619204  2
13.253333  0.618512  2
13.280000  0.617819  2
13.306667  0.617126  2
13.333333  0.616433  2
13.360000  0.615740  2
13.386667  0.615047  2
13.413333  0.614354  2
13.440000  0.613662  2
13.466667  0.612969  2
13.493333  0.612276  2
13.520000  0.611583  2
13.546667  0.610890  2
13.573333  0.610197  2
13.600000  0.609504  2
13.626667  0.608811  2
13.653333  0.608119  2
13.680000  0.607426  2
13.706667  0.606733  2
13.733333  0.606040  2
13.760000  0.605347  2
13.786667  0.604654  2
13.813333  0.603961  2
13.840000  0.603269  2
13.866667  0.602576  2
13.893333  0.601883  2
13.920000  0.601190  2
13.946667  0.600497  2
13.973333  0.599804  2
14.000000  0.599111  2
14.026667  0.598418  2
14.053333  0.597726  2
14.080000  0.597033  2
14.106667  0.596340  2
14.133333  0.595647  2
14.160000  0.594954  2
14.186667  0.594261  2
14.213333  0.593568  2
14.240000  0.592876  2
14.266667  0.592183  2
14.293333  0.591490  2
14.320000  0.590797  2
14.346667  0.590104  2
14.373333  0.589411  2
14.400000  0.588718  2
14.426667  0.588025  2
14.453333  0.587333  2
14.480000  0.586640  2
14.506667  0.585947  2
14.533333  0.585254  2
14.560000  0.584561  2
14.586667  0.583868  2
14.613333  0.583175  2
14.640000  0.582483  2
14.666667  0.581790  2
14.693333  0.581097  2
14.720000  0.580404  2
14.746667  0.579711  2
14.773333  0.579018  2
14.800000  0.578325  2
14.826667  0.577632  2
14.853333  0.576940  2
14.880000  0.576247  2
14.906667  0.575554  2
14.933333  0.574861  2
14.960000  0.574168  2
14.986667  0.573475  2
