3.520000  0.870305  0
3.546667  0.869665  0
3.573333  0.868611  0
3.600000  0.867388  0
3.626667  0.866119  0
3.653333  0.864844  0
3.680000  0.863568  0
3.706667  0.862291  0
3.733333  0.861015  0
3.760000  0.859739  0
3.786667  0.858463  0
3.813333  0.857186  0
3.840000  0.855910  0
3.866667  0.854634  0
3.893333  0.853358  0
3.920000  0.852081  0
3.946667  0.850805  0
3.973333  0.849529  0
4.000000  0.848252  0
4.026667  0.846976  0
4.053333  0.845700  0
4.080000  0.844424  0
4.106667  0.843147  0
4.133333  0.841871  0
4.160000  0.840595  0
4.186667  0.839319  0
4.213333  0.838042  0
4.240000  0.836766  0
4.266667  0.835490  0
4.293333  0.834213  0
4.320000  0.832937  0
4.346667  0.831661  0
4.373333  0.830385  0
4.400000  0.829108  0
4.426667  0.827832  0
4.453333  0.826556  0
4.480000  0.825280  0
4.506667  0.824003  0
4.533333  0.822727  0
4.560000  0.821451  0
4.586667  0.820174  0
4.613333  0.818898  0
4.640000  0.817622  0
4.666667  0.816346  0
4.693333  0.815069  0
4.720000  0.813793  0
4.746667  0.812517  0
4.773333  0.811241  0
4.800000  0.809964  0
4.826667  0.808688  0
4.853333  0.807412  0
4.880000  0.806135  0
4.906667  0.804859  0
4.933333  0.803583  0
4.960000  0.802307  0
4.986667  0.801030  0
5.013333  0.799755  0
5.040000  0.798488  0
5.066667  0.797247  0
5.093333  0.796075  0
5.120000  0.795011  0
5.146667  0.794056  0
5.173333  0.793175  0
5.200000  0.792323  0
5.226667  0.791480  0
5.253333  0.790638  0
5.280000  0.789796  0
5.306667  0.788954  0
5.333333  0.788112  0
5.360000  0.787270  0
5.386667  0.786428  0
5.413333  0.785586  0
5.440000  0.784745  0
5.466667  0.783903  0
5.493333  0.783061  0
5.520000  0.782219  0
5.546667  0.781377  0
5.573333  0.780535  0
5.600000  0.779693  0
5.626667  0.778851  0
5.653333  0.778009  0
5.680000  0.777168  0
5.706667  0.776326  0
5.733333  0.775484  0
5.760000  0.774642  0
5.786667  0.773800  0
5.813333  0.772958  0
5.840000  0.772116  0
5.866667  0.771274  0
5.893333  0.770432  0
5.920000  0.769590  0
5.946667  0.768749  0
5.973333  0.767907  0
6.000000  0.767065  0
6.026667  0.766223  0
6.053333  0.765381  0
6.080000  0.764539  0
6.106667  0.763697  0
6.133333  0.762855  0
6.160000  0.762013  0
6.186667  0.761172  0
6.213333  0.760330  0
6.240000  0.759488  0
6.266667  0.758646  0
6.293333  0.757804  0
6.320000  0.756962  0
6.346667  0.756120  0
6.373333  0.755278  0
6.400000  0.754436  0
6.426667  0.753595  0
6.453333  0.752753  0
6.480000  0.751911  0
6.506667  0.751069  0
6.533333  0.750227  0
6.560000  0.749385  0
6.586667  0.748543  0
6.613333  0.747701  0
6.640000  0.746859  0
6.666667  0.746018  0
6.693333  0.745176  0
6.720000  0.744334  0
6.746667  0.743492  0
6.773333  0.742650  0
6.800000  0.741808  0
6.826667  0.740966  0
6.853333  0.740124  0
6.880000  0.739282  0
6.906667  0.738440  0
6.933333  0.737599  0
6.960000  0.736757  0
6.986667  0.735915  0
7.013333  0.735073  0
7.040000  0.734231  0
7.066667  0.733390  0
7.093333  0.732551  0
7.120000  0.731723  0
7.146667  0.730918  0
7.173333  0.730145  0
7.200000  0.729403  0
7.226667  0.728677  0
7.253333  0.727958  0
7.280000  0.727240  0
7.306667  0.726522  0
7.333333  0.725805  0
7.360000  0.725087  0
7.386667  0.724370  0
7.413333  0.723652  0
7.440000  0.722935  0
7.466667  0.722217  0
7.493333  0.721500  0
7.520000  0.720782  0
7.546667  0.720065  0
7.573333  0.719347  0
7.600000  0.718630  0
7.626667  0.717912  0
7.653333  0.717195  0
7.680000  0.716477  0
7.706667  0.715760  0
7.733333  0.715042  0
7.760000  0.714325  0
7.786667  0.713607  0
7.813333  0.712889  0
7.840000  0.712172  0
7.866667  0.711454  0
7.893333  0.710737  0
7.920000  0.710019  0
7.946667  0.709302  0
7.973333  0.708584  0
8.000000  0.707867  0
8.026667  0.707149  0
8.053333  0.706432  0
8.080000  0.705714  0
8.106667  0.704997  0
8.133333  0.704279  0
8.160000  0.703562  0
8.186667  0.702844  0
8.213333  0.702127  0
8.240000  0.701409  0
8.266667  0.700692  0
8.293333  0.699974  0
8.320000  0.699257  0
8.346667  0.698539  0
8.373333  0.697822  0
8.400000  0.697104  0
8.426667  0.696387  0
8.453333  0.695669  0
8.480000  0.694951  0
8.506667  0.694234  0
8.533333  0.693516  0
8.560000  0.692799  0
8.586667  0.692081  0
8.613333  0.691364  0
8.640000  0.690646  0
8.666667  0.689929  0
8.693333  0.689211  0
8.720000  0.688494  0
8.746667  0.687776  0
8.773333  0.687059  0
8.800000  0.686341  0
8.826667  0.685624  0
8.853333  0.684906  0
8.880000  0.684189  0
8.906667  0.683471  0
8.933333  0.682754  0
8.960000  0.682036  0
8.986667  0.681319  0
9.013333  0.680601  0
9.040000  0.679884  0
9.066667  0.679166  0
9.093333  0.678448  0
9.120000  0.677731  0
9.146667  0.677013  0
9.173333  0.676296  0
9.200000  0.675578  0
9.226667  0.674861  0
9.253333  0.674143  0
9.280000  0.673426  0
9.306667  0.672708  0
9.333333  0.671992  0
9.360000  0.671278  0
9.386667  0.670572  0
9.413333  0.669879  0
9.440000  0.669200  0
9.466667  0.668532  0
9.493333  0.667869  0
9.520000  0.667207  0
9.546667  0.666545  0
9.573333  0.665883  0
9.600000  0.665221  0
9.626667  0.664559  0
9.653333  0.663897  0
9.680000  0.663235  0
9.706667  0.662573  0
9.733333  0.661911  0
9.760000  0.661249  0
9.786667  0.660587  0
9.813333  0.659925  0
9.840000  0.659263  0
9.866667  0.658601  0
9.893333  0.657939  0
9.920000  0.657277  0
9.946667  0.656615  0
9.973333  0.655953  0
10.000000  0.655291  0
10.026667  0.654629  0
10.053333  0.653967  0
10.080000  0.653305  0
10.106667  0.652643  0
10.133333  0.651981  0
10.160000  0.651319  0
10.186667  0.650657  0
10.213333  0.649995  0
10.240000  0.649333  0
10.266667  0.648671  0
10.293333  0.648009  0
10.320000  0.647347  0
10.346667  0.646685  0
10.373333  0.646023  0
10.400000  0.645361  0
10.426667  0.644699  0
10.453333  0.644038  0
10.480000  0.643376  0
10.506667  0.642714  0
10.533333  0.642052  0
10.560000  0.641390  0
10.586667  0.640728  0
10.613333  0.640066  0
10.640000  0.639404  0
10.666667  0.638742  0
10.693333  0.638080  0
10.720000  0.637418  0
10.746667  0.636756  0
10.773333  0.636094  0
10.800000  0.635432  0
10.826667  0.634770  0
10.853333  0.634108  0
10.880000  0.633446  0
10.906667  0.632784  0
10.933333  0.632122  0
10.960000  0.631460  0
10.986667  0.630798  0
11.013333  0.630136  0
11.040000  0.629474  0
11.066667  0.628812  0
11.093333  0.628150  0
11.120000  0.627488  0
11.146667  0.626826  0
11.173333  0.626164  0
11.200000  0.625502  0
11.226667  0.624840  0
11.253333  0.624178  0
11.280000  0.623516  0
11.306667  0.622854  0
11.333333  0.622192  0
11.360000  0.621531  0
11.386667  0.620869  0
11.413333  0.620207  0
11.440000  0.619547  0
11.466667  0.618898  0
11.493333  0.618288  0
11.520000  0.617759  0
11.546667  0.617337  0
11.573333  0.616996  0
11.600000  0.616696  0
11.626667  0.616406  0
11.653333  0.616119  0
11.680000  0.615832  0
11.706667  0.615545  0
11.733333  0.615258  0
11.760000  0.614971  0
11.786667  0.614684  0
11.813333  0.614397  0
11.840000  0.614110  0
11.866667  0.613823  0
11.893333  0.613536  0
11.920000  0.613249  0
11.946667  0.612962  0
11.973333  0.612675  0
12.000000  0.612388  0
12.026667  0.612101  0
12.053333  0.611814  0
12.080000  0.611527  0
12.106667  0.611240  0
12.133333  0.610953  0
12.160000  0.610666  0
12.186667  0.610379  0
12.213333  0.610092  0
12.240000  0.609805  0
12.266667  0.609518  0
12.293333  0.609231  0
12.320000  0.608944  0
12.346667  0.608657  0
12.373333  0.608370  0
12.400000  0.608083  0
12.426667  0.607796  0
12.453333  0.607509  0
12.480000  0.607222  0
12.506667  0.606935  0
12.533333  0.606648  0
12.560000  0.606361  0
12.586667  0.606074  0
12.613333  0.605787  0
12.640000  0.605500  0
12.666667  0.605213  0
12.693333  0.604926  0
12.720000  0.604639  0
12.746667  0.604352  0
12.773333  0.604065  0
12.800000  0.603778  0
12.826667  0.603491  0
12.853333  0.603204  0
12.880000  0.602917  0
12.906667  0.602630  0
12.933333  0.602343  0
12.960000  0.602056  0
12.986667  0.601769  0
13.013333  0.601482  0
13.040000  0.601195  0
13.066667  0.600907  0
13.093333  0.600620  0
13.120000  0.600333  0
13.146667  0.600046  0
13.173333  0.599759  0
13.200000  0.599472  0
13.226667  0.599185  0
13.253333  0.598898  0
13.280000  0.598611  0
13.306667  0.598324  0
13.333333  0.598037  0
13.360000  0.597750  0
13.386667  0.597463  0
13.413333  0.597176  0
13.440000  0.596889  0
13.466667  0.596602  0
13.493333  0.596315  0
13.520000  0.596028  0
13.546667  0.595741  0
13.573333  0.595454  0
13.600000  0.595167  0
13.626667  0.594880  0
13.653333  0.594593  0
13.680000  0.594307  0
13.706667  0.594023  0
13.733333  0.593751  0
13.760000  0.593506  0
13.786667  0.593302  0
13.813333  0.593136  0
13.840000  0.592995  0
13.866667  0.592864  0
13.893333  0.592736  0
13.920000  0.592607  0
13.946667  0.592479  0
13.973333  0.592351  0
14.000000  0.592223  0
14.026667  0.592095  0
14.053333  0.591966  0
14.080000  0.591838  0
14.106667  0.591710  0
14.133333  0.591582  0
14.160000  0.591453  0
14.186667  0.591325  0
14.213333  0.591197  0
14.240000  0.591069  0
14.266667  0.590941  0
14.293333  0.590812  0
14.320000  0.590684  0
14.346667  0.590556  0
14.373333  0.590428  0
14.400000  0.590300  0
14.426667  0.590171  0
14.453333  0.590043  0
14.480000  0.589915  0
14.506667  0.589787  0
14.533333  0.589659  0
14.560000  0.589530  0
14.586667  0.589402  0
14.613333  0.589274  0
14.640000  0.589146  0
14.666667  0.589018  0
14.693333  0.588889  0
14.720000  0.588761  0
14.746667  0.588633  0
14.773333  0.588505  0
14.800000  0.588377  0
14.826667  0.588248  0
14.853333  0.588120  0
14.880000  0.587992  0
14.906667  0.587864  0
14.933333  0.587736  0
14.960000  0.587607  0
14.986667  0.587479  0
15.013333  0.587351  0
15.040000  0.587223  0
15.066667  0.587094  0
15.093333  0.586966  0
15.120000  0.586838  0
15.146667  0.586710  0
15.173333  0.586582  0
15.200000  0.586453  0
15.226667  0.586325  0
15.253333  0.586197  0
15.280000  0.586069  0
15.306667  0.585941  0
15.333333  0.585812  0
15.360000  0.585684  0
15.386667  0.585556  0
15.413333  0.585428  0
15.440000  0.585300  0
15.466667  0.585171  0
15.493333  0.585043  0
15.520000  0.584915  0
15.546667  0.584787  0
15.573333  0.584659  0
15.600000  0.584530  0
15.626667  0.584402  0
15.653333  0.584274  0
15.680000  0.584146  0
15.706667  0.584018  0
15.733333  0.583889  0
15.760000  0.583761  0
15.786667  0.583633  0
15.813333  0.583505  0
15.840000  0.583376  0
15.866667  0.583248  0
15.893333  0.583120  0
15.920000  0.582992  0
15.946667  0.582864  0
15.973333  0.582735  0
16.000000  0.582607  0
16.026667  0.582479  0
16.053333  0.582351  0
16.080000  0.582223  0
16.106667  0.582094  0
16.133333  0.581966  0
16.160000  0.581838  0
16.186667  0.581710  0
16.213333  0.581582  0
16.240000  0.581453  0
16.266667  0.581325  0
16.293333  0.581197  0
16.320000  0.581069  0
16.346667  0.580941  0
16.373333  0.580812  0
16.400000  0.580684  0
16.426667  0.580556  0
16.453333  0.580428  0
16.480000  0.580300  0
16.506667  0.580171  0
16.533333  0.580043  0
16.560000  0.579915  0
16.586667  0.579787  0
16.613333  0.579658  0
16.640000  0.579530  0
16.666667  0.579402  0
16.693333  0.579274  0
16.720000  0.579146  0
16.746667  0.579017  0
16.773333  0.578889  0
16.800000  0.578761  0
16.826667  0.578633  0
16.853333  0.578505  0
16.880000  0.578376  0
16.906667  0.578248  0
16.933333  0.578120  0
16.960000  0.577992  0
16.986667  0.577864  0
17.013333  0.577735  0
17.040000  0.577607  0
17.066667  0.577479  0
17.093333  0.577351  0
17.120000  0.577223  0
17.146667  0.577094  0
17.173333  0.576966  0
17.200000  0.576838  0
17.226667  0.576710  0
17.253333  0.576582  0
17.280000  0.576453  0
17.306667  0.576325  0
17.333333  0.576197  0
17.360000  0.576069  0
17.386667  0.575940  0
17.413333  0.575812  0
17.440000  0.575684  0
17.466667  0.575556  0
17.493333  0.575428  0
17.520000  0.575299  0
17.546667  0.575171  0
17.573333  0.575043  0
17.600000  0.574915  0
17.626667  0.574787  0
17.653333  0.574658  0
17.680000  0.574530  0
17.706667  0.574402  0
17.733333  0.574274  0
17.760000  0.574146  0
17.786667  0.574017  0
17.813333  0.573889  0
17.840000  0.573761  0
17.866667  0.573633  0
17.893333  0.573505  0
17.920000  0.573376  0
17.946667  0.573248  0
17.973333  0.573120  0
18.000000  0.572992  0
18.026667  0.572864  0
18.053333  0.572735  0
18.080000  0.572607  0
18.106667  0.572479  0
18.133333  0.572351  0
18.160000  0.572222  0
18.186667  0.572094  0
18.213333  0.571966  0
18.240000  0.571838  0
18.266667  0.571710  0
18.293333  0.571581  0
18.320000  0.571453  0
18.346667  0.571325  0
18.373333  0.571197  0
18.400000  0.571069  0
18.426667  0.570940  0
18.453333  0.570812  0
18.480000  0.570684  0
18.506667  0.570556  0
18.533333  0.570428  0
18.560000  0.570299  0
18.586667  0.570171  0
18.613333  0.570043  0
18.640000  0.569915  0
18.666667  0.569787  0
18.693333  0.569658  0
18.720000  0.569530  0
18.746667  0.569402  0
18.773333  0.569274  0
18.800000  0.569146  0
18.826667  0.569017  0
18.853333  0.568889  0
18.880000  0.568761  0
18.906667  0.568633  0
18.933333  0.568504  0
18.960000  0.568376  0
18.986667  0.568248  0
19.013333  0.568120  0
19.040000  0.567992  0
19.066667  0.567863  0
19.093333  0.567735  0
19.120000  0.567607  0
19.146667  0.567479  0
19.173333  0.567351  0
19.200000  0.567222  0
19.226667  0.567094  0
19.253333  0.566966  0
19.280000  0.566838  0
19.306667  0.566710  0
19.333333  0.566581  0
19.360000  0.566453  0
19.386667  0.566325  0
19.413333  0.566197  0
19.440000  0.566069  0
19.466667  0.565940  0
19.493333  0.565812  0
19.520000  0.565684  0
19.546667  0.565556  0
19.573333  0.565428  0
19.600000  0.565299  0
19.626667  0.565171  0
19.653333  0.565043  0
19.680000  0.564915  0
19.706667  0.564786  0
19.733333  0.564658  0
19.760000  0.564530  0
19.786667  0.564402  0
19.813333  0.564274  0
19.840000  0.564145  0
19.866667  0.564017  0
19.893333  0.563889  0
19.920000  0.563761  0
19.946667  0.563633  0
19.973333  0.563504  0
20.000000  0.563376  0
20.026667  0.563248  0
20.053333  0.563120  0
20.080000  0.562992  0
20.106667  0.562863  0
20.133333  0.562735  0
20.160000  0.562607  0
20.186667  0.562479  0
20.213333  0.562351  0
20.240000  0.562222  0
20.266667  0.562094  0
20.293333  0.561966  0
20.320000  0.561838  0
20.346667  0.561710  0
20.373333  0.561581  0
20.400000  0.561454  0
20.426667  0.561331  0
20.453333  0.561225  0
20.480000  0.561161  0
18.053333  0.807297  1
18.080000  0.807067  1
18.106667  0.806837  1
18.133333  0.806607  1
18.160000  0.806377  1
18.186667  0.806147  1
18.213333  0.805917  1
18.240000  0.805686  1
18.266667  0.805456  1
18.293333  0.805226  1
18.320000  0.804996  1
18.346667  0.804766  1
18.373333  0.804536  1
18.400000  0.804305  1
18.426667  0.804075  1
18.453333  0.803845  1
18.480000  0.803615  1
18.506667  0.803385  1
18.533333  0.803155  1
18.560000  0.802925  1
18.586667  0.802694  1
18.613333  0.802464  1
18.640000  0.802234  1
18.666667  0.802004  1
18.693333  0.801774  1
18.720000  0.801544  1
18.746667  0.801313  1
18.773333  0.801083  1
18.800000  0.800853  1
18.826667  0.800623  1
18.853333  0.800393  1
18.880000  0.800163  1
18.906667  0.799933  1
18.933333  0.799702  1
18.960000  0.799472  1
18.986667  0.799242  1
19.013333  0.799012  1
19.040000  0.798782  1
19.066667  0.798552  1
19.093333  0.798321  1
19.120000  0.798091  1
19.146667  0.797861  1
19.173333  0.797631  1
19.200000  0.797401  1
19.226667  0.797171  1
19.253333  0.796941  1
19.280000  0.796710  1
19.306667  0.796480  1
19.333333  0.796250  1
19.360000  0.796020  1
19.386667  0.795790  1
19.413333  0.795560  1
19.440000  0.795329  1
19.466667  0.795099  1
19.493333  0.794869  1
19.520000  0.794639  1
19.546667  0.794409  1
19.573333  0.794179  1
19.600000  0.793949  1
19.626667  0.793718  1
19.653333  0.793488  1
19.680000  0.793258  1
19.706667  0.793028  1
19.733333  0.792798  1
19.760000  0.792568  1
19.786667  0.792337  1
19.813333  0.792107  1
19.840000  0.791877  1
19.866667  0.791647  1
19.893333  0.791417  1
19.920000  0.791187  1
19.946667  0.790957  1
19.973333  0.790726  1
20.000000  0.790496  1
20.026667  0.790266  1
20.053333  0.790036  1
20.080000  0.789806  1
20.106667  0.789576  1
20.133333  0.789345  1
20.160000  0.789115  1
20.186667  0.788885  1
20.213333  0.788655  1
20.240000  0.788425  1
20.266667  0.788195  1
20.293333  0.787965  1
20.320000  0.787734  1
20.346667  0.787504  1
20.373333  0.787274  1
20.400000  0.787044  1
20.426667  0.786814  1
20.453333  0.786584  1
20.480000  0.786353  1
20.506667  0.786123  1
20.533333  0.785893  1
20.560000  0.785663  1
20.586667  0.785433  1
20.613333  0.785203  1
20.640000  0.784973  1
20.666667  0.784742  1
20.693333  0.784512  1
20.720000  0.784282  1
20.746667  0.784052  1
20.773333  0.783822  1
20.800000  0.783592  1
20.826667  0.783361  1
20.853333  0.783131  1
20.880000  0.782901  1
20.906667  0.782671  1
20.933333  0.782441  1
20.960000  0.782211  1
20.986667  0.781981  1
21.013333  0.781750  1
21.040000  0.781520  1
21.066667  0.781290  1
21.093333  0.781060  1
21.120000  0.780830  1
21.146667  0.780600  1
21.173333  0.780369  1
21.200000  0.780139  1
21.226667  0.779909  1
21.253333  0.779679  1
21.280000  0.779449  1
21.306667  0.779219  1
