3.093333  0.870367  0
3.120000  0.866668  0
3.146667  0.862969  0
3.173333  0.859271  0
3.200000  0.855572  0
3.226667  0.851873  0
3.253333  0.848174  0
3.280000  0.844475  0
3.306667  0.840776  0
3.333333  0.837077  0
3.360000  0.833378  0
3.386667  0.829679  0
3.413333  0.825981  0
3.440000  0.822282  0
3.466667  0.818583  0
3.493333  0.814884  0
3.520000  0.811185  0
3.546667  0.807486  0
3.573333  0.803787  0
3.600000  0.800088  0
3.626667  0.796389  0
3.653333  0.792690  0
3.680000  0.788992  0
3.706667  0.785293  0
3.733333  0.781594  0
3.760000  0.777895  0
3.786667  0.774196  0
3.813333  0.770612  0
3.840000  0.767751  0
3.866667  0.764891  0
3.893333  0.762030  0
3.920000  0.759170  0
3.946667  0.756309  0
3.973333  0.753449  0
4.000000  0.750588  0
4.026667  0.747728  0
4.053333  0.744867  0
4.080000  0.742007  0
4.106667  0.739146  0
4.133333  0.736286  0
4.160000  0.733425  0
4.186667  0.730565  0
4.213333  0.727704  0
4.240000  0.724844  0
4.266667  0.721983  0
4.293333  0.719123  0
4.320000  0.716262  0
4.346667  0.713402  0
4.373333  0.710541  0
4.400000  0.707681  0
4.426667  0.704821  0
4.453333  0.701960  0
4.480000  0.699100  0
4.506667  0.696239  0
4.533333  0.693379  0
4.560000  0.690518  0
4.586667  0.687658  0
4.613333  0.684797  0
4.640000  0.681937  0
4.666667  0.679076  0
4.693333  0.676216  0
4.720000  0.673355  0
4.746667  0.670495  0
4.773333  0.667634  0
4.800000  0.664774  0
4.826667  0.661913  0
4.853333  0.659053  0
4.880000  0.656192  0
4.906667  0.653603  0
4.933333  0.652124  0
4.960000  0.650644  0
4.986667  0.649165  0
5.013333  0.647685  0
5.040000  0.646206  0
5.066667  0.644726  0
5.093333  0.643246  0
5.120000  0.641767  0
5.146667  0.640287  0
5.173333  0.638808  0
5.200000  0.637328  0
5.226667  0.635849  0
5.253333  0.634369  0
5.280000  0.632890  0
5.306667  0.631410  0
5.333333  0.629930  0
5.360000  0.628451  0
5.386667  0.626971  0
5.413333  0.625492  0
5.440000  0.624012  0
5.466667  0.622533  0
5.493333  0.621053  0
5.520000  0.619574  0
5.546667  0.618094  0
5.573333  0.616614  0
5.600000  0.615135  0
5.626667  0.613655  0
5.653333  0.612176  0
5.680000  0.610696  0
5.706667  0.609217  0
5.733333  0.607737  0
5.760000  0.606258  0
5.786667  0.604778  0
5.813333  0.603298  0
5.840000  0.601819  0
5.866667  0.600339  0
5.893333  0.598860  0
5.920000  0.597380  0
5.946667  0.595901  0
5.973333  0.594421  0
6.000000  0.592941  0
6.026667  0.591462  0
6.053333  0.589982  0
6.080000  0.588503  0
6.106667  0.587023  0
6.133333  0.585544  0
6.160000  0.584064  0
6.186667  0.582585  0
6.213333  0.581105  0
6.240000  0.579625  0
6.266667  0.578146  0
6.293333  0.576666  0
6.320000  0.575187  0
6.346667  0.573707  0
6.373333  0.572561  0
6.400000  0.571629  0
6.426667  0.570696  0
6.453333  0.569764  0
6.480000  0.568831  0
6.506667  0.567898  0
6.533333  0.566966  0
6.560000  0.566033  0
6.586667  0.565101  0
6.613333  0.564168  0
6.640000  0.563236  0
6.666667  0.562303  0
6.693333  0.561370  0
6.720000  0.560438  0
6.746667  0.559505  0
6.773333  0.558573  0
6.800000  0.557640  0
6.826667  0.556708  0
6.853333  0.555775  0
6.880000  0.554842  0
6.906667  0.553910  0
6.933333  0.552977  0
6.960000  0.552045  0
6.986667  0.551112  0
7.013333  0.550180  0
7.040000  0.549247  0
7.066667  0.548314  0
7.093333  0.547382  0
7.120000  0.546449  0
7.146667  0.545517  0
7.173333  0.544584  0
7.200000  0.543652  0
7.226667  0.542719  0
7.253333  0.541786  0
7.280000  0.540854  0
7.306667  0.539921  0
7.333333  0.538989  0
7.360000  0.538056  0
7.386667  0.537124  0
7.413333  0.536191  0
7.440000  0.535259  0
7.466667  0.534326  0
7.493333  0.533393  0
7.520000  0.532461  0
7.546667  0.531528  0
7.573333  0.530596  0
7.600000  0.529663  0
7.626667  0.528731  0
7.653333  0.527798  0
7.680000  0.526865  0
7.706667  0.525933  0
7.733333  0.525000  0
7.760000  0.524068  0
7.786667  0.523135  0
7.813333  0.522203  0
7.840000  0.521270  0
7.866667  0.520400  0
7.893333  0.519663  0
7.920000  0.518927  0
7.946667  0.518190  0
7.973333  0.517454  0
8.000000  0.516717  0
8.026667  0.515981  0
8.053333  0.515244  0
8.080000  0.514508  0
8.106667  0.513771  0
8.133333  0.513035  0
8.160000  0.512298  0
8.186667  0.511562  0
8.213333  0.510825  0
8.240000  0.510089  0
8.266667  0.509352  0
8.293333  0.508616  0
8.320000  0.507879  0
8.346667  0.507143  0
8.373333  0.506406  0
8.400000  0.505670  0
8.426667  0.504933  0
8.453333  0.504197  0
8.480000  0.503460  0
8.506667  0.502724  0
8.533333  0.501987  0
8.560000  0.501251  0
8.586667  0.500514  0
8.613333  0.499778  0
8.640000  0.499041  0
8.666667  0.498305  0
8.693333  0.497568  0
8.720000  0.496832  0
8.746667  0.496095  0
8.773333  0.495359  0
8.800000  0.494622  0
8.826667  0.493886  0
8.853333  0.493149  0
8.880000  0.492413  0
8.906667  0.491676  0
8.933333  0.490940  0
8.960000  0.490203  0
8.986667  0.489467  0
9.013333  0.488731  0
9.040000  0.487994  0
9.066667  0.487258  0
9.093333  0.486521  0
9.120000  0.485785  0
9.146667  0.485048  0
9.173333  0.484312  0
9.200000  0.483575  0
9.226667  0.482839  0
9.253333  0.482102  0
9.280000  0.481366  0
9.306667  0.480629  0
9.333333  0.479893  0
9.360000  0.479156  0
9.386667  0.478420  0
9.413333  0.477683  0
9.440000  0.476947  0
9.466667  0.476210  0
9.493333  0.475474  0
9.520000  0.474737  0
9.546667  0.474001  0
9.573333  0.473264  0
9.600000  0.472528  0
9.626667  0.471791  0
9.653333  0.471055  0
9.680000  0.470318  0
9.706667  0.469582  0
9.733333  0.468845  0
9.760000  0.468109  0
9.786667  0.467372  0
9.813333  0.466636  0
9.840000  0.465899  0
9.866667  0.465163  0
9.893333  0.464426  0
9.920000  0.463932  0
9.946667  0.463631  0
9.973333  0.463331  0
10.000000  0.463030  0
10.026667  0.462729  0
10.053333  0.462429  0
10.080000  0.462128  0
10.106667  0.461827  0
10.133333  0.461527  0
10.160000  0.461226  0
10.186667  0.460926  0
10.213333  0.460625  0
10.240000  0.460324  0
10.266667  0.460024  0
10.293333  0.459723  0
10.320000  0.459423  0
10.346667  0.459122  0
10.373333  0.458821  0
10.400000  0.458521  0
10.426667  0.458220  0
10.453333  0.457920  0
10.480000  0.457619  0
10.506667  0.457318  0
10.533333  0.457018  0
10.560000  0.456717  0
10.586667  0.456417  0
10.613333  0.456116  0
10.640000  0.455815  0
10.666667  0.455515  0
10.693333  0.455214  0
10.720000  0.454913  0
10.746667  0.454613  0
10.773333  0.454312  0
10.800000  0.454012  0
10.826667  0.453711  0
10.853333  0.453410  0
10.880000  0.453110  0
10.906667  0.452809  0
10.933333  0.452509  0
10.960000  0.452208  0
10.986667  0.451907  0
11.013333  0.451607  0
11.040000  0.451306  0
11.066667  0.451006  0
11.093333  0.450705  0
11.120000  0.450404  0
11.146667  0.450104  0
11.173333  0.449803  0
11.200000  0.449503  0
11.226667  0.449202  0
11.253333  0.448901  0
11.280000  0.448601  0
11.306667  0.448300  0
11.333333  0.447999  0
11.360000  0.447699  0
11.386667  0.447398  0
11.413333  0.447098  0
11.440000  0.446797  0
11.466667  0.446496  0
11.493333  0.446196  0
11.520000  0.445895  0
11.546667  0.445595  0
11.573333  0.445294  0
11.600000  0.444993  0
11.626667  0.444693  0
11.653333  0.444392  0
11.680000  0.444092  0
11.706667  0.443791  0
11.733333  0.443490  0
11.760000  0.443190  0
11.786667  0.442889  0
11.813333  0.442589  0
11.840000  0.442288  0
11.866667  0.441987  0
11.893333  0.441687  0
11.920000  0.441386  0
11.946667  0.441085  0
11.973333  0.440785  0
12.000000  0.440484  0
12.026667  0.440184  0
12.053333  0.439883  0
12.080000  0.439582  0
12.106667  0.439282  0
12.133333  0.438981  0
12.160000  0.438681  0
12.186667  0.438380  0
12.213333  0.438079  0
12.240000  0.437779  0
12.266667  0.437478  0
12.293333  0.437178  0
12.320000  0.436877  0
12.346667  0.436576  0
12.373333  0.436276  0
12.400000  0.435975  0
12.426667  0.435675  0
12.453333  0.435374  0
12.480000  0.435073  0
12.506667  0.434773  0
12.533333  0.434472  0
12.560000  0.434171  0
12.586667  0.433871  0
12.613333  0.433570  0
12.640000  0.433270  0
12.666667  0.432969  0
12.693333  0.432668  0
12.720000  0.432368  0
12.746667  0.432067  0
12.773333  0.431775  0
12.800000  0.431572  0
12.826667  0.431369  0
12.853333  0.431166  0
12.880000  0.430964  0
12.906667  0.430761  0
12.933333  0.430558  0
12.960000  0.430355  0
12.986667  0.430152  0
13.013333  0.429949  0
13.040000  0.429746  0
13.066667  0.429543  0
13.093333  0.429340  0
13.120000  0.429137  0
13.146667  0.428934  0
13.173333  0.428732  0
13.200000  0.428529  0
13.226667  0.428326  0
13.253333  0.428123  0
13.280000  0.427920  0
13.306667  0.427717  0
13.333333  0.427514  0
13.360000  0.427311  0
13.386667  0.427108  0
13.413333  0.426905  0
13.440000  0.426702  0
13.466667  0.426500  0
13.493333  0.426297  0
13.520000  0.426094  0
13.546667  0.425891  0
13.573333  0.425688  0
13.600000  0.425485  0
13.626667  0.425282  0
13.653333  0.425079  0
13.680000  0.424876  0
13.706667  0.424673  0
13.733333  0.424470  0
13.760000  0.424267  0
13.786667  0.424065  0
13.813333  0.423862  0
13.840000  0.423659  0
13.866667  0.423456  0
13.893333  0.423253  0
13.920000  0.423050  0
13.946667  0.422847  0
13.973333  0.422644  0
14.000000  0.422441  0
14.026667  0.422238  0
14.053333  0.422035  0
14.080000  0.421833  0
14.106667  0.421630  0
14.133333  0.421427  0
14.160000  0.421224  0
14.186667  0.421021  0
14.213333  0.420818  0
14.240000  0.420615  0
14.266667  0.420412  0
14.293333  0.420209  0
14.320000  0.420006  0
14.346667  0.419803  0
14.373333  0.419601  0
14.400000  0.419398  0
14.426667  0.419195  0
14.453333  0.418992  0
14.480000  0.418789  0
14.506667  0.418586  0
14.533333  0.418383  0
14.560000  0.418180  0
14.586667  0.417977  0
14.613333  0.417774  0
14.640000  0.417571  0
14.666667  0.417369  0
14.693333  0.417166  0
14.720000  0.416963  0
14.746667  0.416760  0
14.773333  0.416557  0
14.800000  0.416354  0
14.826667  0.416151  0
14.853333  0.415948  0
14.880000  0.415745  0
14.906667  0.415542  0
14.933333  0.415339  0
14.960000  0.415136  0
14.986667  0.414934  0
15.013333  0.414731  0
15.040000  0.414528  0
15.066667  0.414325  0
15.093333  0.414122  0
15.120000  0.413919  0
15.146667  0.413716  0
15.173333  0.413513  0
15.200000  0.413310  0
15.226667  0.413107  0
15.253333  0.412904  0
15.280000  0.412702  0
15.306667  0.412499  0
15.333333  0.412296  0
15.360000  0.412093  0
15.386667  0.411890  0
15.413333  0.411687  0
15.440000  0.411484  0
15.466667  0.411281  0
15.493333  0.411078  0
15.520000  0.410875  0
15.546667  0.410672  0
15.573333  0.410470  0
15.600000  0.410267  0
15.626667  0.410064  0
15.653333  0.409861  0
15.680000  0.409658  0
15.706667  0.409455  0
15.733333  0.409252  0
15.760000  0.409049  0
15.786667  0.408846  0
15.813333  0.408643  0
15.840000  0.408440  0
15.866667  0.408238  0
15.893333  0.408035  0
15.920000  0.407832  0
15.946667  0.407629  0
15.973333  0.407482  0
16.000000  0.407361  0
16.026667  0.407240  0
16.053333  0.407119  0
16.080000  0.406999  0
16.106667  0.406878  0
16.133333  0.406757  0
16.160000  0.406636  0
16.186667  0.406515  0
16.213333  0.406395  0
16.240000  0.406274  0
16.266667  0.406153  0
16.293333  0.406032  0
16.320000  0.405912  0
16.346667  0.405791  0
16.373333  0.405670  0
16.400000  0.405549  0
16.426667  0.405428  0
16.453333  0.405308  0
16.480000  0.405187  0
16.506667  0.405066  0
16.533333  0.404945  0
16.560000  0.404825  0
16.586667  0.404704  0
16.613333  0.404583  0
16.640000  0.404462  0
16.666667  0.404341  0
16.693333  0.404221  0
16.720000  0.404100  0
16.746667  0.403979  0
16.773333  0.403858  0
16.800000  0.403737  0
16.826667  0.403617  0
16.853333  0.403496  0
16.880000  0.403375  0
16.906667  0.403254  0
16.933333  0.403134  0
16.960000  0.403013  0
16.986667  0.402892  0
17.013333  0.402771  0
17.040000  0.402650  0
17.066667  0.402530  0
17.093333  0.402409  0
17.120000  0.402288  0
17.146667  0.402167  0
17.173333  0.402047  0
17.200000  0.401926  0
17.226667  0.401805  0
17.253333  0.401684  0
17.280000  0.401563  0
17.306667  0.401443  0
17.333333  0.401322  0
17.360000  0.401201  0
17.386667  0.401080  0
17.413333  0.400960  0
17.440000  0.400839  0
17.466667  0.400718  0
17.493333  0.400597  0
17.520000  0.400476  0
17.546667  0.400356  0
17.573333  0.400235  0
17.600000  0.400114  0
17.626667  0.399993  0
17.653333  0.399873  0
17.680000  0.399752  0
17.706667  0.399631  0
17.733333  0.399510  0
17.760000  0.399389  0
17.786667  0.399269  0
17.813333  0.399148  0
17.840000  0.399027  0
17.866667  0.398906  0
17.893333  0.398785  0
17.920000  0.398665  0
17.946667  0.398544  0
17.973333  0.398423  0
18.000000  0.398302  0
18.026667  0.398182  0
18.053333  0.398061  0
18.080000  0.397940  0
18.106667  0.397819  0
18.133333  0.397698  0
18.160000  0.397578  0
18.186667  0.397457  0
18.213333  0.397336  0
18.240000  0.397215  0
18.266667  0.397095  0
18.293333  0.396974  0
18.320000  0.396853  0
18.346667  0.396732  0
18.373333  0.396611  0
18.400000  0.396491  0
18.426667  0.396370  0
18.453333  0.396249  0
18.480000  0.396128  0
18.506667  0.396008  0
18.533333  0.395887  0
18.560000  0.395766  0
18.586667  0.395645  0
18.613333  0.395524  0
18.640000  0.395404  0
18.666667  0.395283  0
18.693333  0.395162  0
18.720000  0.395041  0
18.746667  0.394921  0
18.773333  0.394800  0
18.800000  0.394679  0
18.826667  0.394558  0
18.853333  0.394437  0
18.880000  0.394317  0
18.906667  0.394196  0
18.933333  0.394075  0
18.960000  0.393954  0
18.986667  0.393834  0
19.013333  0.393713  0
19.040000  0.393592  0
19.066667  0.393471  0
19.093333  0.393350  0
19.120000  0.393230  0
19.146667  0.393109  0
19.173333  0.392988  0
19.200000  0.392867  0
19.226667  0.392746  0
19.253333  0.392626  0
19.280000  0.392505  0
19.306667  0.392384  0
19.333333  0.392263  0
19.360000  0.392143  0
19.386667  0.392022  0
19.413333  0.391901  0
19.440000  0.391780  0
19.466667  0.391659  0
19.493333  0.391539  0
19.520000  0.391418  0
19.546667  0.391297  0
19.573333  0.391176  0
19.600000  0.391056  0
19.626667  0.390935  0
19.653333  0.390814  0
19.680000  0.390693  0
19.706667  0.390572  0
19.733333  0.390452  0
19.760000  0.390331  0
19.786667  0.390210  0
19.813333  0.390089  0
19.840000  0.389969  0
19.866667  0.389848  0
19.893333  0.389727  0
19.920000  0.389606  0
19.946667  0.389485  0
19.973333  0.389365  0
20.000000  0.389244  0
20.026667  0.389123  0
20.053333  0.389002  0
20.080000  0.388882  0
20.106667  0.388761  0
20.133333  0.388640  0
20.160000  0.388519  0
20.186667  0.388398  0
20.213333  0.388278  0
20.240000  0.388157  0
20.266667  0.388036  0
20.293333  0.387915  0
20.320000  0.387794  0
20.346667  0.387674  0
20.373333  0.387553  0
20.400000  0.387432  0
16.506667  0.581138  1
16.533333  0.580808  1
16.560000  0.580478  1
16.586667  0.580149  1
16.613333  0.579819  1
16.640000  0.579489  1
16.666667  0.579160  1
16.693333  0.578830  1
16.720000  0.578501  1
16.746667  0.578171  1
16.773333  0.577841  1
16.800000  0.577512  1
16.826667  0.577182  1
16.853333  0.576852  1
16.880000  0.576523  1
16.906667  0.576193  1
16.933333  0.575864  1
16.960000  0.575534  1
16.986667  0.575204  1
17.013333  0.574875  1
17.040000  0.574545  1
17.066667  0.574215  1
17.093333  0.573886  1
17.120000  0.573556  1
17.146667  0.573227  1
17.173333  0.572897  1
17.200000  0.572567  1
17.226667  0.572238  1
17.253333  0.571908  1
17.280000  0.571578  1
17.306667  0.571249  1
17.333333  0.570919  1
17.360000  0.570590  1
17.386667  0.570260  1
17.413333  0.569930  1
17.440000  0.569601  1
17.466667  0.569271  1
17.493333  0.568941  1
17.520000  0.568612  1
17.546667  0.568282  1
17.573333  0.567953  1
17.600000  0.567623  1
17.626667  0.567293  1
17.653333  0.566964  1
17.680000  0.566634  1
17.706667  0.566304  1
17.733333  0.565975  1
17.760000  0.565645  1
17.786667  0.565316  1
17.813333  0.564986  1
17.840000  0.564656  1
17.866667  0.564327  1
17.893333  0.563997  1
17.920000  0.563668  1
17.946667  0.563338  1
17.973333  0.563008  1
18.000000  0.562679  1
18.026667  0.562349  1
18.053333  0.562019  1
18.080000  0.561690  1
18.106667  0.561360  1
18.133333  0.561031  1
18.160000  0.560701  1
18.186667  0.560371  1
18.213333  0.560042  1
18.240000  0.559712  1
18.266667  0.559382  1
18.293333  0.559053  1
18.320000  0.558723  1
18.346667  0.558394  1
18.373333  0.558064  1
18.400000  0.557734  1
18.426667  0.557405  1
18.453333  0.557075  1
18.480000  0.556745  1
18.506667  0.556416  1
18.533333  0.556086  1
18.560000  0.555757  1
18.586667  0.555427  1
18.613333  0.555097  1
18.640000  0.554768  1
18.666667  0.554438  1
18.693333  0.554108  1
18.720000  0.553779  1
18.746667  0.553449  1
18.773333  0.553120  1
18.800000  0.552790  1
18.826667  0.552460  1
18.853333  0.552131  1
18.880000  0.551801  1
18.906667  0.551471  1
18.933333  0.551142  1
18.960000  0.550812  1
18.986667  0.550483  1
19.013333  0.550153  1
19.040000  0.549823  1
19.066667  0.549494  1
19.093333  0.549164  1
19.120000  0.548834  1
19.146667  0.548505  1
19.173333  0.548175  1
19.200000  0.547846  1
19.226667  0.547516  1
19.253333  0.547186  1
19.280000  0.546857  1
19.306667  0.546527  1
19.333333  0.546197  1
19.360000  0.545868  1
19.386667  0.545538  1
19.413333  0.545209  1
19.440000  0.544879  1
19.466667  0.544549  1
19.493333  0.544220  1
19.520000  0.543890  1
19.546667  0.543560  1
19.573333  0.543231  1
19.600000  0.542901  1
19.626667  0.542572  1
19.653333  0.542242  1
19.680000  0.541912  1
19.706667  0.541583  1
19.733333  0.541253  1
19.760000  0.540924  1
19.786667  0.540594  1
19.813333  0.540264  1
19.840000  0.539935  1
19.866667  0.539605  1
19.893333  0.539275  1
19.920000  0.538946  1
19.946667  0.538616  1
19.973333  0.538287  1
20.000000  0.537957  1
20.026667  0.537627  1
20.053333  0.537298  1
20.080000  0.536968  1
