3.360000  0.837474  0
3.386667  0.836827  0
3.413333  0.835764  0
3.440000  0.834528  0
3.466667  0.833248  0
3.493333  0.831960  0
3.520000  0.830671  0
3.546667  0.829383  0
3.573333  0.828094  0
3.600000  0.826806  0
3.626667  0.825517  0
3.653333  0.824228  0
3.680000  0.822940  0
3.706667  0.821651  0
3.733333  0.820362  0
3.760000  0.819074  0
3.786667  0.817785  0
3.813333  0.816497  0
3.840000  0.815208  0
3.866667  0.813919  0
3.893333  0.812631  0
3.920000  0.811342  0
3.946667  0.810054  0
3.973333  0.808765  0
4.000000  0.807476  0
4.026667  0.806188  0
4.053333  0.804899  0
4.080000  0.803611  0
4.106667  0.802322  0
4.133333  0.801033  0
4.160000  0.799745  0
4.186667  0.798456  0
4.213333  0.797168  0
4.240000  0.795879  0
4.266667  0.794590  0
4.293333  0.793302  0
4.320000  0.792013  0
4.346667  0.790724  0
4.373333  0.789436  0
4.400000  0.788147  0
4.426667  0.786859  0
4.453333  0.785570  0
4.480000  0.784281  0
4.506667  0.782993  0
4.533333  0.781704  0
4.560000  0.780416  0
4.586667  0.779127  0
4.613333  0.777838  0
4.640000  0.776550  0
4.666667  0.775261  0
4.693333  0.773973  0
4.720000  0.772684  0
4.746667  0.771395  0
4.773333  0.770107  0
4.800000  0.768818  0
4.826667  0.767529  0
4.853333  0.766241  0
4.880000  0.764952  0
4.906667  0.763665  0
4.933333  0.762387  0
4.960000  0.761147  0
4.986667  0.760006  0
5.013333  0.759038  0
5.040000  0.758262  0
5.066667  0.757621  0
5.093333  0.757039  0
5.120000  0.756474  0
5.146667  0.755911  0
5.173333  0.755349  0
5.200000  0.754787  0
5.226667  0.754225  0
5.253333  0.753662  0
5.280000  0.753100  0
5.306667  0.752538  0
5.333333  0.751976  0
5.360000  0.751414  0
5.386667  0.750851  0
5.413333  0.750289  0
5.440000  0.749727  0
5.466667  0.749165  0
5.493333  0.748602  0
5.520000  0.748040  0
5.546667  0.747478  0
5.573333  0.746916  0
5.600000  0.746354  0
5.626667  0.745791  0
5.653333  0.745229  0
5.680000  0.744667  0
5.706667  0.744105  0
5.733333  0.743542  0
5.760000  0.742980  0
5.786667  0.742418  0
5.813333  0.741856  0
5.840000  0.741294  0
5.866667  0.740731  0
5.893333  0.740169  0
5.920000  0.739607  0
5.946667  0.739045  0
5.973333  0.738483  0
6.000000  0.737920  0
6.026667  0.737358  0
6.053333  0.736796  0
6.080000  0.736234  0
6.106667  0.735671  0
6.133333  0.735109  0
6.160000  0.734547  0
6.186667  0.733985  0
6.213333  0.733423  0
6.240000  0.732860  0
6.266667  0.732298  0
6.293333  0.731736  0
6.320000  0.731174  0
6.346667  0.730611  0
6.373333  0.730049  0
6.400000  0.729487  0
6.426667  0.728925  0
6.453333  0.728363  0
6.480000  0.727800  0
6.506667  0.727238  0
6.533333  0.726676  0
6.560000  0.726114  0
6.586667  0.725551  0
6.613333  0.724989  0
6.640000  0.724427  0
6.666667  0.723865  0
6.693333  0.723303  0
6.720000  0.722740  0
6.746667  0.722178  0
6.773333  0.721616  0
6.800000  0.721054  0
6.826667  0.720491  0
6.853333  0.719929  0
6.880000  0.719367  0
6.906667  0.718805  0
6.933333  0.718243  0
6.960000  0.717680  0
6.986667  0.717118  0
7.013333  0.716556  0
7.040000  0.715994  0
7.066667  0.715431  0
7.093333  0.714869  0
7.120000  0.714307  0
7.146667  0.713745  0
7.173333  0.713183  0
7.200000  0.712620  0
7.226667  0.712058  0
7.253333  0.711496  0
7.280000  0.710934  0
7.306667  0.710371  0
7.333333  0.709809  0
7.360000  0.709247  0
7.386667  0.708685  0
7.413333  0.708123  0
7.440000  0.707561  0
7.466667  0.707003  0
7.493333  0.706450  0
7.520000  0.705906  0
7.546667  0.705368  0
7.573333  0.704833  0
7.600000  0.704299  0
7.626667  0.703766  0
7.653333  0.703232  0
7.680000  0.702698  0
7.706667  0.702165  0
7.733333  0.701631  0
7.760000  0.701098  0
7.786667  0.700564  0
7.813333  0.700030  0
7.840000  0.699497  0
7.866667  0.698963  0
7.893333  0.698430  0
7.920000  0.697896  0
7.946667  0.697362  0
7.973333  0.696829  0
8.000000  0.696295  0
8.026667  0.695762  0
8.053333  0.695228  0
8.080000  0.694695  0
8.106667  0.694161  0
8.133333  0.693627  0
8.160000  0.693094  0
8.186667  0.692560  0
8.213333  0.692027  0
8.240000  0.691493  0
8.266667  0.690959  0
8.293333  0.690426  0
8.320000  0.689892  0
8.346667  0.689359  0
8.373333  0.688825  0
8.400000  0.688291  0
8.426667  0.687758  0
8.453333  0.687224  0
8.480000  0.686691  0
8.506667  0.686157  0
8.533333  0.685623  0
8.560000  0.685090  0
8.586667  0.684556  0
8.613333  0.684023  0
8.640000  0.683489  0
8.666667  0.682955  0
8.693333  0.682422  0
8.720000  0.681888  0
8.746667  0.681355  0
8.773333  0.680821  0
8.800000  0.680287  0
8.826667  0.679754  0
8.853333  0.679220  0
8.880000  0.678687  0
8.906667  0.678153  0
8.933333  0.677620  0
8.960000  0.677086  0
8.986667  0.676552  0
9.013333  0.676019  0
9.040000  0.675485  0
9.066667  0.674952  0
9.093333  0.674418  0
9.120000  0.673884  0
9.146667  0.673351  0
9.173333  0.672817  0
9.200000  0.672284  0
9.226667  0.671750  0
9.253333  0.671216  0
9.280000  0.670683  0
9.306667  0.670149  0
9.333333  0.669616  0
9.360000  0.669082  0
9.386667  0.668548  0
9.413333  0.668015  0
9.440000  0.667481  0
9.466667  0.666948  0
9.493333  0.666414  0
9.520000  0.665880  0
9.546667  0.665347  0
9.573333  0.664813  0
9.600000  0.664280  0
9.626667  0.663746  0
9.653333  0.663213  0
9.680000  0.662679  0
9.706667  0.662145  0
9.733333  0.661612  0
9.760000  0.661078  0
9.786667  0.660545  0
9.813333  0.660011  0
9.840000  0.659478  0
9.866667  0.658947  0
9.893333  0.658422  0
9.920000  0.657911  0
9.946667  0.657414  0
9.973333  0.656929  0
10.000000  0.656450  0
10.026667  0.655972  0
10.053333  0.655495  0
10.080000  0.655017  0
10.106667  0.654540  0
10.133333  0.654062  0
10.160000  0.653585  0
10.186667  0.653107  0
10.213333  0.652629  0
10.240000  0.652152  0
10.266667  0.651674  0
10.293333  0.651197  0
10.320000  0.650719  0
10.346667  0.650242  0
10.373333  0.649764  0
10.400000  0.649287  0
10.426667  0.648809  0
10.453333  0.648332  0
10.480000  0.647854  0
10.506667  0.647376  0
10.533333  0.646899  0
10.560000  0.646421  0
10.586667  0.645944  0
10.613333  0.645466  0
10.640000  0.644989  0
10.666667  0.644511  0
10.693333  0.644034  0
10.720000  0.643556  0
10.746667  0.643079  0
10.773333  0.642601  0
10.800000  0.642124  0
10.826667  0.641646  0
10.853333  0.641168  0
10.880000  0.640691  0
10.906667  0.640213  0
10.933333  0.639736  0
10.960000  0.639258  0
10.986667  0.638781  0
11.013333  0.638303  0
11.040000  0.637826  0
11.066667  0.637348  0
11.093333  0.636871  0
11.120000  0.636393  0
11.146667  0.635915  0
11.173333  0.635438  0
11.200000  0.634960  0
11.226667  0.634483  0
11.253333  0.634005  0
11.280000  0.633528  0
11.306667  0.633050  0
11.333333  0.632573  0
11.360000  0.632095  0
11.386667  0.631618  0
11.413333  0.631140  0
11.440000  0.630662  0
11.466667  0.630185  0
11.493333  0.629707  0
11.520000  0.629230  0
11.546667  0.628752  0
11.573333  0.628275  0
11.600000  0.627797  0
11.626667  0.627320  0
11.653333  0.626842  0
11.680000  0.626365  0
11.706667  0.625887  0
11.733333  0.625409  0
11.760000  0.624932  0
11.786667  0.624454  0
11.813333  0.623977  0
11.840000  0.623499  0
11.866667  0.623022  0
11.893333  0.622544  0
11.920000  0.622067  0
11.946667  0.621589  0
11.973333  0.621112  0
12.000000  0.620634  0
12.026667  0.620157  0
12.053333  0.619679  0
12.080000  0.619201  0
12.106667  0.618724  0
12.133333  0.618246  0
12.160000  0.617769  0
12.186667  0.617291  0
12.213333  0.616814  0
12.240000  0.616336  0
12.266667  0.615859  0
12.293333  0.615381  0
12.320000  0.614904  0
12.346667  0.614426  0
12.373333  0.613948  0
12.400000  0.613471  0
12.426667  0.612993  0
12.453333  0.612516  0
12.480000  0.612038  0
12.506667  0.611561  0
12.533333  0.611083  0
12.560000  0.610606  0
12.586667  0.610128  0
12.613333  0.609651  0
12.640000  0.609173  0
12.666667  0.608695  0
12.693333  0.608218  0
12.720000  0.607740  0
12.746667  0.607263  0
12.773333  0.606785  0
12.800000  0.606308  0
12.826667  0.605830  0
12.853333  0.605353  0
12.880000  0.604875  0
12.906667  0.604398  0
12.933333  0.603920  0
12.960000  0.603442  0
12.986667  0.602965  0
13.013333  0.602487  0
13.040000  0.602010  0
13.066667  0.601532  0
13.093333  0.601055  0
13.120000  0.600577  0
13.146667  0.600100  0
13.173333  0.599622  0
13.200000  0.599145  0
13.226667  0.598667  0
13.253333  0.598190  0
13.280000  0.597712  0
13.306667  0.597234  0
13.333333  0.596757  0
13.360000  0.596279  0
13.386667  0.595802  0
13.413333  0.595324  0
13.440000  0.594847  0
13.466667  0.594369  0
13.493333  0.593892  0
13.520000  0.593414  0
13.546667  0.592937  0
13.573333  0.592459  0
13.600000  0.591981  0
13.626667  0.591504  0
13.653333  0.591026  0
13.680000  0.590549  0
13.706667  0.590071  0
13.733333  0.589594  0
13.760000  0.589116  0
13.786667  0.588639  0
13.813333  0.588161  0
13.840000  0.587684  0
13.866667  0.587206  0
13.893333  0.586730  0
13.920000  0.586264  0
13.946667  0.585828  0
13.973333  0.585462  0
14.000000  0.585187  0
14.026667  0.584987  0
14.053333  0.584825  0
14.080000  0.584676  0
14.106667  0.584530  0
14.133333  0.584383  0
14.160000  0.584237  0
14.186667  0.584091  0
14.213333  0.583945  0
14.240000  0.583799  0
14.266667  0.583653  0
14.293333  0.583506  0
14.320000  0.583360  0
14.346667  0.583214  0
14.373333  0.583068  0
14.400000  0.582922  0
14.426667  0.582776  0
14.453333  0.582629  0
14.480000  0.582483  0
14.506667  0.582337  0
14.533333  0.582191  0
14.560000  0.582045  0
14.586667  0.581899  0
14.613333  0.581753  0
14.640000  0.581606  0
14.666667  0.581460  0
14.693333  0.581314  0
14.720000  0.581168  0
14.746667  0.581022  0
14.773333  0.580876  0
14.800000  0.580729  0
14.826667  0.580583  0
14.853333  0.580437  0
14.880000  0.580291  0
14.906667  0.580145  0
14.933333  0.579999  0
14.960000  0.579852  0
14.986667  0.579706  0
15.013333  0.579560  0
15.040000  0.579414  0
15.066667  0.579268  0
15.093333  0.579122  0
15.120000  0.578975  0
15.146667  0.578829  0
15.173333  0.578683  0
15.200000  0.578537  0
15.226667  0.578391  0
15.253333  0.578245  0
15.280000  0.578098  0
15.306667  0.577952  0
15.333333  0.577806  0
15.360000  0.577660  0
15.386667  0.577514  0
15.413333  0.577368  0
15.440000  0.577221  0
15.466667  0.577075  0
15.493333  0.576929  0
15.520000  0.576783  0
15.546667  0.576637  0
15.573333  0.576491  0
15.600000  0.576345  0
15.626667  0.576198  0
15.653333  0.576052  0
15.680000  0.575906  0
15.706667  0.575760  0
15.733333  0.575614  0
15.760000  0.575468  0
15.786667  0.575321  0
15.813333  0.575175  0
15.840000  0.575029  0
15.866667  0.574883  0
15.893333  0.574737  0
15.920000  0.574591  0
15.946667  0.574444  0
15.973333  0.574298  0
16.000000  0.574152  0
16.026667  0.574006  0
16.053333  0.573860  0
16.080000  0.573714  0
16.106667  0.573567  0
16.133333  0.573421  0
16.160000  0.573275  0
16.186667  0.573129  0
16.213333  0.572983  0
16.240000  0.572837  0
16.266667  0.572690  0
16.293333  0.572544  0
16.320000  0.572398  0
16.346667  0.572252  0
16.373333  0.572106  0
16.400000  0.571960  0
16.426667  0.571814  0
16.453333  0.571667  0
16.480000  0.571521  0
16.506667  0.571375  0
16.533333  0.571229  0
16.560000  0.571083  0
16.586667  0.570937  0
16.613333  0.570790  0
16.640000  0.570644  0
16.666667  0.570498  0
16.693333  0.570352  0
16.720000  0.570206  0
16.746667  0.570060  0
16.773333  0.569913  0
16.800000  0.569767  0
16.826667  0.569621  0
16.853333  0.569475  0
16.880000  0.569329  0
16.906667  0.569183  0
16.933333  0.569036  0
16.960000  0.568890  0
16.986667  0.568744  0
17.013333  0.568598  0
17.040000  0.568452  0
17.066667  0.568306  0
17.093333  0.568159  0
17.120000  0.568013  0
17.146667  0.567867  0
17.173333  0.567721  0
17.200000  0.567575  0
17.226667  0.567429  0
17.253333  0.567282  0
17.280000  0.567136  0
17.306667  0.566990  0
17.333333  0.566844  0
17.360000  0.566698  0
17.386667  0.566552  0
17.413333  0.566406  0
17.440000  0.566259  0
17.466667  0.566113  0
17.493333  0.565967  0
17.520000  0.565821  0
17.546667  0.565675  0
17.573333  0.565530  0
17.600000  0.565389  0
17.626667  0.565269  0
