2.720000  0.875897  0
2.746667  0.874605  0
2.773333  0.873314  0
2.800000  0.872023  0
2.826667  0.870732  0
2.853333  0.869440  0
2.880000  0.868149  0
2.906667  0.866858  0
2.933333  0.865567  0
2.960000  0.864275  0
2.986667  0.862984  0
3.013333  0.861693  0
3.040000  0.860402  0
3.066667  0.859110  0
3.093333  0.857819  0
3.120000  0.856528  0
3.146667  0.855237  0
3.173333  0.853945  0
3.200000  0.852654  0
3.226667  0.851363  0
3.253333  0.850072  0
3.280000  0.848780  0
3.306667  0.847489  0
3.333333  0.846198  0
3.360000  0.844907  0
3.386667  0.843615  0
3.413333  0.842324  0
3.440000  0.841033  0
3.466667  0.839742  0
3.493333  0.838450  0
3.520000  0.837159  0
3.546667  0.835868  0
3.573333  0.834577  0
3.600000  0.833285  0
3.626667  0.831994  0
3.653333  0.830703  0
3.680000  0.829412  0
3.706667  0.828120  0
3.733333  0.826829  0
3.760000  0.825538  0
3.786667  0.824247  0
3.813333  0.822955  0
3.840000  0.821664  0
3.866667  0.820373  0
3.893333  0.819082  0
3.920000  0.817790  0
3.946667  0.816499  0
3.973333  0.815208  0
4.000000  0.813917  0
4.026667  0.812625  0
4.053333  0.811334  0
4.080000  0.810043  0
4.106667  0.808752  0
4.133333  0.807460  0
4.160000  0.806169  0
4.186667  0.804878  0
4.213333  0.803587  0
4.240000  0.802554  0
4.266667  0.801592  0
4.293333  0.800630  0
4.320000  0.799669  0
4.346667  0.798707  0
4.373333  0.797745  0
4.400000  0.796783  0
4.426667  0.795822  0
4.453333  0.794860  0
4.480000  0.793898  0
4.506667  0.792937  0
4.533333  0.791975  0
4.560000  0.791013  0
4.586667  0.790052  0
4.613333  0.789090  0
4.640000  0.788128  0
4.666667  0.787166  0
4.693333  0.786205  0
4.720000  0.785243  0
4.746667  0.784281  0
4.773333  0.783320  0
4.800000  0.782358  0
4.826667  0.781396  0
4.853333  0.780434  0
4.880000  0.779473  0
4.906667  0.778511  0
4.933333  0.777549  0
4.960000  0.776588  0
4.986667  0.775626  0
5.013333  0.774664  0
5.040000  0.773702  0
5.066667  0.772741  0
5.093333  0.771779  0
5.120000  0.770817  0
5.146667  0.769856  0
5.173333  0.768894  0
5.200000  0.767932  0
5.226667  0.766970  0
5.253333  0.766009  0
5.280000  0.765047  0
5.306667  0.764085  0
5.333333  0.763124  0
5.360000  0.762162  0
5.386667  0.761200  0
5.413333  0.760238  0
5.440000  0.759277  0
5.466667  0.758315  0
5.493333  0.757353  0
5.520000  0.756392  0
5.546667  0.755430  0
5.573333  0.754468  0
5.600000  0.753506  0
5.626667  0.752545  0
5.653333  0.751583  0
5.680000  0.750674  0
5.706667  0.749981  0
5.733333  0.749289  0
5.760000  0.748596  0
5.786667  0.747903  0
5.813333  0.747210  0
5.840000  0.746517  0
5.866667  0.745824  0
5.893333  0.745131  0
5.920000  0.744439  0
5.946667  0.743746  0
5.973333  0.743053  0
6.000000  0.742360  0
6.026667  0.741667  0
6.053333  0.740974  0
6.080000  0.740281  0
6.106667  0.739588  0
6.133333  0.738896  0
6.160000  0.738203  0
6.186667  0.737510  0
6.213333  0.736817  0
6.240000  0.736124  0
6.266667  0.735431  0
6.293333  0.734738  0
6.320000  0.734046  0
6.346667  0.733353  0
6.373333  0.732660  0
6.400000  0.731967  0
6.426667  0.731274  0
6.453333  0.730581  0
6.480000  0.729888  0
6.506667  0.729195  0
6.533333  0.728503  0
6.560000  0.727810  0
6.586667  0.727117  0
6.613333  0.726424  0
6.640000  0.725731  0
6.666667  0.725038  0
6.693333  0.724345  0
6.720000  0.723653  0
6.746667  0.722960  0
6.773333  0.722267  0
6.800000  0.721574  0
6.826667  0.720881  0
6.853333  0.720188  0
6.880000  0.719495  0
6.906667  0.718803  0
6.933333  0.718110  0
6.960000  0.717417  0
6.986667  0.716724  0
7.013333  0.716031  0
7.040000  0.715338  0
7.066667  0.714645  0
7.093333  0.713952  0
7.120000  0.713260  0
7.146667  0.712567  0
7.173333  0.711874  0
7.200000  0.711181  0
7.226667  0.710488  0
7.253333  0.709795  0
7.280000  0.709102  0
7.306667  0.708410  0
7.333333  0.707717  0
7.360000  0.707024  0
7.386667  0.706331  0
7.413333  0.705638  0
7.440000  0.704945  0
7.466667  0.704252  0
7.493333  0.703559  0
7.520000  0.702867  0
7.546667  0.702217  0
7.573333  0.701691  0
7.600000  0.701165  0
7.626667  0.700639  0
7.653333  0.700113  0
7.680000  0.699586  0
7.706667  0.699060  0
7.733333  0.698534  0
7.760000  0.698008  0
7.786667  0.697482  0
7.813333  0.696956  0
7.840000  0.696430  0
7.866667  0.695904  0
7.893333  0.695378  0
7.920000  0.694852  0
7.946667  0.694326  0
7.973333  0.693800  0
8.000000  0.693274  0
8.026667  0.692748  0
8.053333  0.692222  0
8.080000  0.691695  0
8.106667  0.691169  0
8.133333  0.690643  0
8.160000  0.690117  0
8.186667  0.689591  0
8.213333  0.689065  0
8.240000  0.688539  0
8.266667  0.688013  0
8.293333  0.687487  0
8.320000  0.686961  0
8.346667  0.686435  0
8.373333  0.685909  0
8.400000  0.685383  0
8.426667  0.684857  0
8.453333  0.684331  0
8.480000  0.683805  0
8.506667  0.683278  0
8.533333  0.682752  0
8.560000  0.682226  0
8.586667  0.681700  0
8.613333  0.681174  0
8.640000  0.680648  0
8.666667  0.680122  0
8.693333  0.679596  0
8.720000  0.679070  0
8.746667  0.678544  0
8.773333  0.678018  0
8.800000  0.677492  0
8.826667  0.676966  0
8.853333  0.676440  0
8.880000  0.675914  0
8.906667  0.675387  0
8.933333  0.674861  0
8.960000  0.674335  0
8.986667  0.673809  0
9.013333  0.673283  0
9.040000  0.672757  0
9.066667  0.672231  0
9.093333  0.671705  0
9.120000  0.671179  0
9.146667  0.670653  0
9.173333  0.670127  0
9.200000  0.669601  0
9.226667  0.669075  0
9.253333  0.668549  0
9.280000  0.668023  0
9.306667  0.667496  0
9.333333  0.666970  0
9.360000  0.666444  0
9.386667  0.665918  0
9.413333  0.665392  0
9.440000  0.664866  0
9.466667  0.664340  0
9.493333  0.663814  0
9.520000  0.663288  0
9.546667  0.662762  0
9.573333  0.662236  0
9.600000  0.661742  0
9.626667  0.661280  0
9.653333  0.660818  0
9.680000  0.660356  0
9.706667  0.659894  0
9.733333  0.659432  0
9.760000  0.658970  0
9.786667  0.658508  0
9.813333  0.658046  0
9.840000  0.657584  0
9.866667  0.657122  0
9.893333  0.656661  0
9.920000  0.656199  0
9.946667  0.655737  0
9.973333  0.655275  0
10.000000  0.654813  0
10.026667  0.654351  0
10.053333  0.653889  0
10.080000  0.653427  0
10.106667  0.652965  0
10.133333  0.652503  0
10.160000  0.652041  0
10.186667  0.651580  0
10.213333  0.651118  0
10.240000  0.650656  0
10.266667  0.650194  0
10.293333  0.649732  0
10.320000  0.649270  0
10.346667  0.648808  0
10.373333  0.648346  0
10.400000  0.647884  0
10.426667  0.647422  0
10.453333  0.646960  0
10.480000  0.646499  0
10.506667  0.646037  0
10.533333  0.645575  0
10.560000  0.645113  0
10.586667  0.644651  0
10.613333  0.644189  0
10.640000  0.643727  0
10.666667  0.643265  0
10.693333  0.642803  0
10.720000  0.642341  0
10.746667  0.641879  0
10.773333  0.641418  0
10.800000  0.640956  0
10.826667  0.640494  0
10.853333  0.640032  0
10.880000  0.639570  0
10.906667  0.639108  0
10.933333  0.638646  0
10.960000  0.638184  0
10.986667  0.637722  0
11.013333  0.637260  0
11.040000  0.636798  0
11.066667  0.636336  0
11.093333  0.635875  0
11.120000  0.635413  0
11.146667  0.634951  0
11.173333  0.634489  0
11.200000  0.634027  0
11.226667  0.633565  0
11.253333  0.633103  0
11.280000  0.632641  0
11.306667  0.632179  0
11.333333  0.631717  0
11.360000  0.631255  0
11.386667  0.630794  0
11.413333  0.630332  0
11.440000  0.629870  0
11.466667  0.629494  0
11.493333  0.629187  0
11.520000  0.628880  0
11.546667  0.628574  0
11.573333  0.628267  0
11.600000  0.627960  0
11.626667  0.627653  0
11.653333  0.627346  0
11.680000  0.627039  0
11.706667  0.626732  0
11.733333  0.626425  0
11.760000  0.626119  0
11.786667  0.625812  0
11.813333  0.625505  0
11.840000  0.625198  0
11.866667  0.624891  0
11.893333  0.624584  0
11.920000  0.624277  0
11.946667  0.623970  0
11.973333  0.623664  0
12.000000  0.623357  0
12.026667  0.623050  0
12.053333  0.622743  0
12.080000  0.622436  0
12.106667  0.622129  0
12.133333  0.621822  0
12.160000  0.621515  0
12.186667  0.621209  0
12.213333  0.620902  0
12.240000  0.620595  0
12.266667  0.620288  0
12.293333  0.619981  0
12.320000  0.619674  0
12.346667  0.619367  0
12.373333  0.619061  0
12.400000  0.618754  0
12.426667  0.618447  0
12.453333  0.618140  0
12.480000  0.617833  0
12.506667  0.617526  0
12.533333  0.617219  0
12.560000  0.616912  0
12.586667  0.616606  0
12.613333  0.616299  0
12.640000  0.615992  0
12.666667  0.615685  0
12.693333  0.615378  0
12.720000  0.615071  0
12.746667  0.614764  0
12.773333  0.614457  0
12.800000  0.614151  0
12.826667  0.613844  0
12.853333  0.613537  0
12.880000  0.613230  0
12.906667  0.612923  0
12.933333  0.612616  0
12.960000  0.612309  0
12.986667  0.612002  0
13.013333  0.611696  0
13.040000  0.611389  0
13.066667  0.611082  0
13.093333  0.610775  0
13.120000  0.610468  0
13.146667  0.610161  0
13.173333  0.609854  0
13.200000  0.609548  0
13.226667  0.609241  0
13.253333  0.608934  0
13.280000  0.608627  0
13.306667  0.608320  0
13.333333  0.608013  0
13.360000  0.607706  0
13.386667  0.607399  0
13.413333  0.607093  0
13.440000  0.606786  0
13.466667  0.606479  0
13.493333  0.606172  0
13.520000  0.605865  0
13.546667  0.605558  0
13.573333  0.605251  0
13.600000  0.604944  0
13.626667  0.604638  0
13.653333  0.604331  0
13.680000  0.604024  0
13.706667  0.603717  0
13.733333  0.603410  0
13.760000  0.603103  0
13.786667  0.602796  0
13.813333  0.602489  0
13.840000  0.602183  0
13.866667  0.601876  0
13.893333  0.601569  0
13.920000  0.601330  0
13.946667  0.601176  0
13.973333  0.601022  0
14.000000  0.600868  0
14.026667  0.600715  0
14.053333  0.600561  0
14.080000  0.600407  0
14.106667  0.600254  0
14.133333  0.600100  0
14.160000  0.599946  0
14.186667  0.599792  0
14.213333  0.599639  0
14.240000  0.599485  0
14.266667  0.599331  0
14.293333  0.599178  0
14.320000  0.599024  0
14.346667  0.598870  0
14.373333  0.598716  0
14.400000  0.598563  0
14.426667  0.598409  0
14.453333  0.598255  0
14.480000  0.598102  0
14.506667  0.597948  0
14.533333  0.597794  0
14.560000  0.597640  0
14.586667  0.597487  0
14.613333  0.597333  0
14.640000  0.597179  0
14.666667  0.597025  0
14.693333  0.596872  0
14.720000  0.596718  0
14.746667  0.596564  0
14.773333  0.596411  0
14.800000  0.596257  0
14.826667  0.596103  0
14.853333  0.595949  0
14.880000  0.595796  0
14.906667  0.595642  0
14.933333  0.595488  0
14.960000  0.595335  0
14.986667  0.595181  0
15.013333  0.595027  0
15.040000  0.594873  0
15.066667  0.594720  0
15.093333  0.594566  0
15.120000  0.594412  0
15.146667  0.594259  0
15.173333  0.594105  0
15.200000  0.593951  0
15.226667  0.593797  0
15.253333  0.593644  0
15.280000  0.593490  0
15.306667  0.593336  0
15.333333  0.593182  0
15.360000  0.593029  0
15.386667  0.592875  0
15.413333  0.592721  0
15.440000  0.592568  0
15.466667  0.592414  0
15.493333  0.592260  0
15.520000  0.592106  0
15.546667  0.591953  0
15.573333  0.591799  0
15.600000  0.591645  0
15.626667  0.591492  0
15.653333  0.591338  0
15.680000  0.591184  0
15.706667  0.591030  0
15.733333  0.590877  0
15.760000  0.590723  0
15.786667  0.590569  0
15.813333  0.590416  0
15.840000  0.590262  0
15.866667  0.590108  0
15.893333  0.589954  0
15.920000  0.589801  0
15.946667  0.589647  0
15.973333  0.589493  0
16.000000  0.589339  0
16.026667  0.589186  0
16.053333  0.589032  0
16.080000  0.588878  0
16.106667  0.588725  0
16.133333  0.588571  0
16.160000  0.588417  0
16.186667  0.588263  0
16.213333  0.588110  0
16.240000  0.587956  0
16.266667  0.587802  0
16.293333  0.587649  0
16.320000  0.587495  0
16.346667  0.587341  0
16.373333  0.587187  0
16.400000  0.587034  0
16.426667  0.586880  0
16.453333  0.586726  0
16.480000  0.586573  0
16.506667  0.586419  0
16.533333  0.586265  0
16.560000  0.586111  0
16.586667  0.585958  0
16.613333  0.585804  0
16.640000  0.585650  0
16.666667  0.585496  0
16.693333  0.585343  0
16.720000  0.585189  0
16.746667  0.585035  0
16.773333  0.584882  0
16.800000  0.584728  0
16.826667  0.584574  0
16.853333  0.584420  0
16.880000  0.584267  0
16.906667  0.584113  0
16.933333  0.583959  0
16.960000  0.583806  0
16.986667  0.583652  0
17.013333  0.583498  0
17.040000  0.583344  0
17.066667  0.583191  0
17.093333  0.583037  0
17.120000  0.582883  0
17.146667  0.582729  0
17.173333  0.582576  0
17.200000  0.582422  0
17.226667  0.582268  0
17.253333  0.582115  0
17.280000  0.581961  0
17.306667  0.581807  0
17.333333  0.581653  0
17.360000  0.581500  0
17.386667  0.581346  0
22.746667  0.766797  1
22.773333  0.766471  1
22.800000  0.766144  1
22.826667  0.765818  1
22.853333  0.765491  1
22.880000  0.765165  1
22.906667  0.764838  1
22.933333  0.764512  1
22.960000  0.764185  1
22.986667  0.763859  1
23.013333  0.763532  1
23.040000  0.763206  1
23.066667  0.762879  1
23.093333  0.762553  1
23.120000  0.762226  1
23.146667  0.761899  1
23.173333  0.761573  1
23.200000  0.761246  1
23.226667  0.760920  1
23.253333  0.760593  1
23.280000  0.760267  1
23.306667  0.759940  1
23.333333  0.759614  1
23.360000  0.759287  1
23.386667  0.758961  1
23.413333  0.758634  1
23.440000  0.758308  1
23.466667  0.757981  1
23.493333  0.757655  1
23.520000  0.757328  1
23.546667  0.757002  1
23.573333  0.756675  1
23.600000  0.756349  1
23.626667  0.756022  1
23.653333  0.755696  1
23.680000  0.755369  1
23.706667  0.755042  1
23.733333  0.754716  1
23.760000  0.754389  1
23.786667  0.754063  1
23.813333  0.753736  1
23.840000  0.753410  1
23.866667  0.753083  1
23.893333  0.752757  1
23.920000  0.752430  1
23.946667  0.752104  1
23.973333  0.751777  1
24.000000  0.751451  1
24.026667  0.751124  1
24.053333  0.750798  1
24.080000  0.750471  1
24.106667  0.750145  1
24.133333  0.749818  1
24.160000  0.749492  1
24.186667  0.749165  1
24.213333  0.748839  1
24.240000  0.748512  1
24.266667  0.748185  1
24.293333  0.747859  1
24.320000  0.747532  1
24.346667  0.747206  1
24.373333  0.746879  1
24.400000  0.746553  1
24.426667  0.746226  1
24.453333  0.745900  1
24.480000  0.745573  1
24.506667  0.745247  1
24.533333  0.744920  1
24.560000  0.744594  1
24.586667  0.744267  1
24.613333  0.743941  1
24.640000  0.743614  1
24.666667  0.743288  1
24.693333  0.742961  1
24.720000  0.742635  1
24.746667  0.742308  1
24.773333  0.741982  1
24.800000  0.741655  1
24.826667  0.741329  1
24.853333  0.741002  1
24.880000  0.740675  1
24.906667  0.740349  1
24.933333  0.740022  1
24.960000  0.739696  1
24.986667  0.739369  1
25.013333  0.739043  1
25.040000  0.738716  1
25.066667  0.738390  1
25.093333  0.738063  1
25.120000  0.737737  1
25.146667  0.737410  1
25.173333  0.737084  1
25.200000  0.736757  1
25.226667  0.736431  1
25.253333  0.736104  1
25.280000  0.735778  1
25.306667  0.735451  1
25.333333  0.735125  1
25.360000  0.734798  1
