3.040000  0.912873  0
3.066667  0.911148  0
3.093333  0.908060  0
3.120000  0.904119  0
3.146667  0.899756  0
3.173333  0.895229  0
3.200000  0.890652  0
3.226667  0.886062  0
3.253333  0.881471  0
3.280000  0.876879  0
3.306667  0.872287  0
3.333333  0.867694  0
3.360000  0.863102  0
3.386667  0.858510  0
3.413333  0.853918  0
3.440000  0.849326  0
3.466667  0.844734  0
3.493333  0.840142  0
3.520000  0.835549  0
3.546667  0.830957  0
3.573333  0.826365  0
3.600000  0.821774  0
3.626667  0.817184  0
3.653333  0.812603  0
3.680000  0.808053  0
3.706667  0.803582  0
3.733333  0.799280  0
3.760000  0.795259  0
3.786667  0.791608  0
3.813333  0.788341  0
3.840000  0.785390  0
3.866667  0.782644  0
3.893333  0.780002  0
3.920000  0.777402  0
3.946667  0.774815  0
3.973333  0.772231  0
4.000000  0.769648  0
4.026667  0.767065  0
4.053333  0.764482  0
4.080000  0.761899  0
4.106667  0.759316  0
4.133333  0.756733  0
4.160000  0.754150  0
4.186667  0.751567  0
4.213333  0.748984  0
4.240000  0.746401  0
4.266667  0.743817  0
4.293333  0.741234  0
4.320000  0.738651  0
4.346667  0.736068  0
4.373333  0.733486  0
4.400000  0.730908  0
4.426667  0.728344  0
4.453333  0.725817  0
4.480000  0.723374  0
4.506667  0.721076  0
4.533333  0.718976  0
4.560000  0.717090  0
4.586667  0.715385  0
4.613333  0.713800  0
4.640000  0.712278  0
4.666667  0.710782  0
4.693333  0.709294  0
4.720000  0.707807  0
4.746667  0.706322  0
4.773333  0.704836  0
4.800000  0.703350  0
4.826667  0.701865  0
4.853333  0.700379  0
4.880000  0.698893  0
4.906667  0.697407  0
4.933333  0.695922  0
4.960000  0.694436  0
4.986667  0.692950  0
5.013333  0.691465  0
5.040000  0.689979  0
5.066667  0.688493  0
5.093333  0.687008  0
5.120000  0.685522  0
5.146667  0.684036  0
5.173333  0.682551  0
5.200000  0.681065  0
5.226667  0.679579  0
5.253333  0.678093  0
5.280000  0.676608  0
5.306667  0.675122  0
5.333333  0.673636  0
5.360000  0.672151  0
5.386667  0.670665  0
5.413333  0.669179  0
5.440000  0.667694  0
5.466667  0.666208  0
5.493333  0.664722  0
5.520000  0.663237  0
5.546667  0.661752  0
5.573333  0.660270  0
5.600000  0.658797  0
5.626667  0.657346  0
5.653333  0.655938  0
5.680000  0.654596  0
5.706667  0.653333  0
5.733333  0.652145  0
5.760000  0.651014  0
5.786667  0.649916  0
5.813333  0.648833  0
5.840000  0.647756  0
5.866667  0.646681  0
5.893333  0.645606  0
5.920000  0.644531  0
5.946667  0.643456  0
5.973333  0.642382  0
6.000000  0.641307  0
6.026667  0.640232  0
6.053333  0.639157  0
6.080000  0.638083  0
6.106667  0.637008  0
6.133333  0.635933  0
6.160000  0.634858  0
6.186667  0.633784  0
6.213333  0.632709  0
6.240000  0.631634  0
6.266667  0.630559  0
6.293333  0.629485  0
6.320000  0.628410  0
6.346667  0.627335  0
6.373333  0.626260  0
6.400000  0.625186  0
6.426667  0.624111  0
6.453333  0.623036  0
6.480000  0.621961  0
6.506667  0.620887  0
6.533333  0.619812  0
6.560000  0.618737  0
6.586667  0.617662  0
6.613333  0.616588  0
6.640000  0.615513  0
6.666667  0.614438  0
6.693333  0.613363  0
6.720000  0.612289  0
6.746667  0.611214  0
6.773333  0.610139  0
6.800000  0.609064  0
6.826667  0.607990  0
6.853333  0.606915  0
6.880000  0.605840  0
6.906667  0.604765  0
6.933333  0.603690  0
6.960000  0.602616  0
6.986667  0.601541  0
7.013333  0.600466  0
7.040000  0.599391  0
7.066667  0.598317  0
7.093333  0.597242  0
7.120000  0.596167  0
7.146667  0.595093  0
7.173333  0.594021  0
7.200000  0.592954  0
7.226667  0.591903  0
7.253333  0.590881  0
7.280000  0.589905  0
7.306667  0.588987  0
7.333333  0.588125  0
7.360000  0.587306  0
7.386667  0.586513  0
7.413333  0.585733  0
7.440000  0.584958  0
7.466667  0.584184  0
7.493333  0.583411  0
7.520000  0.582638  0
7.546667  0.581865  0
7.573333  0.581092  0
7.600000  0.580318  0
7.626667  0.579545  0
7.653333  0.578772  0
7.680000  0.577999  0
7.706667  0.577226  0
7.733333  0.576453  0
7.760000  0.575679  0
7.786667  0.574906  0
7.813333  0.574133  0
7.840000  0.573360  0
7.866667  0.572587  0
7.893333  0.571814  0
7.920000  0.571040  0
7.946667  0.570267  0
7.973333  0.569494  0
8.000000  0.568721  0
8.026667  0.567948  0
8.053333  0.567175  0
8.080000  0.566401  0
8.106667  0.565628  0
8.133333  0.564855  0
8.160000  0.564082  0
8.186667  0.563309  0
8.213333  0.562536  0
8.240000  0.561762  0
8.266667  0.560989  0
8.293333  0.560216  0
8.320000  0.559443  0
8.346667  0.558670  0
8.373333  0.557897  0
8.400000  0.557123  0
8.426667  0.556350  0
8.453333  0.555577  0
8.480000  0.554804  0
8.506667  0.554031  0
8.533333  0.553258  0
8.560000  0.552484  0
8.586667  0.551711  0
8.613333  0.550938  0
8.640000  0.550165  0
8.666667  0.549392  0
8.693333  0.548619  0
8.720000  0.547845  0
8.746667  0.547072  0
8.773333  0.546299  0
8.800000  0.545526  0
8.826667  0.544754  0
8.853333  0.543986  0
8.880000  0.543231  0
8.906667  0.542505  0
8.933333  0.541836  0
8.960000  0.541251  0
8.986667  0.540762  0
9.013333  0.540359  0
9.040000  0.540017  0
9.066667  0.539708  0
9.093333  0.539415  0
9.120000  0.539126  0
9.146667  0.538839  0
9.173333  0.538552  0
9.200000  0.538265  0
9.226667  0.537978  0
9.253333  0.537691  0
9.280000  0.537404  0
9.306667  0.537117  0
9.333333  0.536830  0
9.360000  0.536543  0
9.386667  0.536256  0
9.413333  0.535969  0
9.440000  0.535682  0
9.466667  0.535395  0
9.493333  0.535108  0
9.520000  0.534821  0
9.546667  0.534533  0
9.573333  0.534246  0
9.600000  0.533959  0
9.626667  0.533672  0
9.653333  0.533385  0
9.680000  0.533098  0
9.706667  0.532811  0
9.733333  0.532524  0
9.760000  0.532237  0
9.786667  0.531950  0
9.813333  0.531663  0
9.840000  0.531376  0
9.866667  0.531089  0
9.893333  0.530802  0
9.920000  0.530515  0
9.946667  0.530228  0
9.973333  0.529941  0
10.000000  0.529654  0
10.026667  0.529367  0
10.053333  0.529080  0
10.080000  0.528793  0
10.106667  0.528506  0
10.133333  0.528219  0
10.160000  0.527932  0
10.186667  0.527645  0
10.213333  0.527358  0
10.240000  0.527071  0
10.266667  0.526784  0
10.293333  0.526497  0
10.320000  0.526210  0
10.346667  0.525923  0
10.373333  0.525636  0
10.400000  0.525349  0
10.426667  0.525062  0
10.453333  0.524775  0
10.480000  0.524488  0
10.506667  0.524201  0
10.533333  0.523914  0
10.560000  0.523627  0
10.586667  0.523340  0
10.613333  0.523053  0
10.640000  0.522766  0
10.666667  0.522479  0
10.693333  0.522192  0
10.720000  0.521905  0
10.746667  0.521618  0
10.773333  0.521331  0
10.800000  0.521044  0
10.826667  0.520757  0
10.853333  0.520470  0
10.880000  0.520183  0
10.906667  0.519896  0
10.933333  0.519609  0
10.960000  0.519322  0
10.986667  0.519035  0
11.013333  0.518748  0
11.040000  0.518461  0
11.066667  0.518174  0
11.093333  0.517887  0
11.120000  0.517601  0
11.146667  0.517317  0
11.173333  0.517037  0
11.200000  0.516764  0
11.226667  0.516498  0
11.253333  0.516241  0
11.280000  0.515989  0
11.306667  0.515742  0
11.333333  0.515497  0
11.360000  0.515252  0
11.386667  0.515008  0
11.413333  0.514764  0
11.440000  0.514520  0
11.466667  0.514276  0
11.493333  0.514031  0
11.520000  0.513787  0
11.546667  0.513543  0
11.573333  0.513299  0
11.600000  0.513055  0
11.626667  0.512810  0
11.653333  0.512566  0
11.680000  0.512322  0
11.706667  0.512078  0
11.733333  0.511834  0
11.760000  0.511589  0
11.786667  0.511345  0
11.813333  0.511101  0
11.840000  0.510857  0
11.866667  0.510613  0
11.893333  0.510368  0
11.920000  0.510124  0
11.946667  0.509880  0
11.973333  0.509636  0
12.000000  0.509392  0
12.026667  0.509147  0
12.053333  0.508903  0
12.080000  0.508659  0
12.106667  0.508415  0
12.133333  0.508171  0
12.160000  0.507927  0
12.186667  0.507682  0
12.213333  0.507438  0
12.240000  0.507194  0
12.266667  0.506950  0
12.293333  0.506706  0
12.320000  0.506461  0
12.346667  0.506217  0
12.373333  0.505973  0
12.400000  0.505729  0
12.426667  0.505485  0
12.453333  0.505240  0
12.480000  0.504996  0
12.506667  0.504752  0
12.533333  0.504508  0
12.560000  0.504264  0
12.586667  0.504019  0
12.613333  0.503775  0
12.640000  0.503531  0
12.666667  0.503287  0
12.693333  0.503043  0
12.720000  0.502798  0
12.746667  0.502554  0
12.773333  0.502310  0
12.800000  0.502066  0
12.826667  0.501822  0
12.853333  0.501577  0
12.880000  0.501333  0
12.906667  0.501089  0
12.933333  0.500845  0
12.960000  0.500601  0
12.986667  0.500356  0
13.013333  0.500112  0
13.040000  0.499868  0
13.066667  0.499624  0
13.093333  0.499380  0
13.120000  0.499135  0
13.146667  0.498891  0
13.173333  0.498647  0
13.200000  0.498403  0
13.226667  0.498159  0
13.253333  0.497915  0
13.280000  0.497670  0
13.306667  0.497426  0
13.333333  0.497182  0
13.360000  0.496938  0
13.386667  0.496694  0
13.413333  0.496449  0
13.440000  0.496205  0
13.466667  0.495961  0
13.493333  0.495717  0
13.520000  0.495473  0
13.546667  0.495228  0
13.573333  0.494984  0
13.600000  0.494740  0
13.626667  0.494496  0
13.653333  0.494252  0
13.680000  0.494007  0
13.706667  0.493763  0
13.733333  0.493519  0
13.760000  0.493275  0
13.786667  0.493031  0
13.813333  0.492786  0
13.840000  0.492542  0
13.866667  0.492298  0
13.893333  0.492054  0
13.920000  0.491810  0
13.946667  0.491565  0
13.973333  0.491321  0
14.000000  0.491077  0
14.026667  0.490833  0
14.053333  0.490589  0
14.080000  0.490344  0
17.013333  0.629425  1
17.040000  0.628887  1
17.066667  0.628349  1
17.093333  0.627811  1
17.120000  0.627273  1
17.146667  0.626735  1
17.173333  0.626197  1
17.200000  0.625659  1
17.226667  0.625121  1
17.253333  0.624583  1
17.280000  0.624045  1
17.306667  0.623507  1
17.333333  0.622969  1
17.360000  0.622431  1
17.386667  0.621893  1
17.413333  0.621355  1
17.440000  0.620817  1
17.466667  0.620279  1
17.493333  0.619741  1
17.520000  0.619203  1
17.546667  0.618665  1
17.573333  0.618127  1
17.600000  0.617589  1
17.626667  0.617051  1
17.653333  0.616513  1
17.680000  0.615975  1
17.706667  0.615437  1
17.733333  0.614899  1
17.760000  0.614361  1
17.786667  0.613823  1
17.813333  0.613285  1
17.840000  0.612747  1
17.866667  0.612209  1
17.893333  0.611671  1
17.920000  0.611133  1
17.946667  0.610595  1
17.973333  0.610057  1
18.000000  0.609519  1
18.026667  0.608981  1
18.053333  0.608443  1
18.080000  0.607905  1
18.106667  0.607367  1
18.133333  0.606829  1
18.160000  0.606291  1
18.186667  0.605753  1
18.213333  0.605215  1
18.240000  0.604676  1
18.266667  0.604138  1
18.293333  0.603600  1
18.320000  0.603062  1
18.346667  0.602524  1
18.373333  0.601986  1
18.400000  0.601448  1
18.426667  0.600910  1
18.453333  0.600372  1
18.480000  0.599834  1
18.506667  0.599296  1
18.533333  0.598758  1
18.560000  0.598220  1
18.586667  0.597682  1
18.613333  0.597144  1
18.640000  0.596606  1
18.666667  0.596068  1
18.693333  0.595530  1
18.720000  0.594992  1
18.746667  0.594454  1
18.773333  0.593916  1
18.800000  0.593378  1
18.826667  0.592840  1
18.853333  0.592302  1
18.880000  0.591764  1
18.906667  0.591226  1
18.933333  0.590688  1
18.960000  0.590150  1
18.986667  0.589612  1
19.013333  0.589074  1
19.040000  0.588536  1
19.066667  0.587998  1
19.093333  0.587460  1
19.120000  0.586922  1
19.146667  0.586384  1
19.173333  0.585846  1
19.200000  0.585308  1
19.226667  0.584770  1
19.253333  0.584232  1
19.280000  0.583694  1
19.306667  0.583156  1
19.333333  0.582618  1
19.360000  0.582080  1
19.386667  0.581542  1
19.413333  0.581004  1
19.440000  0.580466  1
19.466667  0.579928  1
19.493333  0.579389  1
19.520000  0.578851  1
19.546667  0.578313  1
19.573333  0.577775  1
19.600000  0.577237  1
19.626667  0.576699  1
19.653333  0.576161  1
19.680000  0.575623  1
19.706667  0.575085  1
19.733333  0.574547  1
19.760000  0.574009  1
19.786667  0.573471  1
19.813333  0.572933  1
19.840000  0.572395  1
19.866667  0.571857  1
19.893333  0.571319  1
19.920000  0.570781  1
19.946667  0.570243  1
19.973333  0.569705  1
20.000000  0.569167  1
