3.146667  0.862316  0
3.173333  0.860154  0
3.200000  0.857993  0
3.226667  0.855832  0
3.253333  0.853670  0
3.280000  0.851509  0
3.306667  0.849347  0
3.333333  0.847186  0
3.360000  0.845024  0
3.386667  0.842863  0
3.413333  0.840702  0
3.440000  0.838540  0
3.466667  0.836379  0
3.493333  0.834217  0
3.520000  0.832056  0
3.546667  0.829894  0
3.573333  0.827733  0
3.600000  0.825571  0
3.626667  0.823410  0
3.653333  0.821249  0
3.680000  0.819087  0
3.706667  0.816926  0
3.733333  0.814764  0
3.760000  0.812603  0
3.786667  0.810441  0
3.813333  0.808280  0
3.840000  0.806118  0
3.866667  0.803957  0
3.893333  0.801796  0
3.920000  0.799634  0
3.946667  0.797473  0
3.973333  0.795311  0
4.000000  0.793150  0
4.026667  0.790988  0
4.053333  0.788827  0
4.080000  0.786665  0
4.106667  0.784504  0
4.133333  0.782343  0
4.160000  0.780181  0
4.186667  0.778048  0
4.213333  0.775943  0
4.240000  0.773839  0
4.266667  0.771735  0
4.293333  0.769631  0
4.320000  0.767526  0
4.346667  0.765422  0
4.373333  0.763318  0
4.400000  0.761214  0
4.426667  0.759109  0
4.453333  0.757005  0
4.480000  0.754901  0
4.506667  0.752797  0
4.533333  0.750692  0
4.560000  0.748588  0
4.586667  0.746484  0
4.613333  0.744380  0
4.640000  0.742275  0
4.666667  0.740171  0
4.693333  0.738067  0
4.720000  0.735962  0
4.746667  0.733858  0
4.773333  0.731754  0
4.800000  0.729650  0
4.826667  0.727545  0
4.853333  0.725441  0
4.880000  0.723337  0
4.906667  0.721233  0
4.933333  0.719128  0
4.960000  0.717024  0
4.986667  0.714920  0
5.013333  0.712963  0
5.040000  0.711047  0
5.066667  0.709130  0
5.093333  0.707214  0
5.120000  0.705298  0
5.146667  0.703381  0
5.173333  0.701465  0
5.200000  0.699548  0
5.226667  0.697632  0
5.253333  0.695716  0
5.280000  0.693799  0
5.306667  0.691883  0
5.333333  0.689967  0
5.360000  0.688050  0
5.386667  0.686134  0
5.413333  0.684217  0
5.440000  0.682301  0
5.466667  0.680385  0
5.493333  0.678468  0
5.520000  0.676552  0
5.546667  0.674635  0
5.573333  0.672719  0
5.600000  0.670803  0
5.626667  0.668886  0
5.653333  0.666970  0
5.680000  0.665054  0
5.706667  0.663137  0
5.733333  0.661221  0
5.760000  0.659952  0
5.786667  0.658683  0
5.813333  0.657414  0
5.840000  0.656145  0
5.866667  0.654876  0
5.893333  0.653607  0
5.920000  0.652338  0
5.946667  0.651069  0
5.973333  0.649800  0
6.000000  0.648531  0
6.026667  0.647262  0
6.053333  0.645993  0
6.080000  0.644724  0
6.106667  0.643455  0
6.133333  0.642186  0
6.160000  0.640917  0
6.186667  0.639648  0
6.213333  0.638379  0
6.240000  0.637110  0
6.266667  0.635841  0
6.293333  0.634571  0
6.320000  0.633349  0
6.346667  0.632228  0
6.373333  0.631106  0
6.400000  0.629985  0
6.426667  0.628864  0
6.453333  0.627742  0
6.480000  0.626621  0
6.506667  0.625500  0
6.533333  0.624378  0
6.560000  0.623257  0
6.586667  0.622136  0
6.613333  0.621014  0
6.640000  0.619893  0
6.666667  0.618772  0
6.693333  0.617650  0
6.720000  0.616529  0
6.746667  0.615408  0
6.773333  0.614286  0
6.800000  0.613165  0
6.826667  0.612043  0
6.853333  0.610922  0
6.880000  0.609801  0
6.906667  0.608679  0
6.933333  0.607558  0
6.960000  0.606437  0
6.986667  0.605315  0
7.013333  0.604194  0
7.040000  0.603073  0
7.066667  0.601951  0
7.093333  0.600830  0
7.120000  0.599709  0
7.146667  0.598587  0
7.173333  0.597466  0
7.200000  0.596717  0
7.226667  0.596006  0
7.253333  0.595296  0
7.280000  0.594586  0
7.306667  0.593876  0
7.333333  0.593166  0
7.360000  0.592456  0
7.386667  0.591745  0
7.413333  0.591035  0
7.440000  0.590325  0
7.466667  0.589615  0
7.493333  0.588905  0
7.520000  0.588194  0
7.546667  0.587484  0
7.573333  0.586774  0
7.600000  0.586064  0
7.626667  0.585354  0
7.653333  0.584643  0
7.680000  0.583933  0
7.706667  0.583223  0
7.733333  0.582513  0
7.760000  0.581803  0
7.786667  0.581093  0
7.813333  0.580382  0
7.840000  0.579672  0
7.866667  0.578962  0
7.893333  0.578252  0
7.920000  0.577542  0
7.946667  0.576831  0
7.973333  0.576121  0
8.000000  0.575411  0
8.026667  0.574701  0
8.053333  0.573991  0
8.080000  0.573280  0
8.106667  0.572664  0
8.133333  0.572072  0
8.160000  0.571480  0
8.186667  0.570888  0
8.213333  0.570296  0
8.240000  0.569704  0
8.266667  0.569113  0
8.293333  0.568521  0
8.320000  0.567929  0
8.346667  0.567337  0
8.373333  0.566745  0
8.400000  0.566154  0
8.426667  0.565562  0
8.453333  0.564970  0
8.480000  0.564378  0
8.506667  0.563786  0
8.533333  0.563194  0
8.560000  0.562603  0
8.586667  0.562011  0
8.613333  0.561419  0
8.640000  0.560827  0
8.666667  0.560235  0
8.693333  0.559643  0
8.720000  0.559052  0
8.746667  0.558460  0
8.773333  0.557868  0
8.800000  0.557276  0
8.826667  0.556684  0
8.853333  0.556093  0
8.880000  0.555501  0
8.906667  0.554909  0
8.933333  0.554317  0
8.960000  0.553725  0
8.986667  0.553133  0
9.013333  0.552542  0
9.040000  0.551950  0
9.066667  0.551358  0
9.093333  0.550766  0
9.120000  0.550174  0
9.146667  0.549582  0
9.173333  0.548991  0
9.200000  0.548399  0
9.226667  0.547807  0
9.253333  0.547215  0
9.280000  0.546623  0
9.306667  0.546032  0
9.333333  0.545440  0
9.360000  0.544855  0
9.386667  0.544567  0
9.413333  0.544278  0
9.440000  0.543989  0
9.466667  0.543701  0
9.493333  0.543412  0
9.520000  0.543123  0
9.546667  0.542835  0
9.573333  0.542546  0
9.600000  0.542257  0
9.626667  0.541969  0
9.653333  0.541680  0
9.680000  0.541391  0
9.706667  0.541102  0
9.733333  0.540814  0
9.760000  0.540525  0
9.786667  0.540236  0
9.813333  0.539948  0
9.840000  0.539659  0
9.866667  0.539370  0
9.893333  0.539082  0
9.920000  0.538793  0
9.946667  0.538504  0
9.973333  0.538216  0
10.000000  0.537927  0
10.026667  0.537638  0
10.053333  0.537349  0
10.080000  0.537061  0
10.106667  0.536772  0
10.133333  0.536483  0
10.160000  0.536195  0
10.186667  0.535906  0
10.213333  0.535617  0
10.240000  0.535329  0
10.266667  0.535040  0
10.293333  0.534751  0
10.320000  0.534462  0
10.346667  0.534174  0
10.373333  0.533885  0
10.400000  0.533596  0
10.426667  0.533308  0
10.453333  0.533019  0
10.480000  0.532730  0
10.506667  0.532442  0
10.533333  0.532153  0
10.560000  0.531864  0
10.586667  0.531576  0
10.613333  0.531287  0
10.640000  0.530998  0
10.666667  0.530709  0
10.693333  0.530421  0
10.720000  0.530132  0
10.746667  0.529843  0
10.773333  0.529555  0
10.800000  0.529266  0
10.826667  0.528977  0
10.853333  0.528689  0
10.880000  0.528400  0
10.906667  0.528111  0
10.933333  0.527823  0
10.960000  0.527534  0
10.986667  0.527245  0
11.013333  0.526956  0
11.040000  0.526668  0
11.066667  0.526379  0
11.093333  0.526090  0
11.120000  0.525802  0
11.146667  0.525513  0
11.173333  0.525224  0
11.200000  0.524936  0
22.160000  0.641678  1
22.186667  0.641530  1
22.213333  0.641382  1
22.240000  0.641234  1
22.266667  0.641086  1
22.293333  0.640938  1
22.320000  0.640790  1
22.346667  0.640642  1
22.373333  0.640494  1
22.400000  0.640346  1
22.426667  0.640199  1
22.453333  0.640051  1
22.480000  0.639903  1
22.506667  0.639755  1
22.533333  0.639607  1
22.560000  0.639459  1
22.586667  0.639311  1
22.613333  0.639163  1
22.640000  0.639015  1
22.666667  0.638867  1
22.693333  0.638719  1
22.720000  0.638571  1
22.746667  0.638423  1
22.773333  0.638275  1
22.800000  0.638127  1
22.826667  0.637979  1
22.853333  0.637831  1
22.880000  0.637683  1
22.906667  0.637535  1
22.933333  0.637387  1
22.960000  0.637239  1
22.986667  0.637091  1
23.013333  0.636944  1
23.040000  0.636796  1
23.066667  0.636648  1
23.093333  0.636500  1
23.120000  0.636352  1
23.146667  0.636204  1
23.173333  0.636056  1
23.200000  0.635908  1
23.226667  0.635760  1
23.253333  0.635612  1
23.280000  0.635464  1
23.306667  0.635316  1
23.333333  0.635168  1
23.360000  0.635020  1
23.386667  0.634872  1
23.413333  0.634724  1
23.440000  0.634576  1
23.466667  0.634428  1
23.493333  0.634280  1
23.520000  0.634132  1
23.546667  0.633984  1
23.573333  0.633836  1
23.600000  0.633688  1
23.626667  0.633541  1
23.653333  0.633393  1
23.680000  0.633245  1
23.706667  0.633097  1
23.733333  0.632949  1
23.760000  0.632801  1
23.786667  0.632653  1
23.813333  0.632505  1
23.840000  0.632357  1
23.866667  0.632209  1
23.893333  0.632061  1
23.920000  0.631913  1
23.946667  0.631765  1
23.973333  0.631617  1
24.000000  0.631469  1
24.026667  0.631321  1
24.053333  0.631173  1
24.080000  0.631025  1
24.106667  0.630877  1
24.133333  0.630729  1
24.160000  0.630581  1
24.186667  0.630433  1
24.213333  0.630285  1
24.240000  0.630138  1
24.266667  0.629990  1
24.293333  0.629842  1
24.320000  0.629694  1
24.346667  0.629546  1
24.373333  0.629398  1
24.400000  0.629250  1
24.426667  0.629102  1
24.453333  0.628954  1
24.480000  0.628806  1
24.506667  0.628658  1
24.533333  0.628510  1
24.560000  0.628362  1
24.586667  0.628214  1
24.613333  0.628066  1
24.640000  0.627918  1
24.666667  0.627770  1
24.693333  0.627622  1
24.720000  0.627474  1
24.746667  0.627326  1
24.773333  0.627178  1
24.800000  0.627030  1
24.826667  0.626883  1
24.853333  0.626735  1
24.880000  0.626587  1
24.906667  0.626439  1
24.933333  0.626291  1
24.960000  0.626143  1
24.986667  0.625995  1
25.013333  0.625847  1
25.040000  0.625699  1
25.066667  0.625551  1
25.093333  0.625403  1
25.120000  0.625255  1
25.146667  0.625107  1
25.173333  0.624959  1
25.200000  0.624811  1
25.226667  0.624663  1
25.253333  0.624515  1
25.280000  0.624367  1
25.306667  0.624219  1
25.333333  0.624071  1
25.360000  0.623923  1
25.386667  0.623775  1
25.413333  0.623627  1
25.440000  0.623480  1
25.466667  0.623332  1
25.493333  0.623184  1
25.520000  0.623036  1
25.546667  0.622888  1
25.573333  0.622740  1
25.600000  0.622592  1
25.626667  0.622444  1
25.653333  0.622296  1
25.680000  0.622148  1
25.706667  0.622000  1
25.733333  0.621852  1
25.760000  0.621704  1
25.786667  0.621556  1
25.813333  0.621408  1
25.840000  0.621260  1
25.866667  0.621112  1
25.893333  0.620964  1
25.920000  0.620816  1
25.946667  0.620668  1
25.973333  0.620520  1
26.000000  0.620372  1
26.026667  0.620224  1
26.053333  0.620077  1
26.080000  0.619929  1
26.106667  0.619781  1
26.133333  0.619633  1
26.160000  0.619485  1
26.186667  0.619337  1
26.213333  0.619189  1
26.240000  0.619041  1
26.266667  0.618893  1
26.293333  0.618745  1
26.320000  0.618597  1
26.346667  0.618449  1
26.373333  0.618301  1
26.400000  0.618153  1
26.426667  0.618005  1
26.453333  0.617857  1
26.480000  0.617709  1
26.506667  0.617561  1
26.533333  0.617413  1
26.560000  0.617265  1
26.586667  0.617117  1
26.613333  0.616969  1
26.640000  0.616822  1
26.666667  0.616674  1
26.693333  0.616526  1
26.720000  0.616378  1
26.746667  0.616230  1
26.773333  0.616082  1
26.800000  0.615934  1
26.826667  0.615786  1
26.853333  0.615638  1
26.880000  0.615490  1
26.906667  0.615342  1
26.933333  0.615194  1
26.960000  0.615046  1
26.986667  0.614898  1
27.013333  0.614750  1
27.040000  0.614602  1
27.066667  0.614454  1
27.093333  0.614306  1
27.120000  0.614158  1
27.146667  0.614010  1
27.173333  0.613862  1
27.200000  0.613714  1
27.226667  0.613566  1
