2.693333  0.929711  0
2.720000  0.927894  0
2.746667  0.926076  0
2.773333  0.924258  0
2.800000  0.922441  0
2.826667  0.920623  0
2.853333  0.918805  0
2.880000  0.916987  0
2.906667  0.915170  0
2.933333  0.913352  0
2.960000  0.911534  0
2.986667  0.909717  0
3.013333  0.907899  0
3.040000  0.906081  0
3.066667  0.904263  0
3.093333  0.902446  0
3.120000  0.900628  0
3.146667  0.898810  0
3.173333  0.896993  0
3.200000  0.895175  0
3.226667  0.893357  0
3.253333  0.891539  0
3.280000  0.889722  0
3.306667  0.887904  0
3.333333  0.886086  0
3.360000  0.884268  0
3.386667  0.882451  0
3.413333  0.880633  0
3.440000  0.878815  0
3.466667  0.876998  0
3.493333  0.875180  0
3.520000  0.873362  0
3.546667  0.871544  0
3.573333  0.869727  0
3.600000  0.867909  0
3.626667  0.866091  0
3.653333  0.864274  0
3.680000  0.862456  0
3.706667  0.860638  0
3.733333  0.858820  0
3.760000  0.857003  0
3.786667  0.855295  0
3.813333  0.853799  0
3.840000  0.852304  0
3.866667  0.850808  0
3.893333  0.849313  0
3.920000  0.847817  0
3.946667  0.846322  0
3.973333  0.844827  0
4.000000  0.843331  0
4.026667  0.841836  0
4.053333  0.840340  0
4.080000  0.838845  0
4.106667  0.837349  0
4.133333  0.835854  0
4.160000  0.834358  0
4.186667  0.832863  0
4.213333  0.831367  0
4.240000  0.829872  0
4.266667  0.828376  0
4.293333  0.826881  0
4.320000  0.825385  0
4.346667  0.823890  0
4.373333  0.822395  0
4.400000  0.820899  0
4.426667  0.819404  0
4.453333  0.817908  0
4.480000  0.816413  0
4.506667  0.814917  0
4.533333  0.813422  0
4.560000  0.811926  0
4.586667  0.810431  0
4.613333  0.808935  0
4.640000  0.807440  0
4.666667  0.805944  0
4.693333  0.804449  0
4.720000  0.802954  0
4.746667  0.801458  0
4.773333  0.799963  0
4.800000  0.798467  0
4.826667  0.796972  0
4.853333  0.795476  0
4.880000  0.793981  0
4.906667  0.792485  0
4.933333  0.790990  0
4.960000  0.789494  0
4.986667  0.787999  0
5.013333  0.786503  0
5.040000  0.785008  0
5.066667  0.783512  0
5.093333  0.781956  0
5.120000  0.780377  0
5.146667  0.778799  0
5.173333  0.777220  0
5.200000  0.775642  0
5.226667  0.774063  0
5.253333  0.772485  0
5.280000  0.770906  0
5.306667  0.769328  0
5.333333  0.767749  0
5.360000  0.766170  0
5.386667  0.764592  0
5.413333  0.763013  0
5.440000  0.761435  0
5.466667  0.759856  0
5.493333  0.758278  0
5.520000  0.756699  0
5.546667  0.755121  0
5.573333  0.753542  0
5.600000  0.751964  0
5.626667  0.750385  0
5.653333  0.748806  0
5.680000  0.747228  0
5.706667  0.745649  0
5.733333  0.744071  0
5.760000  0.742492  0
5.786667  0.740914  0
5.813333  0.739335  0
5.840000  0.737757  0
5.866667  0.736178  0
5.893333  0.734600  0
5.920000  0.733021  0
5.946667  0.731442  0
5.973333  0.729864  0
6.000000  0.728285  0
6.026667  0.726707  0
6.053333  0.725128  0
6.080000  0.723550  0
6.106667  0.721971  0
6.133333  0.720393  0
6.160000  0.718814  0
6.186667  0.717235  0
6.213333  0.715657  0
6.240000  0.714078  0
6.266667  0.712500  0
6.293333  0.710921  0
6.320000  0.709343  0
6.346667  0.707764  0
6.373333  0.706186  0
6.400000  0.704607  0
6.426667  0.703029  0
6.453333  0.701450  0
6.480000  0.699871  0
6.506667  0.698302  0
6.533333  0.697400  0
6.560000  0.696498  0
6.586667  0.695596  0
6.613333  0.694694  0
6.640000  0.693792  0
6.666667  0.692890  0
6.693333  0.691988  0
6.720000  0.691086  0
6.746667  0.690184  0
6.773333  0.689282  0
6.800000  0.688380  0
6.826667  0.687478  0
6.853333  0.686576  0
6.880000  0.685674  0
6.906667  0.684772  0
6.933333  0.683870  0
6.960000  0.682968  0
6.986667  0.682066  0
7.013333  0.681164  0
7.040000  0.680262  0
7.066667  0.679360  0
7.093333  0.678458  0
7.120000  0.677556  0
7.146667  0.676654  0
7.173333  0.675752  0
7.200000  0.674849  0
7.226667  0.673947  0
7.253333  0.673045  0
7.280000  0.672143  0
7.306667  0.671241  0
7.333333  0.670339  0
7.360000  0.669437  0
7.386667  0.668535  0
7.413333  0.667633  0
7.440000  0.666731  0
7.466667  0.665829  0
7.493333  0.664927  0
7.520000  0.664025  0
7.546667  0.663123  0
7.573333  0.662221  0
7.600000  0.661319  0
7.626667  0.660417  0
7.653333  0.659515  0
7.680000  0.658613  0
7.706667  0.657785  0
7.733333  0.657187  0
7.760000  0.656588  0
7.786667  0.655989  0
7.813333  0.655390  0
7.840000  0.654792  0
7.866667  0.654193  0
7.893333  0.653594  0
7.920000  0.652995  0
7.946667  0.652397  0
7.973333  0.651798  0
8.000000  0.651199  0
8.026667  0.650600  0
8.053333  0.650002  0
8.080000  0.649403  0
8.106667  0.648804  0
8.133333  0.648205  0
8.160000  0.647607  0
8.186667  0.647008  0
8.213333  0.646409  0
8.240000  0.645810  0
8.266667  0.645211  0
8.293333  0.644613  0
8.320000  0.644014  0
8.346667  0.643415  0
8.373333  0.642816  0
8.400000  0.642218  0
8.426667  0.641619  0
8.453333  0.641020  0
8.480000  0.640421  0
8.506667  0.639823  0
8.533333  0.639224  0
8.560000  0.638625  0
8.586667  0.638026  0
8.613333  0.637428  0
8.640000  0.636829  0
8.666667  0.636230  0
8.693333  0.635631  0
8.720000  0.635033  0
8.746667  0.634434  0
8.773333  0.633835  0
8.800000  0.633236  0
8.826667  0.632638  0
8.853333  0.632039  0
8.880000  0.631440  0
8.906667  0.630841  0
8.933333  0.630243  0
8.960000  0.629644  0
8.986667  0.629045  0
9.013333  0.628446  0
9.040000  0.627847  0
9.066667  0.627249  0
9.093333  0.626650  0
9.120000  0.626051  0
9.146667  0.625452  0
9.173333  0.624854  0
9.200000  0.624255  0
9.226667  0.623656  0
9.253333  0.623057  0
9.280000  0.622459  0
9.306667  0.621860  0
9.333333  0.621261  0
9.360000  0.620662  0
9.386667  0.620064  0
9.413333  0.619465  0
9.440000  0.618866  0
9.466667  0.618267  0
9.493333  0.617669  0
9.520000  0.617070  0
9.546667  0.616471  0
9.573333  0.615872  0
9.600000  0.615274  0
9.626667  0.614675  0
9.653333  0.614076  0
9.680000  0.613481  0
9.706667  0.612946  0
9.733333  0.612411  0
9.760000  0.611876  0
9.786667  0.611341  0
9.813333  0.610805  0
9.840000  0.610270  0
9.866667  0.609735  0
9.893333  0.609200  0
9.920000  0.608665  0
9.946667  0.608130  0
9.973333  0.607595  0
10.000000  0.607060  0
10.026667  0.606525  0
10.053333  0.605990  0
10.080000  0.605454  0
10.106667  0.604919  0
10.133333  0.604384  0
10.160000  0.603849  0
10.186667  0.603314  0
10.213333  0.602779  0
10.240000  0.602244  0
10.266667  0.601709  0
10.293333  0.601174  0
10.320000  0.600639  0
10.346667  0.600103  0
10.373333  0.599568  0
10.400000  0.599033  0
10.426667  0.598498  0
10.453333  0.597963  0
10.480000  0.597428  0
10.506667  0.596893  0
10.533333  0.596358  0
10.560000  0.595823  0
10.586667  0.595288  0
10.613333  0.594752  0
10.640000  0.594217  0
10.666667  0.593682  0
10.693333  0.593147  0
10.720000  0.592612  0
10.746667  0.592077  0
10.773333  0.591542  0
10.800000  0.591007  0
10.826667  0.590472  0
10.853333  0.589937  0
10.880000  0.589401  0
10.906667  0.588866  0
10.933333  0.588331  0
10.960000  0.587796  0
10.986667  0.587261  0
11.013333  0.586726  0
11.040000  0.586191  0
11.066667  0.585656  0
11.093333  0.585121  0
11.120000  0.584586  0
11.146667  0.584050  0
11.173333  0.583515  0
11.200000  0.582980  0
11.226667  0.582445  0
11.253333  0.581910  0
11.280000  0.581375  0
11.306667  0.580840  0
11.333333  0.580305  0
11.360000  0.579770  0
11.386667  0.579235  0
11.413333  0.578699  0
11.440000  0.578164  0
11.466667  0.577629  0
11.493333  0.577094  0
11.520000  0.576559  0
11.546667  0.576024  0
11.573333  0.575489  0
11.600000  0.574954  0
11.626667  0.574419  0
11.653333  0.573884  0
11.680000  0.573348  0
11.706667  0.573011  0
11.733333  0.572811  0
11.760000  0.572611  0
11.786667  0.572410  0
11.813333  0.572210  0
11.840000  0.572009  0
11.866667  0.571809  0
11.893333  0.571608  0
11.920000  0.571408  0
11.946667  0.571207  0
11.973333  0.571007  0
12.000000  0.570807  0
12.026667  0.570606  0
12.053333  0.570406  0
12.080000  0.570205  0
12.106667  0.570005  0
12.133333  0.569804  0
12.160000  0.569604  0
12.186667  0.569403  0
12.213333  0.569203  0
12.240000  0.569002  0
12.266667  0.568802  0
12.293333  0.568602  0
12.320000  0.568401  0
12.346667  0.568201  0
12.373333  0.568000  0
12.400000  0.567800  0
12.426667  0.567599  0
12.453333  0.567399  0
12.480000  0.567198  0
12.506667  0.566998  0
12.533333  0.566798  0
12.560000  0.566597  0
12.586667  0.566397  0
12.613333  0.566196  0
12.640000  0.565996  0
12.666667  0.565795  0
12.693333  0.565595  0
12.720000  0.565394  0
12.746667  0.565194  0
12.773333  0.564993  0
12.800000  0.564793  0
12.826667  0.564593  0
12.853333  0.564392  0
12.880000  0.564192  0
12.906667  0.563991  0
12.933333  0.563791  0
12.960000  0.563590  0
12.986667  0.563390  0
13.013333  0.563189  0
13.040000  0.562989  0
13.066667  0.562788  0
13.093333  0.562588  0
13.120000  0.562388  0
13.146667  0.562187  0
13.173333  0.561987  0
13.200000  0.561786  0
13.226667  0.561586  0
13.253333  0.561385  0
13.280000  0.561185  0
13.306667  0.560984  0
13.333333  0.560784  0
13.360000  0.560584  0
13.386667  0.560383  0
13.413333  0.560183  0
13.440000  0.559982  0
13.466667  0.559782  0
13.493333  0.559581  0
13.520000  0.559381  0
13.546667  0.559180  0
13.573333  0.558980  0
13.600000  0.558779  0
13.626667  0.558579  0
13.653333  0.558379  0
13.680000  0.558178  0
13.706667  0.557978  0
13.733333  0.557777  0
13.760000  0.557577  0
13.786667  0.557376  0
14.240000  0.786935  1
14.266667  0.786497  1
14.293333  0.786059  1
14.320000  0.785620  1
14.346667  0.785182  1
14.373333  0.784743  1
14.400000  0.784305  1
14.426667  0.783867  1
14.453333  0.783428  1
14.480000  0.782990  1
14.506667  0.782551  1
14.533333  0.782113  1
14.560000  0.781675  1
14.586667  0.781236  1
14.613333  0.780798  1
14.640000  0.780360  1
14.666667  0.779921  1
14.693333  0.779483  1
14.720000  0.779044  1
14.746667  0.778606  1
14.773333  0.778168  1
14.800000  0.777729  1
14.826667  0.777291  1
14.853333  0.776852  1
14.880000  0.776414  1
14.906667  0.775976  1
14.933333  0.775537  1
14.960000  0.775099  1
14.986667  0.774661  1
15.013333  0.774222  1
15.040000  0.773784  1
15.066667  0.773345  1
15.093333  0.772907  1
15.120000  0.772469  1
15.146667  0.772030  1
15.173333  0.771592  1
15.200000  0.771153  1
15.226667  0.770715  1
15.253333  0.770277  1
15.280000  0.769838  1
15.306667  0.769400  1
15.333333  0.768961  1
15.360000  0.768523  1
15.386667  0.768085  1
15.413333  0.767646  1
15.440000  0.767208  1
15.466667  0.766770  1
15.493333  0.766331  1
15.520000  0.765893  1
15.546667  0.765454  1
15.573333  0.765016  1
15.600000  0.764578  1
15.626667  0.764139  1
15.653333  0.763701  1
15.680000  0.763262  1
15.706667  0.762824  1
15.733333  0.762386  1
15.760000  0.761947  1
15.786667  0.761509  1
15.813333  0.761070  1
15.840000  0.760632  1
15.866667  0.760194  1
15.893333  0.759755  1
15.920000  0.759317  1
15.946667  0.758879  1
15.973333  0.758440  1
16.000000  0.758002  1
16.026667  0.757563  1
16.053333  0.757125  1
16.080000  0.756687  1
16.106667  0.756248  1
16.133333  0.755810  1
16.160000  0.755371  1
16.186667  0.754933  1
16.213333  0.754495  1
16.240000  0.754056  1
16.266667  0.753618  1
16.293333  0.753180  1
16.320000  0.752741  1
16.346667  0.752303  1
16.373333  0.751864  1
16.400000  0.751426  1
16.426667  0.750988  1
16.453333  0.750549  1
16.480000  0.750111  1
16.506667  0.749672  1
16.533333  0.749234  1
16.560000  0.748796  1
16.586667  0.748357  1
16.613333  0.747919  1
16.640000  0.747480  1
16.666667  0.747042  1
21.333333  0.786998  2
21.360000  0.786597  2
21.386667  0.786196  2
21.413333  0.785794  2
21.440000  0.785393  2
21.466667  0.784992  2
21.493333  0.784591  2
21.520000  0.784189  2
21.546667  0.783788  2
21.573333  0.783387  2
21.600000  0.782986  2
21.626667  0.782584  2
21.653333  0.782183  2
21.680000  0.781782  2
21.706667  0.781381  2
21.733333  0.780979  2
21.760000  0.780578  2
21.786667  0.780177  2
21.813333  0.779776  2
21.840000  0.779375  2
21.866667  0.778973  2
21.893333  0.778572  2
21.920000  0.778171  2
21.946667  0.777770  2
21.973333  0.777368  2
22.000000  0.776967  2
22.026667  0.776566  2
22.053333  0.776165  2
22.080000  0.775763  2
22.106667  0.775362  2
22.133333  0.774961  2
22.160000  0.774560  2
22.186667  0.774158  2
22.213333  0.773757  2
22.240000  0.773356  2
22.266667  0.772955  2
22.293333  0.772554  2
22.320000  0.772152  2
22.346667  0.771751  2
22.373333  0.771350  2
22.400000  0.770949  2
22.426667  0.770547  2
22.453333  0.770146  2
22.480000  0.769745  2
22.506667  0.769344  2
22.533333  0.768942  2
22.560000  0.768541  2
22.586667  0.768140  2
22.613333  0.767739  2
22.640000  0.767337  2
22.666667  0.766936  2
22.693333  0.766535  2
22.720000  0.766134  2
22.746667  0.765733  2
22.773333  0.765331  2
22.800000  0.764930  2
22.826667  0.764529  2
22.853333  0.764128  2
22.880000  0.763726  2
22.906667  0.763325  2
22.933333  0.762924  2
22.960000  0.762523  2
22.986667  0.762121  2
23.013333  0.761720  2
23.040000  0.761319  2
23.066667  0.760918  2
23.093333  0.760516  2
23.120000  0.760115  2
23.146667  0.759714  2
23.173333  0.759313  2
23.200000  0.758912  2
23.226667  0.758510  2
23.253333  0.758109  2
23.280000  0.757708  2
23.306667  0.757307  2
23.333333  0.756905  2
23.360000  0.756504  2
23.386667  0.756103  2
23.413333  0.755702  2
23.440000  0.755300  2
23.466667  0.754899  2
23.493333  0.754498  2
23.520000  0.754097  2
23.546667  0.753695  2
23.573333  0.753294  2
23.600000  0.752893  2
23.626667  0.752492  2
23.653333  0.752090  2
23.680000  0.751689  2
23.706667  0.751288  2
23.733333  0.750887  2
23.760000  0.750486  2
23.786667  0.750084  2
23.813333  0.749683  2
23.840000  0.749282  2
23.866667  0.748881  2
23.893333  0.748479  2
23.920000  0.748078  2
23.946667  0.747677  2
23.973333  0.747276  2
24.000000  0.746874  2
