3.200000  0.846457  0
3.226667  0.844867  0
3.253333  0.842543  0
3.280000  0.840074  0
3.306667  0.837594  0
3.333333  0.835113  0
3.360000  0.832633  0
3.386667  0.830152  0
3.413333  0.827672  0
3.440000  0.825191  0
3.466667  0.822711  0
3.493333  0.820230  0
3.520000  0.817749  0
3.546667  0.815269  0
3.573333  0.812788  0
3.600000  0.810308  0
3.626667  0.807827  0
3.653333  0.805347  0
3.680000  0.802866  0
3.706667  0.800385  0
3.733333  0.797905  0
3.760000  0.795424  0
3.786667  0.792944  0
3.813333  0.790463  0
3.840000  0.787983  0
3.866667  0.785502  0
3.893333  0.783021  0
3.920000  0.780541  0
3.946667  0.778060  0
3.973333  0.775580  0
4.000000  0.773099  0
4.026667  0.770619  0
4.053333  0.768138  0
4.080000  0.765658  0
4.106667  0.763188  0
4.133333  0.760772  0
4.160000  0.758507  0
4.186667  0.756429  0
4.213333  0.754451  0
4.240000  0.752495  0
4.266667  0.750541  0
4.293333  0.748586  0
4.320000  0.746632  0
4.346667  0.744678  0
4.373333  0.742723  0
4.400000  0.740769  0
4.426667  0.738814  0
4.453333  0.736860  0
4.480000  0.734906  0
4.506667  0.732951  0
4.533333  0.730997  0
4.560000  0.729042  0
4.586667  0.727088  0
4.613333  0.725134  0
4.640000  0.723179  0
4.666667  0.721225  0
4.693333  0.719270  0
4.720000  0.717316  0
4.746667  0.715362  0
4.773333  0.713407  0
4.800000  0.711453  0
4.826667  0.709498  0
4.853333  0.707544  0
4.880000  0.705590  0
4.906667  0.703635  0
4.933333  0.701681  0
4.960000  0.699727  0
4.986667  0.697772  0
5.013333  0.695818  0
5.040000  0.693863  0
5.066667  0.691909  0
5.093333  0.689955  0
5.120000  0.688000  0
5.146667  0.686046  0
5.173333  0.684091  0
5.200000  0.682137  0
5.226667  0.680183  0
5.253333  0.678228  0
5.280000  0.676274  0
5.306667  0.674319  0
5.333333  0.672365  0
5.360000  0.670411  0
5.386667  0.668456  0
5.413333  0.666502  0
5.440000  0.664547  0
5.466667  0.662593  0
5.493333  0.660639  0
5.520000  0.658686  0
5.546667  0.656753  0
5.573333  0.654920  0
5.600000  0.653295  0
5.626667  0.651869  0
5.653333  0.650530  0
5.680000  0.649209  0
5.706667  0.647888  0
5.733333  0.646568  0
5.760000  0.645248  0
5.786667  0.643928  0
5.813333  0.642607  0
5.840000  0.641287  0
5.866667  0.639967  0
5.893333  0.638647  0
5.920000  0.637326  0
5.946667  0.636006  0
5.973333  0.634686  0
6.000000  0.633366  0
6.026667  0.632046  0
6.053333  0.630725  0
6.080000  0.629405  0
6.106667  0.628085  0
6.133333  0.626765  0
6.160000  0.625444  0
6.186667  0.624124  0
6.213333  0.622804  0
6.240000  0.621484  0
6.266667  0.620163  0
6.293333  0.618843  0
6.320000  0.617523  0
6.346667  0.616203  0
6.373333  0.614882  0
6.400000  0.613562  0
6.426667  0.612242  0
6.453333  0.610922  0
6.480000  0.609601  0
6.506667  0.608281  0
6.533333  0.606961  0
6.560000  0.605641  0
6.586667  0.604320  0
6.613333  0.603000  0
6.640000  0.601680  0
6.666667  0.600360  0
6.693333  0.599040  0
6.720000  0.597719  0
6.746667  0.596399  0
6.773333  0.595079  0
6.800000  0.593759  0
6.826667  0.592438  0
6.853333  0.591118  0
6.880000  0.589798  0
6.906667  0.588478  0
6.933333  0.587157  0
6.960000  0.585837  0
6.986667  0.584517  0
7.013333  0.583197  0
7.040000  0.581876  0
7.066667  0.580556  0
7.093333  0.579236  0
7.120000  0.577916  0
7.146667  0.576595  0
7.173333  0.575275  0
7.200000  0.573955  0
7.226667  0.572635  0
7.253333  0.571315  0
7.280000  0.569994  0
7.306667  0.568674  0
7.333333  0.567354  0
7.360000  0.566034  0
7.386667  0.564714  0
7.413333  0.563405  0
7.440000  0.562161  0
7.466667  0.561113  0
7.493333  0.560328  0
7.520000  0.559689  0
7.546667  0.559082  0
7.573333  0.558477  0
7.600000  0.557872  0
7.626667  0.557268  0
7.653333  0.556663  0
7.680000  0.556059  0
7.706667  0.555454  0
7.733333  0.554850  0
7.760000  0.554245  0
7.786667  0.553641  0
7.813333  0.553036  0
7.840000  0.552431  0
7.866667  0.551827  0
7.893333  0.551222  0
7.920000  0.550618  0
7.946667  0.550013  0
7.973333  0.549409  0
8.000000  0.548804  0
8.026667  0.548200  0
8.053333  0.547595  0
8.080000  0.546990  0
8.106667  0.546386  0
8.133333  0.545781  0
8.160000  0.545177  0
8.186667  0.544572  0
8.213333  0.543968  0
8.240000  0.543363  0
8.266667  0.542759  0
8.293333  0.542154  0
8.320000  0.541550  0
8.346667  0.540945  0
8.373333  0.540340  0
8.400000  0.539736  0
8.426667  0.539131  0
8.453333  0.538527  0
8.480000  0.537922  0
8.506667  0.537318  0
8.533333  0.536713  0
8.560000  0.536109  0
8.586667  0.535504  0
8.613333  0.534899  0
8.640000  0.534295  0
8.666667  0.533690  0
8.693333  0.533086  0
8.720000  0.532481  0
8.746667  0.531877  0
8.773333  0.531272  0
8.800000  0.530668  0
8.826667  0.530063  0
8.853333  0.529459  0
8.880000  0.528854  0
8.906667  0.528249  0
8.933333  0.527645  0
8.960000  0.527040  0
8.986667  0.526436  0
9.013333  0.525835  0
9.040000  0.525258  0
9.066667  0.524774  0
9.093333  0.524430  0
9.120000  0.524168  0
9.146667  0.523923  0
9.173333  0.523680  0
9.200000  0.523438  0
9.226667  0.523195  0
9.253333  0.522952  0
9.280000  0.522709  0
9.306667  0.522466  0
9.333333  0.522223  0
9.360000  0.521980  0
9.386667  0.521738  0
9.413333  0.521495  0
9.440000  0.521252  0
9.466667  0.521009  0
9.493333  0.520766  0
9.520000  0.520523  0
9.546667  0.520280  0
9.573333  0.520038  0
9.600000  0.519795  0
9.626667  0.519552  0
9.653333  0.519309  0
9.680000  0.519066  0
9.706667  0.518823  0
9.733333  0.518580  0
9.760000  0.518338  0
9.786667  0.518095  0
9.813333  0.517852  0
9.840000  0.517609  0
9.866667  0.517366  0
9.893333  0.517123  0
9.920000  0.516880  0
9.946667  0.516638  0
9.973333  0.516395  0
10.000000  0.516152  0
10.026667  0.515909  0
10.053333  0.515666  0
10.080000  0.515423  0
10.106667  0.515180  0
10.133333  0.514938  0
10.160000  0.514695  0
10.186667  0.514452  0
10.213333  0.514209  0
10.240000  0.513966  0
10.266667  0.513723  0
10.293333  0.513481  0
10.320000  0.513238  0
10.346667  0.512995  0
10.373333  0.512752  0
10.400000  0.512509  0
10.426667  0.512266  0
10.453333  0.512023  0
10.480000  0.511781  0
10.506667  0.511538  0
10.533333  0.511295  0
10.560000  0.511052  0
10.586667  0.510809  0
10.613333  0.510566  0
10.640000  0.510323  0
10.666667  0.510081  0
10.693333  0.509838  0
10.720000  0.509595  0
10.746667  0.509352  0
10.773333  0.509109  0
10.800000  0.508866  0
10.826667  0.508623  0
10.853333  0.508381  0
10.880000  0.508138  0
10.906667  0.507895  0
10.933333  0.507652  0
10.960000  0.507409  0
10.986667  0.507166  0
11.013333  0.506923  0
11.040000  0.506681  0
11.066667  0.506438  0
11.093333  0.506195  0
11.120000  0.505952  0
11.146667  0.505709  0
11.173333  0.505466  0
11.200000  0.505224  0
11.226667  0.504981  0
11.253333  0.504737  0
11.280000  0.504488  0
11.306667  0.504231  0
11.333333  0.503970  0
11.360000  0.503707  0
11.386667  0.503444  0
11.413333  0.503181  0
11.440000  0.502918  0
11.466667  0.502655  0
11.493333  0.502391  0
11.520000  0.502128  0
11.546667  0.501865  0
11.573333  0.501602  0
11.600000  0.501339  0
11.626667  0.501076  0
11.653333  0.500813  0
11.680000  0.500550  0
11.706667  0.500287  0
11.733333  0.500024  0
11.760000  0.499761  0
11.786667  0.499497  0
11.813333  0.499234  0
11.840000  0.498971  0
11.866667  0.498708  0
11.893333  0.498445  0
11.920000  0.498182  0
11.946667  0.497919  0
11.973333  0.497656  0
12.000000  0.497393  0
12.026667  0.497130  0
12.053333  0.496867  0
12.080000  0.496603  0
12.106667  0.496340  0
12.133333  0.496077  0
12.160000  0.495814  0
12.186667  0.495551  0
12.213333  0.495288  0
12.240000  0.495025  0
12.266667  0.494762  0
12.293333  0.494499  0
12.320000  0.494236  0
12.346667  0.493973  0
12.373333  0.493709  0
12.400000  0.493446  0
12.426667  0.493183  0
12.453333  0.492920  0
12.480000  0.492657  0
12.506667  0.492394  0
12.533333  0.492131  0
12.560000  0.491868  0
12.586667  0.491605  0
12.613333  0.491342  0
12.640000  0.491078  0
12.666667  0.490815  0
12.693333  0.490552  0
12.720000  0.490289  0
12.746667  0.490026  0
12.773333  0.489763  0
12.800000  0.489500  0
12.826667  0.489237  0
12.853333  0.488974  0
12.880000  0.488711  0
12.906667  0.488448  0
12.933333  0.488184  0
12.960000  0.487921  0
12.986667  0.487658  0
13.013333  0.487395  0
13.040000  0.487132  0
13.066667  0.486869  0
13.093333  0.486606  0
13.120000  0.486343  0
13.146667  0.486080  0
13.173333  0.485817  0
13.200000  0.485554  0
13.226667  0.485290  0
13.253333  0.485027  0
13.280000  0.484764  0
13.306667  0.484501  0
13.333333  0.484238  0
13.360000  0.483975  0
13.386667  0.483712  0
13.413333  0.483449  0
13.440000  0.483186  0
13.466667  0.482923  0
13.493333  0.482660  0
13.520000  0.482396  0
13.546667  0.482133  0
13.573333  0.481870  0
13.600000  0.481607  0
13.626667  0.481344  0
13.653333  0.481081  0
13.680000  0.480819  0
13.706667  0.480565  0
13.733333  0.480348  0
13.760000  0.480199  0
13.786667  0.480098  0
13.813333  0.480011  0
13.840000  0.479926  0
13.866667  0.479842  0
13.893333  0.479757  0
13.920000  0.479672  0
13.946667  0.479588  0
13.973333  0.479503  0
14.000000  0.479419  0
14.026667  0.479334  0
14.053333  0.479250  0
14.080000  0.479165  0
14.106667  0.479080  0
14.133333  0.478996  0
14.160000  0.478911  0
14.186667  0.478827  0
14.213333  0.478742  0
14.240000  0.478658  0
14.266667  0.478573  0
14.293333  0.478489  0
14.320000  0.478404  0
14.346667  0.478319  0
14.373333  0.478235  0
14.400000  0.478150  0
14.426667  0.478066  0
14.453333  0.477981  0
14.480000  0.477897  0
14.506667  0.477812  0
14.533333  0.477727  0
14.560000  0.477643  0
14.586667  0.477558  0
14.613333  0.477474  0
14.640000  0.477389  0
14.666667  0.477305  0
14.693333  0.477220  0
14.720000  0.477135  0
14.746667  0.477051  0
14.773333  0.476966  0
14.800000  0.476882  0
14.826667  0.476797  0
14.853333  0.476713  0
14.880000  0.476628  0
14.906667  0.476544  0
14.933333  0.476459  0
14.960000  0.476374  0
14.986667  0.476290  0
15.013333  0.476205  0
15.040000  0.476121  0
15.066667  0.476036  0
15.093333  0.475952  0
15.120000  0.475867  0
15.146667  0.475782  0
15.173333  0.475698  0
15.200000  0.475613  0
15.226667  0.475529  0
15.253333  0.475444  0
15.280000  0.475360  0
15.306667  0.475275  0
15.333333  0.475190  0
15.360000  0.475106  0
15.386667  0.475021  0
15.413333  0.474937  0
15.440000  0.474852  0
15.466667  0.474768  0
15.493333  0.474683  0
15.520000  0.474599  0
15.546667  0.474514  0
15.573333  0.474429  0
15.600000  0.474345  0
15.626667  0.474260  0
15.653333  0.474176  0
15.680000  0.474091  0
15.706667  0.474007  0
15.733333  0.473922  0
15.760000  0.473837  0
15.786667  0.473753  0
15.813333  0.473668  0
15.840000  0.473584  0
15.866667  0.473499  0
15.893333  0.473415  0
15.920000  0.473330  0
15.946667  0.473245  0
15.973333  0.473161  0
16.000000  0.473076  0
16.026667  0.472992  0
16.053333  0.472907  0
16.080000  0.472823  0
16.106667  0.472738  0
16.133333  0.472654  0
16.160000  0.472569  0
16.186667  0.472484  0
16.213333  0.472400  0
16.240000  0.472315  0
16.266667  0.472231  0
16.293333  0.472146  0
16.320000  0.472062  0
16.346667  0.471977  0
16.373333  0.471892  0
16.400000  0.471808  0
16.426667  0.471723  0
16.453333  0.471639  0
16.480000  0.471554  0
16.506667  0.471470  0
16.533333  0.471385  0
16.560000  0.471301  0
16.586667  0.471216  0
16.613333  0.471131  0
16.640000  0.471047  0
16.666667  0.470962  0
16.693333  0.470878  0
16.720000  0.470793  0
16.746667  0.470709  0
16.773333  0.470624  0
16.800000  0.470539  0
16.826667  0.470455  0
16.853333  0.470370  0
16.880000  0.470286  0
16.906667  0.470201  0
16.933333  0.470117  0
16.960000  0.470032  0
16.986667  0.469947  0
17.013333  0.469863  0
17.040000  0.469778  0
17.066667  0.469694  0
17.093333  0.469609  0
17.120000  0.469525  0
17.146667  0.469440  0
17.173333  0.469356  0
17.200000  0.469271  0
17.226667  0.469186  0
17.253333  0.469102  0
17.280000  0.469017  0
17.306667  0.468933  0
17.333333  0.468848  0
17.360000  0.468764  0
17.386667  0.468679  0
17.413333  0.468594  0
17.440000  0.468510  0
17.466667  0.468425  0
17.493333  0.468341  0
17.520000  0.468262  0
17.546667  0.468208  0
18.373333  0.633619  1
18.400000  0.633309  1
18.426667  0.632998  1
18.453333  0.632688  1
18.480000  0.632377  1
18.506667  0.632067  1
18.533333  0.631757  1
18.560000  0.631446  1
18.586667  0.631136  1
18.613333  0.630825  1
18.640000  0.630515  1
18.666667  0.630204  1
18.693333  0.629894  1
18.720000  0.629583  1
18.746667  0.629273  1
18.773333  0.628962  1
18.800000  0.628652  1
18.826667  0.628341  1
18.853333  0.628031  1
18.880000  0.627720  1
18.906667  0.627410  1
18.933333  0.627100  1
18.960000  0.626789  1
18.986667  0.626479  1
19.013333  0.626168  1
19.040000  0.625858  1
19.066667  0.625547  1
19.093333  0.625237  1
19.120000  0.624926  1
19.146667  0.624616  1
19.173333  0.624305  1
19.200000  0.623995  1
19.226667  0.623684  1
19.253333  0.623374  1
19.280000  0.623064  1
19.306667  0.622753  1
19.333333  0.622443  1
19.360000  0.622132  1
19.386667  0.621822  1
19.413333  0.621511  1
19.440000  0.621201  1
19.466667  0.620890  1
19.493333  0.620580  1
19.520000  0.620269  1
19.546667  0.619959  1
19.573333  0.619648  1
19.600000  0.619338  1
19.626667  0.619027  1
19.653333  0.618717  1
19.680000  0.618407  1
19.706667  0.618096  1
19.733333  0.617786  1
19.760000  0.617475  1
19.786667  0.617165  1
19.813333  0.616854  1
19.840000  0.616544  1
19.866667  0.616233  1
19.893333  0.615923  1
19.920000  0.615612  1
19.946667  0.615302  1
19.973333  0.614991  1
20.000000  0.614681  1
20.026667  0.614370  1
20.053333  0.614060  1
20.080000  0.613750  1
20.106667  0.613439  1
20.133333  0.613129  1
20.160000  0.612818  1
20.186667  0.612508  1
20.213333  0.612197  1
20.240000  0.611887  1
20.266667  0.611576  1
20.293333  0.611266  1
20.320000  0.610955  1
20.346667  0.610645  1
20.373333  0.610334  1
20.400000  0.610024  1
20.426667  0.609714  1
20.453333  0.609403  1
20.480000  0.609093  1
20.506667  0.608782  1
20.533333  0.608472  1
20.560000  0.608161  1
20.586667  0.607851  1
20.613333  0.607540  1
20.640000  0.607230  1
20.666667  0.606919  1
20.693333  0.606609  1
20.720000  0.606298  1
20.746667  0.605988  1
20.773333  0.605677  1
20.800000  0.605367  1
20.826667  0.605057  1
20.853333  0.604746  1
20.880000  0.604436  1
20.906667  0.604125  1
20.933333  0.603815  1
20.960000  0.603504  1
20.986667  0.603194  1
21.013333  0.602883  1
21.040000  0.602573  1
21.066667  0.602262  1
21.093333  0.601952  1
21.120000  0.601641  1
13.093333  0.799181  2
13.120000  0.798574  2
13.146667  0.797967  2
13.173333  0.797360  2
13.200000  0.796753  2
13.226667  0.796146  2
13.253333  0.795539  2
13.280000  0.794932  2
13.306667  0.794325  2
13.333333  0.793718  2
13.360000  0.793111  2
13.386667  0.792504  2
13.413333  0.791897  2
13.440000  0.791290  2
13.466667  0.790683  2
13.493333  0.790076  2
13.520000  0.789469  2
13.546667  0.788862  2
13.573333  0.788255  2
13.600000  0.787648  2
13.626667  0.787041  2
13.653333  0.786434  2
13.680000  0.785827  2
13.706667  0.785220  2
13.733333  0.784613  2
13.760000  0.784006  2
13.786667  0.783399  2
13.813333  0.782792  2
13.840000  0.782185  2
13.866667  0.781578  2
13.893333  0.780971  2
13.920000  0.780364  2
13.946667  0.779757  2
13.973333  0.779150  2
14.000000  0.778543  2
14.026667  0.777936  2
14.053333  0.777329  2
14.080000  0.776722  2
14.106667  0.776115  2
14.133333  0.775508  2
14.160000  0.774901  2
14.186667  0.774294  2
14.213333  0.773687  2
14.240000  0.773080  2
14.266667  0.772473  2
14.293333  0.771866  2
14.320000  0.771259  2
14.346667  0.770652  2
14.373333  0.770045  2
14.400000  0.769438  2
14.426667  0.768831  2
14.453333  0.768224  2
14.480000  0.767617  2
14.506667  0.767010  2
14.533333  0.766403  2
14.560000  0.765796  2
14.586667  0.765189  2
14.613333  0.764582  2
14.640000  0.763975  2
14.666667  0.763368  2
14.693333  0.762761  2
14.720000  0.762154  2
14.746667  0.761547  2
14.773333  0.760940  2
14.800000  0.760333  2
14.826667  0.759726  2
14.853333  0.759119  2
