4.080000  0.736195  0
4.106667  0.731933  0
4.133333  0.727671  0
4.160000  0.723408  0
4.186667  0.719146  0
4.213333  0.714884  0
4.240000  0.710622  0
4.266667  0.706360  0
4.293333  0.702098  0
4.320000  0.697836  0
4.346667  0.693574  0
4.373333  0.689312  0
4.400000  0.685050  0
4.426667  0.680788  0
4.453333  0.676526  0
4.480000  0.672264  0
4.506667  0.668945  0
4.533333  0.666649  0
4.560000  0.664353  0
4.586667  0.662057  0
4.613333  0.659761  0
4.640000  0.657465  0
4.666667  0.655169  0
4.693333  0.652873  0
4.720000  0.650577  0
4.746667  0.648280  0
4.773333  0.645984  0
4.800000  0.643688  0
4.826667  0.641392  0
4.853333  0.639096  0
4.880000  0.636800  0
4.906667  0.634504  0
4.933333  0.632208  0
4.960000  0.629912  0
4.986667  0.627616  0
5.013333  0.625320  0
5.040000  0.623024  0
5.066667  0.620728  0
5.093333  0.618432  0
5.120000  0.616136  0
5.146667  0.613839  0
5.173333  0.611543  0
5.200000  0.609247  0
5.226667  0.606951  0
5.253333  0.604655  0
5.280000  0.602359  0
5.306667  0.600063  0
5.333333  0.597767  0
5.360000  0.595471  0
5.386667  0.593175  0
5.413333  0.590879  0
5.440000  0.588583  0
5.466667  0.586287  0
5.493333  0.583991  0
5.520000  0.581695  0
5.546667  0.579398  0
5.573333  0.577102  0
5.600000  0.574806  0
5.626667  0.572619  0
5.653333  0.570724  0
5.680000  0.568830  0
5.706667  0.566936  0
5.733333  0.565042  0
5.760000  0.563147  0
5.786667  0.561253  0
5.813333  0.559359  0
5.840000  0.557465  0
5.866667  0.555570  0
5.893333  0.553676  0
5.920000  0.551782  0
5.946667  0.549888  0
5.973333  0.547993  0
6.000000  0.546099  0
6.026667  0.544205  0
6.053333  0.542311  0
6.080000  0.540416  0
6.106667  0.538522  0
6.133333  0.536628  0
6.160000  0.534734  0
6.186667  0.532839  0
6.213333  0.530945  0
6.240000  0.529051  0
6.266667  0.527157  0
6.293333  0.525262  0
6.320000  0.523368  0
6.346667  0.521474  0
6.373333  0.519580  0
6.400000  0.517685  0
6.426667  0.515791  0
6.453333  0.513897  0
6.480000  0.512003  0
6.506667  0.510108  0
6.533333  0.508214  0
6.560000  0.506320  0
6.586667  0.504426  0
6.613333  0.502531  0
6.640000  0.500637  0
6.666667  0.498743  0
6.693333  0.496848  0
6.720000  0.494954  0
6.746667  0.493060  0
6.773333  0.491166  0
6.800000  0.489271  0
6.826667  0.487884  0
6.853333  0.487000  0
6.880000  0.486116  0
6.906667  0.485232  0
6.933333  0.484348  0
6.960000  0.483464  0
6.986667  0.482580  0
7.013333  0.481696  0
7.040000  0.480812  0
7.066667  0.479928  0
7.093333  0.479044  0
7.120000  0.478160  0
7.146667  0.477276  0
7.173333  0.476392  0
7.200000  0.475508  0
7.226667  0.474624  0
7.253333  0.473740  0
7.280000  0.472856  0
7.306667  0.471972  0
7.333333  0.471088  0
7.360000  0.470204  0
7.386667  0.469320  0
7.413333  0.468437  0
7.440000  0.467553  0
7.466667  0.466669  0
7.493333  0.465785  0
7.520000  0.464901  0
7.546667  0.464017  0
7.573333  0.463133  0
7.600000  0.462249  0
7.626667  0.461365  0
7.653333  0.460481  0
7.680000  0.459597  0
7.706667  0.458713  0
7.733333  0.457829  0
7.760000  0.456945  0
7.786667  0.456061  0
7.813333  0.455177  0
7.840000  0.454293  0
7.866667  0.453409  0
7.893333  0.452525  0
7.920000  0.451641  0
7.946667  0.450757  0
7.973333  0.449873  0
8.000000  0.448989  0
8.026667  0.448105  0
8.053333  0.447221  0
8.080000  0.446337  0
8.106667  0.445453  0
8.133333  0.444569  0
8.160000  0.443685  0
8.186667  0.442801  0
8.213333  0.441917  0
8.240000  0.441033  0
8.266667  0.440149  0
8.293333  0.439265  0
8.320000  0.438381  0
8.346667  0.437497  0
8.373333  0.436613  0
8.400000  0.435729  0
8.426667  0.434845  0
8.453333  0.433961  0
8.480000  0.433077  0
8.506667  0.432193  0
8.533333  0.431607  0
8.560000  0.431267  0
8.586667  0.430927  0
8.613333  0.430587  0
8.640000  0.430247  0
8.666667  0.429907  0
8.693333  0.429567  0
8.720000  0.429227  0
8.746667  0.428887  0
8.773333  0.428547  0
8.800000  0.428207  0
8.826667  0.427867  0
8.853333  0.427527  0
8.880000  0.427187  0
8.906667  0.426847  0
8.933333  0.426507  0
8.960000  0.426167  0
8.986667  0.425827  0
9.013333  0.425487  0
9.040000  0.425147  0
9.066667  0.424807  0
9.093333  0.424467  0
9.120000  0.424127  0
9.146667  0.423787  0
9.173333  0.423447  0
9.200000  0.423107  0
9.226667  0.422767  0
9.253333  0.422427  0
9.280000  0.422087  0
9.306667  0.421747  0
9.333333  0.421407  0
9.360000  0.421067  0
9.386667  0.420727  0
9.413333  0.420387  0
9.440000  0.420047  0
9.466667  0.419707  0
9.493333  0.419367  0
9.520000  0.419027  0
9.546667  0.418687  0
9.573333  0.418347  0
9.600000  0.418007  0
9.626667  0.417667  0
9.653333  0.417327  0
9.680000  0.416987  0
9.706667  0.416647  0
9.733333  0.416307  0
9.760000  0.415967  0
9.786667  0.415627  0
9.813333  0.415287  0
9.840000  0.414947  0
9.866667  0.414607  0
9.893333  0.414267  0
9.920000  0.413927  0
9.946667  0.413587  0
9.973333  0.413247  0
10.000000  0.412907  0
10.026667  0.412567  0
10.053333  0.412227  0
10.080000  0.411887  0
10.106667  0.411547  0
10.133333  0.411207  0
10.160000  0.410867  0
10.186667  0.410527  0
10.213333  0.410187  0
10.240000  0.409847  0
10.266667  0.409507  0
10.293333  0.409167  0
10.320000  0.408827  0
10.346667  0.408487  0
10.373333  0.408147  0
10.400000  0.407807  0
10.426667  0.407467  0
10.453333  0.407127  0
10.480000  0.406787  0
10.506667  0.406447  0
10.533333  0.406107  0
10.560000  0.405767  0
10.586667  0.405427  0
10.613333  0.405087  0
10.640000  0.404747  0
10.666667  0.404407  0
10.693333  0.404067  0
10.720000  0.403727  0
10.746667  0.403424  0
10.773333  0.403173  0
10.800000  0.402923  0
10.826667  0.402672  0
10.853333  0.402421  0
10.880000  0.402171  0
10.906667  0.401920  0
10.933333  0.401670  0
10.960000  0.401419  0
10.986667  0.401169  0
11.013333  0.400918  0
11.040000  0.400667  0
11.066667  0.400417  0
11.093333  0.400166  0
11.120000  0.399916  0
11.146667  0.399665  0
11.173333  0.399415  0
11.200000  0.399164  0
11.226667  0.398914  0
11.253333  0.398663  0
11.280000  0.398412  0
11.306667  0.398162  0
11.333333  0.397911  0
11.360000  0.397661  0
11.386667  0.397410  0
11.413333  0.397160  0
11.440000  0.396909  0
11.466667  0.396658  0
11.493333  0.396408  0
11.520000  0.396157  0
11.546667  0.395907  0
11.573333  0.395656  0
11.600000  0.395406  0
11.626667  0.395155  0
11.653333  0.394905  0
11.680000  0.394654  0
11.706667  0.394403  0
11.733333  0.394153  0
11.760000  0.393902  0
11.786667  0.393652  0
11.813333  0.393401  0
11.840000  0.393151  0
11.866667  0.392900  0
11.893333  0.392649  0
11.920000  0.392399  0
11.946667  0.392148  0
11.973333  0.391898  0
12.000000  0.391647  0
12.026667  0.391397  0
12.053333  0.391146  0
12.080000  0.390896  0
12.106667  0.390645  0
12.133333  0.390394  0
12.160000  0.390144  0
12.186667  0.389893  0
12.213333  0.389643  0
12.240000  0.389392  0
12.266667  0.389142  0
12.293333  0.388891  0
12.320000  0.388640  0
12.346667  0.388390  0
12.373333  0.388139  0
12.400000  0.387889  0
12.426667  0.387638  0
12.453333  0.387388  0
12.480000  0.387137  0
12.506667  0.386887  0
12.533333  0.386636  0
12.560000  0.386385  0
12.586667  0.386135  0
12.613333  0.385884  0
12.640000  0.385634  0
12.666667  0.385383  0
12.693333  0.385133  0
12.720000  0.384882  0
12.746667  0.384631  0
12.773333  0.384381  0
12.800000  0.384130  0
12.826667  0.383880  0
12.853333  0.383629  0
12.880000  0.383379  0
12.906667  0.383128  0
12.933333  0.382878  0
12.960000  0.382627  0
12.986667  0.382376  0
13.013333  0.382126  0
13.040000  0.381875  0
13.066667  0.381625  0
13.093333  0.381374  0
13.120000  0.381124  0
13.146667  0.380873  0
13.173333  0.380622  0
13.200000  0.380372  0
13.226667  0.380121  0
13.253333  0.379871  0
13.280000  0.379620  0
13.306667  0.379370  0
13.333333  0.379119  0
13.360000  0.378868  0
13.386667  0.378618  0
13.413333  0.378367  0
13.440000  0.378117  0
13.466667  0.377866  0
13.493333  0.377616  0
13.520000  0.377365  0
13.546667  0.377115  0
13.573333  0.376864  0
13.600000  0.376613  0
13.626667  0.376363  0
13.653333  0.376112  0
13.680000  0.375862  0
13.706667  0.375611  0
13.733333  0.375361  0
13.760000  0.375110  0
13.786667  0.374859  0
13.813333  0.374609  0
13.840000  0.374358  0
13.866667  0.374108  0
13.893333  0.373857  0
13.920000  0.373607  0
13.946667  0.373356  0
13.973333  0.373106  0
14.000000  0.372855  0
14.026667  0.372604  0
14.053333  0.372354  0
14.080000  0.372103  0
14.106667  0.371853  0
14.133333  0.371602  0
14.160000  0.371352  0
14.186667  0.371101  0
14.213333  0.370850  0
14.240000  0.370600  0
14.266667  0.370349  0
14.293333  0.370099  0
14.320000  0.369848  0
14.346667  0.369598  0
14.373333  0.369347  0
14.400000  0.369097  0
14.426667  0.368846  0
14.453333  0.368595  0
14.480000  0.368345  0
14.506667  0.368094  0
14.533333  0.367844  0
14.560000  0.367593  0
14.586667  0.367343  0
14.613333  0.367092  0
14.640000  0.366841  0
12.880000  0.597032  1
12.906667  0.596548  1
12.933333  0.596064  1
12.960000  0.595579  1
12.986667  0.595095  1
13.013333  0.594611  1
13.040000  0.594127  1
13.066667  0.593643  1
13.093333  0.593158  1
13.120000  0.592674  1
13.146667  0.592190  1
13.173333  0.591706  1
13.200000  0.591221  1
13.226667  0.590737  1
13.253333  0.590253  1
13.280000  0.589769  1
13.306667  0.589285  1
13.333333  0.588800  1
13.360000  0.588316  1
13.386667  0.587832  1
13.413333  0.587348  1
13.440000  0.586863  1
13.466667  0.586379  1
13.493333  0.585895  1
13.520000  0.585411  1
13.546667  0.584927  1
13.573333  0.584442  1
13.600000  0.583958  1
13.626667  0.583474  1
13.653333  0.582990  1
13.680000  0.582505  1
13.706667  0.582021  1
13.733333  0.581537  1
13.760000  0.581053  1
13.786667  0.580569  1
13.813333  0.580084  1
13.840000  0.579600  1
13.866667  0.579116  1
13.893333  0.578632  1
13.920000  0.578148  1
13.946667  0.577663  1
13.973333  0.577179  1
14.000000  0.576695  1
14.026667  0.576211  1
14.053333  0.575726  1
14.080000  0.575242  1
14.106667  0.574758  1
14.133333  0.574274  1
14.160000  0.573790  1
14.186667  0.573305  1
14.213333  0.572821  1
14.240000  0.572337  1
14.266667  0.571853  1
14.293333  0.571368  1
14.320000  0.570884  1
14.346667  0.570400  1
14.373333  0.569916  1
14.400000  0.569432  1
14.426667  0.568947  1
14.453333  0.568463  1
14.480000  0.567979  1
14.506667  0.567495  1
14.533333  0.567010  1
14.560000  0.566526  1
14.586667  0.566042  1
14.613333  0.565558  1
14.640000  0.565074  1
14.666667  0.564589  1
14.693333  0.564105  1
14.720000  0.563621  1
14.746667  0.563137  1
14.773333  0.562652  1
14.800000  0.562168  1
14.826667  0.561684  1
14.853333  0.561200  1
18.560000  0.613339  2
18.586667  0.612953  2
18.613333  0.612566  2
18.640000  0.612180  2
18.666667  0.611793  2
18.693333  0.611407  2
18.720000  0.611020  2
18.746667  0.610634  2
18.773333  0.610247  2
18.800000  0.609861  2
18.826667  0.609474  2
18.853333  0.609088  2
18.880000  0.608701  2
18.906667  0.608315  2
18.933333  0.607928  2
18.960000  0.607542  2
18.986667  0.607155  2
19.013333  0.606769  2
19.040000  0.606382  2
19.066667  0.605996  2
19.093333  0.605610  2
19.120000  0.605223  2
19.146667  0.604837  2
19.173333  0.604450  2
19.200000  0.604064  2
19.226667  0.603677  2
19.253333  0.603291  2
19.280000  0.602904  2
19.306667  0.602518  2
19.333333  0.602131  2
19.360000  0.601745  2
19.386667  0.601358  2
19.413333  0.600972  2
19.440000  0.600585  2
19.466667  0.600199  2
19.493333  0.599812  2
19.520000  0.599426  2
19.546667  0.599039  2
19.573333  0.598653  2
19.600000  0.598266  2
19.626667  0.597880  2
19.653333  0.597493  2
19.680000  0.597107  2
19.706667  0.596720  2
19.733333  0.596334  2
19.760000  0.595947  2
19.786667  0.595561  2
19.813333  0.595174  2
19.840000  0.594788  2
19.866667  0.594401  2
19.893333  0.594015  2
19.920000  0.593628  2
19.946667  0.593242  2
19.973333  0.592855  2
20.000000  0.592469  2
20.026667  0.592082  2
20.053333  0.591696  2
20.080000  0.591309  2
20.106667  0.590923  2
20.133333  0.590536  2
20.160000  0.590150  2
20.186667  0.589763  2
20.213333  0.589377  2
20.240000  0.588990  2
20.266667  0.588604  2
20.293333  0.588217  2
20.320000  0.587831  2
20.346667  0.587444  2
20.373333  0.587058  2
20.400000  0.586671  2
20.426667  0.586285  2
20.453333  0.585898  2
20.480000  0.585512  2
20.506667  0.585125  2
20.533333  0.584739  2
20.560000  0.584352  2
20.586667  0.583966  2
20.613333  0.583579  2
20.640000  0.583193  2
20.666667  0.582806  2
20.693333  0.582420  2
20.720000  0.582033  2
20.746667  0.581647  2
15.733333  0.802193  3
15.760000  0.801611  3
15.786667  0.801029  3
15.813333  0.800447  3
15.840000  0.799865  3
15.866667  0.799283  3
15.893333  0.798701  3
15.920000  0.798119  3
15.946667  0.797536  3
15.973333  0.796954  3
16.000000  0.796372  3
16.026667  0.795790  3
16.053333  0.795208  3
16.080000  0.794626  3
16.106667  0.794044  3
16.133333  0.793462  3
16.160000  0.792879  3
16.186667  0.792297  3
16.213333  0.791715  3
16.240000  0.791133  3
16.266667  0.790551  3
16.293333  0.789969  3
16.320000  0.789387  3
16.346667  0.788805  3
16.373333  0.788223  3
16.400000  0.787640  3
16.426667  0.787058  3
16.453333  0.786476  3
16.480000  0.785894  3
16.506667  0.785312  3
16.533333  0.784730  3
16.560000  0.784148  3
16.586667  0.783566  3
16.613333  0.782983  3
16.640000  0.782401  3
16.666667  0.781819  3
16.693333  0.781237  3
16.720000  0.780655  3
16.746667  0.780073  3
16.773333  0.779491  3
16.800000  0.778909  3
16.826667  0.778326  3
16.853333  0.777744  3
16.880000  0.777162  3
16.906667  0.776580  3
16.933333  0.775998  3
16.960000  0.775416  3
16.986667  0.774834  3
17.013333  0.774252  3
17.040000  0.773669  3
17.066667  0.773087  3
17.093333  0.772505  3
17.120000  0.771923  3
17.146667  0.771341  3
17.173333  0.770759  3
17.200000  0.770177  3
17.226667  0.769595  3
17.253333  0.769013  3
17.280000  0.768430  3
17.306667  0.767848  3
17.333333  0.767266  3
17.360000  0.766684  3
17.386667  0.766102  3
17.413333  0.765520  3
17.440000  0.764938  3
17.466667  0.764356  3
17.493333  0.763773  3
17.520000  0.763191  3
17.546667  0.762609  3
17.573333  0.762027  3
17.600000  0.761445  3
17.626667  0.760863  3
17.653333  0.760281  3
17.680000  0.759699  3
17.706667  0.759116  3
17.733333  0.758534  3
17.760000  0.757952  3
17.786667  0.757370  3
17.813333  0.756788  3
17.840000  0.756206  3
17.866667  0.755624  3
17.893333  0.755042  3
17.920000  0.754459  3
17.946667  0.753877  3
17.973333  0.753295  3
18.000000  0.752713  3
18.026667  0.752131  3
18.053333  0.751549  3
18.080000  0.750967  3
18.106667  0.750385  3
18.133333  0.749803  3
18.160000  0.749220  3
18.186667  0.748638  3
18.213333  0.748056  3
18.240000  0.747474  3
18.266667  0.746892  3
18.293333  0.746310  3
18.320000  0.745728  3
18.346667  0.745146  3
18.373333  0.744563  3
18.400000  0.743981  3
18.426667  0.743399  3
