3.280000  0.829421  0
3.306667  0.825871  0
3.333333  0.822320  0
3.360000  0.818769  0
3.386667  0.815218  0
3.413333  0.811667  0
3.440000  0.808116  0
3.466667  0.804565  0
3.493333  0.801014  0
3.520000  0.797463  0
3.546667  0.793912  0
3.573333  0.790361  0
3.600000  0.786810  0
3.626667  0.783259  0
3.653333  0.779708  0
3.680000  0.776157  0
3.706667  0.772606  0
3.733333  0.769055  0
3.760000  0.765505  0
3.786667  0.761954  0
3.813333  0.758403  0
3.840000  0.754852  0
3.866667  0.751301  0
3.893333  0.747750  0
3.920000  0.744199  0
3.946667  0.740648  0
3.973333  0.737097  0
4.000000  0.733546  0
4.026667  0.729995  0
4.053333  0.726444  0
4.080000  0.722893  0
4.106667  0.719105  0
4.133333  0.715291  0
4.160000  0.711477  0
4.186667  0.707663  0
4.213333  0.703849  0
4.240000  0.700035  0
4.266667  0.696221  0
4.293333  0.692407  0
4.320000  0.688593  0
4.346667  0.684779  0
4.373333  0.680965  0
4.400000  0.677151  0
4.426667  0.673338  0
4.453333  0.669524  0
4.480000  0.665710  0
4.506667  0.661896  0
4.533333  0.658082  0
4.560000  0.654268  0
4.586667  0.650454  0
4.613333  0.646640  0
4.640000  0.642826  0
4.666667  0.639012  0
4.693333  0.635198  0
4.720000  0.631384  0
4.746667  0.627570  0
4.773333  0.623756  0
4.800000  0.619942  0
4.826667  0.616128  0
4.853333  0.612314  0
4.880000  0.608500  0
4.906667  0.605058  0
4.933333  0.603139  0
4.960000  0.601220  0
4.986667  0.599300  0
5.013333  0.597381  0
5.040000  0.595461  0
5.066667  0.593542  0
5.093333  0.591622  0
5.120000  0.589703  0
5.146667  0.587784  0
5.173333  0.585864  0
5.200000  0.583945  0
5.226667  0.582025  0
5.253333  0.580106  0
5.280000  0.578186  0
5.306667  0.576267  0
5.333333  0.574348  0
5.360000  0.572428  0
5.386667  0.570509  0
5.413333  0.568589  0
5.440000  0.566670  0
5.466667  0.564750  0
5.493333  0.562831  0
5.520000  0.560912  0
5.546667  0.558992  0
5.573333  0.557073  0
5.600000  0.555153  0
5.626667  0.553234  0
5.653333  0.551314  0
5.680000  0.549395  0
5.706667  0.547476  0
5.733333  0.545556  0
5.760000  0.543637  0
5.786667  0.541717  0
5.813333  0.539798  0
5.840000  0.537878  0
5.866667  0.535959  0
5.893333  0.534040  0
5.920000  0.532120  0
5.946667  0.530201  0
5.973333  0.528281  0
6.000000  0.526362  0
6.026667  0.524443  0
6.053333  0.522523  0
6.080000  0.520604  0
6.106667  0.518684  0
6.133333  0.516765  0
6.160000  0.514845  0
6.186667  0.512926  0
6.213333  0.511007  0
6.240000  0.509087  0
6.266667  0.507168  0
6.293333  0.505248  0
6.320000  0.503329  0
6.346667  0.501409  0
6.373333  0.499490  0
6.400000  0.497571  0
6.426667  0.495651  0
6.453333  0.493732  0
6.480000  0.491812  0
6.506667  0.489893  0
6.533333  0.487973  0
6.560000  0.486054  0
6.586667  0.484208  0
6.613333  0.483202  0
6.640000  0.482196  0
6.666667  0.481190  0
6.693333  0.480184  0
6.720000  0.479178  0
6.746667  0.478172  0
6.773333  0.477166  0
6.800000  0.476160  0
6.826667  0.475153  0
6.853333  0.474147  0
6.880000  0.473141  0
6.906667  0.472135  0
6.933333  0.471129  0
6.960000  0.470123  0
6.986667  0.469117  0
7.013333  0.468111  0
7.040000  0.467105  0
7.066667  0.466099  0
7.093333  0.465092  0
7.120000  0.464086  0
7.146667  0.463080  0
7.173333  0.462074  0
7.200000  0.461068  0
7.226667  0.460062  0
7.253333  0.459056  0
7.280000  0.458050  0
7.306667  0.457044  0
7.333333  0.456038  0
7.360000  0.455031  0
7.386667  0.454025  0
7.413333  0.453019  0
7.440000  0.452013  0
7.466667  0.451007  0
7.493333  0.450001  0
7.520000  0.448995  0
7.546667  0.447989  0
7.573333  0.446983  0
7.600000  0.445977  0
7.626667  0.444970  0
7.653333  0.443964  0
7.680000  0.442958  0
7.706667  0.441952  0
7.733333  0.440946  0
7.760000  0.439940  0
7.786667  0.438934  0
7.813333  0.437928  0
7.840000  0.436922  0
7.866667  0.435916  0
7.893333  0.434909  0
7.920000  0.433903  0
7.946667  0.432897  0
7.973333  0.431891  0
8.000000  0.430885  0
8.026667  0.429879  0
8.053333  0.428873  0
8.080000  0.427867  0
8.106667  0.426861  0
8.133333  0.425855  0
8.160000  0.424848  0
8.186667  0.423842  0
8.213333  0.422836  0
8.240000  0.421830  0
8.266667  0.420824  0
8.293333  0.419818  0
8.320000  0.418812  0
8.346667  0.417806  0
8.373333  0.416800  0
8.400000  0.415794  0
8.426667  0.415408  0
8.453333  0.415133  0
8.480000  0.414859  0
8.506667  0.414584  0
8.533333  0.414310  0
8.560000  0.414035  0
8.586667  0.413761  0
8.613333  0.413486  0
8.640000  0.413212  0
8.666667  0.412937  0
8.693333  0.412663  0
8.720000  0.412388  0
8.746667  0.412114  0
8.773333  0.411839  0
8.800000  0.411565  0
8.826667  0.411290  0
8.853333  0.411016  0
8.880000  0.410742  0
8.906667  0.410467  0
8.933333  0.410193  0
8.960000  0.409918  0
8.986667  0.409644  0
9.013333  0.409369  0
9.040000  0.409095  0
9.066667  0.408820  0
9.093333  0.408546  0
9.120000  0.408271  0
9.146667  0.407997  0
9.173333  0.407722  0
9.200000  0.407448  0
9.226667  0.407173  0
9.253333  0.406899  0
9.280000  0.406625  0
9.306667  0.406350  0
9.333333  0.406076  0
9.360000  0.405801  0
9.386667  0.405527  0
9.413333  0.405252  0
9.440000  0.404978  0
9.466667  0.404703  0
9.493333  0.404429  0
9.520000  0.404154  0
9.546667  0.403880  0
9.573333  0.403605  0
9.600000  0.403331  0
9.626667  0.403056  0
9.653333  0.402782  0
9.680000  0.402507  0
9.706667  0.402233  0
9.733333  0.401959  0
9.760000  0.401684  0
9.786667  0.401410  0
9.813333  0.401135  0
9.840000  0.400861  0
9.866667  0.400586  0
9.893333  0.400312  0
9.920000  0.400037  0
9.946667  0.399763  0
9.973333  0.399488  0
10.000000  0.399214  0
10.026667  0.398939  0
10.053333  0.398665  0
10.080000  0.398390  0
10.106667  0.398116  0
10.133333  0.397842  0
10.160000  0.397567  0
10.186667  0.397293  0
10.213333  0.397018  0
10.240000  0.396744  0
10.266667  0.396469  0
10.293333  0.396195  0
10.320000  0.395920  0
10.346667  0.395646  0
10.373333  0.395371  0
10.400000  0.395097  0
10.426667  0.394822  0
10.453333  0.394548  0
10.480000  0.394273  0
10.506667  0.393999  0
10.533333  0.393724  0
10.560000  0.393450  0
10.586667  0.393176  0
10.613333  0.392901  0
10.640000  0.392627  0
10.666667  0.392352  0
10.693333  0.392078  0
10.720000  0.391803  0
10.746667  0.391529  0
10.773333  0.391254  0
10.800000  0.390980  0
10.826667  0.390705  0
10.853333  0.390431  0
10.880000  0.390156  0
10.906667  0.389882  0
10.933333  0.389607  0
10.960000  0.389333  0
10.986667  0.389059  0
11.013333  0.388784  0
11.040000  0.388510  0
11.066667  0.388235  0
11.093333  0.387961  0
11.120000  0.387686  0
11.146667  0.387412  0
11.173333  0.387137  0
11.200000  0.386863  0
11.226667  0.386588  0
11.253333  0.386314  0
11.280000  0.386039  0
11.306667  0.385765  0
11.333333  0.385490  0
11.360000  0.385216  0
11.386667  0.384941  0
11.413333  0.384667  0
11.440000  0.384393  0
11.466667  0.384118  0
11.493333  0.383844  0
11.520000  0.383569  0
12.453333  0.556963  1
12.480000  0.556458  1
12.506667  0.555953  1
12.533333  0.555448  1
12.560000  0.554943  1
12.586667  0.554438  1
12.613333  0.553933  1
12.640000  0.553428  1
12.666667  0.552923  1
12.693333  0.552418  1
12.720000  0.551913  1
12.746667  0.551408  1
12.773333  0.550903  1
12.800000  0.550398  1
12.826667  0.549893  1
12.853333  0.549388  1
12.880000  0.548883  1
12.906667  0.548378  1
12.933333  0.547873  1
12.960000  0.547368  1
12.986667  0.546862  1
13.013333  0.546357  1
13.040000  0.545852  1
13.066667  0.545347  1
13.093333  0.544842  1
13.120000  0.544337  1
13.146667  0.543832  1
13.173333  0.543327  1
13.200000  0.542822  1
13.226667  0.542317  1
13.253333  0.541812  1
13.280000  0.541307  1
13.306667  0.540802  1
13.333333  0.540297  1
13.360000  0.539792  1
13.386667  0.539287  1
13.413333  0.538782  1
13.440000  0.538277  1
13.466667  0.537772  1
13.493333  0.537267  1
13.520000  0.536762  1
13.546667  0.536257  1
13.573333  0.535752  1
13.600000  0.535247  1
13.626667  0.534742  1
13.653333  0.534237  1
13.680000  0.533732  1
13.706667  0.533227  1
13.733333  0.532722  1
13.760000  0.532217  1
13.786667  0.531712  1
13.813333  0.531207  1
13.840000  0.530702  1
13.866667  0.530197  1
13.893333  0.529692  1
13.920000  0.529187  1
13.946667  0.528682  1
13.973333  0.528177  1
14.000000  0.527672  1
14.026667  0.527167  1
14.053333  0.526662  1
14.080000  0.526157  1
14.106667  0.525652  1
14.133333  0.525147  1
14.160000  0.524642  1
14.186667  0.524136  1
14.213333  0.523631  1
14.240000  0.523126  1
14.266667  0.522621  1
14.293333  0.522116  1
14.320000  0.521611  1
14.346667  0.521106  1
14.373333  0.520601  1
14.400000  0.520096  1
14.426667  0.519591  1
14.453333  0.519086  1
14.480000  0.518581  1
14.506667  0.518076  1
14.533333  0.517571  1
14.560000  0.517066  1
14.586667  0.516561  1
14.613333  0.516056  1
14.640000  0.515551  1
14.666667  0.515046  1
14.693333  0.514541  1
14.720000  0.514036  1
14.746667  0.513531  1
14.773333  0.513026  1
14.800000  0.512521  1
14.826667  0.512016  1
14.853333  0.511511  1
14.880000  0.511006  1
14.906667  0.510501  1
14.933333  0.509996  1
14.960000  0.509491  1
14.986667  0.508986  1
15.013333  0.508481  1
15.040000  0.507976  1
15.066667  0.507471  1
15.093333  0.506966  1
15.120000  0.506461  1
15.146667  0.505956  1
15.173333  0.505451  1
15.200000  0.504946  1
15.226667  0.504441  1
15.253333  0.503936  1
15.280000  0.503431  1
15.306667  0.502926  1
15.333333  0.502421  1
15.360000  0.501915  1
15.386667  0.501410  1
15.413333  0.500905  1
15.440000  0.500400  1
15.466667  0.499895  1
15.493333  0.499390  1
15.520000  0.498885  1
15.546667  0.498380  1
15.573333  0.497875  1
15.600000  0.497370  1
15.626667  0.496865  1
15.653333  0.496360  1
15.680000  0.495855  1
15.706667  0.495350  1
15.733333  0.494845  1
15.760000  0.494340  1
15.786667  0.493835  1
15.813333  0.493330  1
15.840000  0.492825  1
