3.493333  0.852992  0
3.520000  0.849905  0
3.546667  0.846780  0
3.573333  0.843640  0
3.600000  0.840498  0
3.626667  0.837363  0
3.653333  0.834247  0
3.680000  0.831165  0
3.706667  0.828137  0
3.733333  0.825187  0
3.760000  0.822340  0
3.786667  0.819621  0
3.813333  0.817044  0
3.840000  0.814616  0
3.866667  0.812329  0
3.893333  0.810152  0
3.920000  0.808013  0
3.946667  0.805837  0
3.973333  0.803625  0
4.000000  0.801404  0
4.026667  0.799182  0
4.053333  0.796961  0
4.080000  0.794739  0
4.106667  0.792517  0
4.133333  0.790296  0
4.160000  0.788074  0
4.186667  0.785852  0
4.213333  0.783631  0
4.240000  0.781409  0
4.266667  0.779187  0
4.293333  0.776965  0
4.320000  0.774744  0
4.346667  0.772522  0
4.373333  0.770300  0
4.400000  0.768079  0
4.426667  0.765857  0
4.453333  0.763635  0
4.480000  0.761414  0
4.506667  0.759192  0
4.533333  0.756970  0
4.560000  0.754748  0
4.586667  0.752527  0
4.613333  0.750305  0
4.640000  0.748083  0
4.666667  0.745862  0
4.693333  0.743640  0
4.720000  0.741418  0
4.746667  0.739197  0
4.773333  0.736975  0
4.800000  0.734753  0
4.826667  0.732531  0
4.853333  0.730310  0
4.880000  0.728088  0
4.906667  0.725866  0
4.933333  0.723645  0
4.960000  0.721423  0
4.986667  0.719201  0
5.013333  0.716980  0
5.040000  0.714758  0
5.066667  0.712536  0
5.093333  0.710314  0
5.120000  0.708093  0
5.146667  0.705871  0
5.173333  0.703652  0
5.200000  0.701459  0
5.226667  0.699389  0
5.253333  0.697528  0
5.280000  0.695806  0
5.306667  0.694131  0
5.333333  0.692471  0
5.360000  0.690818  0
5.386667  0.689169  0
5.413333  0.687521  0
5.440000  0.685873  0
5.466667  0.684226  0
5.493333  0.682579  0
5.520000  0.680932  0
5.546667  0.679284  0
5.573333  0.677637  0
5.600000  0.675990  0
5.626667  0.674344  0
5.653333  0.672699  0
5.680000  0.671057  0
5.706667  0.669420  0
5.733333  0.667794  0
5.760000  0.666186  0
5.786667  0.664607  0
5.813333  0.663068  0
5.840000  0.661584  0
5.866667  0.660168  0
5.893333  0.658827  0
5.920000  0.657565  0
5.946667  0.656379  0
5.973333  0.655260  0
6.000000  0.654194  0
6.026667  0.653168  0
6.053333  0.652169  0
6.080000  0.651189  0
6.106667  0.650218  0
6.133333  0.649252  0
6.160000  0.648289  0
6.186667  0.647328  0
6.213333  0.646367  0
6.240000  0.645406  0
6.266667  0.644445  0
6.293333  0.643484  0
6.320000  0.642523  0
6.346667  0.641562  0
6.373333  0.640601  0
6.400000  0.639640  0
6.426667  0.638679  0
6.453333  0.637717  0
6.480000  0.636753  0
6.506667  0.635788  0
6.533333  0.634817  0
6.560000  0.633840  0
6.586667  0.632851  0
6.613333  0.631848  0
6.640000  0.630825  0
6.666667  0.629781  0
6.693333  0.628713  0
6.720000  0.627622  0
6.746667  0.626509  0
6.773333  0.625379  0
6.800000  0.624234  0
6.826667  0.623079  0
6.853333  0.621918  0
6.880000  0.620753  0
6.906667  0.619586  0
6.933333  0.618418  0
6.960000  0.617249  0
6.986667  0.616080  0
7.013333  0.614911  0
7.040000  0.613741  0
7.066667  0.612572  0
7.093333  0.611403  0
7.120000  0.610233  0
7.146667  0.609064  0
7.173333  0.607895  0
7.200000  0.606726  0
7.226667  0.605556  0
7.253333  0.604387  0
7.280000  0.603218  0
7.306667  0.602049  0
7.333333  0.600880  0
7.360000  0.599711  0
7.386667  0.598543  0
7.413333  0.597377  0
7.440000  0.596215  0
7.466667  0.595058  0
7.493333  0.593909  0
7.520000  0.592774  0
7.546667  0.591655  0
7.573333  0.590557  0
7.600000  0.589482  0
7.626667  0.588431  0
7.653333  0.587402  0
7.680000  0.586394  0
7.706667  0.585402  0
7.733333  0.584422  0
7.760000  0.583450  0
7.786667  0.582483  0
7.813333  0.581519  0
7.840000  0.580557  0
7.866667  0.579595  0
7.893333  0.578634  0
7.920000  0.577673  0
7.946667  0.576712  0
7.973333  0.575751  0
8.000000  0.574791  0
8.026667  0.573830  0
8.053333  0.572869  0
8.080000  0.571908  0
8.106667  0.570948  0
8.133333  0.569988  0
8.160000  0.569030  0
8.186667  0.568074  0
8.213333  0.567125  0
8.240000  0.566185  0
8.266667  0.565262  0
8.293333  0.564363  0
8.320000  0.563497  0
8.346667  0.562672  0
8.373333  0.561896  0
8.400000  0.561172  0
8.426667  0.560498  0
8.453333  0.559872  0
8.480000  0.559284  0
8.506667  0.558725  0
8.533333  0.558189  0
8.560000  0.557666  0
8.586667  0.557152  0
8.613333  0.556642  0
8.640000  0.556135  0
8.666667  0.555629  0
8.693333  0.555124  0
8.720000  0.554619  0
8.746667  0.554114  0
8.773333  0.553608  0
8.800000  0.553103  0
8.826667  0.552598  0
8.853333  0.552093  0
8.880000  0.551588  0
8.906667  0.551083  0
8.933333  0.550578  0
8.960000  0.550073  0
8.986667  0.549568  0
9.013333  0.549064  0
9.040000  0.548562  0
9.066667  0.548063  0
9.093333  0.547569  0
9.120000  0.547083  0
9.146667  0.546610  0
9.173333  0.546154  0
9.200000  0.545720  0
9.226667  0.545310  0
9.253333  0.544928  0
9.280000  0.544571  0
9.306667  0.544238  0
9.333333  0.543925  0
9.360000  0.543628  0
9.386667  0.543341  0
9.413333  0.543062  0
9.440000  0.542787  0
9.466667  0.542514  0
9.493333  0.542242  0
9.520000  0.541971  0
9.546667  0.541700  0
9.573333  0.541430  0
9.600000  0.541159  0
9.626667  0.540888  0
9.653333  0.540618  0
9.680000  0.540347  0
9.706667  0.540077  0
9.733333  0.539806  0
9.760000  0.539535  0
9.786667  0.539265  0
9.813333  0.538994  0
9.840000  0.538724  0
9.866667  0.538453  0
9.893333  0.538182  0
9.920000  0.537912  0
9.946667  0.537641  0
9.973333  0.537371  0
10.000000  0.537100  0
10.026667  0.536829  0
10.053333  0.536559  0
10.080000  0.536288  0
10.106667  0.536017  0
10.133333  0.535747  0
10.160000  0.535476  0
10.186667  0.535205  0
10.213333  0.534935  0
10.240000  0.534663  0
10.266667  0.534392  0
10.293333  0.534119  0
10.320000  0.533845  0
10.346667  0.533569  0
10.373333  0.533290  0
10.400000  0.533007  0
10.426667  0.532720  0
10.453333  0.532429  0
10.480000  0.532134  0
10.506667  0.531835  0
10.533333  0.531533  0
10.560000  0.531229  0
10.586667  0.530923  0
10.613333  0.530616  0
10.640000  0.530309  0
10.666667  0.530001  0
10.693333  0.529693  0
10.720000  0.529385  0
10.746667  0.529077  0
10.773333  0.528769  0
10.800000  0.528461  0
10.826667  0.528153  0
10.853333  0.527845  0
10.880000  0.527537  0
10.906667  0.527229  0
10.933333  0.526921  0
10.960000  0.526613  0
10.986667  0.526305  0
11.013333  0.525997  0
11.040000  0.525689  0
11.066667  0.525381  0
11.093333  0.525073  0
11.120000  0.524765  0
11.146667  0.524457  0
11.173333  0.524149  0
11.200000  0.523841  0
11.226667  0.523533  0
11.253333  0.523225  0
11.280000  0.522917  0
11.306667  0.522609  0
11.333333  0.522301  0
11.360000  0.521993  0
11.386667  0.521685  0
11.413333  0.521377  0
11.440000  0.521069  0
11.466667  0.520761  0
11.493333  0.520453  0
11.520000  0.520145  0
11.546667  0.519837  0
11.573333  0.519529  0
11.600000  0.519221  0
11.626667  0.518913  0
11.653333  0.518605  0
11.680000  0.518298  0
11.706667  0.517991  0
11.733333  0.517684  0
11.760000  0.517378  0
11.786667  0.517074  0
11.813333  0.516770  0
11.840000  0.516468  0
11.866667  0.516168  0
11.893333  0.515868  0
11.920000  0.515570  0
11.946667  0.515273  0
11.973333  0.514976  0
12.000000  0.514679  0
12.026667  0.514383  0
12.053333  0.514087  0
12.080000  0.513791  0
12.106667  0.513495  0
12.133333  0.513199  0
12.160000  0.512903  0
12.186667  0.512607  0
12.213333  0.512311  0
12.240000  0.512015  0
12.266667  0.511719  0
12.293333  0.511423  0
12.320000  0.511127  0
12.346667  0.510831  0
12.373333  0.510535  0
12.400000  0.510239  0
12.426667  0.509943  0
12.453333  0.509647  0
12.480000  0.509351  0
12.506667  0.509055  0
12.533333  0.508759  0
12.560000  0.508463  0
12.586667  0.508167  0
12.613333  0.507871  0
12.640000  0.507575  0
12.666667  0.507279  0
12.693333  0.506983  0
12.720000  0.506687  0
12.746667  0.506391  0
12.773333  0.506095  0
12.800000  0.505799  0
12.826667  0.505503  0
12.853333  0.505207  0
12.880000  0.504911  0
12.906667  0.504615  0
12.933333  0.504319  0
12.960000  0.504023  0
12.986667  0.503727  0
13.013333  0.503431  0
13.040000  0.503135  0
13.066667  0.502840  0
13.093333  0.502544  0
13.120000  0.502248  0
13.146667  0.501952  0
13.173333  0.501656  0
13.200000  0.501360  0
13.226667  0.501064  0
13.253333  0.500768  0
13.280000  0.500472  0
13.306667  0.500176  0
13.333333  0.499880  0
13.360000  0.499584  0
13.386667  0.499288  0
13.413333  0.498992  0
13.440000  0.498696  0
13.466667  0.498400  0
13.493333  0.498104  0
13.520000  0.497808  0
13.546667  0.497512  0
13.573333  0.497216  0
13.600000  0.496920  0
13.626667  0.496624  0
13.653333  0.496328  0
13.680000  0.496032  0
13.706667  0.495736  0
13.733333  0.495440  0
13.760000  0.495145  0
13.786667  0.494850  0
13.813333  0.494556  0
13.840000  0.494264  0
13.866667  0.493976  0
13.893333  0.493695  0
13.920000  0.493423  0
13.946667  0.493163  0
13.973333  0.492920  0
14.000000  0.492695  0
14.026667  0.492491  0
14.053333  0.492307  0
14.080000  0.492142  0
14.106667  0.491991  0
14.133333  0.491853  0
14.160000  0.491724  0
14.186667  0.491599  0
14.213333  0.491479  0
14.240000  0.491360  0
14.266667  0.491242  0
14.293333  0.491125  0
14.320000  0.491008  0
14.346667  0.490891  0
14.373333  0.490774  0
14.400000  0.490657  0
14.426667  0.490540  0
14.453333  0.490423  0
14.480000  0.490306  0
14.506667  0.490190  0
14.533333  0.490073  0
14.560000  0.489956  0
14.586667  0.489839  0
14.613333  0.489722  0
14.640000  0.489605  0
14.666667  0.489488  0
14.693333  0.489371  0
14.720000  0.489254  0
14.746667  0.489137  0
14.773333  0.489020  0
14.800000  0.488903  0
14.826667  0.488786  0
14.853333  0.488669  0
14.880000  0.488553  0
14.906667  0.488436  0
14.933333  0.488319  0
14.960000  0.488202  0
14.986667  0.488085  0
15.013333  0.487968  0
15.040000  0.487851  0
15.066667  0.487734  0
15.093333  0.487617  0
15.120000  0.487500  0
15.146667  0.487383  0
15.173333  0.487266  0
15.200000  0.487149  0
15.226667  0.487032  0
15.253333  0.486915  0
15.280000  0.486799  0
15.306667  0.486682  0
15.333333  0.486565  0
15.360000  0.486448  0
15.386667  0.486331  0
15.413333  0.486214  0
15.440000  0.486097  0
15.466667  0.485980  0
15.493333  0.485863  0
15.520000  0.485746  0
15.546667  0.485629  0
15.573333  0.485512  0
15.600000  0.485395  0
15.626667  0.485278  0
15.653333  0.485162  0
15.680000  0.485045  0
15.706667  0.484928  0
15.733333  0.484811  0
15.760000  0.484694  0
15.786667  0.484577  0
15.813333  0.484460  0
15.840000  0.484343  0
15.866667  0.484226  0
15.893333  0.484109  0
15.920000  0.483992  0
15.946667  0.483875  0
15.973333  0.483758  0
16.000000  0.483641  0
16.026667  0.483525  0
16.053333  0.483408  0
16.080000  0.483291  0
16.106667  0.483174  0
16.133333  0.483057  0
16.160000  0.482940  0
16.186667  0.482823  0
16.213333  0.482706  0
16.240000  0.482589  0
16.266667  0.482472  0
16.293333  0.482355  0
16.320000  0.482238  0
16.346667  0.482121  0
16.373333  0.482004  0
16.400000  0.481888  0
16.426667  0.481771  0
16.453333  0.481654  0
16.480000  0.481537  0
16.506667  0.481421  0
16.533333  0.481305  0
16.560000  0.481190  0
16.586667  0.481079  0
16.613333  0.480972  0
16.640000  0.480873  0
16.666667  0.480785  0
16.693333  0.480714  0
16.720000  0.480663  0
16.746667  0.480637  0
18.026667  0.609220  1
18.053333  0.608943  1
18.080000  0.608666  1
18.106667  0.608389  1
18.133333  0.608112  1
18.160000  0.607835  1
18.186667  0.607558  1
18.213333  0.607281  1
18.240000  0.607004  1
18.266667  0.606727  1
18.293333  0.606450  1
18.320000  0.606173  1
18.346667  0.605896  1
18.373333  0.605619  1
18.400000  0.605342  1
18.426667  0.605065  1
18.453333  0.604788  1
18.480000  0.604511  1
18.506667  0.604234  1
18.533333  0.603957  1
18.560000  0.603679  1
18.586667  0.603402  1
18.613333  0.603125  1
18.640000  0.602848  1
18.666667  0.602571  1
18.693333  0.602294  1
18.720000  0.602017  1
18.746667  0.601740  1
18.773333  0.601463  1
18.800000  0.601186  1
18.826667  0.600909  1
18.853333  0.600632  1
18.880000  0.600355  1
18.906667  0.600078  1
18.933333  0.599801  1
18.960000  0.599524  1
18.986667  0.599247  1
19.013333  0.598970  1
19.040000  0.598693  1
19.066667  0.598416  1
19.093333  0.598139  1
19.120000  0.597862  1
19.146667  0.597585  1
19.173333  0.597308  1
19.200000  0.597031  1
19.226667  0.596754  1
19.253333  0.596477  1
19.280000  0.596200  1
19.306667  0.595923  1
19.333333  0.595646  1
19.360000  0.595369  1
19.386667  0.595092  1
19.413333  0.594815  1
19.440000  0.594538  1
19.466667  0.594261  1
19.493333  0.593984  1
19.520000  0.593707  1
19.546667  0.593430  1
19.573333  0.593153  1
19.600000  0.592876  1
19.626667  0.592599  1
19.653333  0.592322  1
19.680000  0.592045  1
19.706667  0.591767  1
19.733333  0.591490  1
19.760000  0.591213  1
19.786667  0.590936  1
19.813333  0.590659  1
19.840000  0.590382  1
19.866667  0.590105  1
19.893333  0.589828  1
19.920000  0.589551  1
19.946667  0.589274  1
19.973333  0.588997  1
20.000000  0.588720  1
20.026667  0.588443  1
20.053333  0.588166  1
20.080000  0.587889  1
20.106667  0.587612  1
20.133333  0.587335  1
20.160000  0.587058  1
20.186667  0.586781  1
20.213333  0.586504  1
20.240000  0.586227  1
20.266667  0.585950  1
20.293333  0.585673  1
20.320000  0.585396  1
20.346667  0.585119  1
20.373333  0.584842  1
20.400000  0.584565  1
20.426667  0.584288  1
20.453333  0.584011  1
20.480000  0.583734  1
20.506667  0.583457  1
20.533333  0.583180  1
20.560000  0.582903  1
20.586667  0.582626  1
20.613333  0.582349  1
20.640000  0.582072  1
20.666667  0.581795  1
20.693333  0.581518  1
20.720000  0.581241  1
20.746667  0.580964  1
20.773333  0.580687  1
20.800000  0.580410  1
20.826667  0.580132  1
20.853333  0.579855  1
20.880000  0.579578  1
20.906667  0.579301  1
20.933333  0.579024  1
20.960000  0.578747  1
20.986667  0.578470  1
21.013333  0.578193  1
21.040000  0.577916  1
21.066667  0.577639  1
21.093333  0.577362  1
21.120000  0.577085  1
21.146667  0.576808  1
21.173333  0.576531  1
21.200000  0.576254  1
21.226667  0.575977  1
21.253333  0.575700  1
21.280000  0.575423  1
21.306667  0.575146  1
21.333333  0.574869  1
21.360000  0.574592  1
21.386667  0.574315  1
21.413333  0.574038  1
21.440000  0.573761  1
21.466667  0.573484  1
21.493333  0.573207  1
21.520000  0.572930  1
21.546667  0.572653  1
21.573333  0.572376  1
21.600000  0.572099  1
21.626667  0.571822  1
21.653333  0.571545  1
21.680000  0.571268  1
21.706667  0.570991  1
21.733333  0.570714  1
21.760000  0.570437  1
21.786667  0.570160  1
21.813333  0.569883  1
21.840000  0.569606  1
21.866667  0.569329  1
21.893333  0.569052  1
21.920000  0.568775  1
21.946667  0.568497  1
21.973333  0.568220  1
22.000000  0.567943  1
22.026667  0.567666  1
22.053333  0.567389  1
22.080000  0.567112  1
22.106667  0.566835  1
22.133333  0.566558  1
22.160000  0.566281  1
22.186667  0.566004  1
22.213333  0.565727  1
22.240000  0.565450  1
22.266667  0.565173  1
