4.053333  0.825514  0
4.080000  0.822808  0
4.106667  0.820112  0
4.133333  0.817471  0
4.160000  0.814977  0
4.186667  0.812669  0
4.213333  0.810461  0
4.240000  0.808273  0
4.266667  0.806088  0
4.293333  0.803902  0
4.320000  0.801716  0
4.346667  0.799531  0
4.373333  0.797345  0
4.400000  0.795159  0
4.426667  0.792974  0
4.453333  0.790788  0
4.480000  0.788602  0
4.506667  0.786417  0
4.533333  0.784231  0
4.560000  0.782045  0
4.586667  0.779860  0
4.613333  0.777674  0
4.640000  0.775488  0
4.666667  0.773303  0
4.693333  0.771117  0
4.720000  0.768931  0
4.746667  0.766746  0
4.773333  0.764560  0
4.800000  0.762374  0
4.826667  0.760188  0
4.853333  0.758003  0
4.880000  0.755817  0
4.906667  0.753631  0
4.933333  0.751446  0
4.960000  0.749260  0
4.986667  0.747077  0
5.013333  0.744917  0
5.040000  0.742859  0
5.066667  0.740967  0
5.093333  0.739175  0
5.120000  0.737405  0
5.146667  0.735637  0
5.173333  0.733869  0
5.200000  0.732101  0
5.226667  0.730333  0
5.253333  0.728565  0
5.280000  0.726797  0
5.306667  0.725029  0
5.333333  0.723261  0
5.360000  0.721493  0
5.386667  0.719725  0
5.413333  0.717957  0
5.440000  0.716190  0
5.466667  0.714422  0
5.493333  0.712654  0
5.520000  0.710886  0
5.546667  0.709118  0
5.573333  0.707350  0
5.600000  0.705582  0
5.626667  0.703814  0
5.653333  0.702046  0
5.680000  0.700278  0
5.706667  0.698510  0
5.733333  0.696742  0
5.760000  0.694974  0
5.786667  0.693206  0
5.813333  0.691438  0
5.840000  0.689669  0
5.866667  0.687896  0
5.893333  0.686102  0
5.920000  0.684275  0
5.946667  0.682429  0
5.973333  0.680579  0
6.000000  0.678728  0
6.026667  0.676877  0
6.053333  0.675027  0
6.080000  0.673176  0
6.106667  0.671325  0
6.133333  0.669475  0
6.160000  0.667624  0
6.186667  0.665773  0
6.213333  0.663922  0
6.240000  0.662072  0
6.266667  0.660221  0
6.293333  0.658370  0
6.320000  0.656520  0
6.346667  0.654669  0
6.373333  0.652818  0
6.400000  0.650967  0
6.426667  0.649117  0
6.453333  0.647266  0
6.480000  0.645415  0
6.506667  0.643565  0
6.533333  0.641714  0
6.560000  0.639863  0
6.586667  0.638012  0
6.613333  0.636162  0
6.640000  0.634311  0
6.666667  0.632460  0
6.693333  0.630610  0
6.720000  0.628759  0
6.746667  0.626908  0
6.773333  0.625057  0
6.800000  0.623207  0
6.826667  0.621357  0
6.853333  0.619522  0
6.880000  0.617749  0
6.906667  0.616083  0
6.933333  0.614484  0
6.960000  0.612904  0
6.986667  0.611325  0
7.013333  0.609747  0
7.040000  0.608168  0
7.066667  0.606589  0
7.093333  0.605011  0
7.120000  0.603432  0
7.146667  0.601854  0
7.173333  0.600275  0
7.200000  0.598697  0
7.226667  0.597118  0
7.253333  0.595540  0
7.280000  0.593961  0
7.306667  0.592383  0
7.333333  0.590804  0
7.360000  0.589225  0
7.386667  0.587647  0
7.413333  0.586068  0
7.440000  0.584490  0
7.466667  0.582911  0
7.493333  0.581333  0
7.520000  0.579754  0
7.546667  0.578176  0
7.573333  0.576597  0
7.600000  0.575019  0
7.626667  0.573440  0
7.653333  0.571861  0
7.680000  0.570283  0
7.706667  0.568706  0
7.733333  0.567155  0
7.760000  0.565723  0
7.786667  0.564518  0
7.813333  0.563502  0
7.840000  0.562559  0
7.866667  0.561630  0
7.893333  0.560701  0
7.920000  0.559773  0
7.946667  0.558844  0
7.973333  0.557916  0
8.000000  0.556987  0
8.026667  0.556058  0
8.053333  0.555130  0
8.080000  0.554201  0
8.106667  0.553273  0
8.133333  0.552344  0
8.160000  0.551416  0
8.186667  0.550487  0
8.213333  0.549559  0
8.240000  0.548630  0
8.266667  0.547701  0
8.293333  0.546773  0
8.320000  0.545844  0
8.346667  0.544916  0
8.373333  0.543987  0
8.400000  0.543059  0
8.426667  0.542130  0
8.453333  0.541202  0
8.480000  0.540273  0
8.506667  0.539344  0
8.533333  0.538416  0
8.560000  0.537487  0
8.586667  0.536559  0
8.613333  0.535630  0
8.640000  0.534702  0
8.666667  0.533773  0
8.693333  0.532845  0
8.720000  0.531916  0
8.746667  0.530987  0
8.773333  0.530059  0
8.800000  0.529130  0
8.826667  0.528202  0
8.853333  0.527274  0
8.880000  0.526352  0
8.906667  0.525475  0
8.933333  0.524728  0
8.960000  0.524156  0
8.986667  0.523682  0
9.013333  0.523229  0
9.040000  0.522778  0
9.066667  0.522327  0
9.093333  0.521876  0
9.120000  0.521425  0
9.146667  0.520974  0
9.173333  0.520523  0
9.200000  0.520072  0
9.226667  0.519621  0
9.253333  0.519170  0
9.280000  0.518719  0
9.306667  0.518268  0
9.333333  0.517817  0
9.360000  0.517366  0
9.386667  0.516915  0
9.413333  0.516464  0
9.440000  0.516013  0
9.466667  0.515562  0
9.493333  0.515111  0
9.520000  0.514660  0
9.546667  0.514209  0
9.573333  0.513758  0
9.600000  0.513307  0
9.626667  0.512856  0
9.653333  0.512405  0
9.680000  0.511954  0
9.706667  0.511503  0
9.733333  0.511052  0
9.760000  0.510601  0
9.786667  0.510150  0
9.813333  0.509699  0
9.840000  0.509256  0
9.866667  0.508850  0
9.893333  0.508534  0
9.920000  0.508319  0
9.946667  0.508154  0
9.973333  0.508000  0
10.000000  0.507847  0
10.026667  0.507694  0
10.053333  0.507540  0
10.080000  0.507387  0
10.106667  0.507234  0
10.133333  0.507081  0
10.160000  0.506927  0
10.186667  0.506774  0
10.213333  0.506621  0
10.240000  0.506468  0
10.266667  0.506314  0
10.293333  0.506161  0
10.320000  0.506008  0
10.346667  0.505855  0
10.373333  0.505701  0
10.400000  0.505548  0
10.426667  0.505395  0
10.453333  0.505242  0
10.480000  0.505088  0
10.506667  0.504935  0
10.533333  0.504782  0
10.560000  0.504629  0
10.586667  0.504475  0
10.613333  0.504322  0
10.640000  0.504169  0
10.666667  0.504016  0
10.693333  0.503862  0
10.720000  0.503709  0
10.746667  0.503556  0
10.773333  0.503403  0
10.800000  0.503249  0
10.826667  0.503096  0
10.853333  0.502943  0
10.880000  0.502790  0
10.906667  0.502636  0
10.933333  0.502483  0
10.960000  0.502330  0
10.986667  0.502177  0
11.013333  0.502023  0
11.040000  0.501870  0
11.066667  0.501717  0
11.093333  0.501563  0
11.120000  0.501410  0
11.146667  0.501257  0
11.173333  0.501104  0
11.200000  0.500950  0
11.226667  0.500797  0
11.253333  0.500644  0
11.280000  0.500491  0
11.306667  0.500337  0
11.333333  0.500184  0
11.360000  0.500031  0
11.386667  0.499878  0
11.413333  0.499724  0
11.440000  0.499571  0
11.466667  0.499418  0
11.493333  0.499265  0
11.520000  0.499111  0
11.546667  0.498958  0
11.573333  0.498805  0
11.600000  0.498652  0
11.626667  0.498498  0
11.653333  0.498345  0
11.680000  0.498192  0
11.706667  0.498039  0
11.733333  0.497885  0
11.760000  0.497732  0
11.786667  0.497579  0
11.813333  0.497426  0
11.840000  0.497272  0
11.866667  0.497119  0
11.893333  0.496966  0
11.920000  0.496813  0
11.946667  0.496659  0
11.973333  0.496506  0
12.000000  0.496353  0
12.026667  0.496199  0
12.053333  0.496046  0
12.080000  0.495893  0
12.106667  0.495740  0
12.133333  0.495586  0
12.160000  0.495433  0
12.186667  0.495280  0
12.213333  0.495127  0
12.240000  0.494973  0
12.266667  0.494820  0
12.293333  0.494667  0
12.320000  0.494514  0
12.346667  0.494360  0
12.373333  0.494207  0
12.400000  0.494054  0
12.426667  0.493901  0
12.453333  0.493747  0
12.480000  0.493594  0
12.506667  0.493441  0
12.533333  0.493288  0
12.560000  0.493134  0
12.586667  0.492981  0
12.613333  0.492828  0
12.640000  0.492675  0
12.666667  0.492521  0
12.693333  0.492368  0
12.720000  0.492215  0
12.746667  0.492062  0
12.773333  0.491908  0
12.800000  0.491755  0
12.826667  0.491602  0
12.853333  0.491449  0
12.880000  0.491295  0
12.906667  0.491142  0
12.933333  0.490989  0
12.960000  0.490835  0
12.986667  0.490682  0
13.013333  0.490529  0
13.040000  0.490376  0
13.066667  0.490222  0
13.093333  0.490069  0
13.120000  0.489916  0
13.146667  0.489763  0
13.173333  0.489609  0
13.200000  0.489456  0
13.226667  0.489303  0
13.253333  0.489150  0
13.280000  0.488996  0
13.306667  0.488843  0
13.333333  0.488690  0
13.360000  0.488535  0
13.386667  0.488372  0
13.413333  0.488194  0
13.440000  0.488004  0
13.466667  0.487807  0
13.493333  0.487610  0
13.520000  0.487413  0
13.546667  0.487215  0
13.573333  0.487018  0
13.600000  0.486821  0
13.626667  0.486623  0
13.653333  0.486426  0
13.680000  0.486229  0
13.706667  0.486032  0
13.733333  0.485834  0
13.760000  0.485637  0
13.786667  0.485440  0
13.813333  0.485242  0
13.840000  0.485045  0
13.866667  0.484848  0
13.893333  0.484650  0
13.920000  0.484453  0
13.946667  0.484256  0
13.973333  0.484058  0
14.000000  0.483861  0
14.026667  0.483664  0
14.053333  0.483466  0
14.080000  0.483269  0
14.106667  0.483072  0
14.133333  0.482874  0
14.160000  0.482677  0
14.186667  0.482480  0
14.213333  0.482282  0
14.240000  0.482085  0
14.266667  0.481888  0
14.293333  0.481691  0
14.320000  0.481493  0
14.346667  0.481296  0
14.373333  0.481099  0
14.400000  0.480901  0
14.426667  0.480704  0
14.453333  0.480507  0
14.480000  0.480309  0
14.506667  0.480112  0
14.533333  0.479915  0
14.560000  0.479717  0
14.586667  0.479520  0
14.613333  0.479323  0
14.640000  0.479125  0
14.666667  0.478928  0
14.693333  0.478731  0
14.720000  0.478533  0
14.746667  0.478336  0
14.773333  0.478139  0
14.800000  0.477941  0
14.826667  0.477744  0
14.853333  0.477547  0
14.880000  0.477350  0
14.906667  0.477152  0
14.933333  0.476955  0
14.960000  0.476758  0
14.986667  0.476560  0
15.013333  0.476363  0
15.040000  0.476166  0
15.066667  0.475968  0
15.093333  0.475771  0
15.120000  0.475574  0
15.146667  0.475376  0
15.173333  0.475179  0
15.200000  0.474982  0
15.226667  0.474784  0
15.253333  0.474587  0
15.280000  0.474390  0
15.306667  0.474192  0
15.333333  0.473995  0
15.360000  0.473798  0
15.386667  0.473600  0
15.413333  0.473403  0
15.440000  0.473206  0
15.466667  0.473009  0
15.493333  0.472811  0
15.520000  0.472615  0
15.546667  0.472430  0
19.813333  0.605053  1
19.840000  0.604778  1
19.866667  0.604503  1
19.893333  0.604227  1
19.920000  0.603952  1
19.946667  0.603677  1
19.973333  0.603402  1
20.000000  0.603126  1
20.026667  0.602851  1
20.053333  0.602576  1
20.080000  0.602301  1
20.106667  0.602025  1
20.133333  0.601750  1
20.160000  0.601475  1
20.186667  0.601200  1
20.213333  0.600924  1
20.240000  0.600649  1
20.266667  0.600374  1
20.293333  0.600098  1
20.320000  0.599823  1
20.346667  0.599548  1
20.373333  0.599273  1
20.400000  0.598997  1
20.426667  0.598722  1
20.453333  0.598447  1
20.480000  0.598172  1
20.506667  0.597896  1
20.533333  0.597621  1
20.560000  0.597346  1
20.586667  0.597071  1
20.613333  0.596795  1
20.640000  0.596520  1
20.666667  0.596245  1
20.693333  0.595969  1
20.720000  0.595694  1
20.746667  0.595419  1
20.773333  0.595144  1
20.800000  0.594868  1
20.826667  0.594593  1
20.853333  0.594318  1
20.880000  0.594043  1
20.906667  0.593767  1
20.933333  0.593492  1
20.960000  0.593217  1
20.986667  0.592942  1
21.013333  0.592666  1
21.040000  0.592391  1
21.066667  0.592116  1
21.093333  0.591840  1
21.120000  0.591565  1
21.146667  0.591290  1
21.173333  0.591015  1
21.200000  0.590739  1
21.226667  0.590464  1
21.253333  0.590189  1
21.280000  0.589914  1
21.306667  0.589638  1
21.333333  0.589363  1
21.360000  0.589088  1
21.386667  0.588813  1
21.413333  0.588537  1
21.440000  0.588262  1
21.466667  0.587987  1
21.493333  0.587711  1
21.520000  0.587436  1
21.546667  0.587161  1
21.573333  0.586886  1
21.600000  0.586610  1
21.626667  0.586335  1
21.653333  0.586060  1
21.680000  0.585785  1
21.706667  0.585509  1
21.733333  0.585234  1
21.760000  0.584959  1
21.786667  0.584684  1
21.813333  0.584408  1
21.840000  0.584133  1
21.866667  0.583858  1
21.893333  0.583582  1
21.920000  0.583307  1
21.946667  0.583032  1
21.973333  0.582757  1
22.000000  0.582481  1
22.026667  0.582206  1
22.053333  0.581931  1
22.080000  0.581656  1
22.106667  0.581380  1
22.133333  0.581105  1
22.160000  0.580830  1
22.186667  0.580555  1
22.213333  0.580279  1
22.240000  0.580004  1
22.266667  0.579729  1
22.293333  0.579454  1
22.320000  0.579178  1
22.346667  0.578903  1
22.373333  0.578628  1
22.400000  0.578352  1
22.426667  0.578077  1
22.453333  0.577802  1
22.480000  0.577527  1
22.506667  0.577251  1
22.533333  0.576976  1
22.560000  0.576701  1
22.586667  0.576426  1
22.613333  0.576150  1
22.640000  0.575875  1
22.666667  0.575600  1
22.693333  0.575325  1
22.720000  0.575049  1
22.746667  0.574774  1
22.773333  0.574499  1
22.800000  0.574223  1
22.826667  0.573948  1
22.853333  0.573673  1
22.880000  0.573398  1
22.906667  0.573122  1
22.933333  0.572847  1
22.960000  0.572572  1
22.986667  0.572297  1
23.013333  0.572021  1
23.040000  0.571746  1
23.066667  0.571471  1
23.093333  0.571196  1
23.120000  0.570920  1
23.146667  0.570645  1
23.173333  0.570370  1
23.200000  0.570094  1
23.226667  0.569819  1
23.253333  0.569544  1
23.280000  0.569269  1
23.306667  0.568993  1
23.333333  0.568718  1
23.360000  0.568443  1
23.386667  0.568168  1
23.413333  0.567892  1
23.440000  0.567617  1
23.466667  0.567342  1
23.493333  0.567067  1
23.520000  0.566791  1
23.546667  0.566516  1
23.573333  0.566241  1
23.600000  0.565965  1
23.626667  0.565690  1
23.653333  0.565415  1
23.680000  0.565140  1
24.373333  0.637717  2
24.400000  0.637471  2
24.426667  0.637226  2
24.453333  0.636980  2
24.480000  0.636735  2
24.506667  0.636489  2
24.533333  0.636244  2
24.560000  0.635998  2
24.586667  0.635753  2
24.613333  0.635507  2
24.640000  0.635262  2
24.666667  0.635016  2
24.693333  0.634771  2
24.720000  0.634525  2
24.746667  0.634280  2
24.773333  0.634034  2
24.800000  0.633789  2
24.826667  0.633543  2
24.853333  0.633298  2
24.880000  0.633052  2
24.906667  0.632807  2
24.933333  0.632561  2
24.960000  0.632316  2
24.986667  0.632070  2
25.013333  0.631825  2
25.040000  0.631579  2
25.066667  0.631334  2
25.093333  0.631088  2
25.120000  0.630843  2
25.146667  0.630597  2
25.173333  0.630352  2
25.200000  0.630106  2
25.226667  0.629861  2
25.253333  0.629615  2
25.280000  0.629370  2
25.306667  0.629124  2
25.333333  0.628879  2
25.360000  0.628633  2
25.386667  0.628388  2
25.413333  0.628142  2
25.440000  0.627897  2
25.466667  0.627651  2
25.493333  0.627406  2
25.520000  0.627160  2
25.546667  0.626915  2
25.573333  0.626669  2
25.600000  0.626424  2
25.626667  0.626178  2
25.653333  0.625933  2
25.680000  0.625687  2
25.706667  0.625442  2
25.733333  0.625196  2
25.760000  0.624951  2
25.786667  0.624705  2
25.813333  0.624460  2
25.840000  0.624214  2
25.866667  0.623969  2
25.893333  0.623723  2
25.920000  0.623478  2
25.946667  0.623232  2
25.973333  0.622987  2
26.000000  0.622741  2
26.026667  0.622496  2
26.053333  0.622250  2
26.080000  0.622005  2
26.106667  0.621759  2
26.133333  0.621514  2
26.160000  0.621268  2
26.186667  0.621023  2
26.213333  0.620777  2
26.240000  0.620532  2
26.266667  0.620286  2
26.293333  0.620041  2
26.320000  0.619795  2
26.346667  0.619550  2
26.373333  0.619304  2
26.400000  0.619059  2
26.426667  0.618813  2
26.453333  0.618568  2
26.480000  0.618322  2
26.506667  0.618077  2
26.533333  0.617831  2
26.560000  0.617586  2
26.586667  0.617341  2
26.613333  0.617095  2
26.640000  0.616850  2
26.666667  0.616604  2
26.693333  0.616359  2
26.720000  0.616113  2
26.746667  0.615868  2
26.773333  0.615622  2
26.800000  0.615377  2
26.826667  0.615131  2
26.853333  0.614886  2
26.880000  0.614640  2
26.906667  0.614395  2
26.933333  0.614149  2
26.960000  0.613904  2
26.986667  0.613658  2
27.013333  0.613413  2
27.040000  0.613167  2
27.066667  0.612922  2
27.093333  0.612676  2
27.120000  0.612431  2
27.146667  0.612185  2
27.173333  0.611940  2
27.200000  0.611694  2
27.226667  0.611449  2
27.253333  0.611203  2
27.280000  0.610958  2
27.306667  0.610712  2
27.333333  0.610467  2
27.360000  0.610221  2
27.386667  0.609976  2
27.413333  0.609730  2
27.440000  0.609485  2
27.466667  0.609239  2
27.493333  0.608994  2
27.520000  0.608748  2
27.546667  0.608503  2
27.573333  0.608257  2
27.600000  0.608012  2
27.626667  0.607766  2
27.653333  0.607521  2
27.680000  0.607275  2
27.706667  0.607030  2
27.733333  0.606784  2
27.760000  0.606539  2
27.786667  0.606293  2
27.813333  0.606048  2
27.840000  0.605802  2
27.866667  0.605557  2
27.893333  0.605311  2
27.920000  0.605066  2
27.946667  0.604820  2
27.973333  0.604575  2
28.000000  0.604329  2
28.026667  0.604084  2
28.053333  0.603838  2
28.080000  0.603593  2
28.106667  0.603347  2
28.133333  0.603102  2
28.160000  0.602856  2
28.186667  0.602611  2
28.213333  0.602365  2
28.240000  0.602120  2
28.266667  0.601874  2
28.293333  0.601629  2
28.320000  0.601383  2
28.346667  0.601138  2
28.373333  0.600892  2
28.400000  0.600647  2
28.426667  0.600401  2
28.453333  0.600156  2
28.480000  0.599910  2
28.506667  0.599665  2
28.533333  0.599419  2
28.560000  0.599174  2
28.586667  0.598928  2
28.613333  0.598683  2
28.640000  0.598437  2
28.666667  0.598192  2
28.693333  0.597946  2
28.720000  0.597701  2
28.746667  0.597455  2
28.773333  0.597210  2
28.800000  0.596964  2
28.826667  0.596719  2
28.853333  0.596473  2
28.880000  0.596228  2
28.906667  0.595982  2
28.933333  0.595737  2
28.960000  0.595491  2
28.986667  0.595246  2
29.013333  0.595000  2
29.040000  0.594755  2
29.066667  0.594509  2
29.093333  0.594264  2
29.120000  0.594018  2
29.146667  0.593773  2
29.173333  0.593527  2
29.200000  0.593282  2
29.226667  0.593036  2
29.253333  0.592791  2
29.280000  0.592545  2
29.306667  0.592300  2
29.333333  0.592054  2
29.360000  0.591809  2
29.386667  0.591563  2
29.413333  0.591318  2
29.440000  0.591072  2
29.466667  0.590827  2
29.493333  0.590581  2
29.520000  0.590336  2
29.546667  0.590090  2
29.573333  0.589845  2
29.600000  0.589599  2
29.626667  0.589354  2
29.653333  0.589108  2
29.680000  0.588863  2
29.706667  0.588617  2
29.733333  0.588372  2
29.760000  0.588126  2
29.786667  0.587881  2
29.813333  0.587635  2
29.840000  0.587390  2
29.866667  0.587144  2
29.893333  0.586899  2
29.920000  0.586653  2
29.946667  0.586408  2
29.973333  0.586162  2
30.000000  0.585917  2
30.026667  0.585671  2
30.053333  0.585426  2
30.080000  0.585180  2
30.106667  0.584935  2
30.133333  0.584689  2
30.160000  0.584444  2
30.186667  0.584198  2
30.213333  0.583953  2
30.240000  0.583707  2
30.266667  0.583462  2
30.293333  0.583216  2
30.320000  0.582971  2
30.346667  0.582725  2
30.373333  0.582480  2
30.400000  0.582234  2
30.426667  0.581989  2
30.453333  0.581743  2
30.480000  0.581498  2
30.506667  0.581252  2
