3.360000  0.838764  0
3.386667  0.837302  0
3.413333  0.834897  0
3.440000  0.832103  0
3.466667  0.829207  0
3.493333  0.826295  0
3.520000  0.823381  0
3.546667  0.820466  0
3.573333  0.817552  0
3.600000  0.814638  0
3.626667  0.811724  0
3.653333  0.808809  0
3.680000  0.805895  0
3.706667  0.802981  0
3.733333  0.800067  0
3.760000  0.797152  0
3.786667  0.794238  0
3.813333  0.791324  0
3.840000  0.788410  0
3.866667  0.785495  0
3.893333  0.782581  0
3.920000  0.779667  0
3.946667  0.776753  0
3.973333  0.773838  0
4.000000  0.770924  0
4.026667  0.768010  0
4.053333  0.765096  0
4.080000  0.762182  0
4.106667  0.759268  0
4.133333  0.756358  0
4.160000  0.753475  0
4.186667  0.750683  0
4.213333  0.748102  0
4.240000  0.745818  0
4.266667  0.743801  0
4.293333  0.741939  0
4.320000  0.740134  0
4.346667  0.738342  0
4.373333  0.736553  0
4.400000  0.734764  0
4.426667  0.732975  0
4.453333  0.731186  0
4.480000  0.729397  0
4.506667  0.727608  0
4.533333  0.725819  0
4.560000  0.724030  0
4.586667  0.722241  0
4.613333  0.720452  0
4.640000  0.718663  0
4.666667  0.716874  0
4.693333  0.715085  0
4.720000  0.713296  0
4.746667  0.711507  0
4.773333  0.709718  0
4.800000  0.707929  0
4.826667  0.706140  0
4.853333  0.704351  0
4.880000  0.702562  0
4.906667  0.700773  0
4.933333  0.698983  0
4.960000  0.697194  0
4.986667  0.695405  0
5.013333  0.693616  0
5.040000  0.691827  0
5.066667  0.690038  0
5.093333  0.688249  0
5.120000  0.686460  0
5.146667  0.684671  0
5.173333  0.682882  0
5.200000  0.681093  0
5.226667  0.679304  0
5.253333  0.677515  0
5.280000  0.675726  0
5.306667  0.673937  0
5.333333  0.672148  0
5.360000  0.670359  0
5.386667  0.668570  0
5.413333  0.666781  0
5.440000  0.664992  0
5.466667  0.663203  0
5.493333  0.661414  0
5.520000  0.659625  0
5.546667  0.657836  0
5.573333  0.656047  0
5.600000  0.654258  0
5.626667  0.652469  0
5.653333  0.650680  0
5.680000  0.648891  0
5.706667  0.647102  0
5.733333  0.645313  0
5.760000  0.643524  0
5.786667  0.641735  0
5.813333  0.639946  0
5.840000  0.638157  0
5.866667  0.636368  0
5.893333  0.634579  0
5.920000  0.632790  0
5.946667  0.631001  0
5.973333  0.629212  0
6.000000  0.627423  0
6.026667  0.625634  0
6.053333  0.623845  0
6.080000  0.622056  0
6.106667  0.620267  0
6.133333  0.618478  0
6.160000  0.616689  0
6.186667  0.614905  0
6.213333  0.613143  0
6.240000  0.611461  0
6.266667  0.609949  0
6.293333  0.608657  0
6.320000  0.607541  0
6.346667  0.606510  0
6.373333  0.605504  0
6.400000  0.604502  0
6.426667  0.603501  0
6.453333  0.602500  0
6.480000  0.601498  0
6.506667  0.600497  0
6.533333  0.599496  0
6.560000  0.598495  0
6.586667  0.597494  0
6.613333  0.596493  0
6.640000  0.595492  0
6.666667  0.594491  0
6.693333  0.593490  0
6.720000  0.592489  0
6.746667  0.591488  0
6.773333  0.590487  0
6.800000  0.589486  0
6.826667  0.588485  0
6.853333  0.587484  0
6.880000  0.586483  0
6.906667  0.585482  0
6.933333  0.584481  0
6.960000  0.583480  0
6.986667  0.582479  0
7.013333  0.581478  0
7.040000  0.580477  0
7.066667  0.579476  0
7.093333  0.578475  0
7.120000  0.577474  0
7.146667  0.576473  0
7.173333  0.575472  0
7.200000  0.574471  0
7.226667  0.573470  0
7.253333  0.572469  0
7.280000  0.571468  0
7.306667  0.570467  0
7.333333  0.569466  0
7.360000  0.568465  0
7.386667  0.567463  0
7.413333  0.566462  0
7.440000  0.565461  0
7.466667  0.564460  0
7.493333  0.563459  0
7.520000  0.562458  0
7.546667  0.561457  0
7.573333  0.560457  0
7.600000  0.559464  0
7.626667  0.558497  0
7.653333  0.557590  0
7.680000  0.556776  0
7.706667  0.556055  0
7.733333  0.555392  0
7.760000  0.554753  0
7.786667  0.554120  0
7.813333  0.553489  0
7.840000  0.552858  0
7.866667  0.552226  0
7.893333  0.551595  0
7.920000  0.550963  0
7.946667  0.550332  0
7.973333  0.549700  0
8.000000  0.549069  0
8.026667  0.548438  0
8.053333  0.547806  0
8.080000  0.547175  0
8.106667  0.546543  0
8.133333  0.545912  0
8.160000  0.545281  0
8.186667  0.544649  0
8.213333  0.544018  0
8.240000  0.543386  0
8.266667  0.542755  0
8.293333  0.542123  0
8.320000  0.541492  0
8.346667  0.540861  0
8.373333  0.540229  0
8.400000  0.539598  0
8.426667  0.538966  0
8.453333  0.538335  0
8.480000  0.537704  0
8.506667  0.537072  0
8.533333  0.536441  0
8.560000  0.535809  0
8.586667  0.535178  0
8.613333  0.534546  0
8.640000  0.533915  0
8.666667  0.533284  0
8.693333  0.532652  0
8.720000  0.532021  0
8.746667  0.531389  0
8.773333  0.530758  0
8.800000  0.530126  0
8.826667  0.529495  0
8.853333  0.528864  0
8.880000  0.528232  0
8.906667  0.527601  0
8.933333  0.526970  0
8.960000  0.526344  0
8.986667  0.525737  0
9.013333  0.525178  0
9.040000  0.524699  0
9.066667  0.524306  0
9.093333  0.523971  0
9.120000  0.523662  0
9.146667  0.523360  0
9.173333  0.523060  0
9.200000  0.522759  0
9.226667  0.522458  0
9.253333  0.522158  0
9.280000  0.521857  0
9.306667  0.521556  0
9.333333  0.521256  0
9.360000  0.520955  0
9.386667  0.520654  0
9.413333  0.520354  0
9.440000  0.520053  0
9.466667  0.519752  0
9.493333  0.519452  0
9.520000  0.519151  0
9.546667  0.518850  0
9.573333  0.518550  0
9.600000  0.518249  0
9.626667  0.517948  0
9.653333  0.517648  0
9.680000  0.517347  0
9.706667  0.517046  0
9.733333  0.516746  0
9.760000  0.516445  0
9.786667  0.516144  0
9.813333  0.515844  0
9.840000  0.515543  0
9.866667  0.515242  0
9.893333  0.514942  0
9.920000  0.514641  0
9.946667  0.514340  0
9.973333  0.514039  0
10.000000  0.513739  0
10.026667  0.513438  0
10.053333  0.513137  0
10.080000  0.512837  0
10.106667  0.512536  0
10.133333  0.512235  0
10.160000  0.511935  0
10.186667  0.511634  0
10.213333  0.511333  0
10.240000  0.511033  0
10.266667  0.510732  0
10.293333  0.510431  0
10.320000  0.510131  0
10.346667  0.509830  0
10.373333  0.509530  0
10.400000  0.509233  0
10.426667  0.508950  0
10.453333  0.508698  0
10.480000  0.508490  0
10.506667  0.508323  0
10.533333  0.508182  0
10.560000  0.508050  0
10.586667  0.507921  0
10.613333  0.507792  0
10.640000  0.507663  0
10.666667  0.507534  0
10.693333  0.507406  0
10.720000  0.507277  0
10.746667  0.507148  0
10.773333  0.507019  0
10.800000  0.506890  0
10.826667  0.506761  0
10.853333  0.506632  0
10.880000  0.506504  0
10.906667  0.506375  0
10.933333  0.506246  0
10.960000  0.506117  0
10.986667  0.505988  0
11.013333  0.505859  0
11.040000  0.505730  0
11.066667  0.505602  0
11.093333  0.505473  0
11.120000  0.505344  0
11.146667  0.505215  0
11.173333  0.505086  0
11.200000  0.504957  0
11.226667  0.504828  0
11.253333  0.504700  0
11.280000  0.504571  0
11.306667  0.504442  0
11.333333  0.504313  0
11.360000  0.504184  0
11.386667  0.504055  0
11.413333  0.503926  0
11.440000  0.503797  0
11.466667  0.503669  0
11.493333  0.503540  0
11.520000  0.503411  0
11.546667  0.503282  0
11.573333  0.503153  0
11.600000  0.503024  0
11.626667  0.502895  0
11.653333  0.502767  0
11.680000  0.502638  0
11.706667  0.502509  0
11.733333  0.502380  0
11.760000  0.502251  0
11.786667  0.502122  0
11.813333  0.501993  0
11.840000  0.501865  0
11.866667  0.501736  0
11.893333  0.501607  0
11.920000  0.501478  0
11.946667  0.501349  0
11.973333  0.501220  0
12.000000  0.501091  0
12.026667  0.500963  0
12.053333  0.500834  0
12.080000  0.500703  0
12.106667  0.500568  0
12.133333  0.500424  0
12.160000  0.500267  0
12.186667  0.500100  0
12.213333  0.499929  0
12.240000  0.499757  0
12.266667  0.499584  0
12.293333  0.499411  0
12.320000  0.499238  0
12.346667  0.499065  0
12.373333  0.498892  0
12.400000  0.498719  0
12.426667  0.498546  0
12.453333  0.498373  0
12.480000  0.498200  0
12.506667  0.498027  0
12.533333  0.497854  0
12.560000  0.497681  0
12.586667  0.497508  0
12.613333  0.497335  0
12.640000  0.497162  0
12.666667  0.496989  0
12.693333  0.496816  0
12.720000  0.496643  0
12.746667  0.496470  0
12.773333  0.496297  0
12.800000  0.496124  0
12.826667  0.495951  0
12.853333  0.495778  0
12.880000  0.495605  0
12.906667  0.495432  0
12.933333  0.495259  0
12.960000  0.495086  0
12.986667  0.494913  0
13.013333  0.494740  0
13.040000  0.494567  0
13.066667  0.494394  0
13.093333  0.494221  0
13.120000  0.494048  0
13.146667  0.493875  0
13.173333  0.493702  0
13.200000  0.493529  0
13.226667  0.493356  0
13.253333  0.493183  0
13.280000  0.493010  0
13.306667  0.492837  0
13.333333  0.492664  0
13.360000  0.492491  0
13.386667  0.492318  0
13.413333  0.492145  0
13.440000  0.491972  0
13.466667  0.491799  0
13.493333  0.491626  0
13.520000  0.491453  0
13.546667  0.491280  0
13.573333  0.491107  0
13.600000  0.490934  0
13.626667  0.490761  0
13.653333  0.490588  0
13.680000  0.490415  0
13.706667  0.490242  0
13.733333  0.490069  0
13.760000  0.489896  0
13.786667  0.489723  0
13.813333  0.489550  0
13.840000  0.489377  0
13.866667  0.489204  0
13.893333  0.489031  0
13.920000  0.488858  0
13.946667  0.488685  0
13.973333  0.488512  0
14.000000  0.488339  0
14.026667  0.488166  0
14.053333  0.487993  0
14.080000  0.487820  0
14.106667  0.487647  0
14.133333  0.487474  0
14.160000  0.487301  0
14.186667  0.487128  0
14.213333  0.486955  0
14.240000  0.486782  0
14.266667  0.486609  0
14.293333  0.486436  0
14.320000  0.486263  0
14.346667  0.486090  0
14.373333  0.485917  0
14.400000  0.485744  0
14.426667  0.485571  0
14.453333  0.485398  0
14.480000  0.485225  0
14.506667  0.485052  0
14.533333  0.484880  0
14.560000  0.484710  0
14.586667  0.484549  0
14.613333  0.484410  0
14.640000  0.484304  0
14.666667  0.484228  0
14.693333  0.484172  0
14.720000  0.484124  0
14.746667  0.484077  0
14.773333  0.484030  0
14.800000  0.483984  0
14.826667  0.483937  0
14.853333  0.483891  0
14.880000  0.483844  0
14.906667  0.483798  0
14.933333  0.483752  0
14.960000  0.483705  0
14.986667  0.483659  0
15.013333  0.483612  0
15.040000  0.483566  0
15.066667  0.483519  0
15.093333  0.483473  0
15.120000  0.483427  0
15.146667  0.483380  0
15.173333  0.483334  0
15.200000  0.483287  0
15.226667  0.483241  0
15.253333  0.483194  0
15.280000  0.483148  0
15.306667  0.483102  0
15.333333  0.483055  0
15.360000  0.483009  0
15.386667  0.482962  0
15.413333  0.482916  0
15.440000  0.482869  0
15.466667  0.482823  0
15.493333  0.482777  0
15.520000  0.482730  0
15.546667  0.482684  0
15.573333  0.482637  0
15.600000  0.482591  0
15.626667  0.482544  0
15.653333  0.482498  0
15.680000  0.482452  0
15.706667  0.482405  0
15.733333  0.482359  0
15.760000  0.482312  0
15.786667  0.482266  0
15.813333  0.482219  0
15.840000  0.482173  0
15.866667  0.482127  0
15.893333  0.482080  0
15.920000  0.482034  0
15.946667  0.481987  0
15.973333  0.481941  0
16.000000  0.481894  0
16.026667  0.481848  0
16.053333  0.481802  0
16.080000  0.481755  0
16.106667  0.481709  0
16.133333  0.481662  0
16.160000  0.481616  0
16.186667  0.481569  0
16.213333  0.481523  0
16.240000  0.481477  0
16.266667  0.481430  0
16.293333  0.481384  0
16.320000  0.481337  0
16.346667  0.481291  0
16.373333  0.481244  0
16.400000  0.481198  0
16.426667  0.481152  0
16.453333  0.481105  0
16.480000  0.481059  0
16.506667  0.481012  0
16.533333  0.480966  0
16.560000  0.480919  0
16.586667  0.480873  0
16.613333  0.480827  0
16.640000  0.480780  0
16.666667  0.480734  0
16.693333  0.480687  0
16.720000  0.480641  0
16.746667  0.480594  0
16.773333  0.480548  0
16.800000  0.480502  0
16.826667  0.480455  0
16.853333  0.480409  0
16.880000  0.480367  0
16.906667  0.480338  0
7.093333  0.859607  1
7.120000  0.858863  1
7.146667  0.858119  1
7.173333  0.857375  1
7.200000  0.856631  1
7.226667  0.855887  1
7.253333  0.855143  1
7.280000  0.854399  1
7.306667  0.853655  1
7.333333  0.852911  1
7.360000  0.852167  1
7.386667  0.851423  1
7.413333  0.850679  1
7.440000  0.849935  1
7.466667  0.849191  1
7.493333  0.848447  1
7.520000  0.847703  1
7.546667  0.846959  1
7.573333  0.846215  1
7.600000  0.845471  1
7.626667  0.844727  1
7.653333  0.843983  1
7.680000  0.843239  1
7.706667  0.842495  1
7.733333  0.841751  1
7.760000  0.841007  1
7.786667  0.840263  1
7.813333  0.839519  1
7.840000  0.838775  1
7.866667  0.838031  1
7.893333  0.837287  1
7.920000  0.836543  1
7.946667  0.835799  1
7.973333  0.835055  1
8.000000  0.834311  1
8.026667  0.833567  1
8.053333  0.832823  1
8.080000  0.832079  1
8.106667  0.831335  1
8.133333  0.830591  1
8.160000  0.829847  1
8.186667  0.829103  1
8.213333  0.828359  1
8.240000  0.827615  1
8.266667  0.826871  1
8.293333  0.826127  1
8.320000  0.825383  1
8.346667  0.824639  1
8.373333  0.823895  1
8.400000  0.823151  1
8.426667  0.822407  1
8.453333  0.821663  1
8.480000  0.820919  1
8.506667  0.820175  1
8.533333  0.819431  1
8.560000  0.818687  1
8.586667  0.817943  1
8.613333  0.817199  1
8.640000  0.816455  1
8.666667  0.815711  1
8.693333  0.814967  1
8.720000  0.814223  1
8.746667  0.813479  1
8.773333  0.812735  1
8.800000  0.811991  1
8.826667  0.811247  1
8.853333  0.810503  1
8.880000  0.809759  1
8.906667  0.809015  1
8.933333  0.808271  1
8.960000  0.807527  1
8.986667  0.806783  1
9.013333  0.806039  1
9.040000  0.805295  1
9.066667  0.804551  1
9.093333  0.803807  1
9.120000  0.803063  1
9.146667  0.802319  1
9.173333  0.801575  1
9.200000  0.800831  1
9.226667  0.800087  1
9.253333  0.799343  1
9.280000  0.798599  1
9.306667  0.797855  1
9.333333  0.797111  1
9.360000  0.796367  1
9.386667  0.795623  1
9.413333  0.794879  1
9.440000  0.794135  1
9.466667  0.793391  1
9.493333  0.792647  1
9.520000  0.791903  1
9.546667  0.791159  1
9.573333  0.790415  1
9.600000  0.789670  1
9.626667  0.788926  1
9.653333  0.788182  1
9.680000  0.787438  1
9.706667  0.786694  1
9.733333  0.785950  1
9.760000  0.785206  1
9.786667  0.784462  1
9.813333  0.783718  1
9.840000  0.782974  1
9.866667  0.782230  1
9.893333  0.781486  1
9.920000  0.780742  1
9.946667  0.779998  1
9.973333  0.779254  1
10.000000  0.778510  1
10.026667  0.777766  1
10.053333  0.777022  1
10.080000  0.776278  1
10.106667  0.775534  1
10.133333  0.774790  1
10.160000  0.774046  1
10.186667  0.773302  1
10.213333  0.772558  1
10.240000  0.771814  1
10.266667  0.771070  1
10.293333  0.770566  1
10.320000  0.770086  1
10.346667  0.769607  1
10.373333  0.769127  1
10.400000  0.768647  1
10.426667  0.768167  1
10.453333  0.767687  1
10.480000  0.767207  1
10.506667  0.766727  1
10.533333  0.766248  1
10.560000  0.765768  1
10.586667  0.765288  1
10.613333  0.764808  1
10.640000  0.764328  1
10.666667  0.763848  1
10.693333  0.763368  1
10.720000  0.762889  1
10.746667  0.762409  1
10.773333  0.761929  1
10.800000  0.761449  1
10.826667  0.760969  1
10.853333  0.760489  1
10.880000  0.760009  1
10.906667  0.759530  1
10.933333  0.759050  1
10.960000  0.758570  1
10.986667  0.758090  1
11.013333  0.757610  1
11.040000  0.757130  1
11.066667  0.756650  1
11.093333  0.756171  1
11.120000  0.755691  1
11.146667  0.755211  1
11.173333  0.754731  1
11.200000  0.754251  1
11.226667  0.753771  1
11.253333  0.753291  1
11.280000  0.752812  1
11.306667  0.752332  1
11.333333  0.751852  1
11.360000  0.751372  1
11.386667  0.750892  1
11.413333  0.750412  1
11.440000  0.749932  1
11.466667  0.749453  1
11.493333  0.748973  1
11.520000  0.748493  1
11.546667  0.748013  1
11.573333  0.747533  1
11.600000  0.747053  1
11.626667  0.746573  1
11.653333  0.746094  1
11.680000  0.745614  1
11.706667  0.745134  1
11.733333  0.744654  1
11.760000  0.744174  1
11.786667  0.743694  1
11.813333  0.743214  1
11.840000  0.742735  1
11.866667  0.742255  1
11.893333  0.741775  1
11.920000  0.741295  1
11.946667  0.740815  1
11.973333  0.740335  1
12.000000  0.739855  1
12.026667  0.739376  1
12.053333  0.738896  1
12.080000  0.738416  1
12.106667  0.737936  1
12.133333  0.737456  1
12.160000  0.736976  1
12.186667  0.736496  1
12.213333  0.736017  1
12.240000  0.735537  1
12.266667  0.735057  1
12.293333  0.734577  1
12.320000  0.734097  1
12.346667  0.733617  1
12.373333  0.733137  1
12.400000  0.732658  1
12.426667  0.732178  1
12.453333  0.731698  1
12.480000  0.731218  1
12.506667  0.730738  1
12.533333  0.730258  1
12.560000  0.729778  1
12.586667  0.729299  1
12.613333  0.728819  1
12.640000  0.728339  1
12.666667  0.727859  1
12.693333  0.727379  1
12.720000  0.726899  1
12.746667  0.726419  1
12.773333  0.725940  1
12.800000  0.725460  1
12.826667  0.724980  1
12.853333  0.724500  1
12.880000  0.724020  1
12.906667  0.723540  1
12.933333  0.723060  1
12.960000  0.722581  1
12.986667  0.722101  1
13.013333  0.721621  1
13.040000  0.721141  1
13.066667  0.720661  1
13.093333  0.720181  1
13.120000  0.719701  1
13.146667  0.719222  1
13.173333  0.718742  1
13.200000  0.718262  1
13.226667  0.717782  1
13.253333  0.717302  1
13.280000  0.716822  1
13.306667  0.716342  1
13.333333  0.715863  1
13.360000  0.715383  1
13.386667  0.714903  1
13.413333  0.714423  1
13.440000  0.713943  1
13.466667  0.713463  1
13.493333  0.712983  1
13.520000  0.712504  1
13.546667  0.712024  1
13.573333  0.711544  1
13.600000  0.711064  1
13.626667  0.710584  1
13.653333  0.710104  1
13.680000  0.709624  1
13.706667  0.709145  1
13.733333  0.708665  1
13.760000  0.708185  1
13.786667  0.707705  1
13.813333  0.707225  1
13.840000  0.706745  1
13.866667  0.706265  1
13.893333  0.705786  1
13.920000  0.705306  1
13.946667  0.704826  1
13.973333  0.704346  1
14.000000  0.703866  1
14.026667  0.703386  1
14.053333  0.702906  1
14.080000  0.702427  1
14.106667  0.701947  1
14.133333  0.701467  1
14.160000  0.700987  1
14.186667  0.700507  1
14.213333  0.700027  1
14.240000  0.699547  1
14.266667  0.699068  1
14.293333  0.698588  1
14.320000  0.698108  1
14.346667  0.697628  1
14.373333  0.697148  1
14.400000  0.696668  1
14.426667  0.696188  1
14.453333  0.695709  1
14.480000  0.695229  1
14.506667  0.694749  1
14.533333  0.694269  1
14.560000  0.693789  1
14.586667  0.693309  1
14.613333  0.692829  1
14.640000  0.692350  1
14.666667  0.691870  1
14.693333  0.691390  1
14.720000  0.690910  1
14.746667  0.690430  1
14.773333  0.689950  1
14.800000  0.689470  1
14.826667  0.688991  1
14.853333  0.688511  1
14.880000  0.688031  1
14.906667  0.687551  1
14.933333  0.687071  1
14.960000  0.686591  1
14.986667  0.686111  1
15.013333  0.685632  1
15.040000  0.685152  1
15.066667  0.684672  1
15.093333  0.684192  1
15.120000  0.683712  1
15.146667  0.683232  1
15.173333  0.682752  1
15.200000  0.682273  1
15.226667  0.681793  1
15.253333  0.681313  1
15.280000  0.680833  1
15.306667  0.680353  1
15.333333  0.679873  1
15.360000  0.679393  1
15.386667  0.678914  1
15.413333  0.678434  1
15.440000  0.677954  1
15.466667  0.677474  1
15.493333  0.676994  1
15.520000  0.676514  1
15.546667  0.676035  1
15.573333  0.675555  1
15.600000  0.675075  1
15.626667  0.674595  1
15.653333  0.674115  1
15.680000  0.673635  1
15.706667  0.673155  1
15.733333  0.672676  1
15.760000  0.672196  1
15.786667  0.671716  1
15.813333  0.671236  1
15.840000  0.670756  1
15.866667  0.670276  1
15.893333  0.669796  1
15.920000  0.669317  1
15.946667  0.668837  1
15.973333  0.668357  1
16.000000  0.667877  1
16.026667  0.667397  1
16.053333  0.666917  1
16.080000  0.666437  1
16.106667  0.665958  1
16.133333  0.665478  1
16.160000  0.664998  1
16.186667  0.664518  1
16.213333  0.664038  1
16.240000  0.663558  1
16.266667  0.663078  1
16.293333  0.662599  1
16.320000  0.662119  1
16.346667  0.661639  1
16.373333  0.661159  1
16.400000  0.660679  1
16.426667  0.660199  1
16.453333  0.659719  1
16.480000  0.659240  1
16.506667  0.658760  1
16.533333  0.658280  1
16.560000  0.657800  1
16.586667  0.657320  1
16.613333  0.656840  1
16.640000  0.656360  1
16.666667  0.655881  1
16.693333  0.655401  1
16.720000  0.654921  1
16.746667  0.654441  1
16.773333  0.653961  1
16.800000  0.653481  1
16.826667  0.653001  1
16.853333  0.652522  1
16.880000  0.652042  1
16.906667  0.651562  1
16.933333  0.651082  1
16.960000  0.650602  1
16.986667  0.650122  1
17.013333  0.649713  1
17.040000  0.649391  1
17.066667  0.649070  1
17.093333  0.648748  1
17.120000  0.648427  1
17.146667  0.648105  1
17.173333  0.647784  1
17.200000  0.647463  1
17.226667  0.647141  1
17.253333  0.646820  1
17.280000  0.646498  1
17.306667  0.646177  1
17.333333  0.645855  1
17.360000  0.645534  1
17.386667  0.645212  1
17.413333  0.644891  1
17.440000  0.644569  1
17.466667  0.644248  1
17.493333  0.643926  1
17.520000  0.643605  1
17.546667  0.643283  1
17.573333  0.642962  1
17.600000  0.642640  1
17.626667  0.642319  1
17.653333  0.641997  1
17.680000  0.641676  1
17.706667  0.641354  1
17.733333  0.641033  1
17.760000  0.640711  1
17.786667  0.640390  1
17.813333  0.640068  1
17.840000  0.639747  1
17.866667  0.639425  1
17.893333  0.639104  1
17.920000  0.638782  1
17.946667  0.638461  1
17.973333  0.638139  1
18.000000  0.637818  1
18.026667  0.637496  1
18.053333  0.637175  1
18.080000  0.636854  1
18.106667  0.636532  1
18.133333  0.636211  1
18.160000  0.635889  1
18.186667  0.635568  1
18.213333  0.635246  1
18.240000  0.634925  1
18.266667  0.634603  1
18.293333  0.634282  1
18.320000  0.633960  1
18.346667  0.633639  1
18.373333  0.633317  1
18.400000  0.632996  1
18.426667  0.632674  1
18.453333  0.632353  1
18.480000  0.632031  1
18.506667  0.631710  1
18.533333  0.631388  1
18.560000  0.631067  1
18.586667  0.630745  1
18.613333  0.630424  1
18.640000  0.630102  1
18.666667  0.629781  1
18.693333  0.629459  1
18.720000  0.629138  1
18.746667  0.628816  1
18.773333  0.628495  1
18.800000  0.628173  1
18.826667  0.627852  1
18.853333  0.627530  1
18.880000  0.627209  1
18.906667  0.626888  1
18.933333  0.626566  1
18.960000  0.626245  1
18.986667  0.625923  1
19.013333  0.625602  1
19.040000  0.625280  1
19.066667  0.624959  1
19.093333  0.624637  1
19.120000  0.624316  1
19.146667  0.623994  1
19.173333  0.623673  1
19.200000  0.623351  1
19.226667  0.623030  1
19.253333  0.622708  1
19.280000  0.622387  1
19.306667  0.622065  1
19.333333  0.621744  1
19.360000  0.621422  1
19.386667  0.621101  1
19.413333  0.620779  1
19.440000  0.620458  1
19.466667  0.620136  1
19.493333  0.619815  1
19.520000  0.619493  1
19.546667  0.619172  1
19.573333  0.618850  1
19.600000  0.618529  1
19.626667  0.618207  1
19.653333  0.617886  1
19.680000  0.617564  1
19.706667  0.617243  1
19.733333  0.616921  1
19.760000  0.616600  1
19.786667  0.616279  1
19.813333  0.615957  1
19.840000  0.615636  1
19.866667  0.615314  1
19.893333  0.614993  1
19.920000  0.614671  1
19.946667  0.614350  1
19.973333  0.614028  1
20.000000  0.613707  1
20.026667  0.613385  1
20.053333  0.613064  1
20.080000  0.612742  1
20.106667  0.612421  1
20.133333  0.612099  1
20.160000  0.611778  1
20.186667  0.611456  1
20.213333  0.611135  1
20.240000  0.610813  1
20.266667  0.610492  1
20.293333  0.610170  1
20.320000  0.609849  1
20.346667  0.609527  1
20.373333  0.609206  1
20.400000  0.608884  1
20.426667  0.608563  1
20.453333  0.608241  1
20.480000  0.607920  1
20.506667  0.607598  1
20.533333  0.607277  1
20.560000  0.606955  1
20.586667  0.606634  1
20.613333  0.606313  1
20.640000  0.605991  1
20.666667  0.605670  1
20.693333  0.605388  1
20.720000  0.605214  1
20.746667  0.605039  1
20.773333  0.604865  1
20.800000  0.604690  1
20.826667  0.604516  1
20.853333  0.604342  1
20.880000  0.604167  1
20.906667  0.603993  1
20.933333  0.603818  1
20.960000  0.603644  1
20.986667  0.603469  1
21.013333  0.603295  1
21.040000  0.603121  1
21.066667  0.602946  1
21.093333  0.602772  1
21.120000  0.602597  1
21.146667  0.602423  1
21.173333  0.602248  1
21.200000  0.602074  1
21.226667  0.601900  1
21.253333  0.601725  1
21.280000  0.601551  1
21.306667  0.601376  1
21.333333  0.601202  1
21.360000  0.601027  1
21.386667  0.600853  1
21.413333  0.600679  1
21.440000  0.600504  1
21.466667  0.600330  1
21.493333  0.600155  1
21.520000  0.599981  1
21.546667  0.599806  1
21.573333  0.599632  1
21.600000  0.599457  1
21.626667  0.599283  1
21.653333  0.599109  1
21.680000  0.598934  1
21.706667  0.598760  1
21.733333  0.598585  1
21.760000  0.598411  1
21.786667  0.598236  1
21.813333  0.598062  1
21.840000  0.597888  1
21.866667  0.597713  1
21.893333  0.597539  1
21.920000  0.597364  1
21.946667  0.597190  1
21.973333  0.597015  1
22.000000  0.596841  1
22.026667  0.596667  1
22.053333  0.596492  1
22.080000  0.596318  1
22.106667  0.596143  1
22.133333  0.595969  1
22.160000  0.595794  1
22.186667  0.595620  1
22.213333  0.595446  1
22.240000  0.595271  1
22.266667  0.595097  1
22.293333  0.594922  1
22.320000  0.594748  1
22.346667  0.594573  1
22.373333  0.594399  1
22.400000  0.594225  1
22.426667  0.594050  1
22.453333  0.593876  1
22.480000  0.593701  1
22.506667  0.593527  1
22.533333  0.593352  1
22.560000  0.593178  1
22.586667  0.593004  1
22.613333  0.592829  1
22.640000  0.592655  1
22.666667  0.592480  1
22.693333  0.592306  1
22.720000  0.592131  1
22.746667  0.591957  1
22.773333  0.591782  1
22.800000  0.591608  1
22.826667  0.591434  1
22.853333  0.591259  1
22.880000  0.591085  1
22.906667  0.590910  1
22.933333  0.590736  1
22.960000  0.590561  1
22.986667  0.590387  1
23.013333  0.590213  1
23.040000  0.590038  1
23.066667  0.589864  1
23.093333  0.589689  1
23.120000  0.589515  1
23.146667  0.589340  1
23.173333  0.589166  1
23.200000  0.588992  1
23.226667  0.588817  1
23.253333  0.588643  1
23.280000  0.588468  1
23.306667  0.588294  1
23.333333  0.588119  1
23.360000  0.587945  1
23.386667  0.587771  1
23.413333  0.587596  1
23.440000  0.587422  1
23.466667  0.587247  1
23.493333  0.587073  1
23.520000  0.586898  1
23.546667  0.586724  1
23.573333  0.586550  1
23.600000  0.586375  1
23.626667  0.586201  1
23.653333  0.586026  1
23.680000  0.585852  1
23.706667  0.585677  1
23.733333  0.585503  1
23.760000  0.585328  1
23.786667  0.585154  1
23.813333  0.584980  1
23.840000  0.584805  1
23.866667  0.584631  1
23.893333  0.584456  1
23.920000  0.584282  1
23.946667  0.584107  1
23.973333  0.583933  1
24.000000  0.583759  1
24.026667  0.583584  1
24.053333  0.583410  1
24.080000  0.583235  1
24.106667  0.583061  1
24.133333  0.582886  1
24.160000  0.582712  1
24.186667  0.582538  1
24.213333  0.582363  1
24.240000  0.582189  1
24.266667  0.582014  1
24.293333  0.581840  1
24.320000  0.581665  1
24.346667  0.581491  1
24.373333  0.581317  1
24.400000  0.581142  1
24.426667  0.580968  1
24.453333  0.580793  1
24.480000  0.580619  1
24.506667  0.580444  1
24.533333  0.580270  1
24.560000  0.580096  1
24.586667  0.579921  1
24.613333  0.579747  1
24.640000  0.579572  1
24.666667  0.579398  1
24.693333  0.579223  1
24.720000  0.579049  1
24.746667  0.578875  1
24.773333  0.578700  1
24.800000  0.578526  1
24.826667  0.578351  1
24.853333  0.578177  1
24.880000  0.578002  1
24.906667  0.577828  1
24.933333  0.577653  1
24.960000  0.577479  1
24.986667  0.577305  1
14.320000  0.839605  2
14.346667  0.839082  2
14.373333  0.838559  2
14.400000  0.838036  2
14.426667  0.837513  2
14.453333  0.836990  2
14.480000  0.836467  2
14.506667  0.835944  2
14.533333  0.835421  2
14.560000  0.834898  2
14.586667  0.834375  2
14.613333  0.833852  2
14.640000  0.833329  2
14.666667  0.832806  2
14.693333  0.832283  2
14.720000  0.831760  2
14.746667  0.831237  2
14.773333  0.830714  2
14.800000  0.830191  2
14.826667  0.829668  2
14.853333  0.829145  2
14.880000  0.828622  2
14.906667  0.828099  2
14.933333  0.827576  2
14.960000  0.827053  2
14.986667  0.826530  2
15.013333  0.826007  2
15.040000  0.825484  2
15.066667  0.824961  2
15.093333  0.824438  2
15.120000  0.823915  2
15.146667  0.823392  2
15.173333  0.822869  2
15.200000  0.822346  2
15.226667  0.821823  2
15.253333  0.821300  2
15.280000  0.820777  2
15.306667  0.820254  2
15.333333  0.819731  2
15.360000  0.819208  2
15.386667  0.818685  2
15.413333  0.818162  2
15.440000  0.817639  2
15.466667  0.817116  2
15.493333  0.816593  2
15.520000  0.816070  2
15.546667  0.815547  2
15.573333  0.815024  2
15.600000  0.814501  2
15.626667  0.813978  2
15.653333  0.813455  2
15.680000  0.812932  2
15.706667  0.812409  2
15.733333  0.811886  2
15.760000  0.811363  2
15.786667  0.810840  2
15.813333  0.810317  2
15.840000  0.809794  2
15.866667  0.809271  2
15.893333  0.808748  2
15.920000  0.808225  2
15.946667  0.807702  2
15.973333  0.807179  2
16.000000  0.806656  2
16.026667  0.806133  2
16.053333  0.805610  2
16.080000  0.805087  2
16.106667  0.804563  2
16.133333  0.804040  2
16.160000  0.803517  2
16.186667  0.802994  2
16.213333  0.802471  2
16.240000  0.801948  2
16.266667  0.801425  2
16.293333  0.800902  2
16.320000  0.800379  2
16.346667  0.799856  2
16.373333  0.799333  2
16.400000  0.798810  2
16.426667  0.798287  2
16.453333  0.797764  2
16.480000  0.797241  2
16.506667  0.796718  2
16.533333  0.796195  2
16.560000  0.795672  2
16.586667  0.795149  2
16.613333  0.794626  2
16.640000  0.794103  2
16.666667  0.793580  2
16.693333  0.793057  2
16.720000  0.792534  2
16.746667  0.792011  2
16.773333  0.791488  2
16.800000  0.790965  2
16.826667  0.790442  2
16.853333  0.789919  2
16.880000  0.789396  2
16.906667  0.788873  2
16.933333  0.788350  2
16.960000  0.787827  2
16.986667  0.787304  2
17.013333  0.786781  2
17.040000  0.786258  2
17.066667  0.785735  2
17.093333  0.785212  2
17.120000  0.784689  2
17.146667  0.784166  2
17.173333  0.783643  2
17.200000  0.783120  2
17.226667  0.782597  2
17.253333  0.782074  2
17.280000  0.781551  2
17.306667  0.781028  2
17.333333  0.780505  2
17.360000  0.779982  2
17.386667  0.779459  2
17.413333  0.778936  2
17.440000  0.778413  2
17.466667  0.777890  2
17.493333  0.777367  2
17.520000  0.776844  2
17.546667  0.776321  2
17.573333  0.775798  2
17.600000  0.775275  2
17.626667  0.774752  2
17.653333  0.774229  2
17.680000  0.773706  2
17.706667  0.773183  2
17.733333  0.772660  2
17.760000  0.772137  2
17.786667  0.771614  2
17.813333  0.771091  2
17.840000  0.770568  2
17.866667  0.770045  2
17.893333  0.769522  2
17.920000  0.768999  2
17.946667  0.768476  2
17.973333  0.767953  2
18.000000  0.767430  2
18.026667  0.766907  2
18.053333  0.766384  2
18.080000  0.765861  2
18.106667  0.765338  2
18.133333  0.764815  2
18.160000  0.764292  2
18.186667  0.763769  2
