4.720000  0.702325  0
4.746667  0.700955  0
4.773333  0.699584  0
4.800000  0.698214  0
4.826667  0.696843  0
4.853333  0.695473  0
4.880000  0.694102  0
4.906667  0.692731  0
4.933333  0.691361  0
4.960000  0.689990  0
4.986667  0.688620  0
5.013333  0.687249  0
5.040000  0.685879  0
5.066667  0.684508  0
5.093333  0.683138  0
5.120000  0.681767  0
5.146667  0.680396  0
5.173333  0.679026  0
5.200000  0.677655  0
5.226667  0.676285  0
5.253333  0.674914  0
5.280000  0.673544  0
5.306667  0.672173  0
5.333333  0.670803  0
5.360000  0.669432  0
5.386667  0.668061  0
5.413333  0.666691  0
5.440000  0.665320  0
5.466667  0.663950  0
5.493333  0.662579  0
5.520000  0.661209  0
5.546667  0.659838  0
5.573333  0.658468  0
5.600000  0.657097  0
5.626667  0.655726  0
5.653333  0.654356  0
5.680000  0.652985  0
5.706667  0.651615  0
5.733333  0.650244  0
5.760000  0.648874  0
5.786667  0.647503  0
5.813333  0.646133  0
5.840000  0.644762  0
5.866667  0.643391  0
5.893333  0.642021  0
5.920000  0.640650  0
5.946667  0.639280  0
5.973333  0.637909  0
6.000000  0.636539  0
6.026667  0.635168  0
6.053333  0.633798  0
6.080000  0.632427  0
6.106667  0.631056  0
6.133333  0.629686  0
6.160000  0.628315  0
6.186667  0.626945  0
6.213333  0.625574  0
6.240000  0.624204  0
6.266667  0.622833  0
6.293333  0.621462  0
6.320000  0.620092  0
6.346667  0.618721  0
6.373333  0.617351  0
6.400000  0.615980  0
6.426667  0.614610  0
6.453333  0.613239  0
6.480000  0.611869  0
6.506667  0.610498  0
6.533333  0.609174  0
6.560000  0.607853  0
6.586667  0.606551  0
6.613333  0.605304  0
6.640000  0.604136  0
6.666667  0.603012  0
6.693333  0.601896  0
6.720000  0.600782  0
6.746667  0.599668  0
6.773333  0.598554  0
6.800000  0.597439  0
6.826667  0.596325  0
6.853333  0.595211  0
6.880000  0.594097  0
6.906667  0.592982  0
6.933333  0.591868  0
6.960000  0.590754  0
6.986667  0.589639  0
7.013333  0.588525  0
7.040000  0.587411  0
7.066667  0.586297  0
7.093333  0.585182  0
7.120000  0.584068  0
7.146667  0.582954  0
7.173333  0.581840  0
7.200000  0.580725  0
7.226667  0.579611  0
7.253333  0.578497  0
7.280000  0.577383  0
7.306667  0.576268  0
7.333333  0.575154  0
7.360000  0.574040  0
7.386667  0.572925  0
7.413333  0.571811  0
7.440000  0.570697  0
7.466667  0.569583  0
7.493333  0.568468  0
7.520000  0.567354  0
7.546667  0.566240  0
7.573333  0.565126  0
7.600000  0.564011  0
7.626667  0.562897  0
7.653333  0.561783  0
7.680000  0.560669  0
7.706667  0.559555  0
7.733333  0.558447  0
7.760000  0.557371  0
7.786667  0.556353  0
7.813333  0.555383  0
7.840000  0.554432  0
7.866667  0.553485  0
7.893333  0.552538  0
7.920000  0.551591  0
7.946667  0.550644  0
7.973333  0.549696  0
8.000000  0.548749  0
8.026667  0.547802  0
8.053333  0.546855  0
8.080000  0.545908  0
8.106667  0.544961  0
8.133333  0.544014  0
8.160000  0.543067  0
8.186667  0.542119  0
8.213333  0.541172  0
8.240000  0.540225  0
8.266667  0.539278  0
8.293333  0.538331  0
8.320000  0.537384  0
8.346667  0.536437  0
8.373333  0.535490  0
8.400000  0.534542  0
8.426667  0.533595  0
8.453333  0.532648  0
8.480000  0.531701  0
8.506667  0.530754  0
8.533333  0.529807  0
8.560000  0.528860  0
8.586667  0.527912  0
8.613333  0.526965  0
8.640000  0.526018  0
8.666667  0.525071  0
8.693333  0.524124  0
8.720000  0.523177  0
8.746667  0.522230  0
8.773333  0.521283  0
8.800000  0.520335  0
8.826667  0.519388  0
8.853333  0.518441  0
8.880000  0.517494  0
8.906667  0.516547  0
8.933333  0.515600  0
8.960000  0.514653  0
8.986667  0.513706  0
9.013333  0.512758  0
9.040000  0.511811  0
9.066667  0.510864  0
9.093333  0.509917  0
9.120000  0.508970  0
9.146667  0.508023  0
9.173333  0.507076  0
9.200000  0.506129  0
9.226667  0.505181  0
9.253333  0.504234  0
9.280000  0.503287  0
9.306667  0.502340  0
9.333333  0.501393  0
9.360000  0.500446  0
9.386667  0.499499  0
9.413333  0.498554  0
9.440000  0.497632  0
9.466667  0.496821  0
9.493333  0.496217  0
9.520000  0.495778  0
9.546667  0.495398  0
9.573333  0.495029  0
9.600000  0.494661  0
9.626667  0.494293  0
9.653333  0.493924  0
9.680000  0.493556  0
9.706667  0.493188  0
9.733333  0.492819  0
9.760000  0.492451  0
9.786667  0.492083  0
9.813333  0.491714  0
9.840000  0.491346  0
9.866667  0.490978  0
9.893333  0.490609  0
9.920000  0.490241  0
9.946667  0.489873  0
9.973333  0.489504  0
10.000000  0.489136  0
10.026667  0.488768  0
10.053333  0.488399  0
10.080000  0.488031  0
10.106667  0.487663  0
10.133333  0.487294  0
10.160000  0.486926  0
10.186667  0.486558  0
10.213333  0.486189  0
10.240000  0.485821  0
10.266667  0.485453  0
10.293333  0.485084  0
10.320000  0.484716  0
10.346667  0.484348  0
10.373333  0.483980  0
10.400000  0.483611  0
10.426667  0.483243  0
10.453333  0.482875  0
10.480000  0.482506  0
10.506667  0.482138  0
10.533333  0.481770  0
10.560000  0.481401  0
10.586667  0.481033  0
10.613333  0.480665  0
10.640000  0.480296  0
10.666667  0.479928  0
10.693333  0.479560  0
10.720000  0.479191  0
10.746667  0.478823  0
10.773333  0.478455  0
10.800000  0.478086  0
10.826667  0.477718  0
10.853333  0.477350  0
10.880000  0.476981  0
10.906667  0.476613  0
10.933333  0.476245  0
10.960000  0.475876  0
10.986667  0.475508  0
11.013333  0.475140  0
11.040000  0.474771  0
11.066667  0.474403  0
11.093333  0.474035  0
11.120000  0.473666  0
11.146667  0.473298  0
11.173333  0.472930  0
11.200000  0.472561  0
11.226667  0.472193  0
11.253333  0.471825  0
11.280000  0.471456  0
11.306667  0.471088  0
11.333333  0.470720  0
11.360000  0.470351  0
11.386667  0.469983  0
11.413333  0.469615  0
11.440000  0.469246  0
11.466667  0.468879  0
11.493333  0.468522  0
11.520000  0.468211  0
11.546667  0.467977  0
11.573333  0.467789  0
11.600000  0.467613  0
11.626667  0.467437  0
11.653333  0.467262  0
11.680000  0.467087  0
11.706667  0.466911  0
11.733333  0.466736  0
11.760000  0.466560  0
11.786667  0.466385  0
11.813333  0.466210  0
11.840000  0.466034  0
11.866667  0.465859  0
11.893333  0.465683  0
11.920000  0.465508  0
11.946667  0.465333  0
11.973333  0.465157  0
12.000000  0.464982  0
12.026667  0.464807  0
12.053333  0.464631  0
12.080000  0.464456  0
12.106667  0.464280  0
12.133333  0.464105  0
12.160000  0.463930  0
12.186667  0.463754  0
12.213333  0.463579  0
12.240000  0.463403  0
12.266667  0.463228  0
12.293333  0.463053  0
12.320000  0.462877  0
12.346667  0.462702  0
12.373333  0.462526  0
12.400000  0.462351  0
12.426667  0.462176  0
12.453333  0.462000  0
12.480000  0.461825  0
12.506667  0.461649  0
12.533333  0.461474  0
12.560000  0.461299  0
12.586667  0.461123  0
12.613333  0.460948  0
12.640000  0.460772  0
12.666667  0.460597  0
12.693333  0.460422  0
12.720000  0.460246  0
12.746667  0.460071  0
12.773333  0.459895  0
12.800000  0.459720  0
12.826667  0.459545  0
12.853333  0.459369  0
12.880000  0.459194  0
12.906667  0.459019  0
12.933333  0.458843  0
12.960000  0.458668  0
12.986667  0.458492  0
13.013333  0.458317  0
13.040000  0.458142  0
13.066667  0.457966  0
13.093333  0.457791  0
13.120000  0.457615  0
13.146667  0.457440  0
13.173333  0.457265  0
13.200000  0.457089  0
13.226667  0.456914  0
13.253333  0.456738  0
13.280000  0.456563  0
13.306667  0.456388  0
13.333333  0.456212  0
13.360000  0.456037  0
13.386667  0.455861  0
13.413333  0.455686  0
13.440000  0.455511  0
13.466667  0.455335  0
13.493333  0.455160  0
13.520000  0.454984  0
13.546667  0.454809  0
13.573333  0.454634  0
13.600000  0.454458  0
13.626667  0.454283  0
13.653333  0.454107  0
13.680000  0.453932  0
13.706667  0.453757  0
13.733333  0.453581  0
13.760000  0.453406  0
13.786667  0.453231  0
13.813333  0.453055  0
13.840000  0.452880  0
13.866667  0.452704  0
13.893333  0.452529  0
13.920000  0.452354  0
13.946667  0.452178  0
13.973333  0.452003  0
14.000000  0.451827  0
14.026667  0.451652  0
14.053333  0.451477  0
14.080000  0.451301  0
14.106667  0.451126  0
14.133333  0.450950  0
14.160000  0.450775  0
14.186667  0.450600  0
14.213333  0.450424  0
14.240000  0.450249  0
14.266667  0.450073  0
14.293333  0.449898  0
14.320000  0.449723  0
14.346667  0.449547  0
14.373333  0.449372  0
14.400000  0.449196  0
14.426667  0.449021  0
14.453333  0.448846  0
14.480000  0.448670  0
14.506667  0.448495  0
14.533333  0.448320  0
14.560000  0.448156  0
14.586667  0.448044  0
21.013333  0.605353  1
21.040000  0.605102  1
21.066667  0.604852  1
21.093333  0.604601  1
21.120000  0.604351  1
21.146667  0.604101  1
21.173333  0.603850  1
21.200000  0.603600  1
21.226667  0.603350  1
21.253333  0.603099  1
21.280000  0.602849  1
21.306667  0.602598  1
21.333333  0.602348  1
21.360000  0.602098  1
21.386667  0.601847  1
21.413333  0.601597  1
21.440000  0.601346  1
21.466667  0.601096  1
21.493333  0.600846  1
21.520000  0.600595  1
21.546667  0.600345  1
21.573333  0.600095  1
21.600000  0.599844  1
21.626667  0.599594  1
21.653333  0.599343  1
21.680000  0.599093  1
21.706667  0.598843  1
21.733333  0.598592  1
21.760000  0.598342  1
21.786667  0.598091  1
21.813333  0.597841  1
21.840000  0.597591  1
21.866667  0.597340  1
21.893333  0.597090  1
21.920000  0.596839  1
21.946667  0.596589  1
21.973333  0.596339  1
22.000000  0.596088  1
22.026667  0.595838  1
22.053333  0.595588  1
22.080000  0.595337  1
22.106667  0.595087  1
22.133333  0.594836  1
22.160000  0.594586  1
22.186667  0.594336  1
22.213333  0.594085  1
22.240000  0.593835  1
22.266667  0.593584  1
22.293333  0.593334  1
22.320000  0.593084  1
22.346667  0.592833  1
22.373333  0.592583  1
22.400000  0.592333  1
22.426667  0.592082  1
22.453333  0.591832  1
22.480000  0.591581  1
22.506667  0.591331  1
22.533333  0.591081  1
22.560000  0.590830  1
22.586667  0.590580  1
22.613333  0.590329  1
22.640000  0.590079  1
22.666667  0.589829  1
22.693333  0.589578  1
22.720000  0.589328  1
22.746667  0.589078  1
22.773333  0.588827  1
22.800000  0.588577  1
22.826667  0.588326  1
22.853333  0.588076  1
22.880000  0.587826  1
22.906667  0.587575  1
22.933333  0.587325  1
22.960000  0.587074  1
22.986667  0.586824  1
23.013333  0.586574  1
23.040000  0.586323  1
23.066667  0.586073  1
23.093333  0.585822  1
23.120000  0.585572  1
23.146667  0.585322  1
23.173333  0.585071  1
23.200000  0.584821  1
23.226667  0.584571  1
23.253333  0.584320  1
23.280000  0.584070  1
23.306667  0.583819  1
23.333333  0.583569  1
23.360000  0.583319  1
23.386667  0.583068  1
23.413333  0.582818  1
23.440000  0.582567  1
23.466667  0.582317  1
23.493333  0.582067  1
23.520000  0.581816  1
23.546667  0.581566  1
23.573333  0.581316  1
23.600000  0.581065  1
23.626667  0.580815  1
23.653333  0.580564  1
23.680000  0.580314  1
23.706667  0.580064  1
23.733333  0.579813  1
23.760000  0.579563  1
23.786667  0.579312  1
23.813333  0.579062  1
23.840000  0.578812  1
23.866667  0.578561  1
23.893333  0.578311  1
23.920000  0.578060  1
23.946667  0.577810  1
23.973333  0.577560  1
24.000000  0.577309  1
24.026667  0.577059  1
24.053333  0.576809  1
24.080000  0.576558  1
24.106667  0.576308  1
24.133333  0.576057  1
24.160000  0.575807  1
24.186667  0.575557  1
24.213333  0.575306  1
24.240000  0.575056  1
24.266667  0.574805  1
24.293333  0.574555  1
24.320000  0.574305  1
24.346667  0.574054  1
24.373333  0.573804  1
24.400000  0.573554  1
24.426667  0.573303  1
24.453333  0.573053  1
24.480000  0.572802  1
24.506667  0.572552  1
24.533333  0.572302  1
24.560000  0.572051  1
24.586667  0.571801  1
24.613333  0.571550  1
24.640000  0.571300  1
24.666667  0.571050  1
24.693333  0.570799  1
24.720000  0.570549  1
24.746667  0.570298  1
24.773333  0.570048  1
24.800000  0.569798  1
24.826667  0.569547  1
24.853333  0.569297  1
24.880000  0.569047  1
24.906667  0.568796  1
24.933333  0.568546  1
24.960000  0.568295  1
24.986667  0.568045  1
25.013333  0.567795  1
25.040000  0.567544  1
25.066667  0.567294  1
25.093333  0.567043  1
25.120000  0.566793  1
25.146667  0.566543  1
25.173333  0.566292  1
25.200000  0.566042  1
25.226667  0.565792  1
25.253333  0.565541  1
25.280000  0.565291  1
25.306667  0.565040  1
25.333333  0.564790  1
25.360000  0.564540  1
25.386667  0.564289  1
25.413333  0.564039  1
25.440000  0.563788  1
25.466667  0.563538  1
25.493333  0.563288  1
25.520000  0.563037  1
25.546667  0.562787  1
25.573333  0.562537  1
25.600000  0.562286  1
25.626667  0.562036  1
25.653333  0.561785  1
25.680000  0.561535  1
25.706667  0.561285  1
25.733333  0.561034  1
