3.200000  0.882199  0
3.226667  0.879856  0
3.253333  0.876431  0
3.280000  0.872793  0
3.306667  0.869138  0
3.333333  0.865482  0
3.360000  0.861826  0
3.386667  0.858171  0
3.413333  0.854515  0
3.440000  0.850860  0
3.466667  0.847204  0
3.493333  0.843549  0
3.520000  0.839893  0
3.546667  0.836237  0
3.573333  0.832582  0
3.600000  0.828926  0
3.626667  0.825271  0
3.653333  0.821615  0
3.680000  0.817959  0
3.706667  0.814304  0
3.733333  0.810648  0
3.760000  0.806993  0
3.786667  0.803341  0
3.813333  0.799728  0
3.840000  0.796298  0
3.866667  0.793200  0
3.893333  0.790353  0
3.920000  0.787593  0
3.946667  0.784847  0
3.973333  0.782102  0
4.000000  0.779356  0
4.026667  0.776611  0
4.053333  0.773866  0
4.080000  0.771120  0
4.106667  0.768375  0
4.133333  0.765630  0
4.160000  0.762885  0
4.186667  0.760139  0
4.213333  0.757394  0
4.240000  0.754649  0
4.266667  0.751903  0
4.293333  0.749158  0
4.320000  0.746413  0
4.346667  0.743667  0
4.373333  0.740922  0
4.400000  0.738177  0
4.426667  0.735432  0
4.453333  0.732686  0
4.480000  0.729941  0
4.506667  0.727196  0
4.533333  0.724450  0
4.560000  0.721707  0
4.586667  0.718981  0
4.613333  0.716357  0
4.640000  0.713981  0
4.666667  0.711888  0
4.693333  0.709939  0
4.720000  0.708020  0
4.746667  0.706103  0
4.773333  0.704186  0
4.800000  0.702270  0
4.826667  0.700353  0
4.853333  0.698436  0
4.880000  0.696519  0
4.906667  0.694602  0
4.933333  0.692686  0
4.960000  0.690769  0
4.986667  0.688852  0
5.013333  0.686935  0
5.040000  0.685018  0
5.066667  0.683101  0
5.093333  0.681185  0
5.120000  0.679268  0
5.146667  0.677351  0
5.173333  0.675434  0
5.200000  0.673517  0
5.226667  0.671601  0
5.253333  0.669684  0
5.280000  0.667767  0
5.306667  0.665850  0
5.333333  0.663933  0
5.360000  0.662017  0
5.386667  0.660100  0
5.413333  0.658183  0
5.440000  0.656266  0
5.466667  0.654349  0
5.493333  0.652433  0
5.520000  0.650515  0
5.546667  0.648593  0
5.573333  0.646648  0
5.600000  0.644652  0
5.626667  0.642609  0
5.653333  0.640545  0
5.680000  0.638477  0
5.706667  0.636408  0
5.733333  0.634340  0
5.760000  0.632271  0
5.786667  0.630203  0
5.813333  0.628135  0
5.840000  0.626066  0
5.866667  0.623998  0
5.893333  0.621929  0
5.920000  0.619861  0
5.946667  0.617792  0
5.973333  0.615724  0
6.000000  0.613655  0
6.026667  0.611587  0
6.053333  0.609519  0
6.080000  0.607450  0
6.106667  0.605382  0
6.133333  0.603313  0
6.160000  0.601245  0
6.186667  0.599176  0
6.213333  0.597108  0
6.240000  0.595040  0
6.266667  0.592971  0
6.293333  0.590903  0
6.320000  0.588834  0
6.346667  0.586766  0
6.373333  0.584697  0
6.400000  0.582629  0
6.426667  0.580560  0
6.453333  0.578492  0
6.480000  0.576424  0
6.506667  0.574358  0
6.533333  0.572322  0
6.560000  0.570441  0
6.586667  0.568908  0
6.613333  0.567740  0
6.640000  0.566746  0
6.666667  0.565786  0
6.693333  0.564829  0
6.720000  0.563873  0
6.746667  0.562916  0
6.773333  0.561959  0
6.800000  0.561003  0
6.826667  0.560046  0
6.853333  0.559089  0
6.880000  0.558133  0
6.906667  0.557176  0
6.933333  0.556219  0
6.960000  0.555262  0
6.986667  0.554306  0
7.013333  0.553349  0
7.040000  0.552392  0
7.066667  0.551436  0
7.093333  0.550479  0
7.120000  0.549522  0
7.146667  0.548566  0
7.173333  0.547609  0
7.200000  0.546652  0
7.226667  0.545696  0
7.253333  0.544739  0
7.280000  0.543782  0
7.306667  0.542825  0
7.333333  0.541869  0
7.360000  0.540912  0
7.386667  0.539955  0
7.413333  0.538999  0
7.440000  0.538042  0
7.466667  0.537085  0
7.493333  0.536129  0
7.520000  0.535172  0
7.546667  0.534215  0
7.573333  0.533258  0
7.600000  0.532302  0
7.626667  0.531346  0
7.653333  0.530401  0
7.680000  0.529519  0
7.706667  0.528815  0
7.733333  0.528341  0
7.760000  0.527991  0
7.786667  0.527668  0
7.813333  0.527347  0
7.840000  0.527026  0
7.866667  0.526705  0
7.893333  0.526384  0
7.920000  0.526063  0
7.946667  0.525742  0
7.973333  0.525420  0
8.000000  0.525099  0
8.026667  0.524778  0
8.053333  0.524457  0
8.080000  0.524136  0
8.106667  0.523815  0
8.133333  0.523494  0
8.160000  0.523173  0
8.186667  0.522852  0
8.213333  0.522531  0
8.240000  0.522210  0
8.266667  0.521889  0
8.293333  0.521568  0
8.320000  0.521247  0
8.346667  0.520926  0
8.373333  0.520605  0
8.400000  0.520283  0
8.426667  0.519962  0
8.453333  0.519641  0
8.480000  0.519320  0
8.506667  0.518999  0
8.533333  0.518678  0
8.560000  0.518357  0
8.586667  0.518036  0
8.613333  0.517715  0
8.640000  0.517394  0
8.666667  0.517073  0
8.693333  0.516752  0
8.720000  0.516431  0
8.746667  0.516110  0
8.773333  0.515789  0
8.800000  0.515468  0
8.826667  0.515147  0
8.853333  0.514825  0
8.880000  0.514504  0
8.906667  0.514183  0
8.933333  0.513862  0
8.960000  0.513541  0
8.986667  0.513220  0
9.013333  0.512899  0
9.040000  0.512578  0
9.066667  0.512257  0
9.093333  0.511936  0
9.120000  0.511615  0
9.146667  0.511294  0
9.173333  0.510973  0
9.200000  0.510652  0
9.226667  0.510331  0
9.253333  0.510010  0
9.280000  0.509688  0
9.306667  0.509367  0
9.333333  0.509046  0
9.360000  0.508725  0
9.386667  0.508404  0
9.413333  0.508083  0
9.440000  0.507762  0
9.466667  0.507441  0
9.493333  0.507120  0
9.520000  0.506799  0
9.546667  0.506478  0
9.573333  0.506157  0
9.600000  0.505836  0
9.626667  0.505515  0
9.653333  0.505194  0
9.680000  0.504872  0
9.706667  0.504547  0
9.733333  0.504217  0
9.760000  0.503883  0
9.786667  0.503547  0
9.813333  0.503211  0
9.840000  0.502875  0
9.866667  0.502540  0
9.893333  0.502204  0
9.920000  0.501868  0
9.946667  0.501532  0
9.973333  0.501196  0
10.000000  0.500860  0
10.026667  0.500524  0
10.053333  0.500189  0
10.080000  0.499853  0
10.106667  0.499517  0
10.133333  0.499181  0
10.160000  0.498845  0
10.186667  0.498509  0
10.213333  0.498173  0
10.240000  0.497838  0
10.266667  0.497502  0
10.293333  0.497166  0
10.320000  0.496830  0
10.346667  0.496494  0
10.373333  0.496158  0
10.400000  0.495822  0
10.426667  0.495487  0
10.453333  0.495151  0
10.480000  0.494815  0
10.506667  0.494479  0
10.533333  0.494143  0
10.560000  0.493807  0
10.586667  0.493471  0
10.613333  0.493136  0
10.640000  0.492800  0
10.666667  0.492464  0
10.693333  0.492128  0
10.720000  0.491792  0
10.746667  0.491456  0
10.773333  0.491120  0
10.800000  0.490784  0
10.826667  0.490449  0
10.853333  0.490113  0
10.880000  0.489777  0
10.906667  0.489441  0
10.933333  0.489105  0
10.960000  0.488769  0
10.986667  0.488433  0
11.013333  0.488098  0
11.040000  0.487762  0
11.066667  0.487426  0
11.093333  0.487090  0
11.120000  0.486754  0
11.146667  0.486418  0
11.173333  0.486082  0
11.200000  0.485747  0
11.226667  0.485411  0
11.253333  0.485075  0
11.280000  0.484739  0
11.306667  0.484403  0
11.333333  0.484067  0
11.360000  0.483731  0
11.386667  0.483396  0
11.413333  0.483060  0
11.440000  0.482724  0
11.466667  0.482388  0
11.493333  0.482052  0
11.520000  0.481716  0
11.546667  0.481380  0
11.573333  0.481045  0
11.600000  0.480709  0
11.626667  0.480373  0
11.653333  0.480037  0
11.680000  0.479701  0
11.706667  0.479365  0
11.733333  0.479029  0
11.760000  0.478694  0
11.786667  0.478358  0
11.813333  0.478022  0
11.840000  0.477686  0
11.866667  0.477350  0
11.893333  0.477014  0
11.920000  0.476678  0
11.946667  0.476342  0
11.973333  0.476007  0
12.000000  0.475671  0
12.026667  0.475335  0
12.053333  0.474999  0
12.080000  0.474663  0
12.106667  0.474327  0
12.133333  0.473991  0
12.160000  0.473656  0
12.186667  0.473320  0
12.213333  0.472984  0
12.240000  0.472648  0
12.266667  0.472312  0
12.293333  0.471976  0
12.320000  0.471640  0
12.346667  0.471305  0
12.373333  0.470969  0
12.400000  0.470633  0
12.426667  0.470297  0
12.453333  0.469961  0
12.480000  0.469625  0
12.506667  0.469289  0
12.533333  0.468954  0
12.560000  0.468618  0
12.586667  0.468282  0
12.613333  0.467946  0
12.640000  0.467610  0
12.666667  0.467274  0
12.693333  0.466938  0
12.720000  0.466603  0
12.746667  0.466267  0
12.773333  0.465931  0
12.800000  0.465595  0
12.826667  0.465259  0
12.853333  0.464925  0
12.880000  0.464610  0
12.906667  0.464395  0
14.373333  0.613344  1
14.400000  0.612904  1
14.426667  0.612464  1
14.453333  0.612025  1
14.480000  0.611585  1
14.506667  0.611145  1
14.533333  0.610706  1
14.560000  0.610266  1
14.586667  0.609826  1
14.613333  0.609387  1
14.640000  0.608947  1
14.666667  0.608508  1
14.693333  0.608068  1
14.720000  0.607628  1
14.746667  0.607189  1
14.773333  0.606749  1
14.800000  0.606309  1
14.826667  0.605870  1
14.853333  0.605430  1
14.880000  0.604990  1
14.906667  0.604551  1
14.933333  0.604111  1
14.960000  0.603671  1
14.986667  0.603232  1
15.013333  0.602792  1
15.040000  0.602353  1
15.066667  0.601913  1
15.093333  0.601473  1
15.120000  0.601034  1
15.146667  0.600594  1
15.173333  0.600154  1
15.200000  0.599715  1
15.226667  0.599275  1
15.253333  0.598835  1
15.280000  0.598396  1
15.306667  0.597956  1
15.333333  0.597517  1
15.360000  0.597077  1
15.386667  0.596637  1
15.413333  0.596198  1
15.440000  0.595758  1
15.466667  0.595318  1
15.493333  0.594879  1
15.520000  0.594439  1
15.546667  0.593999  1
15.573333  0.593560  1
15.600000  0.593120  1
15.626667  0.592680  1
15.653333  0.592241  1
15.680000  0.591801  1
15.706667  0.591362  1
15.733333  0.590922  1
15.760000  0.590482  1
15.786667  0.590043  1
15.813333  0.589603  1
15.840000  0.589163  1
15.866667  0.588724  1
15.893333  0.588284  1
15.920000  0.587844  1
15.946667  0.587405  1
15.973333  0.586965  1
16.000000  0.586526  1
16.026667  0.586086  1
16.053333  0.585646  1
16.080000  0.585207  1
16.106667  0.584767  1
16.133333  0.584327  1
16.160000  0.583888  1
16.186667  0.583448  1
16.213333  0.583008  1
16.240000  0.582569  1
16.266667  0.582129  1
16.293333  0.581689  1
16.320000  0.581250  1
16.346667  0.580810  1
16.373333  0.580371  1
16.400000  0.579931  1
16.426667  0.579491  1
16.453333  0.579052  1
16.480000  0.578612  1
16.506667  0.578172  1
16.533333  0.577733  1
16.560000  0.577293  1
16.586667  0.576853  1
16.613333  0.576414  1
16.640000  0.575974  1
16.666667  0.575535  1
16.693333  0.575095  1
16.720000  0.574655  1
16.746667  0.574216  1
16.773333  0.573776  1
16.800000  0.573336  1
16.826667  0.572897  1
16.853333  0.572457  1
16.880000  0.572017  1
16.906667  0.571578  1
16.933333  0.571138  1
16.960000  0.570698  1
16.986667  0.570259  1
17.013333  0.569819  1
17.040000  0.569380  1
17.066667  0.568940  1
17.093333  0.568500  1
17.120000  0.568061  1
17.146667  0.567621  1
17.173333  0.567181  1
17.200000  0.566742  1
17.226667  0.566302  1
17.253333  0.565862  1
17.280000  0.565423  1
17.306667  0.564983  1
17.333333  0.564544  1
17.360000  0.564104  1
17.386667  0.563664  1
17.413333  0.563225  1
17.440000  0.562785  1
17.466667  0.562345  1
17.493333  0.561906  1
17.520000  0.561466  1
17.546667  0.561026  1
