3.146667  0.861896  0
3.173333  0.859155  0
3.200000  0.856414  0
3.226667  0.853673  0
3.253333  0.850932  0
3.280000  0.848191  0
3.306667  0.845450  0
3.333333  0.842709  0
3.360000  0.839968  0
3.386667  0.837227  0
3.413333  0.834485  0
3.440000  0.831744  0
3.466667  0.829003  0
3.493333  0.826262  0
3.520000  0.823521  0
3.546667  0.820780  0
3.573333  0.818039  0
3.600000  0.815298  0
3.626667  0.812557  0
3.653333  0.809816  0
3.680000  0.807075  0
3.706667  0.804334  0
3.733333  0.801593  0
3.760000  0.798851  0
3.786667  0.796110  0
3.813333  0.793369  0
3.840000  0.790628  0
3.866667  0.787887  0
3.893333  0.785146  0
3.920000  0.782405  0
3.946667  0.779664  0
3.973333  0.776923  0
4.000000  0.774595  0
4.026667  0.773175  0
4.053333  0.771755  0
4.080000  0.770334  0
4.106667  0.768914  0
4.133333  0.767494  0
4.160000  0.766073  0
4.186667  0.764653  0
4.213333  0.763232  0
4.240000  0.761812  0
4.266667  0.760392  0
4.293333  0.758971  0
4.320000  0.757551  0
4.346667  0.756131  0
4.373333  0.754710  0
4.400000  0.753290  0
4.426667  0.751869  0
4.453333  0.750449  0
4.480000  0.749029  0
4.506667  0.747608  0
4.533333  0.746188  0
4.560000  0.744768  0
4.586667  0.743347  0
4.613333  0.741927  0
4.640000  0.740506  0
4.666667  0.739086  0
4.693333  0.737666  0
4.720000  0.736245  0
4.746667  0.734825  0
4.773333  0.733405  0
4.800000  0.731984  0
4.826667  0.730564  0
4.853333  0.729143  0
4.880000  0.727723  0
4.906667  0.726303  0
4.933333  0.724882  0
4.960000  0.723462  0
4.986667  0.722042  0
5.013333  0.720621  0
5.040000  0.719201  0
5.066667  0.717780  0
5.093333  0.716360  0
5.120000  0.714940  0
5.146667  0.713390  0
5.173333  0.711776  0
5.200000  0.710162  0
5.226667  0.708548  0
5.253333  0.706934  0
5.280000  0.705320  0
5.306667  0.703706  0
5.333333  0.702092  0
5.360000  0.700478  0
5.386667  0.698863  0
5.413333  0.697249  0
5.440000  0.695635  0
5.466667  0.694021  0
5.493333  0.692407  0
5.520000  0.690793  0
5.546667  0.689179  0
5.573333  0.687565  0
5.600000  0.685951  0
5.626667  0.684337  0
5.653333  0.682723  0
5.680000  0.681109  0
5.706667  0.679495  0
5.733333  0.677881  0
5.760000  0.676267  0
5.786667  0.674653  0
5.813333  0.673038  0
5.840000  0.671424  0
5.866667  0.669810  0
5.893333  0.668196  0
5.920000  0.666582  0
5.946667  0.664968  0
5.973333  0.663354  0
6.000000  0.661740  0
6.026667  0.660126  0
6.053333  0.658512  0
6.080000  0.656898  0
6.106667  0.655284  0
6.133333  0.653757  0
6.160000  0.652771  0
6.186667  0.651784  0
6.213333  0.650798  0
6.240000  0.649812  0
6.266667  0.648825  0
6.293333  0.647839  0
6.320000  0.646852  0
6.346667  0.645866  0
6.373333  0.644880  0
6.400000  0.643893  0
6.426667  0.642907  0
6.453333  0.641921  0
6.480000  0.640934  0
6.506667  0.639948  0
6.533333  0.638961  0
6.560000  0.637975  0
6.586667  0.636989  0
6.613333  0.636002  0
6.640000  0.635016  0
6.666667  0.634030  0
6.693333  0.633043  0
6.720000  0.632057  0
6.746667  0.631070  0
6.773333  0.630084  0
6.800000  0.629098  0
6.826667  0.628111  0
6.853333  0.627125  0
6.880000  0.626139  0
6.906667  0.625152  0
6.933333  0.624166  0
6.960000  0.623179  0
6.986667  0.622193  0
7.013333  0.621207  0
7.040000  0.620220  0
7.066667  0.619234  0
7.093333  0.618248  0
7.120000  0.617261  0
7.146667  0.616275  0
7.173333  0.615288  0
7.200000  0.614302  0
7.226667  0.613372  0
7.253333  0.612671  0
7.280000  0.611970  0
7.306667  0.611268  0
7.333333  0.610567  0
7.360000  0.609865  0
7.386667  0.609164  0
7.413333  0.608463  0
7.440000  0.607761  0
7.466667  0.607060  0
7.493333  0.606358  0
7.520000  0.605657  0
7.546667  0.604955  0
7.573333  0.604254  0
7.600000  0.603553  0
7.626667  0.602851  0
7.653333  0.602150  0
7.680000  0.601448  0
7.706667  0.600747  0
7.733333  0.600046  0
7.760000  0.599344  0
7.786667  0.598643  0
7.813333  0.597941  0
7.840000  0.597240  0
7.866667  0.596538  0
7.893333  0.595837  0
7.920000  0.595136  0
7.946667  0.594434  0
7.973333  0.593733  0
8.000000  0.593031  0
8.026667  0.592330  0
8.053333  0.591628  0
8.080000  0.590927  0
8.106667  0.590226  0
8.133333  0.589524  0
8.160000  0.588823  0
8.186667  0.588121  0
8.213333  0.587420  0
8.240000  0.586719  0
8.266667  0.586017  0
8.293333  0.585316  0
8.320000  0.584614  0
8.346667  0.583913  0
8.373333  0.583211  0
8.400000  0.582510  0
8.426667  0.581809  0
8.453333  0.581129  0
8.480000  0.580583  0
8.506667  0.580037  0
8.533333  0.579490  0
8.560000  0.578944  0
8.586667  0.578398  0
8.613333  0.577851  0
8.640000  0.577305  0
8.666667  0.576759  0
8.693333  0.576212  0
8.720000  0.575666  0
8.746667  0.575120  0
8.773333  0.574574  0
8.800000  0.574027  0
8.826667  0.573481  0
8.853333  0.572935  0
8.880000  0.572388  0
8.906667  0.571842  0
8.933333  0.571296  0
8.960000  0.570749  0
8.986667  0.570203  0
9.013333  0.569657  0
9.040000  0.569111  0
9.066667  0.568564  0
9.093333  0.568018  0
9.120000  0.567472  0
9.146667  0.566925  0
9.173333  0.566379  0
9.200000  0.565833  0
9.226667  0.565286  0
9.253333  0.564740  0
9.280000  0.564194  0
9.306667  0.563648  0
9.333333  0.563101  0
9.360000  0.562555  0
9.386667  0.562009  0
9.413333  0.561462  0
9.440000  0.560916  0
9.466667  0.560370  0
9.493333  0.559824  0
9.520000  0.559277  0
9.546667  0.558731  0
9.573333  0.558185  0
9.600000  0.557638  0
9.626667  0.557092  0
9.653333  0.556658  0
9.680000  0.556254  0
9.706667  0.555850  0
9.733333  0.555445  0
9.760000  0.555041  0
9.786667  0.554637  0
9.813333  0.554233  0
9.840000  0.553829  0
9.866667  0.553425  0
9.893333  0.553020  0
9.920000  0.552616  0
9.946667  0.552212  0
9.973333  0.551808  0
10.000000  0.551404  0
10.026667  0.551000  0
10.053333  0.550595  0
10.080000  0.550191  0
10.106667  0.549787  0
10.133333  0.549383  0
10.160000  0.548979  0
10.186667  0.548575  0
10.213333  0.548170  0
10.240000  0.547766  0
10.266667  0.547362  0
10.293333  0.546958  0
10.320000  0.546554  0
10.346667  0.546150  0
10.373333  0.545745  0
10.400000  0.545341  0
10.426667  0.544937  0
10.453333  0.544533  0
10.480000  0.544129  0
10.506667  0.543724  0
10.533333  0.543320  0
10.560000  0.542916  0
10.586667  0.542512  0
10.613333  0.542108  0
10.640000  0.541704  0
10.666667  0.541299  0
10.693333  0.540895  0
10.720000  0.540491  0
10.746667  0.540087  0
10.773333  0.539683  0
10.800000  0.539279  0
10.826667  0.538874  0
10.853333  0.538470  0
10.880000  0.538066  0
10.906667  0.537662  0
10.933333  0.537258  0
10.960000  0.536854  0
10.986667  0.536449  0
11.013333  0.536045  0
11.040000  0.535641  0
11.066667  0.535237  0
11.093333  0.534833  0
11.120000  0.534429  0
11.146667  0.534024  0
11.173333  0.533620  0
11.200000  0.533216  0
11.226667  0.532812  0
11.253333  0.532408  0
11.280000  0.532004  0
11.306667  0.531599  0
11.333333  0.531195  0
11.360000  0.530791  0
11.386667  0.530387  0
11.413333  0.529983  0
11.440000  0.529578  0
11.466667  0.529174  0
11.493333  0.528770  0
11.520000  0.528547  0
11.546667  0.528355  0
11.573333  0.528163  0
11.600000  0.527971  0
11.626667  0.527779  0
11.653333  0.527587  0
11.680000  0.527395  0
11.706667  0.527203  0
11.733333  0.527011  0
11.760000  0.526819  0
11.786667  0.526627  0
11.813333  0.526435  0
11.840000  0.526243  0
11.866667  0.526051  0
11.893333  0.525859  0
11.920000  0.525667  0
11.946667  0.525475  0
11.973333  0.525284  0
12.000000  0.525092  0
12.026667  0.524900  0
12.053333  0.524708  0
12.080000  0.524516  0
12.106667  0.524324  0
12.133333  0.524132  0
12.160000  0.523940  0
12.186667  0.523748  0
12.213333  0.523556  0
12.240000  0.523364  0
12.266667  0.523172  0
12.293333  0.522980  0
12.320000  0.522788  0
12.346667  0.522596  0
12.373333  0.522404  0
12.400000  0.522212  0
12.426667  0.522021  0
12.453333  0.521829  0
12.480000  0.521637  0
12.506667  0.521445  0
12.533333  0.521253  0
12.560000  0.521061  0
12.586667  0.520869  0
12.613333  0.520677  0
12.640000  0.520485  0
12.666667  0.520293  0
12.693333  0.520101  0
12.720000  0.519909  0
12.746667  0.519717  0
12.773333  0.519525  0
12.800000  0.519333  0
12.826667  0.519141  0
12.853333  0.518949  0
12.880000  0.518757  0
12.906667  0.518566  0
12.933333  0.518374  0
12.960000  0.518182  0
12.986667  0.517990  0
13.013333  0.517798  0
13.040000  0.517606  0
13.066667  0.517414  0
13.093333  0.517222  0
13.120000  0.517030  0
13.146667  0.516838  0
13.173333  0.516646  0
13.200000  0.516561  0
13.226667  0.516515  0
13.253333  0.516468  0
13.280000  0.516422  0
13.306667  0.516375  0
13.333333  0.516329  0
13.360000  0.516283  0
13.386667  0.516236  0
13.413333  0.516190  0
13.440000  0.516143  0
13.466667  0.516097  0
13.493333  0.516051  0
13.520000  0.516004  0
13.546667  0.515958  0
13.573333  0.515911  0
13.600000  0.515865  0
13.626667  0.515818  0
13.653333  0.515772  0
13.680000  0.515726  0
13.706667  0.515679  0
13.733333  0.515633  0
13.760000  0.515586  0
13.786667  0.515540  0
13.813333  0.515494  0
13.840000  0.515447  0
13.866667  0.515401  0
13.893333  0.515354  0
13.920000  0.515308  0
13.946667  0.515261  0
13.973333  0.515215  0
14.000000  0.515169  0
14.026667  0.515122  0
14.053333  0.515076  0
14.080000  0.515029  0
14.106667  0.514983  0
14.133333  0.514937  0
14.160000  0.514890  0
14.186667  0.514844  0
14.213333  0.514797  0
14.240000  0.514751  0
14.266667  0.514704  0
14.293333  0.514658  0
14.320000  0.514612  0
14.346667  0.514565  0
14.373333  0.514519  0
14.400000  0.514472  0
14.426667  0.514426  0
14.453333  0.514380  0
14.480000  0.514333  0
14.506667  0.514287  0
14.533333  0.514240  0
14.560000  0.514194  0
14.586667  0.514147  0
14.613333  0.514101  0
14.640000  0.514055  0
14.666667  0.514008  0
14.693333  0.513962  0
14.720000  0.513915  0
14.746667  0.513869  0
14.773333  0.513823  0
14.800000  0.513776  0
14.826667  0.513730  0
14.853333  0.513683  0
14.880000  0.513637  0
14.906667  0.513590  0
14.933333  0.513544  0
14.960000  0.513498  0
14.986667  0.513451  0
15.013333  0.513405  0
15.040000  0.513358  0
15.066667  0.513312  0
15.093333  0.513265  0
15.120000  0.513219  0
15.146667  0.513173  0
15.173333  0.513126  0
15.200000  0.513080  0
15.226667  0.513033  0
15.253333  0.512987  0
15.280000  0.512941  0
15.306667  0.512894  0
15.333333  0.512848  0
15.360000  0.512801  0
15.386667  0.512755  0
15.413333  0.512708  0
15.440000  0.512662  0
15.466667  0.512616  0
15.493333  0.512569  0
18.160000  0.665718  1
18.186667  0.665353  1
18.213333  0.664989  1
18.240000  0.664625  1
18.266667  0.664261  1
18.293333  0.663897  1
18.320000  0.663533  1
18.346667  0.663168  1
18.373333  0.662804  1
18.400000  0.662440  1
18.426667  0.662076  1
18.453333  0.661712  1
18.480000  0.661347  1
18.506667  0.660983  1
18.533333  0.660619  1
18.560000  0.660255  1
18.586667  0.659891  1
18.613333  0.659526  1
18.640000  0.659162  1
18.666667  0.658798  1
18.693333  0.658434  1
18.720000  0.658070  1
18.746667  0.657705  1
18.773333  0.657341  1
18.800000  0.656977  1
18.826667  0.656613  1
18.853333  0.656249  1
18.880000  0.655884  1
18.906667  0.655520  1
18.933333  0.655156  1
18.960000  0.654792  1
18.986667  0.654428  1
19.013333  0.654063  1
19.040000  0.653699  1
19.066667  0.653335  1
19.093333  0.652971  1
19.120000  0.652607  1
19.146667  0.652242  1
19.173333  0.651878  1
19.200000  0.651514  1
19.226667  0.651150  1
19.253333  0.650786  1
19.280000  0.650421  1
19.306667  0.650057  1
19.333333  0.649693  1
19.360000  0.649329  1
19.386667  0.648965  1
19.413333  0.648600  1
19.440000  0.648236  1
19.466667  0.647872  1
19.493333  0.647508  1
19.520000  0.647144  1
19.546667  0.646779  1
19.573333  0.646415  1
19.600000  0.646051  1
19.626667  0.645687  1
19.653333  0.645323  1
19.680000  0.644958  1
19.706667  0.644594  1
19.733333  0.644230  1
19.760000  0.643866  1
19.786667  0.643502  1
19.813333  0.643137  1
19.840000  0.642773  1
19.866667  0.642409  1
19.893333  0.642045  1
19.920000  0.641681  1
19.946667  0.641316  1
19.973333  0.640952  1
20.000000  0.640588  1
20.026667  0.640224  1
20.053333  0.639860  1
20.080000  0.639495  1
20.106667  0.639131  1
20.133333  0.638767  1
20.160000  0.638403  1
20.186667  0.638039  1
20.213333  0.637674  1
20.240000  0.637310  1
20.266667  0.636946  1
20.293333  0.636582  1
20.320000  0.636218  1
20.346667  0.635853  1
20.373333  0.635489  1
20.400000  0.635125  1
20.426667  0.634761  1
20.453333  0.634397  1
20.480000  0.634032  1
20.506667  0.633668  1
20.533333  0.633304  1
20.560000  0.632940  1
20.586667  0.632576  1
20.613333  0.632211  1
20.640000  0.631847  1
20.666667  0.631483  1
20.693333  0.631119  1
20.720000  0.630755  1
20.746667  0.630390  1
20.773333  0.630026  1
20.800000  0.629662  1
20.826667  0.629298  1
20.853333  0.628934  1
20.880000  0.628569  1
20.906667  0.628205  1
20.933333  0.627841  1
20.960000  0.627477  1
20.986667  0.627113  1
21.013333  0.626748  1
21.040000  0.626384  1
21.066667  0.626020  1
18.880000  0.762730  2
18.906667  0.762344  2
18.933333  0.761957  2
18.960000  0.761571  2
18.986667  0.761184  2
19.013333  0.760798  2
19.040000  0.760411  2
19.066667  0.760025  2
19.093333  0.759638  2
19.120000  0.759252  2
19.146667  0.758865  2
19.173333  0.758479  2
19.200000  0.758092  2
19.226667  0.757706  2
19.253333  0.757319  2
19.280000  0.756933  2
19.306667  0.756546  2
19.333333  0.756160  2
19.360000  0.755773  2
19.386667  0.755387  2
19.413333  0.755000  2
19.440000  0.754614  2
19.466667  0.754227  2
19.493333  0.753841  2
19.520000  0.753454  2
19.546667  0.753068  2
19.573333  0.752681  2
19.600000  0.752295  2
19.626667  0.751908  2
19.653333  0.751522  2
19.680000  0.751135  2
19.706667  0.750749  2
19.733333  0.750362  2
19.760000  0.749976  2
19.786667  0.749589  2
19.813333  0.749203  2
19.840000  0.748816  2
19.866667  0.748430  2
19.893333  0.748043  2
19.920000  0.747657  2
19.946667  0.747270  2
19.973333  0.746884  2
20.000000  0.746497  2
20.026667  0.746111  2
20.053333  0.745724  2
20.080000  0.745338  2
20.106667  0.744951  2
20.133333  0.744565  2
20.160000  0.744178  2
20.186667  0.743792  2
20.213333  0.743405  2
20.240000  0.743019  2
20.266667  0.742632  2
20.293333  0.742246  2
20.320000  0.741859  2
20.346667  0.741473  2
20.373333  0.741086  2
20.400000  0.740700  2
20.426667  0.740313  2
20.453333  0.739927  2
20.480000  0.739540  2
20.506667  0.739154  2
20.533333  0.738767  2
20.560000  0.738381  2
20.586667  0.737994  2
20.613333  0.737608  2
20.640000  0.737221  2
20.666667  0.736835  2
20.693333  0.736448  2
20.720000  0.736062  2
20.746667  0.735675  2
20.773333  0.735289  2
20.800000  0.734902  2
20.826667  0.734516  2
20.853333  0.734129  2
20.880000  0.733743  2
20.906667  0.733356  2
20.933333  0.732970  2
20.960000  0.732583  2
20.986667  0.732197  2
21.013333  0.731810  2
21.040000  0.731424  2
21.066667  0.731037  2
