3.013333  0.772588  0
3.040000  0.769675  0
3.066667  0.766761  0
3.093333  0.763848  0
3.120000  0.760934  0
3.146667  0.758021  0
3.173333  0.755107  0
3.200000  0.752193  0
3.226667  0.749280  0
3.253333  0.746366  0
3.280000  0.743453  0
3.306667  0.740539  0
3.333333  0.737625  0
3.360000  0.734712  0
3.386667  0.731798  0
3.413333  0.728885  0
3.440000  0.725971  0
3.466667  0.723057  0
3.493333  0.720144  0
3.520000  0.717230  0
3.546667  0.714317  0
3.573333  0.711403  0
3.600000  0.708567  0
3.626667  0.705769  0
3.653333  0.702971  0
3.680000  0.700173  0
3.706667  0.697376  0
3.733333  0.694578  0
3.760000  0.691780  0
3.786667  0.688983  0
3.813333  0.686185  0
3.840000  0.683387  0
3.866667  0.680590  0
3.893333  0.677792  0
3.920000  0.674994  0
3.946667  0.672196  0
3.973333  0.669399  0
4.000000  0.666601  0
4.026667  0.663803  0
4.053333  0.661006  0
4.080000  0.658208  0
4.106667  0.655371  0
4.133333  0.652531  0
4.160000  0.649690  0
4.186667  0.646849  0
4.213333  0.644008  0
4.240000  0.641168  0
4.266667  0.638327  0
4.293333  0.635486  0
4.320000  0.632645  0
4.346667  0.629805  0
4.373333  0.626964  0
4.400000  0.624123  0
4.426667  0.621282  0
4.453333  0.618442  0
4.480000  0.615601  0
4.506667  0.612760  0
4.533333  0.609919  0
4.560000  0.607079  0
4.586667  0.604238  0
4.613333  0.601397  0
4.640000  0.598556  0
4.666667  0.595716  0
4.693333  0.592875  0
4.720000  0.590034  0
4.746667  0.587193  0
4.773333  0.584764  0
4.800000  0.583232  0
4.826667  0.581700  0
4.853333  0.580168  0
4.880000  0.578637  0
4.906667  0.577105  0
4.933333  0.575573  0
4.960000  0.574041  0
4.986667  0.572509  0
5.013333  0.570978  0
5.040000  0.569446  0
5.066667  0.567914  0
5.093333  0.566382  0
5.120000  0.564851  0
5.146667  0.563319  0
5.173333  0.561787  0
5.200000  0.560255  0
5.226667  0.558723  0
5.253333  0.557192  0
5.280000  0.555660  0
5.306667  0.554128  0
5.333333  0.552596  0
5.360000  0.551065  0
5.386667  0.549533  0
5.413333  0.548001  0
5.440000  0.546469  0
5.466667  0.544937  0
5.493333  0.543406  0
5.520000  0.541874  0
5.546667  0.540654  0
5.573333  0.540113  0
5.600000  0.539572  0
5.626667  0.539031  0
5.653333  0.538490  0
5.680000  0.537949  0
5.706667  0.537408  0
5.733333  0.536866  0
5.760000  0.536325  0
5.786667  0.535784  0
5.813333  0.535243  0
5.840000  0.534702  0
5.866667  0.534161  0
5.893333  0.533620  0
5.920000  0.533079  0
5.946667  0.532538  0
5.973333  0.531997  0
6.000000  0.531455  0
6.026667  0.530914  0
6.053333  0.530373  0
6.080000  0.529832  0
6.106667  0.529291  0
6.133333  0.528750  0
6.160000  0.528209  0
6.186667  0.527668  0
6.213333  0.527127  0
6.240000  0.526586  0
6.266667  0.526045  0
6.293333  0.525503  0
6.320000  0.524962  0
6.346667  0.524421  0
6.373333  0.523880  0
6.400000  0.523339  0
6.426667  0.522798  0
6.453333  0.522257  0
6.480000  0.521716  0
6.506667  0.521175  0
6.533333  0.520634  0
6.560000  0.520092  0
6.586667  0.519551  0
6.613333  0.519010  0
6.640000  0.518469  0
6.666667  0.517928  0
6.693333  0.517387  0
6.720000  0.516846  0
6.746667  0.516305  0
6.773333  0.515764  0
6.800000  0.515223  0
6.826667  0.514681  0
6.853333  0.514140  0
6.880000  0.513599  0
6.906667  0.513058  0
6.933333  0.512517  0
6.960000  0.511976  0
6.986667  0.511435  0
7.013333  0.510894  0
7.040000  0.510353  0
7.066667  0.509812  0
7.093333  0.509271  0
7.120000  0.508729  0
7.146667  0.508292  0
7.173333  0.507921  0
7.200000  0.507549  0
7.226667  0.507178  0
7.253333  0.506807  0
7.280000  0.506435  0
7.306667  0.506064  0
7.333333  0.505693  0
7.360000  0.505321  0
7.386667  0.504950  0
7.413333  0.504579  0
7.440000  0.504207  0
7.466667  0.503836  0
7.493333  0.503465  0
7.520000  0.503093  0
7.546667  0.502722  0
7.573333  0.502351  0
7.600000  0.501979  0
7.626667  0.501608  0
7.653333  0.501237  0
7.680000  0.500865  0
7.706667  0.500494  0
7.733333  0.500123  0
7.760000  0.499751  0
7.786667  0.499380  0
7.813333  0.499009  0
7.840000  0.498637  0
7.866667  0.498266  0
7.893333  0.497895  0
7.920000  0.497523  0
7.946667  0.497152  0
7.973333  0.496780  0
8.000000  0.496409  0
8.026667  0.496038  0
8.053333  0.495666  0
8.080000  0.495295  0
8.106667  0.494924  0
8.133333  0.494552  0
8.160000  0.494181  0
8.186667  0.493810  0
8.213333  0.493438  0
8.240000  0.493067  0
8.266667  0.492696  0
8.293333  0.492324  0
8.320000  0.491953  0
8.346667  0.491582  0
8.373333  0.491210  0
8.400000  0.490839  0
8.426667  0.490468  0
8.453333  0.490096  0
8.480000  0.489725  0
8.506667  0.489354  0
8.533333  0.488982  0
8.560000  0.488611  0
8.586667  0.488240  0
8.613333  0.487868  0
8.640000  0.487497  0
8.666667  0.487126  0
8.693333  0.486754  0
8.720000  0.486383  0
8.746667  0.486012  0
8.773333  0.485640  0
8.800000  0.485269  0
8.826667  0.484898  0
8.853333  0.484526  0
8.880000  0.484155  0
8.906667  0.483784  0
8.933333  0.483412  0
8.960000  0.483041  0
8.986667  0.482670  0
9.013333  0.482298  0
9.040000  0.481927  0
9.066667  0.481556  0
9.093333  0.481184  0
9.120000  0.480813  0
9.146667  0.480442  0
9.173333  0.480070  0
9.200000  0.479699  0
9.226667  0.479328  0
9.253333  0.478956  0
9.280000  0.478585  0
9.306667  0.478213  0
9.333333  0.477842  0
9.360000  0.477471  0
9.386667  0.477099  0
9.413333  0.476728  0
9.440000  0.476357  0
9.466667  0.476139  0
9.493333  0.476018  0
9.520000  0.475898  0
9.546667  0.475777  0
9.573333  0.475656  0
9.600000  0.475535  0
9.626667  0.475414  0
9.653333  0.475294  0
9.680000  0.475173  0
9.706667  0.475052  0
9.733333  0.474931  0
9.760000  0.474811  0
9.786667  0.474690  0
9.813333  0.474569  0
9.840000  0.474448  0
9.866667  0.474327  0
9.893333  0.474207  0
9.920000  0.474086  0
9.946667  0.473965  0
9.973333  0.473844  0
10.000000  0.473724  0
10.026667  0.473603  0
10.053333  0.473482  0
10.080000  0.473361  0
10.106667  0.473240  0
10.133333  0.473120  0
10.160000  0.472999  0
10.186667  0.472878  0
10.213333  0.472757  0
10.240000  0.472637  0
10.266667  0.472516  0
10.293333  0.472395  0
10.320000  0.472274  0
10.346667  0.472153  0
10.373333  0.472033  0
10.400000  0.471912  0
10.426667  0.471791  0
10.453333  0.471670  0
10.480000  0.471549  0
10.506667  0.471429  0
10.533333  0.471308  0
10.560000  0.471187  0
10.586667  0.471066  0
10.613333  0.470946  0
10.640000  0.470825  0
10.666667  0.470704  0
10.693333  0.470583  0
10.720000  0.470462  0
10.746667  0.470342  0
10.773333  0.470221  0
10.800000  0.470100  0
10.826667  0.469979  0
10.853333  0.469859  0
10.880000  0.469738  0
10.906667  0.469617  0
10.933333  0.469496  0
10.960000  0.469375  0
10.986667  0.469255  0
11.013333  0.469134  0
11.040000  0.469013  0
11.066667  0.468892  0
11.093333  0.468772  0
11.120000  0.468651  0
11.146667  0.468530  0
11.173333  0.468409  0
11.200000  0.468288  0
11.226667  0.468168  0
11.253333  0.468047  0
11.280000  0.467926  0
11.306667  0.467805  0
11.333333  0.467685  0
11.360000  0.467564  0
11.386667  0.467443  0
11.413333  0.467322  0
11.440000  0.467201  0
11.466667  0.467081  0
11.493333  0.466960  0
11.520000  0.466839  0
11.546667  0.466718  0
11.573333  0.466597  0
11.600000  0.466477  0
11.626667  0.466356  0
11.653333  0.466235  0
11.680000  0.466114  0
11.706667  0.465994  0
11.733333  0.465873  0
11.760000  0.465752  0
11.786667  0.465631  0
11.813333  0.465510  0
11.840000  0.465390  0
11.866667  0.465269  0
11.893333  0.465148  0
11.920000  0.465027  0
11.946667  0.464907  0
11.973333  0.464786  0
12.000000  0.464665  0
12.026667  0.464544  0
12.053333  0.464423  0
12.080000  0.464303  0
12.106667  0.464182  0
12.133333  0.464061  0
12.160000  0.463940  0
12.186667  0.463820  0
12.213333  0.463699  0
12.240000  0.463578  0
12.266667  0.463457  0
12.293333  0.463336  0
12.320000  0.463216  0
12.346667  0.463095  0
12.373333  0.462974  0
12.400000  0.462853  0
12.426667  0.462733  0
12.453333  0.462612  0
12.480000  0.462491  0
12.506667  0.462370  0
12.533333  0.462249  0
12.560000  0.462129  0
12.586667  0.462008  0
12.613333  0.461887  0
12.640000  0.461766  0
12.666667  0.461646  0
12.693333  0.461525  0
12.720000  0.461404  0
12.746667  0.461283  0
12.773333  0.461162  0
12.800000  0.461042  0
12.826667  0.460921  0
12.853333  0.460800  0
12.880000  0.460679  0
12.906667  0.460558  0
12.933333  0.460438  0
12.960000  0.460317  0
12.986667  0.460196  0
13.013333  0.460075  0
13.040000  0.459955  0
13.066667  0.459834  0
13.093333  0.459713  0
13.120000  0.459592  0
13.146667  0.459471  0
13.173333  0.459351  0
13.200000  0.459230  0
13.226667  0.459109  0
13.253333  0.458988  0
13.280000  0.458868  0
13.306667  0.458747  0
13.333333  0.458626  0
13.360000  0.458505  0
13.386667  0.458384  0
13.413333  0.458264  0
13.440000  0.458143  0
13.466667  0.458022  0
13.493333  0.457901  0
13.520000  0.457781  0
13.546667  0.457660  0
13.573333  0.457539  0
13.600000  0.457418  0
13.626667  0.457297  0
13.653333  0.457177  0
13.680000  0.457056  0
13.706667  0.456935  0
13.733333  0.456814  0
13.760000  0.456694  0
13.786667  0.456573  0
13.813333  0.456452  0
13.840000  0.456331  0
13.866667  0.456210  0
15.706667  0.605135  1
15.733333  0.604806  1
15.760000  0.604478  1
15.786667  0.604149  1
15.813333  0.603820  1
15.840000  0.603491  1
15.866667  0.603162  1
15.893333  0.602834  1
15.920000  0.602505  1
15.946667  0.602176  1
15.973333  0.601847  1
16.000000  0.601518  1
16.026667  0.601190  1
16.053333  0.600861  1
16.080000  0.600532  1
16.106667  0.600203  1
16.133333  0.599874  1
16.160000  0.599546  1
16.186667  0.599217  1
16.213333  0.598888  1
16.240000  0.598559  1
16.266667  0.598231  1
16.293333  0.597902  1
16.320000  0.597573  1
16.346667  0.597244  1
16.373333  0.596915  1
16.400000  0.596587  1
16.426667  0.596258  1
16.453333  0.595929  1
16.480000  0.595600  1
16.506667  0.595271  1
16.533333  0.594943  1
16.560000  0.594614  1
16.586667  0.594285  1
16.613333  0.593956  1
16.640000  0.593627  1
16.666667  0.593299  1
16.693333  0.592970  1
16.720000  0.592641  1
16.746667  0.592312  1
16.773333  0.591984  1
16.800000  0.591655  1
16.826667  0.591326  1
16.853333  0.590997  1
16.880000  0.590668  1
16.906667  0.590340  1
16.933333  0.590011  1
16.960000  0.589682  1
16.986667  0.589353  1
17.013333  0.589024  1
17.040000  0.588696  1
17.066667  0.588367  1
17.093333  0.588038  1
17.120000  0.587709  1
17.146667  0.587380  1
17.173333  0.587052  1
17.200000  0.586723  1
17.226667  0.586394  1
17.253333  0.586065  1
17.280000  0.585736  1
17.306667  0.585408  1
17.333333  0.585079  1
17.360000  0.584750  1
17.386667  0.584421  1
17.413333  0.584093  1
17.440000  0.583764  1
17.466667  0.583435  1
17.493333  0.583106  1
17.520000  0.582777  1
17.546667  0.582449  1
17.573333  0.582120  1
17.600000  0.581791  1
17.626667  0.581462  1
17.653333  0.581133  1
17.680000  0.580805  1
17.706667  0.580476  1
17.733333  0.580147  1
17.760000  0.579818  1
17.786667  0.579489  1
17.813333  0.579161  1
17.840000  0.578832  1
17.866667  0.578503  1
17.893333  0.578174  1
17.920000  0.577846  1
17.946667  0.577517  1
17.973333  0.577188  1
18.000000  0.576859  1
18.026667  0.576530  1
18.053333  0.576202  1
18.080000  0.575873  1
18.106667  0.575544  1
18.133333  0.575215  1
18.160000  0.574886  1
18.186667  0.574558  1
18.213333  0.574229  1
18.240000  0.573900  1
18.266667  0.573571  1
18.293333  0.573242  1
18.320000  0.572914  1
18.346667  0.572585  1
18.373333  0.572256  1
18.400000  0.571927  1
18.426667  0.571598  1
18.453333  0.571270  1
18.480000  0.570941  1
18.506667  0.570612  1
18.533333  0.570283  1
18.560000  0.569955  1
18.586667  0.569626  1
18.613333  0.569297  1
18.640000  0.568968  1
18.666667  0.568639  1
18.693333  0.568311  1
18.720000  0.567982  1
18.746667  0.567653  1
18.773333  0.567324  1
18.800000  0.566995  1
18.826667  0.566667  1
18.853333  0.566338  1
18.880000  0.566009  1
18.906667  0.565680  1
18.933333  0.565351  1
