2.960000  0.774439  0
2.986667  0.773340  0
3.013333  0.772241  0
3.040000  0.771141  0
3.066667  0.770042  0
3.093333  0.768943  0
3.120000  0.767844  0
3.146667  0.766745  0
3.173333  0.765646  0
3.200000  0.764547  0
3.226667  0.763448  0
3.253333  0.762349  0
3.280000  0.761250  0
3.306667  0.760150  0
3.333333  0.759051  0
3.360000  0.757952  0
3.386667  0.756853  0
3.413333  0.755754  0
3.440000  0.754655  0
3.466667  0.753556  0
3.493333  0.752457  0
3.520000  0.751358  0
3.546667  0.750259  0
3.573333  0.749159  0
3.600000  0.748060  0
3.626667  0.746961  0
3.653333  0.745862  0
3.680000  0.744763  0
3.706667  0.743664  0
3.733333  0.742565  0
3.760000  0.741466  0
3.786667  0.740367  0
3.813333  0.739268  0
3.840000  0.738168  0
3.866667  0.737069  0
3.893333  0.735970  0
3.920000  0.734871  0
3.946667  0.733772  0
3.973333  0.732673  0
4.000000  0.731574  0
4.026667  0.730475  0
4.053333  0.729376  0
4.080000  0.728277  0
4.106667  0.727177  0
4.133333  0.726078  0
4.160000  0.724979  0
4.186667  0.723880  0
4.213333  0.722781  0
4.240000  0.721748  0
4.266667  0.720734  0
4.293333  0.719719  0
4.320000  0.718705  0
4.346667  0.717690  0
4.373333  0.716675  0
4.400000  0.715661  0
4.426667  0.714646  0
4.453333  0.713632  0
4.480000  0.712617  0
4.506667  0.711603  0
4.533333  0.710588  0
4.560000  0.709574  0
4.586667  0.708559  0
4.613333  0.707544  0
4.640000  0.706530  0
4.666667  0.705515  0
4.693333  0.704501  0
4.720000  0.703486  0
4.746667  0.702472  0
4.773333  0.701457  0
4.800000  0.700443  0
4.826667  0.699428  0
4.853333  0.698413  0
4.880000  0.697399  0
4.906667  0.696384  0
4.933333  0.695370  0
4.960000  0.694355  0
4.986667  0.693341  0
5.013333  0.692326  0
5.040000  0.691312  0
5.066667  0.690297  0
5.093333  0.689283  0
5.120000  0.688268  0
5.146667  0.687253  0
5.173333  0.686239  0
5.200000  0.685224  0
5.226667  0.684210  0
5.253333  0.683195  0
5.280000  0.682181  0
5.306667  0.681166  0
5.333333  0.680152  0
5.360000  0.679137  0
5.386667  0.678122  0
5.413333  0.677108  0
5.440000  0.676093  0
5.466667  0.675079  0
5.493333  0.674064  0
5.520000  0.673050  0
5.546667  0.672035  0
5.573333  0.671021  0
5.600000  0.670006  0
5.626667  0.668991  0
5.653333  0.667977  0
5.680000  0.666962  0
5.706667  0.665948  0
5.733333  0.664933  0
5.760000  0.663919  0
5.786667  0.662904  0
5.813333  0.661914  0
5.840000  0.661200  0
5.866667  0.660486  0
5.893333  0.659772  0
5.920000  0.659058  0
5.946667  0.658344  0
5.973333  0.657630  0
6.000000  0.656916  0
6.026667  0.656202  0
6.053333  0.655488  0
6.080000  0.654774  0
6.106667  0.654060  0
6.133333  0.653346  0
6.160000  0.652632  0
6.186667  0.651918  0
6.213333  0.651204  0
6.240000  0.650490  0
6.266667  0.649776  0
6.293333  0.649063  0
6.320000  0.648349  0
6.346667  0.647635  0
6.373333  0.646921  0
6.400000  0.646207  0
6.426667  0.645493  0
6.453333  0.644779  0
6.480000  0.644065  0
6.506667  0.643351  0
6.533333  0.642637  0
6.560000  0.641923  0
6.586667  0.641209  0
6.613333  0.640495  0
6.640000  0.639781  0
6.666667  0.639067  0
6.693333  0.638353  0
6.720000  0.637639  0
6.746667  0.636925  0
6.773333  0.636212  0
6.800000  0.635498  0
6.826667  0.634784  0
6.853333  0.634070  0
6.880000  0.633356  0
6.906667  0.632642  0
6.933333  0.631928  0
6.960000  0.631214  0
6.986667  0.630500  0
7.013333  0.629786  0
7.040000  0.629072  0
7.066667  0.628358  0
7.093333  0.627644  0
7.120000  0.626930  0
7.146667  0.626216  0
7.173333  0.625502  0
7.200000  0.624788  0
7.226667  0.624074  0
7.253333  0.623361  0
7.280000  0.622647  0
7.306667  0.621933  0
7.333333  0.621219  0
7.360000  0.620505  0
7.386667  0.619791  0
7.413333  0.619077  0
7.440000  0.618363  0
7.466667  0.617649  0
7.493333  0.616935  0
7.520000  0.616221  0
7.546667  0.615507  0
7.573333  0.614793  0
7.600000  0.614079  0
7.626667  0.613365  0
7.653333  0.612651  0
7.680000  0.611937  0
7.706667  0.611223  0
7.733333  0.610509  0
7.760000  0.609796  0
7.786667  0.609082  0
7.813333  0.608368  0
7.840000  0.607654  0
7.866667  0.606940  0
7.893333  0.606226  0
7.920000  0.605512  0
7.946667  0.604798  0
7.973333  0.604084  0
8.000000  0.603370  0
8.026667  0.602656  0
8.053333  0.601942  0
8.080000  0.601228  0
8.106667  0.600514  0
8.133333  0.599800  0
8.160000  0.599086  0
8.186667  0.598372  0
8.213333  0.597658  0
8.240000  0.596945  0
8.266667  0.596231  0
8.293333  0.595517  0
8.320000  0.594803  0
8.346667  0.594089  0
8.373333  0.593375  0
8.400000  0.592661  0
8.426667  0.591947  0
8.453333  0.591233  0
8.480000  0.590519  0
8.506667  0.589805  0
8.533333  0.589091  0
8.560000  0.588377  0
8.586667  0.587663  0
8.613333  0.586949  0
8.640000  0.586235  0
8.666667  0.585521  0
8.693333  0.584912  0
8.720000  0.584368  0
8.746667  0.583824  0
8.773333  0.583280  0
8.800000  0.582736  0
8.826667  0.582192  0
8.853333  0.581649  0
8.880000  0.581105  0
8.906667  0.580561  0
8.933333  0.580017  0
8.960000  0.579473  0
8.986667  0.578929  0
9.013333  0.578386  0
9.040000  0.577842  0
9.066667  0.577298  0
9.093333  0.576754  0
9.120000  0.576210  0
9.146667  0.575666  0
9.173333  0.575123  0
9.200000  0.574579  0
9.226667  0.574035  0
9.253333  0.573491  0
9.280000  0.572947  0
9.306667  0.572403  0
9.333333  0.571860  0
9.360000  0.571316  0
9.386667  0.570772  0
9.413333  0.570228  0
9.440000  0.569684  0
9.466667  0.569140  0
9.493333  0.568597  0
9.520000  0.568053  0
9.546667  0.567509  0
9.573333  0.566965  0
9.600000  0.566421  0
9.626667  0.565877  0
9.653333  0.565333  0
9.680000  0.564790  0
9.706667  0.564246  0
9.733333  0.563702  0
9.760000  0.563158  0
9.786667  0.562614  0
9.813333  0.562070  0
9.840000  0.561527  0
9.866667  0.560983  0
9.893333  0.560439  0
9.920000  0.559895  0
9.946667  0.559351  0
9.973333  0.558807  0
10.000000  0.558264  0
10.026667  0.557720  0
10.053333  0.557176  0
10.080000  0.556632  0
10.106667  0.556088  0
10.133333  0.555544  0
10.160000  0.555001  0
10.186667  0.554457  0
10.213333  0.553913  0
10.240000  0.553369  0
10.266667  0.552825  0
10.293333  0.552281  0
10.320000  0.551738  0
10.346667  0.551194  0
10.373333  0.550650  0
10.400000  0.550106  0
10.426667  0.549562  0
10.453333  0.549018  0
10.480000  0.548475  0
10.506667  0.547931  0
10.533333  0.547387  0
10.560000  0.546843  0
10.586667  0.546299  0
10.613333  0.545755  0
10.640000  0.545211  0
10.666667  0.544668  0
10.693333  0.544124  0
10.720000  0.543580  0
10.746667  0.543036  0
10.773333  0.542492  0
10.800000  0.541948  0
10.826667  0.541405  0
10.853333  0.540861  0
10.880000  0.540317  0
10.906667  0.539773  0
10.933333  0.539229  0
10.960000  0.538685  0
10.986667  0.538142  0
11.013333  0.537598  0
11.040000  0.537054  0
11.066667  0.536510  0
11.093333  0.535966  0
11.120000  0.535422  0
11.146667  0.534879  0
11.173333  0.534335  0
11.200000  0.533791  0
11.226667  0.533247  0
11.253333  0.532703  0
11.280000  0.532159  0
11.306667  0.531616  0
11.333333  0.531072  0
11.360000  0.530528  0
11.386667  0.529984  0
11.413333  0.529440  0
11.440000  0.528896  0
11.466667  0.528353  0
11.493333  0.527809  0
11.520000  0.527265  0
11.546667  0.526721  0
11.573333  0.526177  0
11.600000  0.525633  0
11.626667  0.525089  0
11.653333  0.524546  0
11.680000  0.524002  0
11.706667  0.523458  0
11.733333  0.522914  0
11.760000  0.522370  0
11.786667  0.521826  0
11.813333  0.521283  0
11.840000  0.520739  0
11.866667  0.520195  0
11.893333  0.519651  0
11.920000  0.519107  0
11.946667  0.518563  0
11.973333  0.518020  0
12.000000  0.517476  0
12.026667  0.516932  0
12.053333  0.516524  0
12.080000  0.516336  0
12.106667  0.516148  0
12.133333  0.515960  0
12.160000  0.515772  0
12.186667  0.515584  0
12.213333  0.515396  0
12.240000  0.515209  0
12.266667  0.515021  0
12.293333  0.514833  0
12.320000  0.514645  0
12.346667  0.514457  0
12.373333  0.514269  0
12.400000  0.514081  0
12.426667  0.513893  0
12.453333  0.513705  0
12.480000  0.513518  0
12.506667  0.513330  0
12.533333  0.513142  0
12.560000  0.512954  0
12.586667  0.512766  0
12.613333  0.512578  0
12.640000  0.512390  0
12.666667  0.512202  0
12.693333  0.512015  0
12.720000  0.511827  0
12.746667  0.511639  0
12.773333  0.511451  0
12.800000  0.511263  0
12.826667  0.511075  0
12.853333  0.510887  0
12.880000  0.510699  0
12.906667  0.510512  0
12.933333  0.510324  0
12.960000  0.510136  0
12.986667  0.509948  0
13.013333  0.509760  0
13.040000  0.509572  0
13.066667  0.509384  0
13.093333  0.509196  0
13.120000  0.509008  0
13.146667  0.508821  0
13.173333  0.508633  0
13.200000  0.508445  0
13.226667  0.508257  0
13.253333  0.508069  0
13.280000  0.507881  0
13.306667  0.507693  0
13.333333  0.507505  0
13.360000  0.507318  0
13.386667  0.507130  0
13.413333  0.506942  0
13.440000  0.506754  0
13.466667  0.506566  0
13.493333  0.506378  0
13.520000  0.506190  0
13.546667  0.506002  0
13.573333  0.505815  0
13.600000  0.505627  0
13.626667  0.505439  0
13.653333  0.505251  0
13.680000  0.505063  0
13.706667  0.504875  0
13.733333  0.504687  0
13.760000  0.504499  0
13.786667  0.504311  0
13.813333  0.504124  0
13.840000  0.503936  0
13.866667  0.503748  0
13.893333  0.503560  0
13.920000  0.503372  0
13.946667  0.503184  0
13.973333  0.502996  0
14.000000  0.502808  0
14.026667  0.502621  0
14.053333  0.502433  0
14.080000  0.502245  0
14.106667  0.502057  0
14.133333  0.501869  0
14.160000  0.501681  0
14.186667  0.501493  0
14.213333  0.501305  0
14.240000  0.501118  0
14.266667  0.500930  0
14.293333  0.500742  0
14.320000  0.500554  0
14.346667  0.500366  0
14.373333  0.500178  0
14.400000  0.499990  0
14.426667  0.499802  0
14.453333  0.499614  0
14.480000  0.499427  0
14.506667  0.499239  0
14.533333  0.499051  0
14.560000  0.498863  0
14.586667  0.498675  0
14.613333  0.498487  0
14.640000  0.498299  0
14.666667  0.498111  0
14.693333  0.497924  0
14.720000  0.497736  0
14.746667  0.497548  0
14.773333  0.497360  0
14.800000  0.497172  0
14.826667  0.496984  0
14.853333  0.496796  0
14.880000  0.496608  0
14.906667  0.496420  0
18.053333  0.637093  1
18.080000  0.636755  1
18.106667  0.636417  1
18.133333  0.636079  1
18.160000  0.635740  1
18.186667  0.635402  1
18.213333  0.635064  1
18.240000  0.634726  1
18.266667  0.634388  1
18.293333  0.634049  1
18.320000  0.633711  1
18.346667  0.633373  1
18.373333  0.633035  1
18.400000  0.632697  1
18.426667  0.632359  1
18.453333  0.632020  1
18.480000  0.631682  1
18.506667  0.631344  1
18.533333  0.631006  1
18.560000  0.630668  1
18.586667  0.630329  1
18.613333  0.629991  1
18.640000  0.629653  1
18.666667  0.629315  1
18.693333  0.628977  1
18.720000  0.628639  1
18.746667  0.628300  1
18.773333  0.627962  1
18.800000  0.627624  1
18.826667  0.627286  1
18.853333  0.626948  1
18.880000  0.626609  1
18.906667  0.626271  1
18.933333  0.625933  1
18.960000  0.625595  1
18.986667  0.625257  1
19.013333  0.624918  1
19.040000  0.624580  1
19.066667  0.624242  1
19.093333  0.623904  1
19.120000  0.623566  1
19.146667  0.623228  1
19.173333  0.622889  1
19.200000  0.622551  1
19.226667  0.622213  1
19.253333  0.621875  1
19.280000  0.621537  1
19.306667  0.621198  1
19.333333  0.620860  1
19.360000  0.620522  1
19.386667  0.620184  1
19.413333  0.619846  1
19.440000  0.619508  1
19.466667  0.619169  1
19.493333  0.618831  1
19.520000  0.618493  1
19.546667  0.618155  1
19.573333  0.617817  1
19.600000  0.617478  1
19.626667  0.617140  1
19.653333  0.616802  1
19.680000  0.616464  1
19.706667  0.616126  1
19.733333  0.615787  1
19.760000  0.615449  1
19.786667  0.615111  1
19.813333  0.614773  1
19.840000  0.614435  1
19.866667  0.614097  1
19.893333  0.613758  1
19.920000  0.613420  1
19.946667  0.613082  1
19.973333  0.612744  1
20.000000  0.612406  1
20.026667  0.612067  1
20.053333  0.611729  1
20.080000  0.611391  1
20.106667  0.611053  1
20.133333  0.610715  1
20.160000  0.610377  1
20.186667  0.610038  1
20.213333  0.609700  1
20.240000  0.609362  1
20.266667  0.609024  1
20.293333  0.608686  1
20.320000  0.608347  1
20.346667  0.608009  1
20.373333  0.607671  1
20.400000  0.607333  1
20.426667  0.606995  1
20.453333  0.606657  1
20.480000  0.606318  1
20.506667  0.605980  1
20.533333  0.605642  1
20.560000  0.605304  1
20.586667  0.604966  1
20.613333  0.604627  1
20.640000  0.604289  1
20.666667  0.603951  1
20.693333  0.603613  1
20.720000  0.603275  1
20.746667  0.602936  1
20.773333  0.602598  1
20.800000  0.602260  1
20.826667  0.601922  1
20.853333  0.601584  1
20.880000  0.601246  1
20.906667  0.600907  1
20.933333  0.600569  1
20.960000  0.600231  1
20.986667  0.599893  1
21.013333  0.599555  1
21.040000  0.599216  1
21.066667  0.598878  1
21.093333  0.598540  1
21.120000  0.598202  1
21.146667  0.597864  1
21.173333  0.597526  1
21.200000  0.597187  1
21.226667  0.596849  1
21.253333  0.596511  1
21.280000  0.596173  1
21.306667  0.595835  1
21.333333  0.595496  1
21.360000  0.595158  1
21.386667  0.594820  1
21.413333  0.594482  1
21.440000  0.594144  1
21.466667  0.593805  1
