2.400000  0.855783  0
2.426667  0.854550  0
2.453333  0.853317  0
2.480000  0.852084  0
2.506667  0.850851  0
2.533333  0.849618  0
2.560000  0.848385  0
2.586667  0.847152  0
2.613333  0.845919  0
2.640000  0.844686  0
2.666667  0.843453  0
2.693333  0.842220  0
2.720000  0.840988  0
2.746667  0.839755  0
2.773333  0.838522  0
2.800000  0.837289  0
2.826667  0.836056  0
2.853333  0.834823  0
2.880000  0.833590  0
2.906667  0.832357  0
2.933333  0.831124  0
2.960000  0.829891  0
2.986667  0.828658  0
3.013333  0.827425  0
3.040000  0.826192  0
3.066667  0.824959  0
3.093333  0.823726  0
3.120000  0.822493  0
3.146667  0.821260  0
3.173333  0.820027  0
3.200000  0.818794  0
3.226667  0.817561  0
3.253333  0.816328  0
3.280000  0.815095  0
3.306667  0.813862  0
3.333333  0.812629  0
3.360000  0.811396  0
3.386667  0.810163  0
3.413333  0.808930  0
3.440000  0.807697  0
3.466667  0.806464  0
3.493333  0.805232  0
3.520000  0.803999  0
3.546667  0.802766  0
3.573333  0.801533  0
3.600000  0.800300  0
3.626667  0.799067  0
3.653333  0.797834  0
3.680000  0.796601  0
3.706667  0.795368  0
3.733333  0.794135  0
3.760000  0.792902  0
3.786667  0.791669  0
3.813333  0.790436  0
3.840000  0.789203  0
3.866667  0.787970  0
3.893333  0.786737  0
3.920000  0.785504  0
3.946667  0.784271  0
3.973333  0.783038  0
4.000000  0.781805  0
4.026667  0.780572  0
4.053333  0.779339  0
4.080000  0.778106  0
4.106667  0.776873  0
4.133333  0.775640  0
4.160000  0.774407  0
4.186667  0.773174  0
4.213333  0.771941  0
4.240000  0.770708  0
4.266667  0.769476  0
4.293333  0.768243  0
4.320000  0.767010  0
4.346667  0.765777  0
4.373333  0.764544  0
4.400000  0.763311  0
4.426667  0.762078  0
4.453333  0.760845  0
4.480000  0.759612  0
4.506667  0.758379  0
4.533333  0.757146  0
4.560000  0.755913  0
4.586667  0.754723  0
4.613333  0.753805  0
4.640000  0.752887  0
4.666667  0.751969  0
4.693333  0.751052  0
4.720000  0.750134  0
4.746667  0.749216  0
4.773333  0.748298  0
4.800000  0.747380  0
4.826667  0.746462  0
4.853333  0.745544  0
4.880000  0.744626  0
4.906667  0.743708  0
4.933333  0.742790  0
4.960000  0.741872  0
4.986667  0.740954  0
5.013333  0.740036  0
5.040000  0.739118  0
5.066667  0.738200  0
5.093333  0.737283  0
5.120000  0.736365  0
5.146667  0.735447  0
5.173333  0.734529  0
5.200000  0.733611  0
5.226667  0.732693  0
5.253333  0.731775  0
5.280000  0.730857  0
5.306667  0.729939  0
5.333333  0.729021  0
5.360000  0.728103  0
5.386667  0.727185  0
5.413333  0.726267  0
5.440000  0.725349  0
5.466667  0.724432  0
5.493333  0.723514  0
5.520000  0.722596  0
5.546667  0.721678  0
5.573333  0.720760  0
5.600000  0.719842  0
5.626667  0.718924  0
5.653333  0.718006  0
5.680000  0.717088  0
5.706667  0.716170  0
5.733333  0.715252  0
5.760000  0.714334  0
5.786667  0.713416  0
5.813333  0.712498  0
5.840000  0.711581  0
5.866667  0.710663  0
5.893333  0.709745  0
5.920000  0.708827  0
5.946667  0.707909  0
5.973333  0.706991  0
6.000000  0.706073  0
6.026667  0.705155  0
6.053333  0.704237  0
6.080000  0.703319  0
6.106667  0.702401  0
6.133333  0.701483  0
6.160000  0.700565  0
6.186667  0.699647  0
6.213333  0.698729  0
6.240000  0.697812  0
6.266667  0.696894  0
6.293333  0.695976  0
6.320000  0.695058  0
6.346667  0.694140  0
6.373333  0.693222  0
6.400000  0.692304  0
6.426667  0.691386  0
6.453333  0.690468  0
6.480000  0.689550  0
6.506667  0.688632  0
6.533333  0.687714  0
6.560000  0.686796  0
6.586667  0.685878  0
6.613333  0.684961  0
6.640000  0.684043  0
6.666667  0.683125  0
6.693333  0.682207  0
6.720000  0.681289  0
6.746667  0.680371  0
6.773333  0.679453  0
6.800000  0.678535  0
6.826667  0.677654  0
6.853333  0.676803  0
6.880000  0.675953  0
6.906667  0.675102  0
6.933333  0.674251  0
6.960000  0.673400  0
6.986667  0.672550  0
7.013333  0.671699  0
7.040000  0.670848  0
7.066667  0.669997  0
7.093333  0.669147  0
7.120000  0.668296  0
7.146667  0.667445  0
7.173333  0.666594  0
7.200000  0.665744  0
7.226667  0.664893  0
7.253333  0.664042  0
7.280000  0.663191  0
7.306667  0.662341  0
7.333333  0.661490  0
7.360000  0.660639  0
7.386667  0.659788  0
7.413333  0.658938  0
7.440000  0.658087  0
7.466667  0.657236  0
7.493333  0.656386  0
7.520000  0.655535  0
7.546667  0.654684  0
7.573333  0.653833  0
7.600000  0.652983  0
7.626667  0.652132  0
7.653333  0.651281  0
7.680000  0.650430  0
7.706667  0.649580  0
7.733333  0.648729  0
7.760000  0.647878  0
7.786667  0.647027  0
7.813333  0.646177  0
7.840000  0.645326  0
7.866667  0.644475  0
7.893333  0.643624  0
7.920000  0.642774  0
7.946667  0.641923  0
7.973333  0.641072  0
8.000000  0.640221  0
8.026667  0.639371  0
8.053333  0.638520  0
8.080000  0.637669  0
8.106667  0.636818  0
8.133333  0.635968  0
8.160000  0.635117  0
8.186667  0.634266  0
8.213333  0.633415  0
8.240000  0.632565  0
8.266667  0.631714  0
8.293333  0.630863  0
8.320000  0.630012  0
8.346667  0.629162  0
8.373333  0.628311  0
8.400000  0.627460  0
8.426667  0.626609  0
8.453333  0.625759  0
8.480000  0.624908  0
8.506667  0.624057  0
8.533333  0.623206  0
8.560000  0.622356  0
8.586667  0.621505  0
8.613333  0.620654  0
8.640000  0.619803  0
8.666667  0.618953  0
8.693333  0.618102  0
8.720000  0.617251  0
8.746667  0.616400  0
8.773333  0.615550  0
8.800000  0.614699  0
8.826667  0.613848  0
8.853333  0.612997  0
8.880000  0.612147  0
8.906667  0.611296  0
8.933333  0.610445  0
8.960000  0.609594  0
8.986667  0.608744  0
9.013333  0.607893  0
9.040000  0.607042  0
9.066667  0.606191  0
9.093333  0.605341  0
9.120000  0.604490  0
9.146667  0.603639  0
9.173333  0.602789  0
9.200000  0.601938  0
9.226667  0.601087  0
9.253333  0.600236  0
9.280000  0.599386  0
9.306667  0.598535  0
9.333333  0.597684  0
9.360000  0.596833  0
9.386667  0.595983  0
9.413333  0.595132  0
9.440000  0.594281  0
9.466667  0.593430  0
9.493333  0.592580  0
9.520000  0.591729  0
9.546667  0.590878  0
9.573333  0.590027  0
9.600000  0.589177  0
9.626667  0.588326  0
9.653333  0.587475  0
9.680000  0.586624  0
9.706667  0.585774  0
9.733333  0.585011  0
9.760000  0.584394  0
9.786667  0.583776  0
9.813333  0.583158  0
9.840000  0.582541  0
9.866667  0.581923  0
9.893333  0.581306  0
9.920000  0.580688  0
9.946667  0.580071  0
9.973333  0.579453  0
10.000000  0.578836  0
10.026667  0.578218  0
10.053333  0.577600  0
10.080000  0.576983  0
10.106667  0.576365  0
10.133333  0.575748  0
10.160000  0.575130  0
10.186667  0.574513  0
10.213333  0.573895  0
10.240000  0.573278  0
10.266667  0.572660  0
10.293333  0.572042  0
10.320000  0.571425  0
10.346667  0.570807  0
10.373333  0.570190  0
10.400000  0.569572  0
10.426667  0.568955  0
10.453333  0.568337  0
10.480000  0.567720  0
10.506667  0.567102  0
10.533333  0.566484  0
10.560000  0.565867  0
10.586667  0.565249  0
10.613333  0.564632  0
10.640000  0.564014  0
10.666667  0.563397  0
10.693333  0.562779  0
10.720000  0.562162  0
10.746667  0.561544  0
10.773333  0.560926  0
10.800000  0.560309  0
10.826667  0.559691  0
10.853333  0.559074  0
10.880000  0.558456  0
10.906667  0.557839  0
10.933333  0.557221  0
10.960000  0.556604  0
10.986667  0.555986  0
11.013333  0.555368  0
11.040000  0.554751  0
11.066667  0.554133  0
11.093333  0.553516  0
11.120000  0.552898  0
11.146667  0.552281  0
11.173333  0.551663  0
11.200000  0.551046  0
11.226667  0.550428  0
11.253333  0.549810  0
11.280000  0.549193  0
11.306667  0.548575  0
11.333333  0.547958  0
11.360000  0.547340  0
11.386667  0.546723  0
11.413333  0.546105  0
11.440000  0.545488  0
11.466667  0.544870  0
11.493333  0.544252  0
11.520000  0.543635  0
11.546667  0.543017  0
11.573333  0.542400  0
11.600000  0.541782  0
11.626667  0.541165  0
11.653333  0.540547  0
11.680000  0.539930  0
11.706667  0.539312  0
11.733333  0.538694  0
11.760000  0.538077  0
11.786667  0.537459  0
11.813333  0.536842  0
11.840000  0.536224  0
11.866667  0.535607  0
11.893333  0.534989  0
11.920000  0.534372  0
11.946667  0.533754  0
11.973333  0.533136  0
12.000000  0.532519  0
12.026667  0.531901  0
12.053333  0.531284  0
12.080000  0.530666  0
12.106667  0.530049  0
12.133333  0.529431  0
12.160000  0.528814  0
12.186667  0.528196  0
12.213333  0.527578  0
12.240000  0.526961  0
12.266667  0.526343  0
12.293333  0.525726  0
12.320000  0.525108  0
12.346667  0.524491  0
12.373333  0.523873  0
12.400000  0.523256  0
12.426667  0.522638  0
12.453333  0.522020  0
12.480000  0.521403  0
12.506667  0.520785  0
12.533333  0.520168  0
12.560000  0.519550  0
12.586667  0.518933  0
12.613333  0.518315  0
12.640000  0.517698  0
12.666667  0.517080  0
12.693333  0.516463  0
12.720000  0.515845  0
12.746667  0.515227  0
12.773333  0.514610  0
12.800000  0.513992  0
12.826667  0.513375  0
12.853333  0.512757  0
12.880000  0.512381  0
12.906667  0.512122  0
12.933333  0.511862  0
12.960000  0.511602  0
12.986667  0.511342  0
13.013333  0.511082  0
13.040000  0.510822  0
13.066667  0.510563  0
13.093333  0.510303  0
13.120000  0.510043  0
13.146667  0.509783  0
13.173333  0.509523  0
13.200000  0.509264  0
13.226667  0.509004  0
13.253333  0.508744  0
13.280000  0.508484  0
13.306667  0.508224  0
13.333333  0.507964  0
13.360000  0.507705  0
13.386667  0.507445  0
13.413333  0.507185  0
13.440000  0.506925  0
13.466667  0.506665  0
13.493333  0.506405  0
13.520000  0.506146  0
13.546667  0.505886  0
13.573333  0.505626  0
13.600000  0.505366  0
13.626667  0.505106  0
13.653333  0.504847  0
13.680000  0.504587  0
13.706667  0.504327  0
13.733333  0.504067  0
13.760000  0.503807  0
13.786667  0.503547  0
13.813333  0.503288  0
13.840000  0.503028  0
13.866667  0.502768  0
13.893333  0.502508  0
13.920000  0.502248  0
13.946667  0.501988  0
13.973333  0.501729  0
14.000000  0.501469  0
14.026667  0.501209  0
14.053333  0.500949  0
14.080000  0.500689  0
14.106667  0.500429  0
14.133333  0.500170  0
14.160000  0.499910  0
14.186667  0.499650  0
14.213333  0.499390  0
14.240000  0.499130  0
14.266667  0.498871  0
14.293333  0.498611  0
14.320000  0.498351  0
14.346667  0.498091  0
14.373333  0.497831  0
14.400000  0.497571  0
14.426667  0.497312  0
14.453333  0.497052  0
14.480000  0.496792  0
14.506667  0.496532  0
14.533333  0.496272  0
14.560000  0.496012  0
14.586667  0.495753  0
14.613333  0.495493  0
14.640000  0.495233  0
14.666667  0.494973  0
14.693333  0.494713  0
14.720000  0.494454  0
14.746667  0.494194  0
14.773333  0.493934  0
14.800000  0.493674  0
14.826667  0.493414  0
14.853333  0.493154  0
14.880000  0.492895  0
14.906667  0.492635  0
14.933333  0.492375  0
14.960000  0.492115  0
14.986667  0.491855  0
15.013333  0.491595  0
15.040000  0.491336  0
15.066667  0.491076  0
15.093333  0.490816  0
15.120000  0.490556  0
15.146667  0.490296  0
15.173333  0.490036  0
15.200000  0.489777  0
15.226667  0.489517  0
15.253333  0.489257  0
15.280000  0.488997  0
15.306667  0.488737  0
15.333333  0.488478  0
15.360000  0.488218  0
15.386667  0.487958  0
15.413333  0.487698  0
15.440000  0.487438  0
15.466667  0.487178  0
15.493333  0.486919  0
15.520000  0.486659  0
15.546667  0.486399  0
15.573333  0.486139  0
15.600000  0.485879  0
15.626667  0.485619  0
15.653333  0.485360  0
15.680000  0.485100  0
15.706667  0.484840  0
15.733333  0.484580  0
15.760000  0.484320  0
15.786667  0.484061  0
15.813333  0.483801  0
15.840000  0.483541  0
15.866667  0.483281  0
15.893333  0.483021  0
15.920000  0.482761  0
15.946667  0.482502  0
15.973333  0.482242  0
16.000000  0.481982  0
16.026667  0.481722  0
16.053333  0.481462  0
16.080000  0.481202  0
16.106667  0.480943  0
16.133333  0.480683  0
16.160000  0.480423  0
16.186667  0.480163  0
16.213333  0.479903  0
16.240000  0.479643  0
16.266667  0.479384  0
16.293333  0.479124  0
16.320000  0.478864  0
16.346667  0.478604  0
16.373333  0.478344  0
16.400000  0.478085  0
16.426667  0.477825  0
16.453333  0.477565  0
16.480000  0.477305  0
16.506667  0.477045  0
16.533333  0.476785  0
16.560000  0.476526  0
16.586667  0.476266  0
15.733333  0.710309  1
15.760000  0.709734  1
15.786667  0.709159  1
15.813333  0.708584  1
15.840000  0.708010  1
15.866667  0.707435  1
15.893333  0.706860  1
15.920000  0.706285  1
15.946667  0.705710  1
15.973333  0.705135  1
16.000000  0.704560  1
16.026667  0.703985  1
16.053333  0.703410  1
16.080000  0.702835  1
16.106667  0.702260  1
16.133333  0.701686  1
16.160000  0.701111  1
16.186667  0.700536  1
16.213333  0.699961  1
16.240000  0.699386  1
16.266667  0.698811  1
16.293333  0.698236  1
16.320000  0.697661  1
16.346667  0.697086  1
16.373333  0.696511  1
16.400000  0.695936  1
16.426667  0.695361  1
16.453333  0.694787  1
16.480000  0.694212  1
16.506667  0.693637  1
16.533333  0.693062  1
16.560000  0.692487  1
16.586667  0.691912  1
16.613333  0.691337  1
16.640000  0.690762  1
16.666667  0.690187  1
16.693333  0.689612  1
16.720000  0.689037  1
16.746667  0.688462  1
16.773333  0.687888  1
16.800000  0.687313  1
16.826667  0.686738  1
16.853333  0.686163  1
16.880000  0.685588  1
16.906667  0.685013  1
16.933333  0.684438  1
16.960000  0.683863  1
16.986667  0.683288  1
17.013333  0.682713  1
17.040000  0.682138  1
17.066667  0.681564  1
17.093333  0.680989  1
17.120000  0.680414  1
17.146667  0.679839  1
17.173333  0.679264  1
17.200000  0.678689  1
17.226667  0.678114  1
17.253333  0.677539  1
17.280000  0.676964  1
17.306667  0.676389  1
17.333333  0.675814  1
17.360000  0.675239  1
17.386667  0.674665  1
17.413333  0.674090  1
17.440000  0.673515  1
17.466667  0.672940  1
17.493333  0.672365  1
17.520000  0.671790  1
17.546667  0.671215  1
17.573333  0.670640  1
17.600000  0.670065  1
17.626667  0.669490  1
17.653333  0.668915  1
17.680000  0.668340  1
17.706667  0.667766  1
17.733333  0.667191  1
17.760000  0.666616  1
17.786667  0.666041  1
17.813333  0.665466  1
17.840000  0.664891  1
17.866667  0.664316  1
17.893333  0.663741  1
17.920000  0.663166  1
17.946667  0.662591  1
17.973333  0.662016  1
18.000000  0.661442  1
18.026667  0.660867  1
18.053333  0.660292  1
18.080000  0.659717  1
18.106667  0.659142  1
18.133333  0.658567  1
18.160000  0.657992  1
18.186667  0.657417  1
18.213333  0.656842  1
18.240000  0.656267  1
18.266667  0.655692  1
18.293333  0.655117  1
18.320000  0.654543  1
18.346667  0.653968  1
18.373333  0.653393  1
18.400000  0.652818  1
18.426667  0.652243  1
18.453333  0.651668  1
18.480000  0.651093  1
18.506667  0.650518  1
18.533333  0.649943  1
18.560000  0.649368  1
18.586667  0.648793  1
18.613333  0.648218  1
18.640000  0.647644  1
18.666667  0.647069  1
18.693333  0.646494  1
18.720000  0.645919  1
18.746667  0.645344  1
18.773333  0.644769  1
18.800000  0.644194  1
18.826667  0.643619  1
18.853333  0.643044  1
18.880000  0.642469  1
18.906667  0.641894  1
