2.640000  0.782167  0
2.666667  0.780223  0
2.693333  0.778278  0
2.720000  0.776334  0
2.746667  0.774389  0
2.773333  0.772445  0
2.800000  0.770500  0
2.826667  0.768556  0
2.853333  0.766611  0
2.880000  0.764666  0
2.906667  0.762722  0
2.933333  0.760777  0
2.960000  0.758833  0
2.986667  0.756888  0
3.013333  0.754944  0
3.040000  0.752999  0
3.066667  0.751054  0
3.093333  0.749110  0
3.120000  0.747165  0
3.146667  0.745221  0
3.173333  0.743276  0
3.200000  0.741332  0
3.226667  0.739387  0
3.253333  0.737443  0
3.280000  0.735498  0
3.306667  0.733553  0
3.333333  0.731609  0
3.360000  0.729664  0
3.386667  0.727720  0
3.413333  0.725775  0
3.440000  0.723831  0
3.466667  0.721886  0
3.493333  0.719941  0
3.520000  0.717997  0
3.546667  0.716052  0
3.573333  0.714108  0
3.600000  0.712163  0
3.626667  0.710219  0
3.653333  0.708274  0
3.680000  0.706330  0
3.706667  0.704385  0
3.733333  0.702440  0
3.760000  0.700496  0
3.786667  0.698551  0
3.813333  0.696607  0
3.840000  0.694662  0
3.866667  0.692718  0
3.893333  0.690773  0
3.920000  0.689302  0
3.946667  0.688011  0
3.973333  0.686720  0
4.000000  0.685428  0
4.026667  0.684137  0
4.053333  0.682846  0
4.080000  0.681555  0
4.106667  0.680263  0
4.133333  0.678972  0
4.160000  0.677681  0
4.186667  0.676390  0
4.213333  0.675098  0
4.240000  0.673807  0
4.266667  0.672516  0
4.293333  0.671225  0
4.320000  0.669933  0
4.346667  0.668642  0
4.373333  0.667351  0
4.400000  0.666060  0
4.426667  0.664768  0
4.453333  0.663477  0
4.480000  0.662186  0
4.506667  0.660895  0
4.533333  0.659603  0
4.560000  0.658312  0
4.586667  0.657021  0
4.613333  0.655730  0
4.640000  0.654438  0
4.666667  0.653147  0
4.693333  0.651856  0
4.720000  0.650565  0
4.746667  0.649273  0
4.773333  0.647982  0
4.800000  0.646691  0
4.826667  0.645400  0
4.853333  0.644108  0
4.880000  0.642817  0
4.906667  0.641526  0
4.933333  0.640235  0
4.960000  0.638943  0
4.986667  0.637652  0
5.013333  0.636361  0
5.040000  0.635070  0
5.066667  0.633778  0
5.093333  0.632487  0
5.120000  0.631196  0
5.146667  0.629905  0
5.173333  0.628613  0
5.200000  0.627322  0
5.226667  0.626031  0
5.253333  0.624740  0
5.280000  0.623448  0
5.306667  0.622157  0
5.333333  0.620866  0
5.360000  0.619575  0
5.386667  0.618283  0
5.413333  0.617248  0
5.440000  0.616549  0
5.466667  0.615849  0
5.493333  0.615150  0
5.520000  0.614450  0
5.546667  0.613751  0
5.573333  0.613051  0
5.600000  0.612352  0
5.626667  0.611653  0
5.653333  0.610953  0
5.680000  0.610254  0
5.706667  0.609554  0
5.733333  0.608855  0
5.760000  0.608155  0
5.786667  0.607456  0
5.813333  0.606757  0
5.840000  0.606057  0
5.866667  0.605358  0
5.893333  0.604658  0
5.920000  0.603959  0
5.946667  0.603259  0
5.973333  0.602560  0
6.000000  0.601861  0
6.026667  0.601161  0
6.053333  0.600462  0
6.080000  0.599762  0
6.106667  0.599063  0
6.133333  0.598363  0
6.160000  0.597664  0
6.186667  0.596965  0
6.213333  0.596265  0
6.240000  0.595566  0
6.266667  0.594866  0
6.293333  0.594167  0
6.320000  0.593467  0
6.346667  0.592768  0
6.373333  0.592069  0
6.400000  0.591369  0
6.426667  0.590670  0
6.453333  0.589970  0
6.480000  0.589271  0
6.506667  0.588571  0
6.533333  0.587872  0
6.560000  0.587173  0
6.586667  0.586473  0
6.613333  0.585774  0
6.640000  0.585074  0
6.666667  0.584375  0
6.693333  0.583675  0
6.720000  0.582976  0
6.746667  0.582277  0
6.773333  0.581577  0
6.800000  0.580878  0
6.826667  0.580178  0
6.853333  0.579479  0
6.880000  0.578779  0
6.906667  0.578080  0
6.933333  0.577381  0
6.960000  0.576681  0
6.986667  0.575982  0
7.013333  0.575282  0
7.040000  0.574583  0
7.066667  0.573883  0
7.093333  0.573184  0
7.120000  0.572485  0
7.146667  0.571785  0
7.173333  0.571086  0
7.200000  0.570386  0
7.226667  0.569687  0
7.253333  0.568987  0
7.280000  0.568288  0
7.306667  0.567589  0
7.333333  0.566889  0
7.360000  0.566190  0
7.386667  0.565490  0
7.413333  0.564935  0
7.440000  0.564619  0
7.466667  0.564304  0
7.493333  0.563988  0
7.520000  0.563673  0
7.546667  0.563357  0
7.573333  0.563041  0
7.600000  0.562726  0
7.626667  0.562410  0
7.653333  0.562094  0
7.680000  0.561779  0
7.706667  0.561463  0
7.733333  0.561147  0
7.760000  0.560832  0
7.786667  0.560516  0
7.813333  0.560201  0
7.840000  0.559885  0
7.866667  0.559569  0
7.893333  0.559254  0
7.920000  0.558938  0
7.946667  0.558622  0
7.973333  0.558307  0
8.000000  0.557991  0
8.026667  0.557675  0
8.053333  0.557360  0
8.080000  0.557044  0
8.106667  0.556728  0
8.133333  0.556413  0
8.160000  0.556097  0
8.186667  0.555782  0
8.213333  0.555466  0
8.240000  0.555150  0
8.266667  0.554835  0
8.293333  0.554519  0
8.320000  0.554203  0
8.346667  0.553888  0
8.373333  0.553572  0
8.400000  0.553256  0
8.426667  0.552941  0
8.453333  0.552625  0
8.480000  0.552310  0
8.506667  0.551994  0
8.533333  0.551678  0
8.560000  0.551363  0
8.586667  0.551047  0
8.613333  0.550731  0
8.640000  0.550416  0
8.666667  0.550100  0
8.693333  0.549784  0
8.720000  0.549469  0
8.746667  0.549153  0
8.773333  0.548838  0
8.800000  0.548522  0
8.826667  0.548206  0
8.853333  0.547891  0
8.880000  0.547575  0
8.906667  0.547259  0
8.933333  0.546944  0
8.960000  0.546628  0
8.986667  0.546312  0
9.013333  0.545997  0
9.040000  0.545681  0
9.066667  0.545365  0
9.093333  0.545050  0
9.120000  0.544734  0
9.146667  0.544419  0
9.173333  0.544103  0
9.200000  0.543787  0
9.226667  0.543472  0
9.253333  0.543156  0
9.280000  0.542840  0
9.306667  0.542525  0
9.333333  0.542209  0
9.360000  0.541893  0
9.386667  0.541578  0
9.413333  0.541262  0
9.440000  0.540947  0
9.466667  0.540631  0
9.493333  0.540315  0
9.520000  0.540000  0
9.546667  0.539684  0
9.573333  0.539368  0
9.600000  0.539053  0
9.626667  0.538737  0
9.653333  0.538421  0
9.680000  0.538106  0
9.706667  0.537790  0
9.733333  0.537475  0
9.760000  0.537159  0
9.786667  0.536843  0
9.813333  0.536528  0
9.840000  0.536212  0
9.866667  0.535896  0
9.893333  0.535581  0
9.920000  0.535265  0
9.946667  0.534949  0
9.973333  0.534634  0
10.000000  0.534318  0
10.026667  0.534002  0
10.053333  0.533687  0
10.080000  0.533371  0
10.106667  0.533056  0
10.133333  0.532740  0
10.160000  0.532424  0
10.186667  0.532109  0
10.213333  0.531793  0
10.240000  0.531477  0
10.266667  0.531162  0
10.293333  0.530846  0
10.320000  0.530530  0
10.346667  0.530215  0
10.373333  0.529899  0
10.400000  0.529584  0
10.426667  0.529268  0
10.453333  0.528952  0
10.480000  0.528637  0
10.506667  0.528321  0
10.533333  0.528005  0
10.560000  0.527690  0
10.586667  0.527374  0
10.613333  0.527058  0
10.640000  0.526743  0
10.666667  0.526427  0
10.693333  0.526111  0
10.720000  0.525796  0
10.746667  0.525480  0
10.773333  0.525165  0
10.800000  0.524849  0
10.826667  0.524533  0
10.853333  0.524218  0
10.880000  0.523902  0
10.906667  0.523586  0
10.933333  0.523271  0
10.960000  0.522955  0
10.986667  0.522639  0
11.013333  0.522324  0
11.040000  0.522008  0
11.066667  0.521693  0
11.093333  0.521377  0
11.120000  0.521061  0
11.146667  0.520746  0
11.173333  0.520430  0
11.200000  0.520114  0
11.226667  0.519799  0
11.253333  0.519483  0
11.280000  0.519167  0
11.306667  0.518852  0
11.333333  0.518536  0
11.360000  0.518221  0
11.386667  0.517905  0
11.413333  0.517589  0
11.440000  0.517274  0
11.466667  0.516958  0
11.493333  0.516642  0
11.520000  0.516394  0
11.546667  0.516157  0
11.573333  0.515920  0
11.600000  0.515684  0
11.626667  0.515447  0
11.653333  0.515210  0
11.680000  0.514973  0
11.706667  0.514737  0
11.733333  0.514500  0
11.760000  0.514263  0
11.786667  0.514027  0
11.813333  0.513790  0
11.840000  0.513553  0
11.866667  0.513316  0
11.893333  0.513080  0
11.920000  0.512843  0
11.946667  0.512606  0
11.973333  0.512369  0
12.000000  0.512133  0
12.026667  0.511896  0
12.053333  0.511659  0
12.080000  0.511423  0
12.106667  0.511186  0
12.133333  0.510949  0
12.160000  0.510712  0
12.186667  0.510476  0
12.213333  0.510239  0
12.240000  0.510002  0
12.266667  0.509765  0
12.293333  0.509529  0
12.320000  0.509292  0
12.346667  0.509055  0
12.373333  0.508818  0
12.400000  0.508582  0
12.426667  0.508345  0
12.453333  0.508108  0
12.480000  0.507872  0
12.506667  0.507635  0
12.533333  0.507398  0
12.560000  0.507161  0
12.586667  0.506925  0
12.613333  0.506688  0
12.640000  0.506451  0
12.666667  0.506214  0
12.693333  0.505978  0
12.720000  0.505741  0
12.746667  0.505504  0
12.773333  0.505268  0
12.800000  0.505031  0
12.826667  0.504794  0
12.853333  0.504557  0
12.880000  0.504321  0
12.906667  0.504084  0
12.933333  0.503847  0
12.960000  0.503610  0
12.986667  0.503374  0
13.013333  0.503137  0
13.040000  0.502900  0
13.066667  0.502664  0
13.093333  0.502427  0
13.120000  0.502190  0
13.146667  0.501953  0
13.173333  0.501717  0
13.200000  0.501480  0
13.226667  0.501243  0
13.253333  0.501006  0
13.280000  0.500770  0
13.306667  0.500533  0
13.333333  0.500296  0
13.360000  0.500060  0
13.386667  0.499823  0
13.413333  0.499586  0
13.440000  0.499349  0
13.466667  0.499113  0
13.493333  0.498876  0
13.520000  0.498639  0
13.546667  0.498402  0
13.573333  0.498166  0
13.600000  0.497929  0
13.626667  0.497692  0
13.653333  0.497455  0
13.680000  0.497219  0
13.706667  0.496982  0
13.733333  0.496745  0
13.760000  0.496509  0
13.786667  0.496272  0
13.813333  0.496035  0
13.840000  0.495798  0
13.866667  0.495562  0
13.893333  0.495325  0
13.920000  0.495088  0
13.946667  0.494851  0
13.973333  0.494615  0
14.000000  0.494378  0
14.026667  0.494141  0
14.053333  0.493905  0
14.080000  0.493668  0
14.106667  0.493431  0
14.133333  0.493194  0
14.160000  0.492958  0
14.186667  0.492721  0
19.386667  0.633528  1
19.413333  0.633291  1
19.440000  0.633054  1
19.466667  0.632817  1
19.493333  0.632581  1
19.520000  0.632344  1
19.546667  0.632107  1
19.573333  0.631870  1
19.600000  0.631634  1
19.626667  0.631397  1
19.653333  0.631160  1
19.680000  0.630924  1
19.706667  0.630687  1
19.733333  0.630450  1
19.760000  0.630213  1
19.786667  0.629977  1
19.813333  0.629740  1
19.840000  0.629503  1
19.866667  0.629266  1
19.893333  0.629030  1
19.920000  0.628793  1
19.946667  0.628556  1
19.973333  0.628320  1
20.000000  0.628083  1
20.026667  0.627846  1
20.053333  0.627609  1
20.080000  0.627373  1
20.106667  0.627136  1
20.133333  0.626899  1
20.160000  0.626662  1
20.186667  0.626426  1
20.213333  0.626189  1
20.240000  0.625952  1
20.266667  0.625715  1
20.293333  0.625479  1
20.320000  0.625242  1
20.346667  0.625005  1
20.373333  0.624769  1
20.400000  0.624532  1
20.426667  0.624295  1
20.453333  0.624058  1
20.480000  0.623822  1
20.506667  0.623585  1
20.533333  0.623348  1
20.560000  0.623111  1
20.586667  0.622875  1
20.613333  0.622638  1
20.640000  0.622401  1
20.666667  0.622165  1
20.693333  0.621928  1
20.720000  0.621691  1
20.746667  0.621454  1
20.773333  0.621218  1
20.800000  0.620981  1
20.826667  0.620744  1
20.853333  0.620507  1
20.880000  0.620271  1
20.906667  0.620034  1
20.933333  0.619797  1
20.960000  0.619561  1
20.986667  0.619324  1
21.013333  0.619087  1
21.040000  0.618850  1
21.066667  0.618614  1
21.093333  0.618377  1
21.120000  0.618140  1
21.146667  0.617903  1
21.173333  0.617667  1
21.200000  0.617430  1
21.226667  0.617193  1
21.253333  0.616957  1
21.280000  0.616720  1
21.306667  0.616483  1
21.333333  0.616246  1
21.360000  0.616010  1
21.386667  0.615773  1
21.413333  0.615536  1
21.440000  0.615299  1
21.466667  0.615063  1
21.493333  0.614826  1
21.520000  0.614589  1
21.546667  0.614352  1
21.573333  0.614116  1
21.600000  0.613879  1
21.626667  0.613642  1
