3.573333  0.918251  0
3.600000  0.915115  0
3.626667  0.910530  0
3.653333  0.905659  0
3.680000  0.900767  0
3.706667  0.895873  0
3.733333  0.890980  0
3.760000  0.886086  0
3.786667  0.881193  0
3.813333  0.876299  0
3.840000  0.871406  0
3.866667  0.866512  0
3.893333  0.861619  0
3.920000  0.856725  0
3.946667  0.851832  0
3.973333  0.846938  0
4.000000  0.842045  0
4.026667  0.837151  0
4.053333  0.832258  0
4.080000  0.827364  0
4.106667  0.822471  0
4.133333  0.817577  0
4.160000  0.812684  0
4.186667  0.807793  0
4.213333  0.802942  0
4.240000  0.798296  0
4.266667  0.794118  0
4.293333  0.790439  0
4.320000  0.787004  0
4.346667  0.783617  0
4.373333  0.780234  0
4.400000  0.776852  0
4.426667  0.773469  0
4.453333  0.770087  0
4.480000  0.766704  0
4.506667  0.763321  0
4.533333  0.759939  0
4.560000  0.756556  0
4.586667  0.753174  0
4.613333  0.749791  0
4.640000  0.746408  0
4.666667  0.743026  0
4.693333  0.739643  0
4.720000  0.736261  0
4.746667  0.732878  0
4.773333  0.729495  0
4.800000  0.726113  0
4.826667  0.722730  0
4.853333  0.719348  0
4.880000  0.715965  0
4.906667  0.712582  0
4.933333  0.709200  0
4.960000  0.705817  0
4.986667  0.702435  0
5.013333  0.699052  0
5.040000  0.695669  0
5.066667  0.692287  0
5.093333  0.688904  0
5.120000  0.685522  0
5.146667  0.682141  0
5.173333  0.678787  0
5.200000  0.675561  0
5.226667  0.672590  0
5.253333  0.669846  0
5.280000  0.667196  0
5.306667  0.664564  0
5.333333  0.661933  0
5.360000  0.659302  0
5.386667  0.656671  0
5.413333  0.654040  0
5.440000  0.651409  0
5.466667  0.648778  0
5.493333  0.646147  0
5.520000  0.643517  0
5.546667  0.640886  0
5.573333  0.638255  0
5.600000  0.635624  0
5.626667  0.632993  0
5.653333  0.630362  0
5.680000  0.627731  0
5.706667  0.625100  0
5.733333  0.622469  0
5.760000  0.619838  0
5.786667  0.617207  0
5.813333  0.614577  0
5.840000  0.611946  0
5.866667  0.609315  0
5.893333  0.606684  0
5.920000  0.604053  0
5.946667  0.601422  0
5.973333  0.598791  0
6.000000  0.596160  0
6.026667  0.593529  0
6.053333  0.590898  0
6.080000  0.588267  0
6.106667  0.585637  0
6.133333  0.583006  0
6.160000  0.580377  0
6.186667  0.577775  0
6.213333  0.575339  0
6.240000  0.573363  0
6.266667  0.571981  0
6.293333  0.570920  0
6.320000  0.569927  0
6.346667  0.568941  0
6.373333  0.567954  0
6.400000  0.566968  0
6.426667  0.565981  0
6.453333  0.564994  0
6.480000  0.564008  0
6.506667  0.563021  0
6.533333  0.562035  0
6.560000  0.561048  0
6.586667  0.560061  0
6.613333  0.559075  0
6.640000  0.558088  0
6.666667  0.557102  0
6.693333  0.556115  0
6.720000  0.555128  0
6.746667  0.554142  0
6.773333  0.553155  0
6.800000  0.552169  0
6.826667  0.551182  0
6.853333  0.550195  0
6.880000  0.549209  0
6.906667  0.548222  0
6.933333  0.547236  0
6.960000  0.546249  0
6.986667  0.545263  0
7.013333  0.544276  0
7.040000  0.543289  0
7.066667  0.542303  0
7.093333  0.541316  0
7.120000  0.540330  0
7.146667  0.539343  0
7.173333  0.538356  0
7.200000  0.537370  0
7.226667  0.536383  0
7.253333  0.535397  0
7.280000  0.534410  0
7.306667  0.533423  0
7.333333  0.532437  0
7.360000  0.531450  0
7.386667  0.530464  0
7.413333  0.529477  0
7.440000  0.528490  0
7.466667  0.527504  0
7.493333  0.526517  0
7.520000  0.525531  0
7.546667  0.524544  0
7.573333  0.523557  0
7.600000  0.522571  0
7.626667  0.521584  0
7.653333  0.520598  0
7.680000  0.519611  0
7.706667  0.518625  0
7.733333  0.517638  0
7.760000  0.516651  0
7.786667  0.515665  0
7.813333  0.514679  0
7.840000  0.513699  0
7.866667  0.512751  0
7.893333  0.511857  0
7.920000  0.511001  0
7.946667  0.510158  0
7.973333  0.509316  0
8.000000  0.508474  0
8.026667  0.507632  0
8.053333  0.506790  0
8.080000  0.505948  0
8.106667  0.505106  0
8.133333  0.504264  0
8.160000  0.503422  0
8.186667  0.502581  0
8.213333  0.501739  0
8.240000  0.500897  0
8.266667  0.500055  0
8.293333  0.499213  0
8.320000  0.498371  0
8.346667  0.497529  0
8.373333  0.496687  0
8.400000  0.495845  0
8.426667  0.495004  0
8.453333  0.494162  0
8.480000  0.493320  0
8.506667  0.492478  0
8.533333  0.491636  0
8.560000  0.490794  0
8.586667  0.489952  0
8.613333  0.489110  0
8.640000  0.488268  0
8.666667  0.487427  0
8.693333  0.486585  0
8.720000  0.485743  0
8.746667  0.484901  0
8.773333  0.484059  0
8.800000  0.483217  0
8.826667  0.482375  0
8.853333  0.481533  0
8.880000  0.480691  0
8.906667  0.479850  0
8.933333  0.479008  0
8.960000  0.478166  0
8.986667  0.477324  0
9.013333  0.476482  0
9.040000  0.475640  0
9.066667  0.474798  0
9.093333  0.473956  0
9.120000  0.473114  0
9.146667  0.472272  0
9.173333  0.471431  0
9.200000  0.470589  0
9.226667  0.469747  0
9.253333  0.468905  0
9.280000  0.468063  0
9.306667  0.467221  0
9.333333  0.466379  0
9.360000  0.465537  0
9.386667  0.464695  0
9.413333  0.463854  0
9.440000  0.463012  0
9.466667  0.462170  0
9.493333  0.461328  0
9.520000  0.460486  0
9.546667  0.459644  0
9.573333  0.458802  0
9.600000  0.457960  0
9.626667  0.457118  0
9.653333  0.456277  0
9.680000  0.455435  0
9.706667  0.454593  0
9.733333  0.453751  0
9.760000  0.452909  0
9.786667  0.452067  0
9.813333  0.451225  0
9.840000  0.450384  0
9.866667  0.449548  0
9.893333  0.448754  0
9.920000  0.448108  0
9.946667  0.447681  0
9.973333  0.447381  0
10.000000  0.447109  0
10.026667  0.446840  0
10.053333  0.446570  0
10.080000  0.446301  0
10.106667  0.446031  0
10.133333  0.445762  0
10.160000  0.445492  0
10.186667  0.445222  0
10.213333  0.444953  0
10.240000  0.444683  0
10.266667  0.444414  0
10.293333  0.444144  0
10.320000  0.443875  0
10.346667  0.443605  0
10.373333  0.443336  0
10.400000  0.443066  0
10.426667  0.442797  0
10.453333  0.442527  0
10.480000  0.442258  0
10.506667  0.441988  0
10.533333  0.441719  0
10.560000  0.441449  0
10.586667  0.441180  0
10.613333  0.440910  0
10.640000  0.440641  0
10.666667  0.440371  0
10.693333  0.440102  0
10.720000  0.439832  0
10.746667  0.439563  0
10.773333  0.439293  0
10.800000  0.439024  0
10.826667  0.438754  0
10.853333  0.438485  0
10.880000  0.438215  0
10.906667  0.437946  0
10.933333  0.437676  0
10.960000  0.437407  0
10.986667  0.437137  0
11.013333  0.436868  0
11.040000  0.436598  0
11.066667  0.436329  0
11.093333  0.436059  0
11.120000  0.435790  0
11.146667  0.435520  0
11.173333  0.435251  0
11.200000  0.434981  0
11.226667  0.434712  0
11.253333  0.434442  0
11.280000  0.434173  0
11.306667  0.433903  0
11.333333  0.433634  0
11.360000  0.433364  0
11.386667  0.433095  0
11.413333  0.432825  0
11.440000  0.432556  0
11.466667  0.432286  0
11.493333  0.432017  0
11.520000  0.431747  0
11.546667  0.431478  0
11.573333  0.431208  0
11.600000  0.430939  0
11.626667  0.430669  0
11.653333  0.430400  0
11.680000  0.430130  0
11.706667  0.429861  0
11.733333  0.429591  0
11.760000  0.429322  0
11.786667  0.429052  0
11.813333  0.428783  0
11.840000  0.428513  0
11.866667  0.428243  0
11.893333  0.427974  0
11.920000  0.427704  0
11.946667  0.427435  0
11.973333  0.427165  0
12.000000  0.426896  0
12.026667  0.426626  0
12.053333  0.426357  0
12.080000  0.426087  0
12.106667  0.425818  0
12.133333  0.425548  0
12.160000  0.425279  0
12.186667  0.425009  0
12.213333  0.424740  0
12.240000  0.424470  0
12.266667  0.424201  0
12.293333  0.423931  0
12.320000  0.423662  0
12.346667  0.423392  0
12.373333  0.423123  0
12.400000  0.422853  0
12.426667  0.422584  0
12.453333  0.422314  0
12.480000  0.422045  0
12.506667  0.421775  0
12.533333  0.421506  0
12.560000  0.421236  0
12.586667  0.420967  0
12.613333  0.420697  0
12.640000  0.420428  0
12.666667  0.420159  0
12.693333  0.419896  0
12.720000  0.419646  0
12.746667  0.419417  0
12.773333  0.419197  0
12.800000  0.418980  0
12.826667  0.418763  0
12.853333  0.418546  0
12.880000  0.418329  0
12.906667  0.418112  0
12.933333  0.417896  0
12.960000  0.417679  0
12.986667  0.417462  0
13.013333  0.417245  0
13.040000  0.417028  0
13.066667  0.416811  0
13.093333  0.416594  0
13.120000  0.416377  0
13.146667  0.416160  0
13.173333  0.415943  0
13.200000  0.415727  0
13.226667  0.415510  0
13.253333  0.415293  0
13.280000  0.415076  0
13.306667  0.414859  0
13.333333  0.414642  0
13.360000  0.414425  0
13.386667  0.414208  0
13.413333  0.413991  0
13.440000  0.413774  0
13.466667  0.413558  0
13.493333  0.413341  0
13.520000  0.413124  0
13.546667  0.412907  0
13.573333  0.412690  0
13.600000  0.412473  0
13.626667  0.412256  0
13.653333  0.412039  0
13.680000  0.411822  0
13.706667  0.411605  0
13.733333  0.411389  0
13.760000  0.411172  0
13.786667  0.410955  0
13.813333  0.410738  0
13.840000  0.410521  0
13.866667  0.410304  0
13.893333  0.410087  0
13.920000  0.409870  0
13.946667  0.409653  0
13.973333  0.409436  0
14.000000  0.409220  0
14.026667  0.409003  0
14.053333  0.408786  0
14.080000  0.408569  0
14.106667  0.408352  0
14.133333  0.408135  0
14.160000  0.407918  0
14.186667  0.407701  0
14.213333  0.407484  0
14.240000  0.407267  0
14.266667  0.407051  0
14.293333  0.406834  0
14.320000  0.406617  0
14.346667  0.406400  0
14.373333  0.406183  0
14.400000  0.405966  0
14.426667  0.405749  0
14.453333  0.405532  0
14.480000  0.405315  0
14.506667  0.405099  0
14.533333  0.404882  0
14.560000  0.404665  0
14.586667  0.404448  0
14.613333  0.404231  0
14.640000  0.404014  0
14.666667  0.403797  0
14.693333  0.403580  0
14.720000  0.403363  0
14.746667  0.403146  0
14.773333  0.402930  0
14.800000  0.402713  0
14.826667  0.402496  0
14.853333  0.402279  0
14.880000  0.402062  0
14.906667  0.401845  0
14.933333  0.401628  0
14.960000  0.401411  0
14.986667  0.401194  0
15.013333  0.400977  0
15.040000  0.400761  0
15.066667  0.400544  0
15.093333  0.400327  0
15.120000  0.400110  0
15.146667  0.399893  0
15.173333  0.399676  0
15.200000  0.399459  0
15.226667  0.399242  0
15.253333  0.399025  0
15.280000  0.398808  0
15.306667  0.398592  0
15.333333  0.398375  0
15.360000  0.398158  0
15.386667  0.397941  0
15.413333  0.397724  0
15.440000  0.397507  0
15.466667  0.397290  0
15.493333  0.397073  0
15.520000  0.396856  0
15.546667  0.396639  0
15.573333  0.396423  0
15.600000  0.396206  0
15.626667  0.395989  0
15.653333  0.395772  0
15.680000  0.395555  0
15.706667  0.395338  0
15.733333  0.395121  0
15.760000  0.394904  0
15.786667  0.394687  0
15.813333  0.394470  0
15.840000  0.394254  0
15.866667  0.394037  0
15.893333  0.393820  0
15.920000  0.393603  0
15.946667  0.393386  0
15.973333  0.393169  0
16.000000  0.392952  0
16.026667  0.392735  0
16.053333  0.392518  0
16.080000  0.392301  0
16.106667  0.392085  0
16.133333  0.391868  0
16.160000  0.391651  0
16.186667  0.391434  0
16.213333  0.391217  0
16.240000  0.391000  0
16.266667  0.390783  0
16.293333  0.390566  0
16.320000  0.390349  0
16.346667  0.390132  0
16.373333  0.389916  0
16.400000  0.389699  0
16.426667  0.389482  0
16.453333  0.389265  0
16.480000  0.389048  0
16.506667  0.388831  0
16.533333  0.388614  0
16.560000  0.388397  0
16.586667  0.388180  0
16.613333  0.387963  0
16.640000  0.387747  0
16.666667  0.387530  0
16.693333  0.387313  0
16.720000  0.387096  0
16.746667  0.386879  0
16.773333  0.386662  0
16.800000  0.386445  0
16.826667  0.386228  0
16.853333  0.386011  0
16.880000  0.385794  0
16.906667  0.385578  0
16.933333  0.385361  0
16.960000  0.385144  0
16.986667  0.384927  0
17.013333  0.384710  0
17.040000  0.384493  0
17.066667  0.384276  0
17.093333  0.384059  0
17.120000  0.383843  0
17.146667  0.383640  0
14.213333  0.560337  1
14.240000  0.559774  1
14.266667  0.559212  1
14.293333  0.558649  1
14.320000  0.558087  1
14.346667  0.557524  1
14.373333  0.556961  1
14.400000  0.556399  1
14.426667  0.555836  1
14.453333  0.555274  1
14.480000  0.554711  1
14.506667  0.554149  1
14.533333  0.553586  1
14.560000  0.553024  1
14.586667  0.552461  1
14.613333  0.551899  1
14.640000  0.551336  1
14.666667  0.550774  1
14.693333  0.550211  1
14.720000  0.549649  1
14.746667  0.549086  1
14.773333  0.548524  1
14.800000  0.547961  1
14.826667  0.547399  1
14.853333  0.546836  1
14.880000  0.546274  1
14.906667  0.545711  1
14.933333  0.545148  1
14.960000  0.544586  1
14.986667  0.544023  1
15.013333  0.543461  1
15.040000  0.542898  1
15.066667  0.542336  1
15.093333  0.541773  1
15.120000  0.541211  1
15.146667  0.540648  1
15.173333  0.540086  1
15.200000  0.539523  1
15.226667  0.538961  1
15.253333  0.538398  1
15.280000  0.537836  1
15.306667  0.537273  1
15.333333  0.536711  1
15.360000  0.536148  1
15.386667  0.535586  1
15.413333  0.535023  1
15.440000  0.534460  1
15.466667  0.533898  1
15.493333  0.533335  1
15.520000  0.532773  1
15.546667  0.532210  1
15.573333  0.531648  1
15.600000  0.531085  1
15.626667  0.530523  1
15.653333  0.529960  1
15.680000  0.529398  1
15.706667  0.528835  1
15.733333  0.528273  1
15.760000  0.527710  1
15.786667  0.527148  1
15.813333  0.526585  1
15.840000  0.526023  1
15.866667  0.525460  1
15.893333  0.524898  1
15.920000  0.524335  1
15.946667  0.523773  1
15.973333  0.523210  1
16.000000  0.522647  1
16.026667  0.522085  1
16.053333  0.521522  1
16.080000  0.520960  1
16.106667  0.520397  1
16.133333  0.519835  1
16.160000  0.519272  1
16.186667  0.518710  1
16.213333  0.518147  1
16.240000  0.517585  1
16.266667  0.517022  1
16.293333  0.516460  1
16.320000  0.515897  1
16.346667  0.515335  1
16.373333  0.514772  1
16.400000  0.514210  1
16.426667  0.513647  1
16.453333  0.513085  1
16.480000  0.512522  1
16.506667  0.511959  1
16.533333  0.511397  1
16.560000  0.510834  1
16.586667  0.510272  1
16.613333  0.509709  1
16.640000  0.509147  1
16.666667  0.508584  1
16.693333  0.508022  1
16.720000  0.507459  1
16.746667  0.506897  1
16.773333  0.506334  1
16.800000  0.505772  1
16.826667  0.505209  1
16.853333  0.504647  1
16.880000  0.504084  1
16.906667  0.503522  1
16.933333  0.502959  1
16.960000  0.502397  1
16.986667  0.501834  1
17.013333  0.501272  1
17.040000  0.500709  1
17.066667  0.500146  1
17.093333  0.499584  1
17.120000  0.499021  1
17.146667  0.498459  1
17.173333  0.497896  1
17.200000  0.497334  1
17.226667  0.496771  1
17.253333  0.496209  1
17.280000  0.495646  1
17.306667  0.495084  1
17.333333  0.494521  1
17.360000  0.493959  1
17.386667  0.493396  1
17.413333  0.492834  1
17.440000  0.492271  1
17.466667  0.491709  1
17.493333  0.491146  1
17.520000  0.490584  1
17.546667  0.490021  1
17.573333  0.489458  1
17.600000  0.488896  1
17.626667  0.488333  1
17.653333  0.487771  1
17.680000  0.487208  1
17.706667  0.486646  1
17.733333  0.486083  1
17.760000  0.485521  1
17.786667  0.484958  1
17.813333  0.484396  1
17.840000  0.483833  1
17.866667  0.483271  1
17.893333  0.482708  1
17.920000  0.482146  1
17.946667  0.481583  1
17.973333  0.481021  1
18.000000  0.480458  1
18.026667  0.479896  1
18.053333  0.479333  1
18.080000  0.478771  1
18.106667  0.478208  1
18.133333  0.477645  1
18.160000  0.477083  1
18.186667  0.476520  1
18.213333  0.475958  1
18.240000  0.475395  1
18.266667  0.474833  1
18.293333  0.474270  1
18.320000  0.473708  1
18.346667  0.473145  1
18.373333  0.472583  1
18.400000  0.472020  1
18.426667  0.471458  1
18.453333  0.470895  1
18.480000  0.470333  1
18.506667  0.469770  1
18.533333  0.469208  1
18.560000  0.468645  1
18.586667  0.468083  1
18.613333  0.467520  1
18.640000  0.466957  1
18.666667  0.466395  1
18.693333  0.465832  1
18.720000  0.465270  1
18.746667  0.464707  1
18.480000  0.593144  2
18.506667  0.592939  2
18.533333  0.592733  2
18.560000  0.592527  2
18.586667  0.592321  2
18.613333  0.592115  2
18.640000  0.591909  2
18.666667  0.591703  2
18.693333  0.591498  2
18.720000  0.591292  2
18.746667  0.591086  2
18.773333  0.590880  2
18.800000  0.590674  2
18.826667  0.590468  2
18.853333  0.590262  2
18.880000  0.590057  2
18.906667  0.589851  2
18.933333  0.589645  2
18.960000  0.589439  2
18.986667  0.589233  2
19.013333  0.589027  2
19.040000  0.588822  2
19.066667  0.588616  2
19.093333  0.588410  2
19.120000  0.588204  2
19.146667  0.587998  2
19.173333  0.587792  2
19.200000  0.587586  2
19.226667  0.587381  2
19.253333  0.587175  2
19.280000  0.586969  2
19.306667  0.586763  2
19.333333  0.586557  2
19.360000  0.586351  2
19.386667  0.586145  2
19.413333  0.585940  2
19.440000  0.585734  2
19.466667  0.585528  2
19.493333  0.585322  2
19.520000  0.585116  2
19.546667  0.584910  2
19.573333  0.584704  2
19.600000  0.584499  2
19.626667  0.584293  2
19.653333  0.584087  2
19.680000  0.583881  2
19.706667  0.583675  2
19.733333  0.583469  2
19.760000  0.583264  2
19.786667  0.583058  2
19.813333  0.582852  2
19.840000  0.582646  2
19.866667  0.582440  2
19.893333  0.582234  2
19.920000  0.582028  2
19.946667  0.581823  2
19.973333  0.581617  2
20.000000  0.581411  2
20.026667  0.581205  2
20.053333  0.580999  2
20.080000  0.580793  2
20.106667  0.580587  2
20.133333  0.580382  2
20.160000  0.580176  2
20.186667  0.579970  2
20.213333  0.579764  2
20.240000  0.579558  2
20.266667  0.579352  2
20.293333  0.579147  2
20.320000  0.578941  2
20.346667  0.578735  2
20.373333  0.578529  2
20.400000  0.578323  2
20.426667  0.578117  2
20.453333  0.577911  2
20.480000  0.577706  2
20.506667  0.577500  2
20.533333  0.577294  2
20.560000  0.577088  2
20.586667  0.576882  2
20.613333  0.576676  2
20.640000  0.576470  2
20.666667  0.576265  2
20.693333  0.576059  2
20.720000  0.575853  2
20.746667  0.575647  2
20.773333  0.575441  2
20.800000  0.575235  2
20.826667  0.575029  2
20.853333  0.574824  2
20.880000  0.574618  2
20.906667  0.574412  2
20.933333  0.574206  2
20.960000  0.574000  2
20.986667  0.573794  2
21.013333  0.573589  2
21.040000  0.573383  2
21.066667  0.573177  2
21.093333  0.572971  2
21.120000  0.572765  2
21.146667  0.572559  2
21.173333  0.572353  2
21.200000  0.572148  2
21.226667  0.571942  2
21.253333  0.571736  2
21.280000  0.571530  2
21.306667  0.571324  2
21.333333  0.571118  2
21.360000  0.570912  2
21.386667  0.570707  2
21.413333  0.570501  2
21.440000  0.570295  2
21.466667  0.570089  2
21.493333  0.569883  2
21.520000  0.569677  2
21.546667  0.569471  2
21.573333  0.569266  2
