2.800000  0.855703  0
2.826667  0.854386  0
2.853333  0.851948  0
2.880000  0.848694  0
2.906667  0.844936  0
2.933333  0.840912  0
2.960000  0.836769  0
2.986667  0.832579  0
3.013333  0.828375  0
3.040000  0.824167  0
3.066667  0.819958  0
3.093333  0.815748  0
3.120000  0.811539  0
3.146667  0.807329  0
3.173333  0.803120  0
3.200000  0.798910  0
3.226667  0.794701  0
3.253333  0.790491  0
3.280000  0.786282  0
3.306667  0.782073  0
3.333333  0.777863  0
3.360000  0.773655  0
3.386667  0.769448  0
3.413333  0.765244  0
3.440000  0.761047  0
3.466667  0.756861  0
3.493333  0.752689  0
3.520000  0.748533  0
3.546667  0.744394  0
3.573333  0.740269  0
3.600000  0.736153  0
3.626667  0.732044  0
3.653333  0.727937  0
3.680000  0.723832  0
3.706667  0.719728  0
3.733333  0.715623  0
3.760000  0.711519  0
3.786667  0.707415  0
3.813333  0.703311  0
3.840000  0.699207  0
3.866667  0.695102  0
3.893333  0.690998  0
3.920000  0.686894  0
3.946667  0.682790  0
3.973333  0.678686  0
4.000000  0.674582  0
4.026667  0.670482  0
4.053333  0.666389  0
4.080000  0.662315  0
4.106667  0.658281  0
4.133333  0.654321  0
4.160000  0.650470  0
4.186667  0.646761  0
4.213333  0.643206  0
4.240000  0.639793  0
4.266667  0.636491  0
4.293333  0.633263  0
4.320000  0.630075  0
4.346667  0.626906  0
4.373333  0.623745  0
4.400000  0.620587  0
4.426667  0.617430  0
4.453333  0.614273  0
4.480000  0.611116  0
4.506667  0.607959  0
4.533333  0.604802  0
4.560000  0.601645  0
4.586667  0.598487  0
4.613333  0.595330  0
4.640000  0.592173  0
4.666667  0.589016  0
4.693333  0.585859  0
4.720000  0.582702  0
4.746667  0.579545  0
4.773333  0.576388  0
4.800000  0.573232  0
4.826667  0.570078  0
4.853333  0.566932  0
4.880000  0.563806  0
4.906667  0.560728  0
4.933333  0.557744  0
4.960000  0.554916  0
4.986667  0.552312  0
5.013333  0.549979  0
5.040000  0.547928  0
5.066667  0.546124  0
5.093333  0.544506  0
5.120000  0.543007  0
5.146667  0.541571  0
5.173333  0.540165  0
5.200000  0.538771  0
5.226667  0.537380  0
5.253333  0.535991  0
5.280000  0.534602  0
5.306667  0.533213  0
5.333333  0.531824  0
5.360000  0.530434  0
5.386667  0.529045  0
5.413333  0.527656  0
5.440000  0.526267  0
5.466667  0.524878  0
5.493333  0.523489  0
5.520000  0.522100  0
5.546667  0.520711  0
5.573333  0.519322  0
5.600000  0.517932  0
5.626667  0.516543  0
5.653333  0.515155  0
5.680000  0.513767  0
5.706667  0.512384  0
5.733333  0.511013  0
5.760000  0.509668  0
5.786667  0.508374  0
5.813333  0.507167  0
5.840000  0.506082  0
5.866667  0.505146  0
5.893333  0.504362  0
5.920000  0.503712  0
5.946667  0.503162  0
5.973333  0.502677  0
6.000000  0.502225  0
6.026667  0.501790  0
6.053333  0.501360  0
6.080000  0.500933  0
6.106667  0.500506  0
6.133333  0.500079  0
6.160000  0.499653  0
6.186667  0.499226  0
6.213333  0.498799  0
6.240000  0.498373  0
6.266667  0.497946  0
6.293333  0.497520  0
6.320000  0.497093  0
6.346667  0.496666  0
6.373333  0.496240  0
6.400000  0.495813  0
6.426667  0.495386  0
6.453333  0.494960  0
6.480000  0.494533  0
6.506667  0.494106  0
6.533333  0.493680  0
6.560000  0.493253  0
6.586667  0.492827  0
6.613333  0.492400  0
6.640000  0.491973  0
6.666667  0.491547  0
6.693333  0.491120  0
6.720000  0.490693  0
6.746667  0.490267  0
6.773333  0.489840  0
6.800000  0.489413  0
6.826667  0.488987  0
6.853333  0.488560  0
6.880000  0.488134  0
6.906667  0.487707  0
6.933333  0.487280  0
6.960000  0.486853  0
6.986667  0.486426  0
7.013333  0.485998  0
7.040000  0.485566  0
7.066667  0.485131  0
7.093333  0.484688  0
7.120000  0.484237  0
7.146667  0.483776  0
7.173333  0.483307  0
7.200000  0.482830  0
7.226667  0.482349  0
7.253333  0.481865  0
7.280000  0.481380  0
7.306667  0.480894  0
7.333333  0.480409  0
7.360000  0.479923  0
7.386667  0.479437  0
7.413333  0.478952  0
7.440000  0.478466  0
7.466667  0.477980  0
7.493333  0.477495  0
7.520000  0.477009  0
7.546667  0.476523  0
7.573333  0.476037  0
7.600000  0.475552  0
7.626667  0.475066  0
7.653333  0.474580  0
7.680000  0.474095  0
7.706667  0.473609  0
7.733333  0.473123  0
7.760000  0.472638  0
7.786667  0.472152  0
7.813333  0.471666  0
7.840000  0.471180  0
7.866667  0.470695  0
7.893333  0.470209  0
7.920000  0.469723  0
7.946667  0.469238  0
7.973333  0.468752  0
8.000000  0.468266  0
8.026667  0.467780  0
8.053333  0.467295  0
8.080000  0.466809  0
8.106667  0.466323  0
8.133333  0.465838  0
8.160000  0.465352  0
8.186667  0.464866  0
8.213333  0.464381  0
8.240000  0.463895  0
8.266667  0.463409  0
8.293333  0.462925  0
8.320000  0.462442  0
8.346667  0.461965  0
8.373333  0.461499  0
8.400000  0.461052  0
8.426667  0.460632  0
8.453333  0.460248  0
8.480000  0.459902  0
8.506667  0.459589  0
8.533333  0.459303  0
8.560000  0.459034  0
8.586667  0.458775  0
8.613333  0.458519  0
8.640000  0.458266  0
8.666667  0.458013  0
8.693333  0.457761  0
8.720000  0.457508  0
8.746667  0.457255  0
8.773333  0.457003  0
8.800000  0.456750  0
8.826667  0.456498  0
8.853333  0.456245  0
8.880000  0.455993  0
8.906667  0.455740  0
8.933333  0.455488  0
8.960000  0.455235  0
8.986667  0.454982  0
9.013333  0.454730  0
9.040000  0.454477  0
9.066667  0.454225  0
9.093333  0.453972  0
9.120000  0.453720  0
9.146667  0.453467  0
9.173333  0.453214  0
9.200000  0.452962  0
9.226667  0.452709  0
9.253333  0.452457  0
9.280000  0.452204  0
9.306667  0.451952  0
9.333333  0.451699  0
9.360000  0.451446  0
9.386667  0.451194  0
9.413333  0.450941  0
9.440000  0.450689  0
9.466667  0.450436  0
9.493333  0.450184  0
9.520000  0.449931  0
9.546667  0.449678  0
9.573333  0.449426  0
9.600000  0.449173  0
9.626667  0.448921  0
9.653333  0.448668  0
9.680000  0.448416  0
9.706667  0.448163  0
9.733333  0.447911  0
9.760000  0.447658  0
9.786667  0.447405  0
9.813333  0.447153  0
9.840000  0.446900  0
9.866667  0.446648  0
9.893333  0.446395  0
9.920000  0.446143  0
9.946667  0.445890  0
9.973333  0.445638  0
10.000000  0.445387  0
10.026667  0.445138  0
10.053333  0.444895  0
10.080000  0.444664  0
10.106667  0.444455  0
10.133333  0.444276  0
10.160000  0.444135  0
10.186667  0.444035  0
10.213333  0.443972  0
10.240000  0.443936  0
10.266667  0.443919  0
10.293333  0.443911  0
10.320000  0.443909  0
10.346667  0.443908  0
10.373333  0.443908  0
10.400000  0.443908  0
10.426667  0.443908  0
10.453333  0.443908  0
10.480000  0.443908  0
10.506667  0.443908  0
10.533333  0.443908  0
10.560000  0.443908  0
10.586667  0.443908  0
10.613333  0.443908  0
10.640000  0.443908  0
10.666667  0.443908  0
10.693333  0.443908  0
10.720000  0.443908  0
10.746667  0.443908  0
10.773333  0.443908  0
10.800000  0.443908  0
10.826667  0.443908  0
10.853333  0.443908  0
10.880000  0.443908  0
13.413333  0.536313  1
13.440000  0.536066  1
13.466667  0.535819  1
13.493333  0.535571  1
13.520000  0.535324  1
13.546667  0.535077  1
13.573333  0.534829  1
13.600000  0.534582  1
13.626667  0.534335  1
13.653333  0.534087  1
13.680000  0.533840  1
13.706667  0.533593  1
13.733333  0.533345  1
13.760000  0.533098  1
13.786667  0.532851  1
13.813333  0.532604  1
13.840000  0.532356  1
13.866667  0.532109  1
13.893333  0.531862  1
13.920000  0.531614  1
13.946667  0.531367  1
13.973333  0.531120  1
14.000000  0.530872  1
14.026667  0.530625  1
14.053333  0.530378  1
14.080000  0.530130  1
14.106667  0.529883  1
14.133333  0.529636  1
14.160000  0.529388  1
14.186667  0.529141  1
14.213333  0.528894  1
14.240000  0.528646  1
14.266667  0.528399  1
14.293333  0.528152  1
14.320000  0.527904  1
14.346667  0.527657  1
14.373333  0.527410  1
14.400000  0.527162  1
14.426667  0.526915  1
14.453333  0.526668  1
14.480000  0.526420  1
14.506667  0.526173  1
14.533333  0.525926  1
14.560000  0.525678  1
14.586667  0.525431  1
14.613333  0.525184  1
14.640000  0.524936  1
14.666667  0.524689  1
14.693333  0.524442  1
14.720000  0.524194  1
14.746667  0.523947  1
14.773333  0.523700  1
14.800000  0.523452  1
14.826667  0.523205  1
14.853333  0.522958  1
14.880000  0.522710  1
14.906667  0.522463  1
14.933333  0.522216  1
14.960000  0.521968  1
14.986667  0.521721  1
15.013333  0.521474  1
15.040000  0.521226  1
15.066667  0.520979  1
15.093333  0.520732  1
15.120000  0.520484  1
15.146667  0.520237  1
15.173333  0.519990  1
15.200000  0.519742  1
15.226667  0.519495  1
15.253333  0.519248  1
15.280000  0.519000  1
15.306667  0.518753  1
15.333333  0.518506  1
15.360000  0.518258  1
15.386667  0.518011  1
15.413333  0.517764  1
15.440000  0.517516  1
15.466667  0.517269  1
15.493333  0.517022  1
15.520000  0.516774  1
15.546667  0.516527  1
15.573333  0.516280  1
15.600000  0.516032  1
15.626667  0.515785  1
15.653333  0.515538  1
15.680000  0.515290  1
15.706667  0.515043  1
15.733333  0.514796  1
15.760000  0.514548  1
15.786667  0.514301  1
15.813333  0.514054  1
15.840000  0.513806  1
15.866667  0.513559  1
15.893333  0.513312  1
15.920000  0.513065  1
15.946667  0.512817  1
15.973333  0.512570  1
16.000000  0.512323  1
16.026667  0.512075  1
16.053333  0.511828  1
16.080000  0.511581  1
16.106667  0.511333  1
16.133333  0.511086  1
16.160000  0.510839  1
16.186667  0.510591  1
16.213333  0.510344  1
16.240000  0.510097  1
16.266667  0.509849  1
16.293333  0.509602  1
16.320000  0.509355  1
16.346667  0.509107  1
16.373333  0.508860  1
16.400000  0.508613  1
9.200000  0.818771  2
9.226667  0.817959  2
9.253333  0.817146  2
9.280000  0.816333  2
9.306667  0.815521  2
9.333333  0.814708  2
9.360000  0.813895  2
9.386667  0.813083  2
9.413333  0.812270  2
9.440000  0.811457  2
9.466667  0.810645  2
9.493333  0.809832  2
9.520000  0.809019  2
9.546667  0.808207  2
9.573333  0.807394  2
9.600000  0.806581  2
9.626667  0.805769  2
9.653333  0.804956  2
9.680000  0.804143  2
9.706667  0.803331  2
9.733333  0.802518  2
9.760000  0.801705  2
9.786667  0.800893  2
9.813333  0.800080  2
9.840000  0.799268  2
9.866667  0.798455  2
9.893333  0.797642  2
9.920000  0.796830  2
9.946667  0.796017  2
9.973333  0.795204  2
10.000000  0.794392  2
10.026667  0.793579  2
10.053333  0.792766  2
10.080000  0.791954  2
10.106667  0.791141  2
10.133333  0.790328  2
10.160000  0.789516  2
10.186667  0.788703  2
10.213333  0.787890  2
10.240000  0.787078  2
10.266667  0.786265  2
10.293333  0.785452  2
10.320000  0.784640  2
10.346667  0.783827  2
10.373333  0.783014  2
10.400000  0.782202  2
10.426667  0.781389  2
10.453333  0.780577  2
10.480000  0.779764  2
10.506667  0.778951  2
10.533333  0.778139  2
10.560000  0.777326  2
10.586667  0.776513  2
10.613333  0.775701  2
10.640000  0.774888  2
10.666667  0.774075  2
10.693333  0.773263  2
10.720000  0.772450  2
10.746667  0.771637  2
10.773333  0.770825  2
10.800000  0.770012  2
10.826667  0.769199  2
10.853333  0.768387  2
10.880000  0.767574  2
10.906667  0.766761  2
10.933333  0.765949  2
10.960000  0.765136  2
10.986667  0.764323  2
11.013333  0.763511  2
11.040000  0.762698  2
11.066667  0.761886  2
11.093333  0.761073  2
11.120000  0.760260  2
11.146667  0.759448  2
11.173333  0.758635  2
11.200000  0.757822  2
11.226667  0.757010  2
11.253333  0.756197  2
11.280000  0.755384  2
11.306667  0.754572  2
11.333333  0.753759  2
11.360000  0.752946  2
11.386667  0.752134  2
11.413333  0.751321  2
11.440000  0.750508  2
11.466667  0.749696  2
11.493333  0.748883  2
11.520000  0.748070  2
11.546667  0.747258  2
11.573333  0.746445  2
11.600000  0.745632  2
11.626667  0.744820  2
11.653333  0.744007  2
11.680000  0.743194  2
11.706667  0.742382  2
11.733333  0.741569  2
11.760000  0.740757  2
11.786667  0.739944  2
11.813333  0.739131  2
11.840000  0.738319  2
11.866667  0.737506  2
11.893333  0.736693  2
11.920000  0.735881  2
11.946667  0.735068  2
11.973333  0.734255  2
12.000000  0.733443  2
12.026667  0.732630  2
12.053333  0.731817  2
12.080000  0.731005  2
12.106667  0.730192  2
12.133333  0.729379  2
12.160000  0.728567  2
12.186667  0.727754  2
12.213333  0.726941  2
