2.453333  0.915941  0
2.480000  0.911519  0
2.506667  0.907097  0
2.533333  0.902675  0
2.560000  0.898253  0
2.586667  0.893832  0
2.613333  0.889410  0
2.640000  0.884988  0
2.666667  0.880566  0
2.693333  0.876144  0
2.720000  0.871722  0
2.746667  0.867300  0
2.773333  0.862878  0
2.800000  0.858456  0
2.826667  0.854034  0
2.853333  0.849613  0
2.880000  0.845191  0
2.906667  0.840769  0
2.933333  0.836347  0
2.960000  0.831925  0
2.986667  0.827503  0
3.013333  0.823081  0
3.040000  0.818659  0
3.066667  0.814237  0
3.093333  0.809815  0
3.120000  0.805971  0
3.146667  0.802858  0
3.173333  0.799745  0
3.200000  0.796631  0
3.226667  0.793518  0
3.253333  0.790404  0
3.280000  0.787291  0
3.306667  0.784178  0
3.333333  0.781064  0
3.360000  0.777951  0
3.386667  0.774838  0
3.413333  0.771724  0
3.440000  0.768611  0
3.466667  0.765497  0
3.493333  0.762384  0
3.520000  0.759271  0
3.546667  0.756157  0
3.573333  0.753044  0
3.600000  0.749931  0
3.626667  0.746817  0
3.653333  0.743704  0
3.680000  0.740590  0
3.706667  0.737477  0
3.733333  0.734364  0
3.760000  0.731250  0
3.786667  0.728137  0
3.813333  0.725024  0
3.840000  0.721910  0
3.866667  0.718797  0
3.893333  0.715683  0
3.920000  0.712932  0
3.946667  0.710412  0
3.973333  0.707891  0
4.000000  0.705371  0
4.026667  0.702851  0
4.053333  0.700331  0
4.080000  0.697811  0
4.106667  0.695291  0
4.133333  0.692771  0
4.160000  0.690251  0
4.186667  0.687731  0
4.213333  0.685211  0
4.240000  0.682691  0
4.266667  0.680171  0
4.293333  0.677651  0
4.320000  0.675130  0
4.346667  0.672610  0
4.373333  0.670090  0
4.400000  0.667570  0
4.426667  0.665050  0
4.453333  0.662530  0
4.480000  0.660010  0
4.506667  0.657490  0
4.533333  0.654970  0
4.560000  0.652450  0
4.586667  0.649930  0
4.613333  0.647410  0
4.640000  0.644889  0
4.666667  0.642369  0
4.693333  0.639849  0
4.720000  0.637329  0
4.746667  0.634809  0
4.773333  0.632289  0
4.800000  0.629769  0
4.826667  0.627249  0
4.853333  0.624729  0
4.880000  0.622209  0
4.906667  0.619689  0
4.933333  0.617169  0
4.960000  0.614649  0
4.986667  0.612645  0
5.013333  0.611066  0
5.040000  0.609487  0
5.066667  0.607907  0
5.093333  0.606328  0
5.120000  0.604749  0
5.146667  0.603170  0
5.173333  0.601590  0
5.200000  0.600011  0
5.226667  0.598432  0
5.253333  0.596853  0
5.280000  0.595273  0
5.306667  0.593694  0
5.333333  0.592115  0
5.360000  0.590536  0
5.386667  0.588956  0
5.413333  0.587377  0
5.440000  0.585798  0
5.466667  0.584219  0
5.493333  0.582639  0
5.520000  0.581060  0
5.546667  0.579481  0
5.573333  0.577902  0
5.600000  0.576322  0
5.626667  0.574743  0
5.653333  0.573164  0
5.680000  0.571585  0
5.706667  0.570005  0
5.733333  0.568426  0
5.760000  0.566847  0
5.786667  0.565268  0
5.813333  0.563688  0
5.840000  0.562109  0
5.866667  0.560530  0
5.893333  0.558951  0
5.920000  0.557371  0
5.946667  0.555792  0
5.973333  0.554213  0
6.000000  0.552808  0
6.026667  0.552131  0
6.053333  0.551455  0
6.080000  0.550778  0
6.106667  0.550101  0
6.133333  0.549424  0
6.160000  0.548747  0
6.186667  0.548070  0
6.213333  0.547394  0
6.240000  0.546717  0
6.266667  0.546040  0
6.293333  0.545363  0
6.320000  0.544686  0
6.346667  0.544010  0
6.373333  0.543333  0
6.400000  0.542656  0
6.426667  0.541979  0
6.453333  0.541302  0
6.480000  0.540625  0
6.506667  0.539949  0
6.533333  0.539272  0
6.560000  0.538595  0
6.586667  0.537918  0
6.613333  0.537241  0
6.640000  0.536564  0
6.666667  0.535888  0
6.693333  0.535211  0
6.720000  0.534534  0
6.746667  0.533857  0
6.773333  0.533180  0
6.800000  0.532504  0
6.826667  0.531827  0
6.853333  0.531150  0
6.880000  0.530473  0
6.906667  0.529796  0
6.933333  0.529119  0
6.960000  0.528443  0
6.986667  0.527766  0
7.013333  0.527089  0
7.040000  0.526412  0
7.066667  0.525735  0
7.093333  0.525059  0
7.120000  0.524372  0
7.146667  0.523673  0
7.173333  0.522974  0
7.200000  0.522275  0
7.226667  0.521576  0
7.253333  0.520877  0
7.280000  0.520178  0
7.306667  0.519479  0
7.333333  0.518780  0
7.360000  0.518081  0
7.386667  0.517382  0
7.413333  0.516683  0
7.440000  0.515984  0
7.466667  0.515285  0
7.493333  0.514586  0
7.520000  0.513887  0
7.546667  0.513188  0
7.573333  0.512489  0
7.600000  0.511790  0
7.626667  0.511091  0
7.653333  0.510392  0
7.680000  0.509693  0
7.706667  0.508994  0
7.733333  0.508295  0
7.760000  0.507596  0
7.786667  0.506897  0
7.813333  0.506198  0
7.840000  0.505499  0
7.866667  0.504800  0
7.893333  0.504101  0
7.920000  0.503402  0
7.946667  0.502703  0
7.973333  0.502004  0
8.000000  0.501305  0
8.026667  0.500606  0
8.053333  0.499907  0
8.080000  0.499208  0
8.106667  0.498509  0
8.133333  0.497810  0
8.160000  0.497111  0
8.186667  0.496412  0
8.213333  0.495713  0
8.240000  0.495014  0
8.266667  0.494315  0
8.293333  0.493616  0
8.320000  0.492917  0
8.346667  0.492218  0
8.373333  0.491519  0
8.400000  0.490820  0
8.426667  0.490121  0
8.453333  0.489422  0
8.480000  0.488723  0
8.506667  0.488162  0
8.533333  0.487781  0
8.560000  0.487400  0
8.586667  0.487018  0
8.613333  0.486637  0
8.640000  0.486256  0
8.666667  0.485875  0
8.693333  0.485494  0
8.720000  0.485112  0
8.746667  0.484731  0
8.773333  0.484350  0
8.800000  0.483969  0
8.826667  0.483588  0
8.853333  0.483206  0
8.880000  0.482825  0
8.906667  0.482444  0
8.933333  0.482063  0
8.960000  0.481682  0
8.986667  0.481300  0
9.013333  0.480919  0
9.040000  0.480538  0
9.066667  0.480157  0
9.093333  0.479776  0
9.120000  0.479394  0
9.146667  0.479013  0
9.173333  0.478632  0
9.200000  0.478251  0
9.226667  0.477870  0
9.253333  0.477488  0
9.280000  0.477107  0
9.306667  0.476726  0
9.333333  0.476345  0
9.360000  0.475964  0
9.386667  0.475582  0
9.413333  0.475201  0
9.440000  0.474820  0
9.466667  0.474439  0
9.493333  0.474058  0
9.520000  0.473676  0
9.546667  0.473295  0
9.573333  0.472914  0
9.600000  0.472533  0
9.626667  0.472152  0
9.653333  0.471770  0
9.680000  0.471389  0
9.706667  0.471008  0
9.733333  0.470627  0
9.760000  0.470246  0
9.786667  0.469864  0
9.813333  0.469483  0
9.840000  0.469102  0
9.866667  0.468721  0
9.893333  0.468340  0
9.920000  0.467958  0
9.946667  0.467577  0
9.973333  0.467196  0
10.000000  0.466815  0
10.026667  0.466434  0
10.053333  0.466052  0
10.080000  0.465671  0
10.106667  0.465290  0
10.133333  0.464909  0
10.160000  0.464528  0
10.186667  0.464146  0
10.213333  0.463765  0
10.240000  0.463384  0
10.266667  0.463003  0
10.293333  0.462622  0
10.320000  0.462240  0
10.346667  0.461859  0
10.373333  0.461478  0
10.400000  0.461097  0
10.426667  0.460716  0
10.453333  0.460334  0
10.480000  0.459984  0
10.506667  0.459711  0
10.533333  0.459438  0
10.560000  0.459166  0
10.586667  0.458893  0
10.613333  0.458620  0
10.640000  0.458348  0
10.666667  0.458075  0
10.693333  0.457802  0
10.720000  0.457530  0
10.746667  0.457257  0
10.773333  0.456984  0
10.800000  0.456712  0
10.826667  0.456439  0
10.853333  0.456166  0
10.880000  0.455894  0
10.906667  0.455621  0
10.933333  0.455348  0
10.960000  0.455076  0
10.986667  0.454803  0
11.013333  0.454530  0
11.040000  0.454258  0
11.066667  0.453985  0
11.093333  0.453712  0
11.120000  0.453440  0
11.146667  0.453167  0
11.173333  0.452894  0
11.200000  0.452621  0
11.226667  0.452349  0
11.253333  0.452076  0
11.280000  0.451803  0
11.306667  0.451531  0
11.333333  0.451258  0
11.360000  0.450985  0
11.386667  0.450713  0
11.413333  0.450440  0
11.440000  0.450167  0
11.466667  0.449895  0
11.493333  0.449622  0
11.520000  0.449349  0
11.546667  0.449077  0
11.573333  0.448804  0
11.600000  0.448531  0
11.626667  0.448259  0
11.653333  0.447986  0
11.680000  0.447713  0
11.706667  0.447441  0
11.733333  0.447168  0
11.760000  0.446895  0
11.786667  0.446623  0
11.813333  0.446350  0
11.840000  0.446077  0
11.866667  0.445805  0
11.893333  0.445532  0
11.920000  0.445259  0
11.946667  0.444987  0
11.973333  0.444714  0
12.000000  0.444441  0
12.026667  0.444169  0
12.053333  0.443896  0
12.080000  0.443623  0
12.106667  0.443351  0
12.133333  0.443078  0
12.160000  0.442805  0
12.186667  0.442532  0
12.213333  0.442260  0
12.240000  0.441987  0
12.266667  0.441714  0
12.293333  0.441442  0
12.320000  0.441169  0
12.346667  0.440896  0
12.373333  0.440624  0
12.400000  0.440351  0
12.426667  0.440078  0
12.453333  0.439806  0
12.480000  0.439533  0
12.506667  0.439260  0
12.533333  0.438988  0
12.560000  0.438715  0
12.586667  0.438442  0
12.613333  0.438170  0
12.640000  0.437897  0
12.666667  0.437624  0
12.693333  0.437352  0
12.720000  0.437079  0
12.746667  0.436806  0
12.773333  0.436534  0
12.800000  0.436261  0
12.826667  0.435988  0
12.853333  0.435716  0
12.880000  0.435443  0
12.906667  0.435170  0
12.933333  0.434898  0
12.960000  0.434625  0
12.986667  0.434352  0
13.013333  0.434080  0
13.040000  0.433807  0
13.066667  0.433534  0
13.093333  0.433261  0
13.120000  0.432989  0
13.146667  0.432716  0
13.173333  0.432443  0
13.200000  0.432171  0
13.226667  0.431898  0
13.253333  0.431625  0
13.280000  0.431353  0
13.306667  0.431080  0
13.333333  0.430807  0
13.360000  0.430535  0
13.386667  0.430262  0
13.413333  0.429989  0
13.440000  0.429717  0
13.466667  0.429444  0
13.493333  0.429171  0
13.520000  0.428899  0
13.546667  0.428626  0
13.573333  0.428353  0
13.600000  0.428081  0
13.626667  0.427808  0
15.733333  0.555980  1
15.760000  0.555460  1
15.786667  0.554939  1
15.813333  0.554418  1
15.840000  0.553897  1
15.866667  0.553376  1
15.893333  0.552855  1
15.920000  0.552335  1
15.946667  0.551814  1
15.973333  0.551293  1
16.000000  0.550772  1
16.026667  0.550251  1
16.053333  0.549731  1
16.080000  0.549210  1
16.106667  0.548689  1
16.133333  0.548168  1
16.160000  0.547647  1
16.186667  0.547127  1
16.213333  0.546606  1
16.240000  0.546085  1
16.266667  0.545564  1
16.293333  0.545043  1
16.320000  0.544523  1
16.346667  0.544002  1
16.373333  0.543481  1
16.400000  0.542960  1
16.426667  0.542439  1
16.453333  0.541919  1
16.480000  0.541398  1
16.506667  0.540877  1
16.533333  0.540356  1
16.560000  0.539835  1
16.586667  0.539315  1
16.613333  0.538794  1
16.640000  0.538273  1
16.666667  0.537752  1
16.693333  0.537231  1
16.720000  0.536711  1
16.746667  0.536190  1
16.773333  0.535669  1
16.800000  0.535148  1
16.826667  0.534627  1
16.853333  0.534107  1
16.880000  0.533586  1
16.906667  0.533065  1
16.933333  0.532544  1
16.960000  0.532023  1
16.986667  0.531502  1
17.013333  0.530982  1
17.040000  0.530461  1
17.066667  0.529940  1
17.093333  0.529419  1
17.120000  0.528898  1
17.146667  0.528378  1
17.173333  0.527857  1
17.200000  0.527336  1
17.226667  0.526815  1
17.253333  0.526294  1
17.280000  0.525774  1
17.306667  0.525253  1
17.333333  0.524732  1
17.360000  0.524211  1
17.386667  0.523690  1
17.413333  0.523170  1
17.440000  0.522649  1
17.466667  0.522128  1
17.493333  0.521607  1
17.520000  0.521086  1
17.546667  0.520566  1
17.573333  0.520045  1
17.600000  0.519524  1
17.626667  0.519003  1
17.653333  0.518482  1
17.680000  0.517962  1
17.706667  0.517441  1
17.733333  0.516920  1
17.760000  0.516399  1
17.786667  0.515878  1
17.813333  0.515358  1
17.840000  0.514837  1
17.866667  0.514316  1
17.893333  0.513795  1
17.920000  0.513274  1
17.946667  0.512754  1
17.973333  0.512233  1
18.000000  0.511712  1
18.026667  0.511191  1
18.053333  0.510670  1
18.080000  0.510150  1
18.106667  0.509629  1
18.133333  0.509108  1
18.160000  0.508587  1
18.186667  0.508066  1
18.213333  0.507545  1
18.240000  0.507025  1
18.266667  0.506504  1
18.293333  0.505983  1
18.320000  0.505462  1
18.346667  0.504941  1
18.373333  0.504421  1
18.400000  0.503900  1
18.426667  0.503379  1
18.453333  0.502858  1
18.480000  0.502337  1
18.506667  0.501817  1
18.533333  0.501296  1
18.560000  0.500775  1
18.586667  0.500254  1
18.613333  0.499733  1
18.640000  0.499213  1
18.666667  0.498692  1
18.693333  0.498171  1
18.720000  0.497650  1
18.746667  0.497129  1
18.773333  0.496609  1
18.800000  0.496088  1
18.826667  0.495567  1
18.853333  0.495046  1
18.880000  0.494525  1
18.906667  0.494005  1
18.933333  0.493484  1
18.960000  0.492963  1
18.986667  0.492442  1
19.013333  0.491921  1
19.040000  0.491401  1
19.066667  0.490880  1
19.093333  0.490359  1
19.120000  0.489838  1
19.146667  0.489317  1
19.173333  0.488797  1
19.200000  0.488276  1
19.226667  0.487755  1
19.253333  0.487234  1
19.280000  0.486713  1
19.306667  0.486192  1
19.333333  0.485672  1
19.360000  0.485151  1
19.386667  0.484630  1
19.413333  0.484109  1
19.440000  0.483588  1
19.466667  0.483068  1
19.493333  0.482547  1
19.520000  0.482026  1
19.546667  0.481505  1
19.573333  0.480984  1
19.600000  0.480464  1
19.626667  0.479943  1
19.653333  0.479422  1
19.680000  0.478901  1
19.706667  0.478380  1
19.733333  0.477860  1
19.760000  0.477339  1
19.786667  0.476818  1
19.813333  0.476297  1
19.840000  0.475776  1
19.866667  0.475256  1
19.893333  0.474735  1
19.920000  0.474214  1
19.946667  0.473693  1
19.973333  0.473172  1
20.000000  0.472652  1
20.026667  0.472131  1
20.053333  0.471610  1
20.080000  0.471089  1
20.106667  0.470568  1
20.133333  0.470048  1
20.160000  0.469527  1
20.186667  0.469006  1
