2.826667  0.818918  0
2.853333  0.818102  0
2.880000  0.817285  0
2.906667  0.816469  0
2.933333  0.815653  0
2.960000  0.814836  0
2.986667  0.814020  0
3.013333  0.813204  0
3.040000  0.812387  0
3.066667  0.811571  0
3.093333  0.810755  0
3.120000  0.809939  0
3.146667  0.809122  0
3.173333  0.808306  0
3.200000  0.807490  0
3.226667  0.806673  0
3.253333  0.805857  0
3.280000  0.805041  0
3.306667  0.804224  0
3.333333  0.803408  0
3.360000  0.802592  0
3.386667  0.801775  0
3.413333  0.800959  0
3.440000  0.800143  0
3.466667  0.799327  0
3.493333  0.798510  0
3.520000  0.797694  0
3.546667  0.796878  0
3.573333  0.796061  0
3.600000  0.795245  0
3.626667  0.794429  0
3.653333  0.793612  0
3.680000  0.792796  0
3.706667  0.791980  0
3.733333  0.791163  0
3.760000  0.790347  0
3.786667  0.789531  0
3.813333  0.788715  0
3.840000  0.787898  0
3.866667  0.787082  0
3.893333  0.786266  0
3.920000  0.785449  0
3.946667  0.784633  0
3.973333  0.783817  0
4.000000  0.783000  0
4.026667  0.782184  0
4.053333  0.781368  0
4.080000  0.780551  0
4.106667  0.779735  0
4.133333  0.778857  0
4.160000  0.777728  0
4.186667  0.776598  0
4.213333  0.775468  0
4.240000  0.774338  0
4.266667  0.773208  0
4.293333  0.772078  0
4.320000  0.770949  0
4.346667  0.769819  0
4.373333  0.768689  0
4.400000  0.767559  0
4.426667  0.766429  0
4.453333  0.765299  0
4.480000  0.764169  0
4.506667  0.763040  0
4.533333  0.761910  0
4.560000  0.760780  0
4.586667  0.759650  0
4.613333  0.758520  0
4.640000  0.757390  0
4.666667  0.756261  0
4.693333  0.755131  0
4.720000  0.754001  0
4.746667  0.752871  0
4.773333  0.751741  0
4.800000  0.750611  0
4.826667  0.749481  0
4.853333  0.748352  0
4.880000  0.747222  0
4.906667  0.746092  0
4.933333  0.744962  0
4.960000  0.743832  0
4.986667  0.742702  0
5.013333  0.741573  0
5.040000  0.740443  0
5.066667  0.739313  0
5.093333  0.738183  0
5.120000  0.737053  0
5.146667  0.735923  0
5.173333  0.734794  0
5.200000  0.733664  0
5.226667  0.732534  0
5.253333  0.731404  0
5.280000  0.730274  0
5.306667  0.729144  0
5.333333  0.728014  0
5.360000  0.726885  0
5.386667  0.725755  0
5.413333  0.724625  0
5.440000  0.723495  0
5.466667  0.722365  0
5.493333  0.721235  0
5.520000  0.720106  0
5.546667  0.718976  0
5.573333  0.717846  0
5.600000  0.716716  0
5.626667  0.715586  0
5.653333  0.714456  0
5.680000  0.713326  0
5.706667  0.712197  0
5.733333  0.711067  0
5.760000  0.709937  0
5.786667  0.708807  0
5.813333  0.707677  0
5.840000  0.706547  0
5.866667  0.705418  0
5.893333  0.704288  0
5.920000  0.703158  0
5.946667  0.702028  0
5.973333  0.700898  0
6.000000  0.699768  0
6.026667  0.698638  0
6.053333  0.697509  0
6.080000  0.696379  0
6.106667  0.695249  0
6.133333  0.694112  0
6.160000  0.692928  0
6.186667  0.691744  0
6.213333  0.690561  0
6.240000  0.689377  0
6.266667  0.688193  0
6.293333  0.687010  0
6.320000  0.685826  0
6.346667  0.684642  0
6.373333  0.683459  0
6.400000  0.682275  0
6.426667  0.681092  0
6.453333  0.679908  0
6.480000  0.678724  0
6.506667  0.677541  0
6.533333  0.676357  0
6.560000  0.675173  0
6.586667  0.673990  0
6.613333  0.672806  0
6.640000  0.671622  0
6.666667  0.670439  0
6.693333  0.669255  0
6.720000  0.668071  0
6.746667  0.666888  0
6.773333  0.665704  0
6.800000  0.664520  0
6.826667  0.663337  0
6.853333  0.662153  0
6.880000  0.660970  0
6.906667  0.659786  0
6.933333  0.658602  0
6.960000  0.657419  0
6.986667  0.656235  0
7.013333  0.655051  0
7.040000  0.653868  0
7.066667  0.652684  0
7.093333  0.651500  0
7.120000  0.650317  0
7.146667  0.649133  0
7.173333  0.647949  0
7.200000  0.646766  0
7.226667  0.645582  0
7.253333  0.644398  0
7.280000  0.643215  0
7.306667  0.642031  0
7.333333  0.640848  0
7.360000  0.639664  0
7.386667  0.638480  0
7.413333  0.637297  0
7.440000  0.636113  0
7.466667  0.634929  0
7.493333  0.633746  0
7.520000  0.632562  0
7.546667  0.631378  0
7.573333  0.630195  0
7.600000  0.629011  0
7.626667  0.627827  0
7.653333  0.626644  0
7.680000  0.625460  0
7.706667  0.624276  0
7.733333  0.623093  0
7.760000  0.621909  0
7.786667  0.620726  0
7.813333  0.619542  0
7.840000  0.618358  0
7.866667  0.617175  0
7.893333  0.615991  0
7.920000  0.614807  0
7.946667  0.613624  0
7.973333  0.612440  0
8.000000  0.611256  0
8.026667  0.610073  0
8.053333  0.608889  0
8.080000  0.607705  0
8.106667  0.606522  0
8.133333  0.605338  0
8.160000  0.604154  0
8.186667  0.602971  0
8.213333  0.601787  0
8.240000  0.600604  0
8.266667  0.599420  0
8.293333  0.598236  0
8.320000  0.597083  0
8.346667  0.596018  0
8.373333  0.594953  0
8.400000  0.593887  0
8.426667  0.592822  0
8.453333  0.591757  0
8.480000  0.590692  0
8.506667  0.589626  0
8.533333  0.588561  0
8.560000  0.587496  0
8.586667  0.586430  0
8.613333  0.585365  0
8.640000  0.584300  0
8.666667  0.583235  0
8.693333  0.582169  0
8.720000  0.581104  0
8.746667  0.580039  0
8.773333  0.578973  0
8.800000  0.577908  0
8.826667  0.576843  0
8.853333  0.575778  0
8.880000  0.574712  0
8.906667  0.573647  0
8.933333  0.572582  0
8.960000  0.571517  0
8.986667  0.570451  0
9.013333  0.569386  0
9.040000  0.568321  0
9.066667  0.567255  0
9.093333  0.566190  0
9.120000  0.565125  0
9.146667  0.564060  0
9.173333  0.562994  0
9.200000  0.561929  0
9.226667  0.560864  0
9.253333  0.559798  0
9.280000  0.558733  0
9.306667  0.557668  0
9.333333  0.556603  0
9.360000  0.555537  0
9.386667  0.554472  0
9.413333  0.553407  0
9.440000  0.552341  0
9.466667  0.551276  0
9.493333  0.550211  0
9.520000  0.549146  0
9.546667  0.548080  0
9.573333  0.547015  0
9.600000  0.545950  0
9.626667  0.544884  0
9.653333  0.543819  0
9.680000  0.542754  0
9.706667  0.541689  0
9.733333  0.540623  0
9.760000  0.539558  0
9.786667  0.538493  0
9.813333  0.537427  0
9.840000  0.536362  0
9.866667  0.535297  0
9.893333  0.534232  0
9.920000  0.533166  0
9.946667  0.532101  0
9.973333  0.531036  0
10.000000  0.529971  0
10.026667  0.528905  0
10.053333  0.527840  0
10.080000  0.526775  0
10.106667  0.525709  0
10.133333  0.524660  0
10.160000  0.524223  0
10.186667  0.523786  0
10.213333  0.523349  0
10.240000  0.522912  0
10.266667  0.522475  0
10.293333  0.522038  0
10.320000  0.521601  0
10.346667  0.521164  0
10.373333  0.520727  0
10.400000  0.520290  0
10.426667  0.519853  0
10.453333  0.519416  0
10.480000  0.518979  0
10.506667  0.518542  0
10.533333  0.518105  0
10.560000  0.517668  0
10.586667  0.517231  0
10.613333  0.516794  0
10.640000  0.516357  0
10.666667  0.515920  0
10.693333  0.515483  0
10.720000  0.515046  0
10.746667  0.514608  0
10.773333  0.514171  0
10.800000  0.513734  0
10.826667  0.513297  0
10.853333  0.512860  0
10.880000  0.512423  0
10.906667  0.511986  0
10.933333  0.511549  0
10.960000  0.511112  0
10.986667  0.510675  0
11.013333  0.510238  0
11.040000  0.509801  0
11.066667  0.509364  0
11.093333  0.508927  0
11.120000  0.508490  0
11.146667  0.508053  0
11.173333  0.507616  0
11.200000  0.507179  0
11.226667  0.506742  0
11.253333  0.506305  0
11.280000  0.505868  0
11.306667  0.505431  0
11.333333  0.504994  0
11.360000  0.504557  0
11.386667  0.504120  0
11.413333  0.503683  0
11.440000  0.503245  0
11.466667  0.502808  0
11.493333  0.502371  0
11.520000  0.501934  0
11.546667  0.501497  0
11.573333  0.501060  0
11.600000  0.500623  0
11.626667  0.500186  0
11.653333  0.499749  0
11.680000  0.499312  0
11.706667  0.498875  0
11.733333  0.498438  0
11.760000  0.498001  0
11.786667  0.497564  0
11.813333  0.497127  0
11.840000  0.496690  0
11.866667  0.496253  0
11.893333  0.495816  0
11.920000  0.495379  0
11.946667  0.494942  0
11.973333  0.494505  0
12.000000  0.494068  0
12.026667  0.493631  0
12.053333  0.493194  0
12.080000  0.492757  0
12.106667  0.492319  0
12.133333  0.491882  0
12.160000  0.491445  0
12.186667  0.491008  0
12.213333  0.490571  0
12.240000  0.490134  0
12.266667  0.489697  0
12.293333  0.489260  0
12.320000  0.488823  0
12.346667  0.488386  0
12.373333  0.487949  0
12.400000  0.487512  0
12.426667  0.487075  0
12.453333  0.486638  0
12.480000  0.486201  0
12.506667  0.485764  0
12.533333  0.485327  0
12.560000  0.484890  0
12.586667  0.484453  0
12.613333  0.484016  0
12.640000  0.483579  0
12.666667  0.483142  0
12.693333  0.482705  0
12.720000  0.482268  0
12.746667  0.481831  0
12.773333  0.481394  0
12.800000  0.480956  0
12.826667  0.480519  0
12.853333  0.480082  0
12.880000  0.479645  0
12.906667  0.479208  0
12.933333  0.478771  0
12.960000  0.478334  0
12.986667  0.477897  0
13.013333  0.477460  0
13.040000  0.477023  0
13.066667  0.476586  0
