3.093333  0.904605  0
3.120000  0.898387  0
3.146667  0.892107  0
3.173333  0.885805  0
3.200000  0.879494  0
3.226667  0.873181  0
3.253333  0.866869  0
3.280000  0.860558  0
3.306667  0.854251  0
3.333333  0.847951  0
3.360000  0.841663  0
3.386667  0.835391  0
3.413333  0.829141  0
3.440000  0.822916  0
3.466667  0.816717  0
3.493333  0.810542  0
3.520000  0.804387  0
3.546667  0.798248  0
3.573333  0.792119  0
3.600000  0.785996  0
3.626667  0.779877  0
3.653333  0.773759  0
3.680000  0.767642  0
3.706667  0.761525  0
3.733333  0.755409  0
3.760000  0.749297  0
3.786667  0.743191  0
3.813333  0.737102  0
3.840000  0.731049  0
3.866667  0.725062  0
3.893333  0.719187  0
3.920000  0.713483  0
3.946667  0.708010  0
3.973333  0.702821  0
4.000000  0.697940  0
4.026667  0.693363  0
4.053333  0.689053  0
4.080000  0.684955  0
4.106667  0.681007  0
4.133333  0.677154  0
4.160000  0.673356  0
4.186667  0.669585  0
4.213333  0.665828  0
4.240000  0.662076  0
4.266667  0.658327  0
4.293333  0.654578  0
4.320000  0.650831  0
4.346667  0.647088  0
4.373333  0.643353  0
4.400000  0.639635  0
4.426667  0.635945  0
4.453333  0.632300  0
4.480000  0.628722  0
4.506667  0.625229  0
4.533333  0.621833  0
4.560000  0.618538  0
4.586667  0.615336  0
4.613333  0.612213  0
4.640000  0.609147  0
4.666667  0.606120  0
4.693333  0.603116  0
4.720000  0.600124  0
4.746667  0.597138  0
4.773333  0.594155  0
4.800000  0.591173  0
4.826667  0.588191  0
4.853333  0.585210  0
4.880000  0.582228  0
4.906667  0.579249  0
4.933333  0.576272  0
4.960000  0.573304  0
4.986667  0.570355  0
5.013333  0.567445  0
5.040000  0.564601  0
5.066667  0.561867  0
5.093333  0.559289  0
5.120000  0.556912  0
5.146667  0.554769  0
5.173333  0.552867  0
5.200000  0.551189  0
5.226667  0.549698  0
5.253333  0.548347  0
5.280000  0.547089  0
5.306667  0.545886  0
5.333333  0.544714  0
5.360000  0.543556  0
5.386667  0.542405  0
5.413333  0.541255  0
5.440000  0.540107  0
5.466667  0.538959  0
5.493333  0.537811  0
5.520000  0.536663  0
5.546667  0.535515  0
5.573333  0.534367  0
5.600000  0.533219  0
5.626667  0.532071  0
5.653333  0.530923  0
5.680000  0.529775  0
5.706667  0.528627  0
5.733333  0.527479  0
5.760000  0.526331  0
5.786667  0.525183  0
5.813333  0.524035  0
5.840000  0.522887  0
5.866667  0.521739  0
5.893333  0.520591  0
5.920000  0.519443  0
5.946667  0.518295  0
5.973333  0.517147  0
6.000000  0.515999  0
6.026667  0.514851  0
6.053333  0.513703  0
6.080000  0.512557  0
6.106667  0.511412  0
6.133333  0.510272  0
6.160000  0.509140  0
6.186667  0.508021  0
6.213333  0.506922  0
6.240000  0.505849  0
6.266667  0.504806  0
6.293333  0.503797  0
6.320000  0.502818  0
6.346667  0.501865  0
6.373333  0.500933  0
6.400000  0.500015  0
6.426667  0.499104  0
6.453333  0.498198  0
6.480000  0.497295  0
6.506667  0.496392  0
6.533333  0.495490  0
6.560000  0.494588  0
6.586667  0.493686  0
6.613333  0.492784  0
6.640000  0.491882  0
6.666667  0.490980  0
6.693333  0.490078  0
6.720000  0.489176  0
6.746667  0.488274  0
6.773333  0.487372  0
6.800000  0.486470  0
6.826667  0.485568  0
6.853333  0.484666  0
6.880000  0.483764  0
6.906667  0.482862  0
6.933333  0.481959  0
6.960000  0.481057  0
6.986667  0.480155  0
7.013333  0.479253  0
7.040000  0.478351  0
7.066667  0.477449  0
7.093333  0.476547  0
7.120000  0.475645  0
7.146667  0.474743  0
7.173333  0.473841  0
7.200000  0.472939  0
7.226667  0.472038  0
7.253333  0.471137  0
7.280000  0.470237  0
7.306667  0.469342  0
7.333333  0.468454  0
7.360000  0.467579  0
7.386667  0.466725  0
7.413333  0.465901  0
7.440000  0.465117  0
7.466667  0.464377  0
7.493333  0.463684  0
7.520000  0.463034  0
7.546667  0.462419  0
7.573333  0.461832  0
7.600000  0.461262  0
7.626667  0.460702  0
7.653333  0.460149  0
7.680000  0.459598  0
7.706667  0.459048  0
7.733333  0.458499  0
7.760000  0.457950  0
7.786667  0.457401  0
7.813333  0.456851  0
7.840000  0.456302  0
7.866667  0.455753  0
7.893333  0.455204  0
7.920000  0.454655  0
7.946667  0.454106  0
7.973333  0.453557  0
8.000000  0.453008  0
8.026667  0.452459  0
8.053333  0.451910  0
8.080000  0.451361  0
8.106667  0.450812  0
8.133333  0.450263  0
8.160000  0.449714  0
8.186667  0.449165  0
8.213333  0.448616  0
8.240000  0.448067  0
8.266667  0.447517  0
8.293333  0.446968  0
8.320000  0.446419  0
8.346667  0.445870  0
8.373333  0.445321  0
8.400000  0.444772  0
8.426667  0.444223  0
8.453333  0.443674  0
8.480000  0.443125  0
8.506667  0.442576  0
8.533333  0.442027  0
8.560000  0.441478  0
8.586667  0.440929  0
8.613333  0.440380  0
8.640000  0.439831  0
8.666667  0.439282  0
8.693333  0.438733  0
8.720000  0.438183  0
8.746667  0.437634  0
8.773333  0.437085  0
8.800000  0.436536  0
8.826667  0.435988  0
8.853333  0.435441  0
8.880000  0.434896  0
8.906667  0.434356  0
8.933333  0.433825  0
8.960000  0.433307  0
8.986667  0.432807  0
9.013333  0.432330  0
9.040000  0.431880  0
9.066667  0.431457  0
9.093333  0.431057  0
9.120000  0.430678  0
9.146667  0.430314  0
9.173333  0.429959  0
9.200000  0.429610  0
9.226667  0.429263  0
9.253333  0.428919  0
9.280000  0.428574  0
9.306667  0.428230  0
9.333333  0.427887  0
9.360000  0.427543  0
9.386667  0.427199  0
9.413333  0.426855  0
9.440000  0.426511  0
9.466667  0.426167  0
9.493333  0.425824  0
9.520000  0.425480  0
9.546667  0.425136  0
9.573333  0.424792  0
9.600000  0.424448  0
9.626667  0.424104  0
9.653333  0.423760  0
9.680000  0.423417  0
9.706667  0.423073  0
9.733333  0.422729  0
9.760000  0.422385  0
9.786667  0.422041  0
9.813333  0.421697  0
9.840000  0.421354  0
9.866667  0.421010  0
9.893333  0.420666  0
9.920000  0.420322  0
9.946667  0.419978  0
9.973333  0.419634  0
10.000000  0.419291  0
10.026667  0.418947  0
10.053333  0.418603  0
10.080000  0.418259  0
10.106667  0.417915  0
10.133333  0.417571  0
10.160000  0.417227  0
10.186667  0.416884  0
10.213333  0.416540  0
10.240000  0.416196  0
10.266667  0.415852  0
10.293333  0.415508  0
10.320000  0.415164  0
10.346667  0.414821  0
10.373333  0.414477  0
10.400000  0.414133  0
10.426667  0.413789  0
10.453333  0.413445  0
10.480000  0.413101  0
10.506667  0.412758  0
10.533333  0.412414  0
10.560000  0.412070  0
10.586667  0.411726  0
10.613333  0.411382  0
10.640000  0.411038  0
10.666667  0.410694  0
10.693333  0.410351  0
10.720000  0.410007  0
10.746667  0.409663  0
10.773333  0.409319  0
10.800000  0.408975  0
10.826667  0.408631  0
10.853333  0.408288  0
10.880000  0.407944  0
10.906667  0.407600  0
10.933333  0.407256  0
10.960000  0.406912  0
10.986667  0.406568  0
11.013333  0.406225  0
11.040000  0.405881  0
11.066667  0.405537  0
11.093333  0.405193  0
11.120000  0.404849  0
11.146667  0.404505  0
11.173333  0.404161  0
11.200000  0.403818  0
11.226667  0.403474  0
11.253333  0.403130  0
11.280000  0.402786  0
11.306667  0.402442  0
11.333333  0.402098  0
11.360000  0.401755  0
11.386667  0.401411  0
11.413333  0.401067  0
11.440000  0.400723  0
11.466667  0.400379  0
11.493333  0.400035  0
11.520000  0.399692  0
11.546667  0.399348  0
11.573333  0.399004  0
11.600000  0.398660  0
11.626667  0.398316  0
11.653333  0.397972  0
11.680000  0.397628  0
11.706667  0.397285  0
11.733333  0.396941  0
11.760000  0.396597  0
11.786667  0.396253  0
11.813333  0.395909  0
11.840000  0.395565  0
11.866667  0.395222  0
11.893333  0.394878  0
11.920000  0.394534  0
11.946667  0.394190  0
11.973333  0.393846  0
12.000000  0.393502  0
12.026667  0.393159  0
12.053333  0.392815  0
12.080000  0.392471  0
12.106667  0.392127  0
12.133333  0.391783  0
12.160000  0.391439  0
12.186667  0.391095  0
12.213333  0.390752  0
12.240000  0.390408  0
12.266667  0.390064  0
12.293333  0.389720  0
12.320000  0.389377  0
12.346667  0.389035  0
12.373333  0.388693  0
12.400000  0.388354  0
12.426667  0.388018  0
12.453333  0.387685  0
12.480000  0.387357  0
12.506667  0.387034  0
12.533333  0.386714  0
12.560000  0.386398  0
12.586667  0.386085  0
12.613333  0.385773  0
12.640000  0.385463  0
12.666667  0.385153  0
12.693333  0.384843  0
12.720000  0.384534  0
12.746667  0.384224  0
12.773333  0.383914  0
12.800000  0.383605  0
12.826667  0.383295  0
12.853333  0.382986  0
12.880000  0.382676  0
12.906667  0.382367  0
12.933333  0.382057  0
12.960000  0.381748  0
12.986667  0.381438  0
13.013333  0.381129  0
13.040000  0.380819  0
13.066667  0.380510  0
13.093333  0.380200  0
13.120000  0.379891  0
13.146667  0.379581  0
13.173333  0.379272  0
13.200000  0.378962  0
13.226667  0.378653  0
13.253333  0.378343  0
13.280000  0.378034  0
13.306667  0.377724  0
13.333333  0.377415  0
13.360000  0.377105  0
13.386667  0.376796  0
13.413333  0.376486  0
13.440000  0.376176  0
13.466667  0.375867  0
13.493333  0.375557  0
13.520000  0.375248  0
13.546667  0.374938  0
13.573333  0.374629  0
13.600000  0.374319  0
13.626667  0.374010  0
13.653333  0.373700  0
13.680000  0.373391  0
13.706667  0.373081  0
13.733333  0.372772  0
13.760000  0.372462  0
13.786667  0.372153  0
13.813333  0.371843  0
13.840000  0.371534  0
13.866667  0.371224  0
13.893333  0.370915  0
13.920000  0.370605  0
13.946667  0.370296  0
13.973333  0.369987  0
14.000000  0.369679  0
14.026667  0.369374  0
14.053333  0.369076  0
14.080000  0.368793  0
14.106667  0.368534  0
14.133333  0.368317  0
14.160000  0.368158  0
14.186667  0.368074  0
11.226667  0.544817  1
11.253333  0.544289  1
11.280000  0.543760  1
11.306667  0.543231  1
11.333333  0.542703  1
11.360000  0.542174  1
11.386667  0.541646  1
11.413333  0.541117  1
11.440000  0.540588  1
11.466667  0.540060  1
11.493333  0.539531  1
11.520000  0.539002  1
11.546667  0.538474  1
11.573333  0.537945  1
11.600000  0.537417  1
11.626667  0.536888  1
11.653333  0.536359  1
11.680000  0.535831  1
11.706667  0.535302  1
11.733333  0.534774  1
11.760000  0.534245  1
11.786667  0.533716  1
11.813333  0.533188  1
11.840000  0.532659  1
11.866667  0.532130  1
11.893333  0.531602  1
11.920000  0.531073  1
11.946667  0.530545  1
11.973333  0.530016  1
12.000000  0.529487  1
12.026667  0.528959  1
12.053333  0.528430  1
12.080000  0.527901  1
12.106667  0.527373  1
12.133333  0.526844  1
12.160000  0.526316  1
12.186667  0.525787  1
12.213333  0.525258  1
12.240000  0.524730  1
12.266667  0.524201  1
12.293333  0.523673  1
12.320000  0.523144  1
12.346667  0.522615  1
12.373333  0.522087  1
12.400000  0.521558  1
12.426667  0.521029  1
12.453333  0.520501  1
12.480000  0.519972  1
12.506667  0.519444  1
12.533333  0.518915  1
12.560000  0.518386  1
12.586667  0.517858  1
12.613333  0.517329  1
12.640000  0.516800  1
12.666667  0.516272  1
12.693333  0.515743  1
12.720000  0.515215  1
12.746667  0.514686  1
12.773333  0.514157  1
12.800000  0.513629  1
12.826667  0.513100  1
12.853333  0.512572  1
12.880000  0.512043  1
12.906667  0.511514  1
12.933333  0.510986  1
12.960000  0.510457  1
12.986667  0.509928  1
13.013333  0.509400  1
13.040000  0.508871  1
13.066667  0.508343  1
13.093333  0.507814  1
13.120000  0.507285  1
13.146667  0.506757  1
13.173333  0.506228  1
13.200000  0.505699  1
13.226667  0.505171  1
13.253333  0.504642  1
13.280000  0.504114  1
13.306667  0.503585  1
13.333333  0.503056  1
13.360000  0.502528  1
13.386667  0.501999  1
13.413333  0.501471  1
13.440000  0.500942  1
13.466667  0.500413  1
13.493333  0.499885  1
13.520000  0.499356  1
13.546667  0.498827  1
13.573333  0.498299  1
13.600000  0.497770  1
13.626667  0.497242  1
13.653333  0.496713  1
13.680000  0.496184  1
13.706667  0.495656  1
13.733333  0.495127  1
13.760000  0.494598  1
13.786667  0.494070  1
13.813333  0.493541  1
13.840000  0.493013  1
13.866667  0.492484  1
13.893333  0.491955  1
13.920000  0.491427  1
13.946667  0.490898  1
13.973333  0.490370  1
14.000000  0.489841  1
14.026667  0.489312  1
14.053333  0.488784  1
14.080000  0.488255  1
14.106667  0.487726  1
14.133333  0.487198  1
14.160000  0.486669  1
14.186667  0.486141  1
14.213333  0.485612  1
14.240000  0.485083  1
14.266667  0.484555  1
14.293333  0.484026  1
14.320000  0.483497  1
14.346667  0.482969  1
14.373333  0.482440  1
14.400000  0.481912  1
14.426667  0.481383  1
14.453333  0.480854  1
14.480000  0.480326  1
14.506667  0.479797  1
14.533333  0.479269  1
14.560000  0.478740  1
14.586667  0.478211  1
14.613333  0.477683  1
14.640000  0.477154  1
14.666667  0.476625  1
14.693333  0.476097  1
14.720000  0.475568  1
14.746667  0.475040  1
14.773333  0.474511  1
14.800000  0.473982  1
14.826667  0.473454  1
14.853333  0.472925  1
14.880000  0.472396  1
14.906667  0.471868  1
14.933333  0.471339  1
14.960000  0.470811  1
14.986667  0.470282  1
15.013333  0.469753  1
15.040000  0.469225  1
15.066667  0.468696  1
15.093333  0.468168  1
15.120000  0.467639  1
15.146667  0.467110  1
15.173333  0.466582  1
15.200000  0.466053  1
15.226667  0.465524  1
15.253333  0.464996  1
15.280000  0.464467  1
15.306667  0.463939  1
15.333333  0.463410  1
15.360000  0.462881  1
15.386667  0.462353  1
15.413333  0.461824  1
15.440000  0.461296  1
15.466667  0.460767  1
15.493333  0.460238  1
15.520000  0.459710  1
15.546667  0.459181  1
15.573333  0.458652  1
15.600000  0.458124  1
15.626667  0.457595  1
15.653333  0.457067  1
15.680000  0.456538  1
15.706667  0.456009  1
15.733333  0.455481  1
15.760000  0.454952  1
15.786667  0.454423  1
15.813333  0.453895  1
15.840000  0.453366  1
15.866667  0.452838  1
15.893333  0.452309  1
8.240000  0.862671  2
8.266667  0.860867  2
8.293333  0.859064  2
8.320000  0.857260  2
8.346667  0.855456  2
8.373333  0.853653  2
8.400000  0.851849  2
8.426667  0.850045  2
8.453333  0.848242  2
8.480000  0.846438  2
8.506667  0.844634  2
8.533333  0.842831  2
8.560000  0.841027  2
8.586667  0.839223  2
8.613333  0.837420  2
8.640000  0.835616  2
8.666667  0.833812  2
8.693333  0.832009  2
8.720000  0.830205  2
8.746667  0.828402  2
8.773333  0.826598  2
8.800000  0.824794  2
8.826667  0.822991  2
8.853333  0.821187  2
8.880000  0.819383  2
8.906667  0.817580  2
8.933333  0.815776  2
8.960000  0.813972  2
8.986667  0.812169  2
9.013333  0.810365  2
9.040000  0.808561  2
9.066667  0.806758  2
9.093333  0.804954  2
9.120000  0.803150  2
9.146667  0.801347  2
9.173333  0.799543  2
9.200000  0.797847  2
9.226667  0.796170  2
9.253333  0.794493  2
9.280000  0.792817  2
9.306667  0.791140  2
9.333333  0.789463  2
9.360000  0.787786  2
9.386667  0.786109  2
9.413333  0.784432  2
9.440000  0.782756  2
9.466667  0.781079  2
9.493333  0.779402  2
9.520000  0.777725  2
9.546667  0.776048  2
9.573333  0.774371  2
9.600000  0.772695  2
9.626667  0.771018  2
9.653333  0.769341  2
9.680000  0.767664  2
9.706667  0.765987  2
9.733333  0.764310  2
9.760000  0.762634  2
9.786667  0.760957  2
9.813333  0.759280  2
9.840000  0.757603  2
9.866667  0.755926  2
9.893333  0.754249  2
9.920000  0.752573  2
9.946667  0.750896  2
9.973333  0.749219  2
10.000000  0.747542  2
10.026667  0.745865  2
10.053333  0.744188  2
10.080000  0.742512  2
10.106667  0.740835  2
10.133333  0.739158  2
10.160000  0.737481  2
10.186667  0.735804  2
10.213333  0.734127  2
10.240000  0.732451  2
10.266667  0.730774  2
10.293333  0.729366  2
10.320000  0.727985  2
10.346667  0.726604  2
10.373333  0.725223  2
10.400000  0.723842  2
10.426667  0.722461  2
10.453333  0.721080  2
10.480000  0.719699  2
10.506667  0.718318  2
10.533333  0.716937  2
10.560000  0.715556  2
10.586667  0.714176  2
10.613333  0.712795  2
10.640000  0.711414  2
10.666667  0.710033  2
10.693333  0.708652  2
10.720000  0.707271  2
10.746667  0.705890  2
10.773333  0.704509  2
10.800000  0.703128  2
10.826667  0.701747  2
10.853333  0.700366  2
10.880000  0.698985  2
10.906667  0.697605  2
10.933333  0.696224  2
10.960000  0.694843  2
10.986667  0.693462  2
11.013333  0.692081  2
11.040000  0.690700  2
11.066667  0.689319  2
11.093333  0.687938  2
11.120000  0.686557  2
11.146667  0.685176  2
11.173333  0.683795  2
11.200000  0.682414  2
11.226667  0.681033  2
11.253333  0.679653  2
11.280000  0.678272  2
11.306667  0.676891  2
11.333333  0.675510  2
11.360000  0.674129  2
11.386667  0.672748  2
11.413333  0.671367  2
11.440000  0.669986  2
11.466667  0.668605  2
11.493333  0.667224  2
11.520000  0.665843  2
11.546667  0.664462  2
11.573333  0.663081  2
11.600000  0.661701  2
11.626667  0.660320  2
11.653333  0.658939  2
11.680000  0.657558  2
11.706667  0.656177  2
11.733333  0.654796  2
11.760000  0.653415  2
11.786667  0.652034  2
11.813333  0.650653  2
11.840000  0.649272  2
11.866667  0.647891  2
11.893333  0.646510  2
11.920000  0.645290  2
11.946667  0.644231  2
11.973333  0.643172  2
12.000000  0.642113  2
12.026667  0.641054  2
12.053333  0.639995  2
12.080000  0.638936  2
12.106667  0.637877  2
12.133333  0.636818  2
12.160000  0.635758  2
12.186667  0.634699  2
12.213333  0.633640  2
12.240000  0.632581  2
12.266667  0.631522  2
12.293333  0.630463  2
12.320000  0.629404  2
12.346667  0.628345  2
12.373333  0.627286  2
12.400000  0.626227  2
12.426667  0.625168  2
12.453333  0.624109  2
12.480000  0.623050  2
12.506667  0.621991  2
12.533333  0.620932  2
12.560000  0.619873  2
12.586667  0.618814  2
12.613333  0.617755  2
12.640000  0.616696  2
12.666667  0.615636  2
12.693333  0.614577  2
12.720000  0.613518  2
12.746667  0.612459  2
12.773333  0.611400  2
12.800000  0.610341  2
12.826667  0.609282  2
12.853333  0.608223  2
12.880000  0.607164  2
12.906667  0.606105  2
12.933333  0.605046  2
12.960000  0.603987  2
12.986667  0.602928  2
13.013333  0.601869  2
13.040000  0.600810  2
13.066667  0.599751  2
13.093333  0.598692  2
13.120000  0.597633  2
13.146667  0.596574  2
13.173333  0.595514  2
13.200000  0.594455  2
13.226667  0.593396  2
13.253333  0.592337  2
13.280000  0.591278  2
13.306667  0.590219  2
13.333333  0.589160  2
13.360000  0.588101  2
13.386667  0.587042  2
13.413333  0.585983  2
13.440000  0.584924  2
13.466667  0.583865  2
13.493333  0.582806  2
13.520000  0.581747  2
13.546667  0.580688  2
13.573333  0.579629  2
13.600000  0.578570  2
13.626667  0.577511  2
13.653333  0.576791  2
13.680000  0.576234  2
13.706667  0.575677  2
13.733333  0.575120  2
13.760000  0.574563  2
13.786667  0.574006  2
13.813333  0.573449  2
13.840000  0.572892  2
13.866667  0.572335  2
13.893333  0.571778  2
13.920000  0.571221  2
13.946667  0.570664  2
13.973333  0.570107  2
14.000000  0.569550  2
14.026667  0.568993  2
14.053333  0.568436  2
14.080000  0.567879  2
14.106667  0.567322  2
14.133333  0.566765  2
14.160000  0.566208  2
14.186667  0.565651  2
14.213333  0.565094  2
14.240000  0.564537  2
14.266667  0.563980  2
14.293333  0.563423  2
14.320000  0.562866  2
14.346667  0.562309  2
14.373333  0.561752  2
14.400000  0.561195  2
14.426667  0.560638  2
14.453333  0.560081  2
14.480000  0.559524  2
14.506667  0.558967  2
14.533333  0.558410  2
14.560000  0.557853  2
14.586667  0.557296  2
14.613333  0.556739  2
14.640000  0.556182  2
14.666667  0.555625  2
14.693333  0.555068  2
14.720000  0.554511  2
14.746667  0.553954  2
14.773333  0.553397  2
14.800000  0.552840  2
14.826667  0.552283  2
14.853333  0.551726  2
14.880000  0.551169  2
14.906667  0.550612  2
14.933333  0.550055  2
14.960000  0.549498  2
14.986667  0.548941  2
15.013333  0.548384  2
15.040000  0.547827  2
15.066667  0.547270  2
15.093333  0.546713  2
15.120000  0.546156  2
15.146667  0.545599  2
15.173333  0.545042  2
15.200000  0.544485  2
15.226667  0.543928  2
15.253333  0.543371  2
15.280000  0.542814  2
15.306667  0.542257  2
15.333333  0.541700  2
15.360000  0.541143  2
15.386667  0.540586  2
15.413333  0.540029  2
15.440000  0.539472  2
15.466667  0.538915  2
15.493333  0.538358  2
15.520000  0.537801  2
15.546667  0.537244  2
15.573333  0.536687  2
15.600000  0.536130  2
15.626667  0.535573  2
15.653333  0.535016  2
15.680000  0.534459  2
15.706667  0.533902  2
15.733333  0.533345  2
15.760000  0.532788  2
15.786667  0.532231  2
15.813333  0.531674  2
15.840000  0.531117  2
15.866667  0.530560  2
15.893333  0.530002  2
15.920000  0.529445  2
15.946667  0.528888  2
15.973333  0.528331  2
16.000000  0.527774  2
16.026667  0.527217  2
16.053333  0.526660  2
16.080000  0.526103  2
16.106667  0.525546  2
16.133333  0.524989  2
16.160000  0.524432  2
16.186667  0.523875  2
16.213333  0.523318  2
16.240000  0.522761  2
16.266667  0.522204  2
16.293333  0.521647  2
16.320000  0.521090  2
16.346667  0.520533  2
16.373333  0.519976  2
16.400000  0.519419  2
16.426667  0.518862  2
16.453333  0.518305  2
16.480000  0.517748  2
16.506667  0.517191  2
16.533333  0.516634  2
16.560000  0.516077  2
16.586667  0.515520  2
16.613333  0.514963  2
16.640000  0.514406  2
16.666667  0.513849  2
16.693333  0.513292  2
16.720000  0.512735  2
