2.320000  0.950998  0
2.346667  0.946981  0
2.373333  0.942963  0
2.400000  0.938946  0
2.426667  0.934929  0
2.453333  0.930912  0
2.480000  0.926895  0
2.506667  0.922877  0
2.533333  0.918860  0
2.560000  0.914843  0
2.586667  0.910826  0
2.613333  0.906808  0
2.640000  0.902791  0
2.666667  0.898774  0
2.693333  0.894757  0
2.720000  0.890740  0
2.746667  0.886722  0
2.773333  0.882705  0
2.800000  0.878688  0
2.826667  0.874671  0
2.853333  0.870653  0
2.880000  0.866636  0
2.906667  0.862619  0
2.933333  0.858602  0
2.960000  0.854585  0
2.986667  0.850567  0
3.013333  0.846550  0
3.040000  0.842533  0
3.066667  0.838516  0
3.093333  0.834498  0
3.120000  0.830481  0
3.146667  0.826464  0
3.173333  0.822447  0
3.200000  0.818430  0
3.226667  0.814412  0
3.253333  0.810395  0
3.280000  0.806378  0
3.306667  0.802361  0
3.333333  0.798343  0
3.360000  0.794326  0
3.386667  0.790309  0
3.413333  0.786292  0
3.440000  0.782274  0
3.466667  0.778257  0
3.493333  0.774240  0
3.520000  0.770223  0
3.546667  0.766206  0
3.573333  0.762188  0
3.600000  0.758171  0
3.626667  0.754154  0
3.653333  0.750137  0
3.680000  0.746119  0
3.706667  0.742102  0
3.733333  0.738085  0
3.760000  0.734068  0
3.786667  0.730051  0
3.813333  0.726051  0
3.840000  0.722162  0
3.866667  0.718273  0
3.893333  0.714383  0
3.920000  0.710494  0
3.946667  0.706605  0
3.973333  0.702716  0
4.000000  0.698827  0
4.026667  0.694938  0
4.053333  0.691049  0
4.080000  0.687160  0
4.106667  0.683270  0
4.133333  0.679381  0
4.160000  0.675492  0
4.186667  0.671603  0
4.213333  0.667714  0
4.240000  0.663825  0
4.266667  0.659936  0
4.293333  0.656047  0
4.320000  0.652157  0
4.346667  0.648268  0
4.373333  0.644379  0
4.400000  0.640490  0
4.426667  0.636601  0
4.453333  0.633319  0
4.480000  0.631813  0
4.506667  0.630306  0
4.533333  0.628800  0
4.560000  0.627293  0
4.586667  0.625787  0
4.613333  0.624280  0
4.640000  0.622774  0
4.666667  0.621268  0
4.693333  0.619761  0
4.720000  0.618255  0
4.746667  0.616748  0
4.773333  0.615242  0
4.800000  0.613735  0
4.826667  0.612229  0
4.853333  0.610722  0
4.880000  0.609216  0
4.906667  0.607709  0
4.933333  0.606203  0
4.960000  0.604696  0
4.986667  0.603190  0
5.013333  0.601684  0
5.040000  0.600177  0
5.066667  0.598671  0
5.093333  0.597164  0
5.120000  0.595658  0
5.146667  0.594151  0
5.173333  0.592645  0
5.200000  0.591138  0
5.226667  0.589632  0
5.253333  0.588125  0
5.280000  0.586619  0
5.306667  0.585113  0
5.333333  0.583606  0
5.360000  0.582100  0
5.386667  0.580593  0
5.413333  0.579087  0
5.440000  0.577580  0
5.466667  0.576460  0
5.493333  0.575485  0
5.520000  0.574511  0
5.546667  0.573536  0
5.573333  0.572561  0
5.600000  0.571586  0
5.626667  0.570611  0
5.653333  0.569637  0
5.680000  0.568662  0
5.706667  0.567687  0
5.733333  0.566712  0
5.760000  0.565738  0
5.786667  0.564763  0
5.813333  0.563788  0
5.840000  0.562813  0
5.866667  0.561839  0
5.893333  0.560864  0
5.920000  0.559889  0
5.946667  0.558914  0
5.973333  0.557939  0
6.000000  0.556965  0
6.026667  0.555990  0
6.053333  0.555015  0
6.080000  0.554040  0
6.106667  0.553066  0
6.133333  0.552091  0
6.160000  0.551116  0
6.186667  0.550141  0
6.213333  0.549167  0
6.240000  0.548192  0
6.266667  0.547217  0
6.293333  0.546242  0
6.320000  0.545268  0
6.346667  0.544293  0
6.373333  0.543318  0
6.400000  0.542343  0
6.426667  0.541368  0
6.453333  0.540394  0
6.480000  0.539419  0
6.506667  0.538444  0
6.533333  0.537469  0
6.560000  0.536495  0
6.586667  0.535520  0
6.613333  0.534545  0
6.640000  0.533570  0
6.666667  0.532596  0
6.693333  0.531621  0
6.720000  0.530646  0
6.746667  0.529671  0
6.773333  0.528696  0
6.800000  0.527722  0
6.826667  0.526747  0
6.853333  0.525772  0
6.880000  0.524797  0
6.906667  0.523823  0
6.933333  0.522848  0
6.960000  0.521873  0
6.986667  0.520898  0
7.013333  0.520477  0
7.040000  0.520262  0
7.066667  0.520046  0
7.093333  0.519831  0
7.120000  0.519616  0
7.146667  0.519401  0
7.173333  0.519185  0
7.200000  0.518970  0
7.226667  0.518755  0
7.253333  0.518540  0
7.280000  0.518325  0
7.306667  0.518109  0
7.333333  0.517894  0
7.360000  0.517679  0
7.386667  0.517464  0
7.413333  0.517249  0
7.440000  0.517033  0
7.466667  0.516818  0
7.493333  0.516603  0
7.520000  0.516388  0
7.546667  0.516173  0
7.573333  0.515957  0
7.600000  0.515742  0
7.626667  0.515527  0
7.653333  0.515312  0
7.680000  0.515097  0
7.706667  0.514881  0
7.733333  0.514666  0
7.760000  0.514451  0
7.786667  0.514236  0
7.813333  0.514020  0
7.840000  0.513805  0
7.866667  0.513590  0
7.893333  0.513375  0
7.920000  0.513160  0
7.946667  0.512944  0
7.973333  0.512729  0
8.000000  0.512514  0
8.026667  0.512299  0
8.053333  0.512084  0
8.080000  0.511868  0
8.106667  0.511653  0
8.133333  0.511438  0
8.160000  0.511223  0
8.186667  0.511008  0
8.213333  0.510792  0
8.240000  0.510577  0
8.266667  0.510362  0
8.293333  0.510147  0
8.320000  0.509932  0
8.346667  0.509716  0
8.373333  0.509501  0
8.400000  0.509286  0
8.426667  0.509071  0
8.453333  0.508855  0
8.480000  0.508640  0
8.506667  0.508425  0
8.533333  0.508210  0
8.560000  0.507995  0
8.586667  0.507779  0
8.613333  0.507564  0
8.640000  0.507349  0
8.666667  0.507134  0
8.693333  0.506919  0
8.720000  0.506703  0
8.746667  0.506488  0
8.773333  0.506273  0
8.800000  0.506058  0
8.826667  0.505843  0
8.853333  0.505627  0
8.880000  0.505412  0
8.906667  0.505197  0
8.933333  0.504982  0
8.960000  0.504767  0
8.986667  0.504551  0
9.013333  0.504336  0
9.040000  0.504121  0
9.066667  0.503906  0
9.093333  0.503690  0
9.120000  0.503475  0
9.146667  0.503260  0
9.173333  0.503045  0
9.200000  0.502830  0
9.226667  0.502614  0
9.253333  0.502399  0
9.280000  0.502184  0
9.306667  0.501969  0
9.333333  0.501754  0
9.360000  0.501538  0
9.386667  0.501323  0
9.413333  0.501108  0
9.440000  0.500893  0
9.466667  0.500678  0
9.493333  0.500462  0
9.520000  0.500263  0
9.546667  0.500066  0
9.573333  0.499869  0
9.600000  0.499672  0
9.626667  0.499474  0
9.653333  0.499277  0
9.680000  0.499080  0
9.706667  0.498882  0
9.733333  0.498685  0
9.760000  0.498488  0
9.786667  0.498291  0
9.813333  0.498093  0
9.840000  0.497896  0
9.866667  0.497699  0
9.893333  0.497502  0
9.920000  0.497304  0
9.946667  0.497107  0
9.973333  0.496910  0
10.000000  0.496712  0
10.026667  0.496515  0
10.053333  0.496318  0
10.080000  0.496121  0
10.106667  0.495923  0
10.133333  0.495726  0
10.160000  0.495529  0
10.186667  0.495332  0
10.213333  0.495134  0
10.240000  0.494937  0
10.266667  0.494740  0
10.293333  0.494542  0
10.320000  0.494345  0
10.346667  0.494148  0
10.373333  0.493951  0
10.400000  0.493753  0
10.426667  0.493556  0
10.453333  0.493359  0
10.480000  0.493162  0
10.506667  0.492964  0
10.533333  0.492767  0
10.560000  0.492570  0
10.586667  0.492372  0
10.613333  0.492175  0
10.640000  0.491978  0
10.666667  0.491781  0
10.693333  0.491583  0
10.720000  0.491386  0
10.746667  0.491189  0
10.773333  0.490992  0
10.800000  0.490794  0
10.826667  0.490597  0
10.853333  0.490400  0
10.880000  0.490202  0
10.906667  0.490005  0
10.933333  0.489808  0
10.960000  0.489611  0
10.986667  0.489413  0
11.013333  0.489216  0
11.040000  0.489019  0
11.066667  0.488821  0
11.093333  0.488624  0
11.120000  0.488427  0
11.146667  0.488230  0
11.173333  0.488032  0
11.200000  0.487835  0
11.226667  0.487638  0
11.253333  0.487441  0
11.280000  0.487243  0
11.306667  0.487046  0
11.333333  0.486849  0
11.360000  0.486651  0
11.386667  0.486454  0
11.413333  0.486257  0
11.440000  0.486060  0
11.466667  0.485862  0
11.493333  0.485665  0
11.520000  0.485468  0
11.546667  0.485271  0
11.573333  0.485073  0
11.600000  0.484876  0
11.626667  0.484679  0
11.653333  0.484481  0
11.680000  0.484284  0
11.706667  0.484087  0
11.733333  0.483890  0
11.760000  0.483692  0
11.786667  0.483495  0
11.813333  0.483298  0
11.840000  0.483101  0
11.866667  0.482903  0
11.893333  0.482706  0
11.920000  0.482509  0
11.946667  0.482311  0
11.973333  0.482114  0
12.000000  0.481917  0
12.026667  0.481720  0
12.053333  0.481522  0
12.080000  0.481325  0
12.106667  0.481128  0
12.133333  0.480931  0
12.160000  0.480733  0
12.186667  0.480536  0
12.213333  0.480339  0
12.240000  0.480141  0
12.266667  0.479944  0
12.293333  0.479747  0
12.320000  0.479550  0
12.346667  0.479352  0
12.373333  0.479155  0
12.400000  0.478958  0
12.426667  0.478760  0
12.453333  0.478563  0
12.480000  0.478366  0
12.506667  0.478169  0
12.533333  0.477971  0
12.560000  0.477774  0
12.586667  0.477577  0
12.613333  0.477380  0
12.640000  0.477182  0
12.666667  0.476985  0
12.693333  0.476788  0
12.720000  0.476590  0
12.746667  0.476393  0
12.773333  0.476196  0
12.800000  0.475999  0
12.826667  0.475801  0
12.853333  0.475604  0
12.880000  0.475407  0
12.906667  0.475210  0
12.933333  0.475012  0
12.960000  0.474815  0
12.986667  0.474618  0
13.013333  0.474420  0
13.040000  0.474223  0
13.066667  0.474026  0
13.093333  0.473829  0
13.120000  0.473631  0
13.146667  0.473434  0
13.173333  0.473237  0
13.200000  0.473040  0
13.226667  0.472842  0
13.253333  0.472645  0
13.280000  0.472448  0
13.306667  0.472250  0
13.333333  0.472053  0
13.360000  0.471856  0
13.386667  0.471659  0
13.413333  0.471461  0
13.440000  0.471264  0
13.466667  0.471067  0
13.493333  0.470870  0
13.520000  0.470672  0
13.546667  0.470475  0
13.573333  0.470278  0
13.600000  0.470080  0
13.626667  0.469883  0
13.653333  0.469686  0
13.680000  0.469489  0
13.706667  0.469291  0
13.733333  0.469094  0
13.760000  0.468897  0
13.786667  0.468700  0
13.813333  0.468502  0
13.840000  0.468305  0
13.866667  0.468108  0
13.893333  0.467910  0
13.920000  0.467713  0
13.946667  0.467516  0
13.973333  0.467319  0
14.000000  0.467121  0
14.026667  0.466924  0
14.053333  0.466727  0
14.080000  0.466529  0
14.106667  0.466332  0
14.133333  0.466135  0
14.160000  0.465938  0
14.186667  0.465740  0
14.213333  0.465543  0
14.240000  0.465346  0
14.266667  0.465149  0
14.293333  0.464951  0
14.320000  0.464754  0
14.346667  0.464557  0
14.373333  0.464359  0
14.400000  0.464162  0
14.426667  0.463965  0
14.453333  0.463768  0
14.480000  0.463570  0
14.506667  0.463373  0
14.533333  0.463176  0
14.560000  0.462979  0
14.586667  0.462781  0
14.613333  0.462584  0
14.640000  0.462387  0
14.666667  0.462189  0
14.693333  0.461992  0
14.720000  0.461795  0
14.746667  0.461598  0
14.773333  0.461400  0
14.800000  0.461203  0
14.826667  0.461006  0
14.853333  0.460809  0
14.880000  0.460611  0
14.906667  0.460414  0
16.240000  0.593183  1
16.266667  0.592871  1
16.293333  0.592560  1
16.320000  0.592248  1
16.346667  0.591937  1
16.373333  0.591625  1
16.400000  0.591314  1
16.426667  0.591002  1
16.453333  0.590691  1
16.480000  0.590379  1
16.506667  0.590068  1
16.533333  0.589756  1
16.560000  0.589445  1
16.586667  0.589133  1
16.613333  0.588822  1
16.640000  0.588510  1
16.666667  0.588199  1
16.693333  0.587887  1
16.720000  0.587576  1
16.746667  0.587265  1
16.773333  0.586953  1
16.800000  0.586642  1
16.826667  0.586330  1
16.853333  0.586019  1
16.880000  0.585707  1
16.906667  0.585396  1
16.933333  0.585084  1
16.960000  0.584773  1
16.986667  0.584461  1
17.013333  0.584150  1
17.040000  0.583838  1
17.066667  0.583527  1
17.093333  0.583215  1
17.120000  0.582904  1
17.146667  0.582592  1
17.173333  0.582281  1
17.200000  0.581969  1
17.226667  0.581658  1
17.253333  0.581346  1
17.280000  0.581035  1
17.306667  0.580723  1
17.333333  0.580412  1
17.360000  0.580100  1
17.386667  0.579789  1
17.413333  0.579477  1
17.440000  0.579166  1
17.466667  0.578854  1
17.493333  0.578543  1
17.520000  0.578231  1
17.546667  0.577920  1
17.573333  0.577608  1
17.600000  0.577297  1
17.626667  0.576985  1
17.653333  0.576674  1
17.680000  0.576363  1
17.706667  0.576051  1
17.733333  0.575740  1
17.760000  0.575428  1
17.786667  0.575117  1
17.813333  0.574805  1
17.840000  0.574494  1
17.866667  0.574182  1
17.893333  0.573871  1
17.920000  0.573559  1
17.946667  0.573248  1
10.293333  0.826908  2
10.320000  0.826216  2
10.346667  0.825525  2
10.373333  0.824833  2
10.400000  0.824141  2
10.426667  0.823449  2
10.453333  0.822757  2
10.480000  0.822065  2
10.506667  0.821373  2
10.533333  0.820681  2
10.560000  0.819989  2
10.586667  0.819297  2
10.613333  0.818605  2
10.640000  0.817913  2
10.666667  0.817221  2
10.693333  0.816529  2
10.720000  0.815837  2
10.746667  0.815145  2
10.773333  0.814453  2
10.800000  0.813761  2
10.826667  0.813069  2
10.853333  0.812377  2
10.880000  0.811685  2
10.906667  0.810993  2
10.933333  0.810301  2
10.960000  0.809609  2
10.986667  0.808917  2
11.013333  0.808225  2
11.040000  0.807533  2
11.066667  0.806841  2
11.093333  0.806149  2
11.120000  0.805457  2
11.146667  0.804765  2
11.173333  0.804073  2
11.200000  0.803381  2
11.226667  0.802689  2
11.253333  0.801997  2
11.280000  0.801305  2
11.306667  0.800613  2
11.333333  0.799921  2
11.360000  0.799229  2
11.386667  0.798537  2
11.413333  0.797845  2
11.440000  0.797153  2
11.466667  0.796461  2
11.493333  0.795769  2
11.520000  0.795077  2
11.546667  0.794385  2
11.573333  0.793694  2
11.600000  0.793002  2
11.626667  0.792310  2
11.653333  0.791618  2
11.680000  0.790926  2
11.706667  0.790234  2
11.733333  0.789542  2
11.760000  0.788850  2
11.786667  0.788158  2
11.813333  0.787466  2
11.840000  0.786774  2
11.866667  0.786082  2
11.893333  0.785390  2
11.920000  0.784698  2
11.946667  0.784006  2
11.973333  0.783314  2
12.000000  0.782622  2
12.026667  0.781930  2
12.053333  0.781238  2
12.080000  0.780546  2
12.106667  0.779854  2
12.133333  0.779162  2
12.160000  0.778470  2
12.186667  0.777778  2
12.213333  0.777086  2
12.240000  0.776394  2
12.266667  0.775702  2
12.293333  0.775010  2
12.320000  0.774318  2
12.346667  0.773626  2
12.373333  0.772934  2
12.400000  0.772242  2
12.426667  0.771550  2
12.453333  0.770858  2
12.480000  0.770166  2
12.506667  0.769474  2
12.533333  0.768782  2
12.560000  0.768090  2
12.586667  0.767398  2
12.613333  0.766706  2
12.640000  0.766014  2
12.666667  0.765322  2
12.693333  0.764630  2
12.720000  0.763938  2
12.746667  0.763246  2
12.773333  0.762555  2
12.800000  0.761863  2
12.826667  0.761171  2
12.853333  0.760479  2
12.880000  0.759787  2
12.906667  0.759095  2
12.933333  0.758403  2
12.960000  0.757711  2
12.986667  0.757019  2
13.013333  0.756327  2
13.040000  0.755635  2
13.066667  0.754943  2
13.093333  0.754251  2
13.120000  0.753559  2
13.146667  0.752867  2
13.173333  0.752175  2
13.200000  0.751483  2
