3.440000  0.878667  0
3.466667  0.877098  0
3.493333  0.874806  0
3.520000  0.872371  0
3.546667  0.869924  0
3.573333  0.867478  0
3.600000  0.865031  0
3.626667  0.862584  0
3.653333  0.860137  0
3.680000  0.857691  0
3.706667  0.855244  0
3.733333  0.852797  0
3.760000  0.850350  0
3.786667  0.847904  0
3.813333  0.845457  0
3.840000  0.843010  0
3.866667  0.840563  0
3.893333  0.838117  0
3.920000  0.835670  0
3.946667  0.833223  0
3.973333  0.830776  0
4.000000  0.828330  0
4.026667  0.825883  0
4.053333  0.823436  0
4.080000  0.820989  0
4.106667  0.818543  0
4.133333  0.816096  0
4.160000  0.813649  0
4.186667  0.811203  0
4.213333  0.808756  0
4.240000  0.806309  0
4.266667  0.803862  0
4.293333  0.801416  0
4.320000  0.798969  0
4.346667  0.796522  0
4.373333  0.794075  0
4.400000  0.791629  0
4.426667  0.789182  0
4.453333  0.786735  0
4.480000  0.784288  0
4.506667  0.781842  0
4.533333  0.779395  0
4.560000  0.776948  0
4.586667  0.774501  0
4.613333  0.772055  0
4.640000  0.769608  0
4.666667  0.767161  0
4.693333  0.764714  0
4.720000  0.762268  0
4.746667  0.759823  0
4.773333  0.757401  0
4.800000  0.755082  0
4.826667  0.752936  0
4.853333  0.750898  0
4.880000  0.748886  0
4.906667  0.746877  0
4.933333  0.744868  0
4.960000  0.742859  0
4.986667  0.740850  0
5.013333  0.738841  0
5.040000  0.736832  0
5.066667  0.734823  0
5.093333  0.732814  0
5.120000  0.730805  0
5.146667  0.728796  0
5.173333  0.726787  0
5.200000  0.724777  0
5.226667  0.722768  0
5.253333  0.720759  0
5.280000  0.718750  0
5.306667  0.716741  0
5.333333  0.714732  0
5.360000  0.712723  0
5.386667  0.710714  0
5.413333  0.708705  0
5.440000  0.706696  0
5.466667  0.704687  0
5.493333  0.702678  0
5.520000  0.700669  0
5.546667  0.698660  0
5.573333  0.696651  0
5.600000  0.694642  0
5.626667  0.692633  0
5.653333  0.690623  0
5.680000  0.688614  0
5.706667  0.686605  0
5.733333  0.684596  0
5.760000  0.682587  0
5.786667  0.680578  0
5.813333  0.678569  0
5.840000  0.676560  0
5.866667  0.674551  0
5.893333  0.672542  0
5.920000  0.670533  0
5.946667  0.668524  0
5.973333  0.666515  0
6.000000  0.664506  0
6.026667  0.662497  0
6.053333  0.660488  0
6.080000  0.658479  0
6.106667  0.656469  0
6.133333  0.654460  0
6.160000  0.652451  0
6.186667  0.650442  0
6.213333  0.648433  0
6.240000  0.646427  0
6.266667  0.644451  0
6.293333  0.642624  0
6.320000  0.641078  0
6.346667  0.639768  0
6.373333  0.638548  0
6.400000  0.637344  0
6.426667  0.636141  0
6.453333  0.634938  0
6.480000  0.633736  0
6.506667  0.632533  0
6.533333  0.631330  0
6.560000  0.630128  0
6.586667  0.628925  0
6.613333  0.627722  0
6.640000  0.626520  0
6.666667  0.625317  0
6.693333  0.624114  0
6.720000  0.622911  0
6.746667  0.621709  0
6.773333  0.620506  0
6.800000  0.619303  0
6.826667  0.618101  0
6.853333  0.616898  0
6.880000  0.615695  0
6.906667  0.614492  0
6.933333  0.613290  0
6.960000  0.612087  0
6.986667  0.610884  0
7.013333  0.609682  0
7.040000  0.608479  0
7.066667  0.607276  0
7.093333  0.606074  0
7.120000  0.604871  0
7.146667  0.603668  0
7.173333  0.602465  0
7.200000  0.601263  0
7.226667  0.600060  0
7.253333  0.598857  0
7.280000  0.597655  0
7.306667  0.596452  0
7.333333  0.595249  0
7.360000  0.594047  0
7.386667  0.592844  0
7.413333  0.591641  0
7.440000  0.590438  0
7.466667  0.589236  0
7.493333  0.588033  0
7.520000  0.586830  0
7.546667  0.585628  0
7.573333  0.584425  0
7.600000  0.583222  0
7.626667  0.582020  0
7.653333  0.580817  0
7.680000  0.579620  0
7.706667  0.578493  0
7.733333  0.577722  0
7.760000  0.576817  0
7.786667  0.575912  0
7.813333  0.575007  0
7.840000  0.574102  0
7.866667  0.573197  0
7.893333  0.572291  0
7.920000  0.571386  0
7.946667  0.570481  0
7.973333  0.569576  0
8.000000  0.568671  0
8.026667  0.567766  0
8.053333  0.566861  0
8.080000  0.565956  0
8.106667  0.565051  0
8.133333  0.564146  0
8.160000  0.563241  0
8.186667  0.562335  0
8.213333  0.561430  0
8.240000  0.560525  0
8.266667  0.559620  0
8.293333  0.558715  0
8.320000  0.557810  0
8.346667  0.556905  0
8.373333  0.556000  0
8.400000  0.555095  0
8.426667  0.554190  0
8.453333  0.553285  0
8.480000  0.552379  0
8.506667  0.551474  0
8.533333  0.550569  0
8.560000  0.549664  0
8.586667  0.548759  0
8.613333  0.547854  0
8.640000  0.546949  0
8.666667  0.546044  0
8.693333  0.545139  0
8.720000  0.544234  0
8.746667  0.543329  0
8.773333  0.542423  0
8.800000  0.541518  0
8.826667  0.540613  0
8.853333  0.539708  0
8.880000  0.538803  0
8.906667  0.537898  0
8.933333  0.536993  0
8.960000  0.536088  0
8.986667  0.535183  0
9.013333  0.534278  0
9.040000  0.533373  0
9.066667  0.532467  0
9.093333  0.531562  0
9.120000  0.530657  0
9.146667  0.529752  0
9.173333  0.528847  0
9.200000  0.527999  0
9.226667  0.527160  0
9.253333  0.526322  0
9.280000  0.525483  0
9.306667  0.524645  0
9.333333  0.523807  0
9.360000  0.522968  0
9.386667  0.522130  0
9.413333  0.521291  0
9.440000  0.520453  0
9.466667  0.519614  0
9.493333  0.518776  0
9.520000  0.517938  0
9.546667  0.517099  0
9.573333  0.516261  0
9.600000  0.515422  0
9.626667  0.514584  0
9.653333  0.513746  0
9.680000  0.512907  0
9.706667  0.512069  0
9.733333  0.511230  0
9.760000  0.510392  0
9.786667  0.509553  0
9.813333  0.508715  0
9.840000  0.507877  0
9.866667  0.507038  0
9.893333  0.506200  0
9.920000  0.505361  0
9.946667  0.504523  0
9.973333  0.503685  0
10.000000  0.502846  0
10.026667  0.502008  0
10.053333  0.501169  0
10.080000  0.500331  0
10.106667  0.499492  0
10.133333  0.498654  0
10.160000  0.497816  0
10.186667  0.496977  0
10.213333  0.496139  0
10.240000  0.495300  0
10.266667  0.494462  0
10.293333  0.493624  0
10.320000  0.492785  0
10.346667  0.491947  0
10.373333  0.491108  0
10.400000  0.490270  0
10.426667  0.489431  0
10.453333  0.488593  0
10.480000  0.487755  0
10.506667  0.486916  0
10.533333  0.486078  0
10.560000  0.485239  0
10.586667  0.484401  0
10.613333  0.483563  0
10.640000  0.482724  0
10.666667  0.481886  0
10.693333  0.481047  0
10.720000  0.480209  0
10.746667  0.479370  0
10.773333  0.478532  0
10.800000  0.477694  0
10.826667  0.476855  0
10.853333  0.476017  0
10.880000  0.475178  0
10.906667  0.474340  0
10.933333  0.473502  0
10.960000  0.472663  0
10.986667  0.471825  0
11.013333  0.470986  0
11.040000  0.470148  0
11.066667  0.469309  0
11.093333  0.468471  0
11.120000  0.467633  0
11.146667  0.466794  0
11.173333  0.465956  0
11.200000  0.465117  0
11.226667  0.464279  0
11.253333  0.463441  0
11.280000  0.462602  0
11.306667  0.461764  0
11.333333  0.460925  0
11.360000  0.460087  0
11.386667  0.459660  0
11.413333  0.459247  0
11.440000  0.458833  0
11.466667  0.458420  0
11.493333  0.458007  0
11.520000  0.457593  0
11.546667  0.457180  0
11.573333  0.456767  0
11.600000  0.456353  0
11.626667  0.455940  0
11.653333  0.455527  0
11.680000  0.455113  0
11.706667  0.454700  0
11.733333  0.454287  0
11.760000  0.453873  0
11.786667  0.453460  0
11.813333  0.453047  0
11.840000  0.452633  0
11.866667  0.452220  0
11.893333  0.451807  0
11.920000  0.451393  0
11.946667  0.450980  0
11.973333  0.450567  0
12.000000  0.450153  0
12.026667  0.449740  0
12.053333  0.449327  0
12.080000  0.448913  0
12.106667  0.448500  0
12.133333  0.448087  0
12.160000  0.447673  0
12.186667  0.447260  0
12.213333  0.446847  0
12.240000  0.446433  0
12.266667  0.446020  0
12.293333  0.445607  0
12.320000  0.445193  0
12.346667  0.444780  0
12.373333  0.444367  0
12.400000  0.443953  0
12.426667  0.443540  0
12.453333  0.443127  0
12.480000  0.442713  0
12.506667  0.442300  0
12.533333  0.441887  0
12.560000  0.441473  0
12.586667  0.441060  0
12.613333  0.440647  0
12.640000  0.440233  0
12.666667  0.439820  0
12.693333  0.439407  0
12.720000  0.438993  0
12.746667  0.438580  0
12.773333  0.438167  0
12.800000  0.437753  0
12.826667  0.437340  0
12.853333  0.436927  0
12.880000  0.436513  0
12.906667  0.436100  0
12.933333  0.435687  0
12.960000  0.435273  0
12.986667  0.434860  0
13.013333  0.434447  0
13.040000  0.434033  0
13.066667  0.433620  0
13.093333  0.433207  0
13.120000  0.432793  0
13.146667  0.432380  0
13.173333  0.431967  0
13.200000  0.431553  0
13.226667  0.431140  0
13.253333  0.430727  0
13.280000  0.430313  0
13.306667  0.429900  0
13.333333  0.429487  0
13.360000  0.429073  0
13.386667  0.428660  0
13.413333  0.428247  0
13.440000  0.427833  0
13.466667  0.427420  0
13.493333  0.427006  0
13.520000  0.426593  0
13.546667  0.426180  0
13.573333  0.425766  0
13.600000  0.425353  0
13.626667  0.424940  0
13.653333  0.424526  0
13.680000  0.424113  0
13.706667  0.423700  0
13.733333  0.423286  0
13.760000  0.422873  0
13.786667  0.422460  0
13.813333  0.422046  0
13.840000  0.421633  0
13.866667  0.421220  0
13.893333  0.420806  0
13.920000  0.420393  0
13.946667  0.419980  0
13.973333  0.419566  0
14.000000  0.419153  0
14.026667  0.418740  0
14.053333  0.418326  0
14.080000  0.417913  0
14.106667  0.417500  0
14.133333  0.417086  0
14.160000  0.416673  0
14.186667  0.416260  0
14.213333  0.415846  0
14.240000  0.415500  0
14.266667  0.415219  0
14.293333  0.414939  0
14.320000  0.414659  0
14.346667  0.414378  0
14.373333  0.414098  0
14.400000  0.413818  0
14.426667  0.413537  0
14.453333  0.413257  0
14.480000  0.412977  0
14.506667  0.412696  0
14.533333  0.412416  0
14.560000  0.412136  0
14.586667  0.411855  0
14.613333  0.411575  0
14.640000  0.411295  0
14.666667  0.411014  0
14.693333  0.410734  0
14.720000  0.410454  0
14.746667  0.410173  0
14.773333  0.409893  0
14.800000  0.409613  0
14.826667  0.409332  0
14.853333  0.409052  0
14.880000  0.408772  0
14.906667  0.408491  0
14.933333  0.408211  0
14.960000  0.407931  0
14.986667  0.407650  0
15.013333  0.407370  0
15.040000  0.407090  0
15.066667  0.406809  0
15.093333  0.406529  0
15.120000  0.406249  0
15.146667  0.405968  0
15.173333  0.405688  0
15.200000  0.405408  0
15.226667  0.405127  0
15.253333  0.404847  0
15.280000  0.404567  0
15.306667  0.404286  0
15.333333  0.404006  0
15.360000  0.403726  0
15.386667  0.403445  0
15.413333  0.403165  0
15.440000  0.402885  0
15.466667  0.402604  0
15.493333  0.402324  0
15.520000  0.402044  0
15.546667  0.401763  0
15.573333  0.401483  0
15.600000  0.401202  0
15.626667  0.400922  0
15.653333  0.400642  0
15.680000  0.400361  0
15.706667  0.400081  0
15.733333  0.399801  0
15.760000  0.399520  0
15.786667  0.399240  0
15.813333  0.398960  0
15.840000  0.398679  0
15.866667  0.398399  0
15.893333  0.398119  0
15.920000  0.397838  0
15.946667  0.397558  0
15.973333  0.397278  0
16.000000  0.396997  0
16.026667  0.396717  0
16.053333  0.396437  0
16.080000  0.396156  0
16.106667  0.395876  0
16.133333  0.395596  0
16.160000  0.395315  0
16.186667  0.395035  0
16.213333  0.394755  0
16.240000  0.394474  0
16.266667  0.394194  0
16.293333  0.393914  0
16.320000  0.393633  0
16.346667  0.393353  0
16.373333  0.393073  0
16.400000  0.392792  0
16.426667  0.392512  0
16.453333  0.392232  0
16.480000  0.391951  0
16.506667  0.391671  0
16.533333  0.391391  0
16.560000  0.391110  0
16.586667  0.390830  0
16.613333  0.390550  0
16.640000  0.390269  0
16.666667  0.389989  0
16.693333  0.389709  0
16.720000  0.389428  0
16.746667  0.389148  0
16.773333  0.388868  0
16.800000  0.388587  0
16.826667  0.388307  0
16.853333  0.388027  0
16.880000  0.387746  0
16.906667  0.387466  0
16.933333  0.387186  0
16.960000  0.386905  0
16.986667  0.386625  0
17.013333  0.386345  0
17.040000  0.386064  0
17.066667  0.385784  0
17.093333  0.385504  0
17.120000  0.385223  0
17.146667  0.384943  0
17.173333  0.384663  0
17.200000  0.384382  0
17.226667  0.384102  0
17.253333  0.383822  0
17.280000  0.383541  0
17.306667  0.383261  0
17.333333  0.382981  0
17.360000  0.382700  0
17.386667  0.382420  0
17.413333  0.382140  0
17.440000  0.381859  0
17.466667  0.381579  0
17.493333  0.381299  0
17.520000  0.381018  0
17.546667  0.380738  0
17.573333  0.380458  0
17.600000  0.380177  0
17.626667  0.379897  0
17.653333  0.379617  0
17.680000  0.379336  0
17.706667  0.379119  0
17.733333  0.378911  0
17.760000  0.378704  0
17.786667  0.378497  0
17.813333  0.378290  0
17.840000  0.378083  0
17.866667  0.377876  0
17.893333  0.377669  0
17.920000  0.377462  0
17.946667  0.377254  0
17.973333  0.377047  0
18.000000  0.376840  0
18.026667  0.376633  0
18.053333  0.376426  0
18.080000  0.376219  0
18.106667  0.376012  0
18.133333  0.375804  0
18.160000  0.375597  0
18.186667  0.375390  0
18.213333  0.375183  0
18.240000  0.374976  0
18.266667  0.374769  0
18.293333  0.374562  0
18.320000  0.374354  0
18.346667  0.374147  0
18.373333  0.373940  0
18.400000  0.373733  0
18.426667  0.373526  0
18.453333  0.373319  0
18.480000  0.373112  0
18.506667  0.372904  0
18.533333  0.372697  0
18.560000  0.372490  0
18.586667  0.372283  0
18.613333  0.372076  0
18.640000  0.371869  0
18.666667  0.371662  0
18.693333  0.371455  0
18.720000  0.371247  0
18.746667  0.371040  0
18.773333  0.370833  0
18.800000  0.370626  0
18.826667  0.370419  0
18.853333  0.370212  0
18.880000  0.370005  0
18.906667  0.369797  0
18.933333  0.369590  0
18.960000  0.369383  0
18.986667  0.369176  0
19.013333  0.368969  0
19.040000  0.368762  0
19.066667  0.368555  0
19.093333  0.368347  0
19.120000  0.368140  0
19.146667  0.367933  0
19.173333  0.367726  0
19.200000  0.367519  0
19.226667  0.367312  0
19.253333  0.367105  0
19.280000  0.366897  0
19.306667  0.366690  0
19.333333  0.366483  0
19.360000  0.366276  0
19.386667  0.366069  0
19.413333  0.365862  0
19.440000  0.365655  0
19.466667  0.365448  0
19.493333  0.365240  0
19.520000  0.365033  0
19.546667  0.364826  0
19.573333  0.364619  0
19.600000  0.364412  0
19.626667  0.364205  0
19.653333  0.363998  0
19.680000  0.363790  0
19.706667  0.363583  0
19.733333  0.363376  0
19.760000  0.363169  0
19.786667  0.362962  0
19.813333  0.362755  0
19.840000  0.362548  0
19.866667  0.362340  0
19.893333  0.362133  0
19.920000  0.361926  0
19.946667  0.361719  0
19.973333  0.361512  0
20.000000  0.361305  0
20.026667  0.361098  0
20.053333  0.360890  0
20.080000  0.360683  0
20.106667  0.360476  0
20.133333  0.360269  0
20.160000  0.360062  0
20.186667  0.359855  0
20.213333  0.359648  0
20.240000  0.359441  0
20.266667  0.359233  0
20.293333  0.359026  0
20.320000  0.358819  0
20.346667  0.358612  0
20.373333  0.358405  0
20.400000  0.358198  0
20.426667  0.357991  0
20.453333  0.357783  0
20.480000  0.357576  0
20.506667  0.357369  0
20.533333  0.357162  0
20.560000  0.356955  0
20.586667  0.356748  0
20.613333  0.356541  0
20.640000  0.356333  0
20.666667  0.356126  0
20.693333  0.355919  0
20.720000  0.355712  0
20.746667  0.355505  0
20.773333  0.355298  0
20.800000  0.355091  0
20.826667  0.354883  0
20.853333  0.354676  0
20.880000  0.354469  0
20.906667  0.354262  0
20.933333  0.354055  0
20.960000  0.353848  0
20.986667  0.353641  0
21.013333  0.353433  0
21.040000  0.353226  0
21.066667  0.353019  0
21.093333  0.352812  0
21.120000  0.352605  0
21.146667  0.352398  0
21.173333  0.352191  0
21.200000  0.351984  0
21.226667  0.351776  0
21.253333  0.351569  0
21.280000  0.351362  0
21.306667  0.351155  0
15.546667  0.585229  1
15.573333  0.584747  1
15.600000  0.584265  1
15.626667  0.583783  1
15.653333  0.583300  1
15.680000  0.582818  1
15.706667  0.582336  1
15.733333  0.581854  1
15.760000  0.581372  1
15.786667  0.580889  1
15.813333  0.580407  1
15.840000  0.579925  1
15.866667  0.579443  1
15.893333  0.578960  1
15.920000  0.578478  1
15.946667  0.577996  1
15.973333  0.577514  1
16.000000  0.577032  1
16.026667  0.576549  1
16.053333  0.576067  1
16.080000  0.575585  1
16.106667  0.575103  1
16.133333  0.574620  1
16.160000  0.574138  1
16.186667  0.573656  1
16.213333  0.573174  1
16.240000  0.572691  1
16.266667  0.572209  1
16.293333  0.571727  1
16.320000  0.571245  1
16.346667  0.570763  1
16.373333  0.570280  1
16.400000  0.569798  1
16.426667  0.569316  1
16.453333  0.568834  1
16.480000  0.568351  1
16.506667  0.567869  1
16.533333  0.567387  1
16.560000  0.566905  1
16.586667  0.566423  1
16.613333  0.565940  1
16.640000  0.565458  1
16.666667  0.564976  1
16.693333  0.564494  1
16.720000  0.564011  1
16.746667  0.563529  1
16.773333  0.563047  1
16.800000  0.562565  1
16.826667  0.562083  1
16.853333  0.561600  1
16.880000  0.561118  1
16.906667  0.560636  1
16.933333  0.560154  1
16.960000  0.559671  1
16.986667  0.559189  1
17.013333  0.558707  1
17.040000  0.558225  1
17.066667  0.557742  1
17.093333  0.557260  1
17.120000  0.556778  1
17.146667  0.556296  1
17.173333  0.555814  1
17.200000  0.555331  1
17.226667  0.554849  1
17.253333  0.554367  1
17.280000  0.553885  1
17.306667  0.553402  1
17.333333  0.552920  1
17.360000  0.552438  1
17.386667  0.551956  1
17.413333  0.551474  1
17.440000  0.550991  1
17.466667  0.550509  1
17.493333  0.550027  1
17.520000  0.549545  1
17.546667  0.549062  1
17.573333  0.548580  1
17.600000  0.548098  1
17.626667  0.547616  1
17.653333  0.547133  1
17.680000  0.546651  1
17.706667  0.546169  1
17.733333  0.545687  1
17.760000  0.545205  1
17.786667  0.544722  1
17.813333  0.544240  1
17.840000  0.543758  1
17.866667  0.543276  1
17.893333  0.542793  1
17.920000  0.542311  1
17.946667  0.541829  1
17.973333  0.541347  1
18.000000  0.540865  1
