3.600000  0.838799  0
3.626667  0.832995  0
3.653333  0.827284  0
3.680000  0.821713  0
3.706667  0.816339  0
3.733333  0.811222  0
3.760000  0.806410  0
3.786667  0.801933  0
3.813333  0.797797  0
3.840000  0.793979  0
3.866667  0.790434  0
3.893333  0.787106  0
3.920000  0.783936  0
3.946667  0.780872  0
3.973333  0.777875  0
4.000000  0.774915  0
4.026667  0.771975  0
4.053333  0.769045  0
4.080000  0.766119  0
4.106667  0.763195  0
4.133333  0.760271  0
4.160000  0.757348  0
4.186667  0.754425  0
4.213333  0.751502  0
4.240000  0.748578  0
4.266667  0.745655  0
4.293333  0.742732  0
4.320000  0.739809  0
4.346667  0.736885  0
4.373333  0.733962  0
4.400000  0.731039  0
4.426667  0.728117  0
4.453333  0.725196  0
4.480000  0.722279  0
4.506667  0.719368  0
4.533333  0.716470  0
4.560000  0.713594  0
4.586667  0.710753  0
4.613333  0.707964  0
4.640000  0.705245  0
4.666667  0.702614  0
4.693333  0.700083  0
4.720000  0.697659  0
4.746667  0.695339  0
4.773333  0.693112  0
4.800000  0.690963  0
4.826667  0.688872  0
4.853333  0.686822  0
4.880000  0.684800  0
4.906667  0.682793  0
4.933333  0.680794  0
4.960000  0.678801  0
4.986667  0.676809  0
5.013333  0.674818  0
5.040000  0.672827  0
5.066667  0.670837  0
5.093333  0.668847  0
5.120000  0.666856  0
5.146667  0.664866  0
5.173333  0.662876  0
5.200000  0.660885  0
5.226667  0.658895  0
5.253333  0.656905  0
5.280000  0.654914  0
5.306667  0.652924  0
5.333333  0.650934  0
5.360000  0.648943  0
5.386667  0.646953  0
5.413333  0.644963  0
5.440000  0.642972  0
5.466667  0.640982  0
5.493333  0.638992  0
5.520000  0.637001  0
5.546667  0.635011  0
5.573333  0.633021  0
5.600000  0.631030  0
5.626667  0.629040  0
5.653333  0.627050  0
5.680000  0.625059  0
5.706667  0.623069  0
5.733333  0.621078  0
5.760000  0.619088  0
5.786667  0.617098  0
5.813333  0.615107  0
5.840000  0.613117  0
5.866667  0.611127  0
5.893333  0.609136  0
5.920000  0.607146  0
5.946667  0.605156  0
5.973333  0.603166  0
6.000000  0.601177  0
6.026667  0.599189  0
6.053333  0.597205  0
6.080000  0.595227  0
6.106667  0.593263  0
6.133333  0.591321  0
6.160000  0.589414  0
6.186667  0.587559  0
6.213333  0.585773  0
6.240000  0.584073  0
6.266667  0.582470  0
6.293333  0.580969  0
6.320000  0.579565  0
6.346667  0.578247  0
6.373333  0.577000  0
6.400000  0.575806  0
6.426667  0.574648  0
6.453333  0.573513  0
6.480000  0.572392  0
6.506667  0.571277  0
6.533333  0.570167  0
6.560000  0.569058  0
6.586667  0.567950  0
6.613333  0.566842  0
6.640000  0.565734  0
6.666667  0.564627  0
6.693333  0.563519  0
6.720000  0.562411  0
6.746667  0.561303  0
6.773333  0.560196  0
6.800000  0.559088  0
6.826667  0.557980  0
6.853333  0.556872  0
6.880000  0.555764  0
6.906667  0.554657  0
6.933333  0.553549  0
6.960000  0.552441  0
6.986667  0.551333  0
7.013333  0.550226  0
7.040000  0.549118  0
7.066667  0.548010  0
7.093333  0.546902  0
7.120000  0.545795  0
7.146667  0.544687  0
7.173333  0.543579  0
7.200000  0.542471  0
7.226667  0.541364  0
7.253333  0.540256  0
7.280000  0.539148  0
7.306667  0.538040  0
7.333333  0.536933  0
7.360000  0.535825  0
7.386667  0.534717  0
7.413333  0.533609  0
7.440000  0.532502  0
7.466667  0.531394  0
7.493333  0.530286  0
7.520000  0.529178  0
7.546667  0.528071  0
7.573333  0.526963  0
7.600000  0.525855  0
7.626667  0.524747  0
7.653333  0.523640  0
7.680000  0.522532  0
7.706667  0.521424  0
7.733333  0.520316  0
7.760000  0.519209  0
7.786667  0.518101  0
7.813333  0.516993  0
7.840000  0.515885  0
7.866667  0.514778  0
7.893333  0.513670  0
7.920000  0.512562  0
7.946667  0.511455  0
7.973333  0.510349  0
8.000000  0.509244  0
8.026667  0.508143  0
8.053333  0.507049  0
8.080000  0.505966  0
8.106667  0.504902  0
8.133333  0.503863  0
8.160000  0.502859  0
8.186667  0.501897  0
8.213333  0.500983  0
8.240000  0.500118  0
8.266667  0.499301  0
8.293333  0.498526  0
8.320000  0.497784  0
8.346667  0.497067  0
8.373333  0.496367  0
8.400000  0.495678  0
8.426667  0.494995  0
8.453333  0.494316  0
8.480000  0.493638  0
8.506667  0.492961  0
8.533333  0.492284  0
8.560000  0.491608  0
8.586667  0.490931  0
8.613333  0.490255  0
8.640000  0.489578  0
8.666667  0.488902  0
8.693333  0.488225  0
8.720000  0.487549  0
8.746667  0.486872  0
8.773333  0.486195  0
8.800000  0.485519  0
8.826667  0.484842  0
8.853333  0.484166  0
8.880000  0.483489  0
8.906667  0.482813  0
8.933333  0.482136  0
8.960000  0.481460  0
8.986667  0.480783  0
9.013333  0.480107  0
9.040000  0.479430  0
9.066667  0.478754  0
9.093333  0.478077  0
9.120000  0.477401  0
9.146667  0.476724  0
9.173333  0.476048  0
9.200000  0.475371  0
9.226667  0.474695  0
9.253333  0.474018  0
9.280000  0.473342  0
9.306667  0.472665  0
9.333333  0.471989  0
9.360000  0.471312  0
9.386667  0.470636  0
9.413333  0.469959  0
9.440000  0.469282  0
9.466667  0.468606  0
9.493333  0.467929  0
9.520000  0.467253  0
9.546667  0.466576  0
9.573333  0.465900  0
9.600000  0.465223  0
9.626667  0.464547  0
9.653333  0.463870  0
9.680000  0.463194  0
9.706667  0.462517  0
9.733333  0.461841  0
9.760000  0.461164  0
9.786667  0.460488  0
9.813333  0.459811  0
9.840000  0.459135  0
9.866667  0.458460  0
9.893333  0.457785  0
9.920000  0.457113  0
9.946667  0.456446  0
9.973333  0.455788  0
10.000000  0.455143  0
10.026667  0.454521  0
10.053333  0.453928  0
10.080000  0.453374  0
10.106667  0.452865  0
10.133333  0.452407  0
10.160000  0.451998  0
10.186667  0.451636  0
10.213333  0.451313  0
10.240000  0.451022  0
10.266667  0.450753  0
10.293333  0.450500  0
10.320000  0.450255  0
10.346667  0.450016  0
10.373333  0.449780  0
10.400000  0.449545  0
10.426667  0.449311  0
10.453333  0.449077  0
10.480000  0.448843  0
10.506667  0.448609  0
10.533333  0.448376  0
10.560000  0.448142  0
10.586667  0.447908  0
10.613333  0.447674  0
10.640000  0.447440  0
10.666667  0.447206  0
10.693333  0.446972  0
10.720000  0.446738  0
10.746667  0.446505  0
10.773333  0.446271  0
10.800000  0.446037  0
10.826667  0.445803  0
10.853333  0.445569  0
10.880000  0.445335  0
10.906667  0.445101  0
10.933333  0.444868  0
10.960000  0.444634  0
10.986667  0.444400  0
11.013333  0.444166  0
11.040000  0.443932  0
11.066667  0.443698  0
11.093333  0.443464  0
11.120000  0.443231  0
11.146667  0.442997  0
11.173333  0.442763  0
11.200000  0.442529  0
11.226667  0.442295  0
11.253333  0.442061  0
11.280000  0.441827  0
11.306667  0.441594  0
11.333333  0.441360  0
11.360000  0.441126  0
11.386667  0.440892  0
11.413333  0.440658  0
11.440000  0.440424  0
11.466667  0.440190  0
11.493333  0.439957  0
11.520000  0.439723  0
11.546667  0.439489  0
11.573333  0.439255  0
11.600000  0.439021  0
11.626667  0.438787  0
11.653333  0.438553  0
11.680000  0.438320  0
11.706667  0.438086  0
11.733333  0.437852  0
11.760000  0.437618  0
11.786667  0.437384  0
11.813333  0.437150  0
11.840000  0.436916  0
11.866667  0.436683  0
11.893333  0.436449  0
11.920000  0.436215  0
11.946667  0.435981  0
11.973333  0.435747  0
12.000000  0.435513  0
12.026667  0.435279  0
12.053333  0.435046  0
12.080000  0.434812  0
12.106667  0.434578  0
12.133333  0.434344  0
12.160000  0.434110  0
12.186667  0.433876  0
12.213333  0.433642  0
12.240000  0.433409  0
12.266667  0.433175  0
12.293333  0.432941  0
12.320000  0.432707  0
12.346667  0.432473  0
12.373333  0.432239  0
12.400000  0.432005  0
12.426667  0.431772  0
12.453333  0.431538  0
12.480000  0.431304  0
12.506667  0.431070  0
12.533333  0.430836  0
12.560000  0.430602  0
12.586667  0.430368  0
12.613333  0.430135  0
12.640000  0.429901  0
12.666667  0.429668  0
12.693333  0.429435  0
12.720000  0.429204  0
12.746667  0.428976  0
12.773333  0.428751  0
12.800000  0.428533  0
12.826667  0.428322  0
12.853333  0.428121  0
12.880000  0.427931  0
12.906667  0.427753  0
12.933333  0.427587  0
12.960000  0.427432  0
12.986667  0.427285  0
13.013333  0.427144  0
13.040000  0.427008  0
13.066667  0.426875  0
13.093333  0.426744  0
13.120000  0.426614  0
13.146667  0.426484  0
13.173333  0.426354  0
13.200000  0.426225  0
13.226667  0.426095  0
13.253333  0.425966  0
13.280000  0.425837  0
13.306667  0.425707  0
13.333333  0.425578  0
13.360000  0.425449  0
13.386667  0.425319  0
13.413333  0.425190  0
13.440000  0.425060  0
13.466667  0.424931  0
13.493333  0.424802  0
13.520000  0.424672  0
13.546667  0.424543  0
13.573333  0.424413  0
13.600000  0.424284  0
13.626667  0.424155  0
13.653333  0.424025  0
13.680000  0.423896  0
13.706667  0.423766  0
13.733333  0.423637  0
13.760000  0.423508  0
13.786667  0.423378  0
13.813333  0.423249  0
13.840000  0.423120  0
13.866667  0.422990  0
13.893333  0.422861  0
13.920000  0.422731  0
13.946667  0.422602  0
13.973333  0.422473  0
14.000000  0.422343  0
14.026667  0.422214  0
14.053333  0.422084  0
14.080000  0.421955  0
14.106667  0.421826  0
14.133333  0.421696  0
14.160000  0.421567  0
14.186667  0.421437  0
14.213333  0.421308  0
14.240000  0.421179  0
14.266667  0.421049  0
14.293333  0.420920  0
14.320000  0.420791  0
14.346667  0.420661  0
14.373333  0.420532  0
14.400000  0.420402  0
14.426667  0.420273  0
14.453333  0.420144  0
14.480000  0.420014  0
14.506667  0.419885  0
14.533333  0.419755  0
14.560000  0.419626  0
14.586667  0.419497  0
14.613333  0.419367  0
14.640000  0.419238  0
14.666667  0.419108  0
14.693333  0.418979  0
14.720000  0.418850  0
14.746667  0.418720  0
14.773333  0.418591  0
14.800000  0.418462  0
14.826667  0.418332  0
14.853333  0.418203  0
14.880000  0.418073  0
14.906667  0.417944  0
14.933333  0.417815  0
14.960000  0.417685  0
14.986667  0.417556  0
15.013333  0.417426  0
15.040000  0.417297  0
15.066667  0.417168  0
15.093333  0.417038  0
15.120000  0.416909  0
15.146667  0.416779  0
15.173333  0.416650  0
15.200000  0.416521  0
15.226667  0.416391  0
15.253333  0.416262  0
15.280000  0.416133  0
15.306667  0.416003  0
15.333333  0.415874  0
15.360000  0.415744  0
15.386667  0.415615  0
15.413333  0.415486  0
15.440000  0.415356  0
15.466667  0.415227  0
15.493333  0.415097  0
15.520000  0.414968  0
15.546667  0.414839  0
15.573333  0.414709  0
15.600000  0.414580  0
15.626667  0.414450  0
15.653333  0.414321  0
15.680000  0.414192  0
15.706667  0.414062  0
15.733333  0.413933  0
15.760000  0.413804  0
15.786667  0.413674  0
15.813333  0.413545  0
15.840000  0.413415  0
15.866667  0.413286  0
15.893333  0.413157  0
15.920000  0.413027  0
15.946667  0.412898  0
15.973333  0.412768  0
16.000000  0.412639  0
16.026667  0.412510  0
16.053333  0.412380  0
16.080000  0.412251  0
16.106667  0.412121  0
16.133333  0.411992  0
16.160000  0.411863  0
16.186667  0.411733  0
16.213333  0.411604  0
16.240000  0.411475  0
16.266667  0.411345  0
16.293333  0.411216  0
16.320000  0.411086  0
16.346667  0.410957  0
16.373333  0.410828  0
16.400000  0.410698  0
16.426667  0.410569  0
16.453333  0.410439  0
16.480000  0.410310  0
16.506667  0.410181  0
16.533333  0.410051  0
16.560000  0.409922  0
16.586667  0.409792  0
16.613333  0.409663  0
16.640000  0.409534  0
16.666667  0.409404  0
16.693333  0.409275  0
16.720000  0.409146  0
16.746667  0.409016  0
16.773333  0.408887  0
16.800000  0.408758  0
16.826667  0.408630  0
16.853333  0.408504  0
16.880000  0.408380  0
16.906667  0.408262  0
16.933333  0.408152  0
16.960000  0.408055  0
16.986667  0.407976  0
17.013333  0.407920  0
17.040000  0.407891  0
16.506667  0.593215  1
16.533333  0.592705  1
16.560000  0.592196  1
16.586667  0.591687  1
16.613333  0.591178  1
16.640000  0.590669  1
16.666667  0.590160  1
16.693333  0.589651  1
16.720000  0.589142  1
16.746667  0.588633  1
16.773333  0.588124  1
16.800000  0.587615  1
16.826667  0.587105  1
16.853333  0.586596  1
16.880000  0.586087  1
16.906667  0.585578  1
16.933333  0.585069  1
16.960000  0.584560  1
16.986667  0.584051  1
17.013333  0.583542  1
17.040000  0.583033  1
17.066667  0.582524  1
17.093333  0.582014  1
17.120000  0.581505  1
17.146667  0.580996  1
17.173333  0.580487  1
17.200000  0.579978  1
17.226667  0.579469  1
17.253333  0.578960  1
17.280000  0.578451  1
17.306667  0.577942  1
17.333333  0.577433  1
17.360000  0.576924  1
17.386667  0.576414  1
17.413333  0.575905  1
17.440000  0.575396  1
17.466667  0.574887  1
17.493333  0.574378  1
17.520000  0.573869  1
17.546667  0.573360  1
17.573333  0.572851  1
17.600000  0.572342  1
17.626667  0.571833  1
17.653333  0.571323  1
17.680000  0.570814  1
17.706667  0.570305  1
17.733333  0.569796  1
17.760000  0.569287  1
17.786667  0.568778  1
17.813333  0.568269  1
17.840000  0.567760  1
17.866667  0.567251  1
17.893333  0.566742  1
17.920000  0.566233  1
17.946667  0.565723  1
17.973333  0.565214  1
18.000000  0.564705  1
18.026667  0.564196  1
18.053333  0.563687  1
18.080000  0.563178  1
18.106667  0.562669  1
18.133333  0.562160  1
18.160000  0.561651  1
18.186667  0.561142  1
18.213333  0.560632  1
18.240000  0.560123  1
18.266667  0.559614  1
18.293333  0.559105  1
18.320000  0.558596  1
18.346667  0.558087  1
18.373333  0.557578  1
18.400000  0.557069  1
18.426667  0.556560  1
18.453333  0.556051  1
18.480000  0.555542  1
18.506667  0.555032  1
18.533333  0.554523  1
18.560000  0.554014  1
18.586667  0.553505  1
18.613333  0.552996  1
18.640000  0.552487  1
18.666667  0.551978  1
18.693333  0.551469  1
18.720000  0.550960  1
18.746667  0.550451  1
18.773333  0.549941  1
18.800000  0.549432  1
18.826667  0.548923  1
18.853333  0.548414  1
18.880000  0.547905  1
18.906667  0.547396  1
18.933333  0.546887  1
18.960000  0.546378  1
18.986667  0.545869  1
19.013333  0.545360  1
19.040000  0.544851  1
19.066667  0.544341  1
19.093333  0.543832  1
19.120000  0.543323  1
19.146667  0.542814  1
19.173333  0.542305  1
19.200000  0.541796  1
19.226667  0.541287  1
19.253333  0.540778  1
19.280000  0.540269  1
19.306667  0.539760  1
19.333333  0.539250  1
19.360000  0.538741  1
19.386667  0.538232  1
19.413333  0.537723  1
19.440000  0.537214  1
19.466667  0.536705  1
19.493333  0.536196  1
19.520000  0.535687  1
19.546667  0.535178  1
19.573333  0.534669  1
19.600000  0.534160  1
19.626667  0.533650  1
19.653333  0.533141  1
19.680000  0.532632  1
19.706667  0.532123  1
19.733333  0.531614  1
19.760000  0.531105  1
19.786667  0.530596  1
19.813333  0.530087  1
19.840000  0.529578  1
19.866667  0.529069  1
19.893333  0.528559  1
19.920000  0.528050  1
19.946667  0.527541  1
19.973333  0.527032  1
20.000000  0.526523  1
20.026667  0.526014  1
20.053333  0.525505  1
20.080000  0.524996  1
20.106667  0.524487  1
20.133333  0.523978  1
20.160000  0.523469  1
20.186667  0.522959  1
20.213333  0.522450  1
20.240000  0.521941  1
20.266667  0.521432  1
20.293333  0.520923  1
20.320000  0.520414  1
20.346667  0.519905  1
20.373333  0.519396  1
20.400000  0.518887  1
20.426667  0.518378  1
20.453333  0.517868  1
20.480000  0.517359  1
20.506667  0.516850  1
20.533333  0.516341  1
20.560000  0.515832  1
20.586667  0.515323  1
20.613333  0.514814  1
20.640000  0.514305  1
20.666667  0.513796  1
20.693333  0.513287  1
20.720000  0.512778  1
