3.173333  0.885411  0
3.200000  0.883999  0
3.226667  0.882500  0
3.253333  0.880994  0
3.280000  0.879487  0
3.306667  0.877981  0
3.333333  0.876474  0
3.360000  0.874968  0
3.386667  0.873461  0
3.413333  0.871955  0
3.440000  0.870448  0
3.466667  0.868942  0
3.493333  0.867435  0
3.520000  0.865929  0
3.546667  0.864422  0
3.573333  0.862916  0
3.600000  0.861410  0
3.626667  0.859903  0
3.653333  0.858397  0
3.680000  0.856890  0
3.706667  0.855384  0
3.733333  0.853877  0
3.760000  0.852371  0
3.786667  0.850864  0
3.813333  0.849358  0
3.840000  0.847851  0
3.866667  0.846345  0
3.893333  0.844839  0
3.920000  0.843332  0
3.946667  0.841826  0
3.973333  0.840319  0
4.000000  0.838813  0
4.026667  0.837306  0
4.053333  0.835800  0
4.080000  0.834296  0
4.106667  0.832810  0
4.133333  0.831376  0
4.160000  0.830013  0
4.186667  0.828688  0
4.213333  0.827372  0
4.240000  0.826057  0
4.266667  0.824742  0
4.293333  0.823427  0
4.320000  0.822112  0
4.346667  0.820797  0
4.373333  0.819481  0
4.400000  0.818166  0
4.426667  0.816851  0
4.453333  0.815536  0
4.480000  0.814221  0
4.506667  0.812906  0
4.533333  0.811590  0
4.560000  0.810275  0
4.586667  0.808960  0
4.613333  0.807645  0
4.640000  0.806330  0
4.666667  0.805015  0
4.693333  0.803699  0
4.720000  0.802384  0
4.746667  0.801069  0
4.773333  0.799754  0
4.800000  0.798439  0
4.826667  0.797124  0
4.853333  0.795808  0
4.880000  0.794493  0
4.906667  0.793178  0
4.933333  0.791863  0
4.960000  0.790548  0
4.986667  0.789233  0
5.013333  0.787917  0
5.040000  0.786602  0
5.066667  0.785287  0
5.093333  0.783972  0
5.120000  0.782657  0
5.146667  0.781342  0
5.173333  0.780026  0
5.200000  0.778711  0
5.226667  0.777396  0
5.253333  0.776081  0
5.280000  0.774766  0
5.306667  0.773453  0
5.333333  0.772153  0
5.360000  0.770896  0
5.386667  0.769700  0
5.413333  0.768540  0
5.440000  0.767388  0
5.466667  0.766236  0
5.493333  0.765085  0
5.520000  0.763933  0
5.546667  0.762781  0
5.573333  0.761630  0
5.600000  0.760478  0
5.626667  0.759326  0
5.653333  0.758175  0
5.680000  0.757023  0
5.706667  0.755871  0
5.733333  0.754720  0
5.760000  0.753568  0
5.786667  0.752416  0
5.813333  0.751265  0
5.840000  0.750113  0
5.866667  0.748961  0
5.893333  0.747810  0
5.920000  0.746658  0
5.946667  0.745507  0
5.973333  0.744355  0
6.000000  0.743203  0
6.026667  0.742052  0
6.053333  0.740900  0
6.080000  0.739748  0
6.106667  0.738597  0
6.133333  0.737445  0
6.160000  0.736293  0
6.186667  0.735142  0
6.213333  0.733990  0
6.240000  0.732838  0
6.266667  0.731687  0
6.293333  0.730535  0
6.320000  0.729383  0
6.346667  0.728232  0
6.373333  0.727080  0
6.400000  0.725928  0
6.426667  0.724777  0
6.453333  0.723625  0
6.480000  0.722473  0
6.506667  0.721322  0
6.533333  0.720170  0
6.560000  0.719018  0
6.586667  0.717867  0
6.613333  0.716715  0
6.640000  0.715563  0
6.666667  0.714412  0
6.693333  0.713260  0
6.720000  0.712108  0
6.746667  0.710957  0
6.773333  0.709805  0
6.800000  0.708654  0
6.826667  0.707502  0
6.853333  0.706350  0
6.880000  0.705199  0
6.906667  0.704047  0
6.933333  0.702895  0
6.960000  0.701743  0
6.986667  0.700588  0
7.013333  0.699399  0
7.040000  0.698067  0
7.066667  0.696503  0
7.093333  0.694801  0
7.120000  0.693067  0
7.146667  0.691331  0
7.173333  0.689595  0
7.200000  0.687859  0
7.226667  0.686123  0
7.253333  0.684387  0
7.280000  0.682651  0
7.306667  0.680915  0
7.333333  0.679179  0
7.360000  0.677443  0
7.386667  0.675707  0
7.413333  0.673971  0
7.440000  0.672235  0
7.466667  0.670499  0
7.493333  0.668763  0
7.520000  0.667027  0
7.546667  0.665291  0
7.573333  0.663555  0
7.600000  0.661819  0
7.626667  0.660083  0
7.653333  0.658347  0
7.680000  0.656611  0
7.706667  0.654875  0
7.733333  0.653139  0
7.760000  0.651403  0
7.786667  0.649667  0
7.813333  0.647931  0
7.840000  0.646195  0
7.866667  0.644459  0
7.893333  0.642723  0
7.920000  0.640987  0
7.946667  0.639251  0
7.973333  0.637515  0
8.000000  0.635779  0
8.026667  0.634043  0
8.053333  0.632307  0
8.080000  0.630571  0
8.106667  0.628835  0
8.133333  0.627099  0
8.160000  0.625363  0
8.186667  0.623627  0
8.213333  0.621891  0
8.240000  0.620155  0
8.266667  0.618419  0
8.293333  0.616683  0
8.320000  0.614947  0
8.346667  0.613213  0
8.373333  0.611510  0
8.400000  0.609947  0
8.426667  0.608630  0
8.453333  0.607486  0
8.480000  0.606397  0
8.506667  0.605316  0
8.533333  0.604235  0
8.560000  0.603154  0
8.586667  0.602074  0
8.613333  0.600993  0
8.640000  0.599912  0
8.666667  0.598832  0
8.693333  0.597751  0
8.720000  0.596670  0
8.746667  0.595589  0
8.773333  0.594509  0
8.800000  0.593428  0
8.826667  0.592347  0
8.853333  0.591267  0
8.880000  0.590186  0
8.906667  0.589105  0
8.933333  0.588024  0
8.960000  0.586944  0
8.986667  0.585863  0
9.013333  0.584782  0
9.040000  0.583701  0
9.066667  0.582621  0
9.093333  0.581540  0
9.120000  0.580459  0
9.146667  0.579379  0
9.173333  0.578298  0
9.200000  0.577217  0
9.226667  0.576136  0
9.253333  0.575056  0
9.280000  0.573975  0
9.306667  0.572894  0
9.333333  0.571814  0
9.360000  0.570733  0
9.386667  0.569652  0
9.413333  0.568571  0
9.440000  0.567491  0
9.466667  0.566410  0
9.493333  0.565329  0
9.520000  0.564249  0
9.546667  0.563168  0
9.573333  0.562087  0
9.600000  0.561006  0
9.626667  0.559926  0
9.653333  0.558845  0
9.680000  0.557764  0
9.706667  0.556683  0
9.733333  0.555603  0
9.760000  0.554522  0
9.786667  0.553441  0
9.813333  0.552361  0
9.840000  0.551280  0
9.866667  0.550199  0
9.893333  0.549118  0
9.920000  0.548038  0
9.946667  0.546957  0
9.973333  0.545876  0
10.000000  0.544796  0
10.026667  0.543715  0
10.053333  0.542634  0
10.080000  0.541553  0
10.106667  0.540473  0
10.133333  0.539392  0
10.160000  0.538311  0
10.186667  0.537230  0
10.213333  0.536150  0
10.240000  0.535069  0
10.266667  0.533988  0
10.293333  0.532908  0
10.320000  0.531827  0
10.346667  0.530746  0
10.373333  0.529665  0
10.400000  0.528585  0
10.426667  0.527505  0
10.453333  0.526431  0
10.480000  0.525394  0
10.506667  0.524445  0
10.533333  0.523595  0
10.560000  0.522795  0
10.586667  0.522005  0
10.613333  0.521216  0
10.640000  0.520427  0
10.666667  0.519638  0
10.693333  0.518849  0
10.720000  0.518060  0
10.746667  0.517271  0
10.773333  0.516481  0
10.800000  0.515692  0
10.826667  0.514903  0
10.853333  0.514114  0
10.880000  0.513325  0
10.906667  0.512536  0
10.933333  0.511747  0
10.960000  0.510958  0
10.986667  0.510169  0
11.013333  0.509380  0
11.040000  0.508590  0
11.066667  0.507801  0
11.093333  0.507012  0
11.120000  0.506223  0
11.146667  0.505434  0
11.173333  0.504645  0
11.200000  0.503856  0
11.226667  0.503067  0
11.253333  0.502278  0
11.280000  0.501489  0
11.306667  0.500699  0
11.333333  0.499910  0
11.360000  0.499121  0
11.386667  0.498332  0
11.413333  0.497543  0
11.440000  0.496754  0
11.466667  0.495965  0
11.493333  0.495176  0
11.520000  0.494387  0
11.546667  0.493598  0
11.573333  0.492809  0
11.600000  0.492019  0
11.626667  0.491230  0
11.653333  0.490441  0
11.680000  0.489652  0
11.706667  0.488863  0
11.733333  0.488074  0
11.760000  0.487285  0
11.786667  0.486496  0
11.813333  0.485707  0
11.840000  0.484918  0
11.866667  0.484128  0
11.893333  0.483339  0
11.920000  0.482550  0
11.946667  0.481761  0
11.973333  0.480972  0
12.000000  0.480183  0
12.026667  0.479394  0
12.053333  0.478605  0
12.080000  0.477816  0
12.106667  0.477027  0
12.133333  0.476237  0
12.160000  0.475448  0
12.186667  0.474659  0
12.213333  0.473870  0
12.240000  0.473081  0
12.266667  0.472292  0
12.293333  0.471503  0
12.320000  0.470714  0
12.346667  0.469925  0
12.373333  0.469136  0
12.400000  0.468346  0
12.426667  0.467557  0
12.453333  0.466768  0
12.480000  0.465979  0
12.506667  0.465190  0
12.533333  0.464401  0
12.560000  0.463612  0
12.586667  0.462823  0
12.613333  0.462034  0
12.640000  0.461245  0
12.666667  0.460456  0
12.693333  0.459666  0
12.720000  0.458877  0
12.746667  0.458088  0
12.773333  0.457299  0
12.800000  0.456510  0
12.826667  0.455721  0
12.853333  0.454932  0
12.880000  0.454143  0
12.906667  0.453354  0
12.933333  0.452565  0
12.960000  0.451775  0
12.986667  0.450986  0
13.013333  0.450198  0
13.040000  0.449415  0
13.066667  0.448670  0
13.093333  0.448053  0
13.120000  0.447616  0
13.146667  0.447281  0
13.173333  0.446969  0
13.200000  0.446658  0
13.226667  0.446348  0
13.253333  0.446037  0
13.280000  0.445727  0
13.306667  0.445416  0
13.333333  0.445106  0
13.360000  0.444796  0
13.386667  0.444485  0
13.413333  0.444175  0
13.440000  0.443864  0
13.466667  0.443554  0
13.493333  0.443243  0
13.520000  0.442933  0
13.546667  0.442622  0
13.573333  0.442312  0
13.600000  0.442001  0
13.626667  0.441691  0
13.653333  0.441380  0
13.680000  0.441070  0
13.706667  0.440760  0
13.733333  0.440449  0
13.760000  0.440139  0
13.786667  0.439828  0
13.813333  0.439518  0
13.840000  0.439207  0
13.866667  0.438897  0
13.893333  0.438586  0
13.920000  0.438276  0
13.946667  0.437965  0
13.973333  0.437655  0
14.000000  0.437344  0
14.026667  0.437034  0
14.053333  0.436723  0
14.080000  0.436413  0
14.106667  0.436103  0
14.133333  0.435792  0
14.160000  0.435482  0
14.186667  0.435171  0
14.213333  0.434861  0
14.240000  0.434550  0
14.266667  0.434240  0
14.293333  0.433929  0
14.320000  0.433619  0
14.346667  0.433308  0
14.373333  0.432998  0
14.400000  0.432687  0
14.426667  0.432377  0
14.453333  0.432067  0
14.480000  0.431756  0
14.506667  0.431446  0
14.533333  0.431135  0
14.560000  0.430825  0
14.586667  0.430514  0
14.613333  0.430204  0
14.640000  0.429893  0
14.666667  0.429583  0
14.693333  0.429272  0
14.720000  0.428962  0
14.746667  0.428651  0
14.773333  0.428341  0
14.800000  0.428030  0
14.826667  0.427720  0
14.853333  0.427410  0
14.880000  0.427099  0
14.906667  0.426789  0
14.933333  0.426478  0
14.960000  0.426168  0
14.986667  0.425857  0
15.013333  0.425547  0
15.040000  0.425236  0
15.066667  0.424926  0
15.093333  0.424615  0
15.120000  0.424305  0
15.146667  0.423994  0
15.173333  0.423684  0
15.200000  0.423373  0
15.226667  0.423063  0
15.253333  0.422753  0
15.280000  0.422442  0
15.306667  0.422132  0
15.333333  0.421821  0
15.360000  0.421511  0
15.386667  0.421200  0
15.413333  0.420890  0
15.440000  0.420579  0
15.466667  0.420269  0
15.493333  0.419958  0
15.520000  0.419648  0
15.546667  0.419337  0
15.573333  0.419027  0
15.600000  0.418717  0
15.626667  0.418406  0
15.653333  0.418096  0
15.680000  0.417785  0
15.706667  0.417475  0
15.733333  0.417164  0
15.760000  0.416854  0
15.786667  0.416543  0
15.813333  0.416236  0
15.840000  0.415953  0
15.866667  0.415755  0
15.893333  0.415685  0
15.920000  0.415691  0
15.946667  0.415713  0
15.973333  0.415737  0
16.000000  0.415761  0
16.026667  0.415784  0
16.053333  0.415808  0
16.080000  0.415832  0
16.106667  0.415855  0
16.133333  0.415879  0
16.160000  0.415903  0
16.186667  0.415926  0
16.213333  0.415950  0
16.240000  0.415974  0
16.266667  0.415997  0
16.293333  0.416021  0
16.320000  0.416045  0
16.346667  0.416068  0
16.373333  0.416092  0
16.400000  0.416116  0
16.426667  0.416139  0
16.453333  0.416163  0
16.480000  0.416187  0
16.506667  0.416210  0
16.533333  0.416234  0
16.560000  0.416258  0
16.586667  0.416281  0
16.613333  0.416305  0
16.640000  0.416329  0
16.666667  0.416352  0
16.693333  0.416376  0
16.720000  0.416400  0
16.746667  0.416424  0
16.773333  0.416447  0
16.800000  0.416471  0
16.826667  0.416495  0
16.853333  0.416518  0
16.880000  0.416542  0
16.906667  0.416566  0
16.933333  0.416589  0
16.960000  0.416613  0
16.986667  0.416637  0
17.013333  0.416660  0
17.040000  0.416684  0
17.066667  0.416708  0
17.093333  0.416731  0
17.120000  0.416755  0
17.146667  0.416779  0
17.173333  0.416802  0
17.200000  0.416826  0
17.226667  0.416850  0
17.253333  0.416873  0
17.280000  0.416897  0
17.306667  0.416921  0
17.333333  0.416944  0
17.360000  0.416968  0
17.386667  0.416992  0
17.413333  0.417015  0
17.440000  0.417039  0
17.466667  0.417063  0
17.493333  0.417086  0
17.520000  0.417110  0
17.546667  0.417134  0
17.573333  0.417157  0
17.600000  0.417181  0
17.626667  0.417205  0
17.653333  0.417228  0
17.680000  0.417252  0
17.706667  0.417276  0
17.733333  0.417299  0
17.760000  0.417323  0
17.786667  0.417347  0
17.813333  0.417370  0
17.840000  0.417394  0
17.866667  0.417418  0
17.893333  0.417441  0
17.920000  0.417465  0
17.946667  0.417489  0
17.973333  0.417512  0
18.000000  0.417536  0
18.026667  0.417560  0
18.053333  0.417583  0
18.080000  0.417607  0
18.106667  0.417631  0
18.133333  0.417654  0
18.160000  0.417678  0
18.186667  0.417702  0
18.213333  0.417726  0
18.240000  0.417749  0
18.266667  0.417773  0
18.293333  0.417797  0
18.320000  0.417820  0
18.346667  0.417844  0
18.373333  0.417868  0
18.400000  0.417891  0
18.426667  0.417915  0
18.453333  0.417939  0
18.480000  0.417962  0
18.506667  0.417986  0
18.533333  0.418010  0
18.560000  0.418033  0
18.586667  0.418057  0
18.613333  0.418081  0
18.640000  0.418104  0
18.666667  0.418128  0
18.693333  0.418152  0
18.720000  0.418175  0
18.746667  0.418199  0
18.773333  0.418223  0
18.800000  0.418246  0
18.826667  0.418270  0
18.853333  0.418294  0
18.880000  0.418317  0
18.906667  0.418341  0
18.933333  0.418365  0
18.960000  0.418388  0
18.986667  0.418412  0
19.013333  0.418436  0
19.040000  0.418459  0
19.066667  0.418483  0
19.093333  0.418507  0
19.120000  0.418530  0
19.146667  0.418554  0
19.173333  0.418578  0
19.200000  0.418601  0
19.226667  0.418625  0
19.253333  0.418649  0
19.280000  0.418672  0
19.306667  0.418696  0
19.333333  0.418720  0
19.360000  0.418743  0
19.386667  0.418767  0
19.413333  0.418791  0
19.440000  0.418814  0
19.466667  0.418838  0
19.493333  0.418862  0
19.520000  0.418885  0
19.546667  0.418909  0
19.573333  0.418933  0
19.600000  0.418957  0
19.626667  0.418980  0
19.653333  0.419004  0
19.680000  0.419028  0
19.706667  0.419051  0
19.733333  0.419075  0
19.760000  0.419099  0
19.786667  0.419122  0
19.813333  0.419146  0
19.840000  0.419170  0
19.866667  0.419193  0
19.893333  0.419217  0
19.920000  0.419241  0
19.946667  0.419264  0
19.973333  0.419288  0
20.000000  0.419312  0
20.026667  0.419335  0
20.053333  0.419359  0
20.080000  0.419383  0
20.106667  0.419406  0
20.133333  0.419430  0
20.160000  0.419454  0
20.186667  0.419477  0
20.213333  0.419501  0
20.240000  0.419525  0
20.266667  0.419548  0
20.293333  0.419572  0
20.320000  0.419596  0
20.346667  0.419619  0
20.373333  0.419641  0
20.400000  0.419657  0
19.120000  0.645355  1
19.146667  0.644882  1
19.173333  0.644408  1
19.200000  0.643935  1
19.226667  0.643461  1
19.253333  0.642988  1
19.280000  0.642515  1
19.306667  0.642041  1
19.333333  0.641568  1
19.360000  0.641094  1
19.386667  0.640621  1
19.413333  0.640147  1
19.440000  0.639674  1
19.466667  0.639200  1
19.493333  0.638727  1
19.520000  0.638253  1
19.546667  0.637780  1
19.573333  0.637306  1
19.600000  0.636833  1
19.626667  0.636360  1
19.653333  0.635886  1
19.680000  0.635413  1
19.706667  0.634939  1
19.733333  0.634466  1
19.760000  0.633992  1
19.786667  0.633519  1
19.813333  0.633045  1
19.840000  0.632572  1
19.866667  0.632098  1
19.893333  0.631625  1
19.920000  0.631152  1
19.946667  0.630678  1
19.973333  0.630205  1
20.000000  0.629731  1
20.026667  0.629258  1
20.053333  0.628784  1
20.080000  0.628311  1
20.106667  0.627837  1
20.133333  0.627364  1
20.160000  0.626890  1
20.186667  0.626417  1
20.213333  0.625943  1
20.240000  0.625470  1
20.266667  0.624997  1
20.293333  0.624523  1
20.320000  0.624050  1
20.346667  0.623576  1
20.373333  0.623103  1
20.400000  0.622629  1
20.426667  0.622156  1
20.453333  0.621682  1
20.480000  0.621209  1
20.506667  0.620735  1
20.533333  0.620262  1
20.560000  0.619789  1
20.586667  0.619315  1
20.613333  0.618842  1
20.640000  0.618368  1
20.666667  0.617895  1
20.693333  0.617421  1
20.720000  0.616948  1
20.746667  0.616474  1
20.773333  0.616001  1
20.800000  0.615527  1
20.826667  0.615054  1
20.853333  0.614580  1
20.880000  0.614107  1
20.906667  0.613634  1
20.933333  0.613160  1
20.960000  0.612687  1
20.986667  0.612213  1
21.013333  0.611740  1
21.040000  0.611266  1
21.066667  0.610793  1
21.093333  0.610319  1
21.120000  0.609846  1
21.146667  0.609372  1
21.173333  0.608899  1
21.200000  0.608426  1
21.226667  0.607952  1
21.253333  0.607479  1
21.280000  0.607005  1
21.306667  0.606532  1
21.333333  0.606058  1
21.360000  0.605585  1
21.386667  0.605111  1
21.413333  0.604638  1
21.440000  0.604164  1
21.466667  0.603691  1
21.493333  0.603217  1
21.520000  0.602744  1
21.546667  0.602271  1
21.573333  0.601797  1
21.600000  0.601324  1
21.626667  0.600850  1
21.653333  0.600377  1
21.680000  0.599903  1
21.706667  0.599430  1
21.733333  0.598956  1
21.760000  0.598483  1
21.786667  0.598009  1
21.813333  0.597536  1
21.840000  0.597062  1
21.866667  0.596589  1
21.893333  0.596116  1
21.920000  0.595642  1
21.946667  0.595169  1
21.973333  0.594695  1
22.000000  0.594222  1
22.026667  0.593748  1
22.053333  0.593275  1
22.080000  0.592801  1
22.106667  0.592328  1
22.133333  0.591854  1
22.160000  0.591381  1
22.186667  0.590908  1
22.213333  0.590434  1
22.240000  0.589961  1
22.266667  0.589487  1
