3.600000  0.804096  0
3.626667  0.798753  0
3.653333  0.793410  0
3.680000  0.788067  0
3.706667  0.782724  0
3.733333  0.777382  0
3.760000  0.772039  0
3.786667  0.766696  0
3.813333  0.761353  0
3.840000  0.756011  0
3.866667  0.751238  0
3.893333  0.746624  0
3.920000  0.742010  0
3.946667  0.737395  0
3.973333  0.732781  0
4.000000  0.728167  0
4.026667  0.723553  0
4.053333  0.718939  0
4.080000  0.714324  0
4.106667  0.709710  0
4.133333  0.705096  0
4.160000  0.700482  0
4.186667  0.695868  0
4.213333  0.691253  0
4.240000  0.686639  0
4.266667  0.682025  0
4.293333  0.677496  0
4.320000  0.673437  0
4.346667  0.669378  0
4.373333  0.665319  0
4.400000  0.661260  0
4.426667  0.657201  0
4.453333  0.653142  0
4.480000  0.649083  0
4.506667  0.645023  0
4.533333  0.640964  0
4.560000  0.636905  0
4.586667  0.632846  0
4.613333  0.628787  0
4.640000  0.624728  0
4.666667  0.620669  0
4.693333  0.616610  0
4.720000  0.612550  0
4.746667  0.608491  0
4.773333  0.604841  0
4.800000  0.602436  0
4.826667  0.600030  0
4.853333  0.597625  0
4.880000  0.595219  0
4.906667  0.592814  0
4.933333  0.590409  0
4.960000  0.588003  0
4.986667  0.585598  0
5.013333  0.583192  0
5.040000  0.580787  0
5.066667  0.578382  0
5.093333  0.575976  0
5.120000  0.573571  0
5.146667  0.571165  0
5.173333  0.568760  0
5.200000  0.566355  0
5.226667  0.563949  0
5.253333  0.561544  0
5.280000  0.559138  0
5.306667  0.556733  0
5.333333  0.554328  0
5.360000  0.551922  0
5.386667  0.549517  0
5.413333  0.547111  0
5.440000  0.544706  0
5.466667  0.542301  0
5.493333  0.540011  0
5.520000  0.537907  0
5.546667  0.535802  0
5.573333  0.533697  0
5.600000  0.531592  0
5.626667  0.529488  0
5.653333  0.527383  0
5.680000  0.525278  0
5.706667  0.523174  0
5.733333  0.521069  0
5.760000  0.518964  0
5.786667  0.516859  0
5.813333  0.514755  0
5.840000  0.512650  0
5.866667  0.510545  0
5.893333  0.508440  0
5.920000  0.506336  0
5.946667  0.504231  0
5.973333  0.502126  0
6.000000  0.500022  0
6.026667  0.497917  0
6.053333  0.495812  0
6.080000  0.493707  0
6.106667  0.491932  0
6.133333  0.490734  0
6.160000  0.489537  0
6.186667  0.488339  0
6.213333  0.487142  0
6.240000  0.485944  0
6.266667  0.484747  0
6.293333  0.483549  0
6.320000  0.482352  0
6.346667  0.481154  0
6.373333  0.479956  0
6.400000  0.478759  0
6.426667  0.477561  0
6.453333  0.476364  0
6.480000  0.475166  0
6.506667  0.473969  0
6.533333  0.472771  0
6.560000  0.471574  0
6.586667  0.470376  0
6.613333  0.469179  0
6.640000  0.467981  0
6.666667  0.466784  0
6.693333  0.465586  0
6.720000  0.464389  0
6.746667  0.463191  0
6.773333  0.461994  0
6.800000  0.460796  0
6.826667  0.459599  0
6.853333  0.458401  0
6.880000  0.457204  0
6.906667  0.456006  0
6.933333  0.454809  0
6.960000  0.453611  0
6.986667  0.452414  0
7.013333  0.451216  0
7.040000  0.450019  0
7.066667  0.448821  0
7.093333  0.447854  0
7.120000  0.447513  0
7.146667  0.447171  0
7.173333  0.446830  0
7.200000  0.446489  0
7.226667  0.446147  0
7.253333  0.445806  0
7.280000  0.445465  0
7.306667  0.445123  0
7.333333  0.444782  0
7.360000  0.444441  0
7.386667  0.444100  0
7.413333  0.443758  0
7.440000  0.443417  0
7.466667  0.443076  0
7.493333  0.442734  0
7.520000  0.442393  0
7.546667  0.442052  0
7.573333  0.441710  0
7.600000  0.441369  0
7.626667  0.441028  0
7.653333  0.440686  0
7.680000  0.440345  0
7.706667  0.440004  0
7.733333  0.439663  0
7.760000  0.439321  0
7.786667  0.438980  0
7.813333  0.438639  0
7.840000  0.438297  0
7.866667  0.437956  0
7.893333  0.437615  0
7.920000  0.437273  0
7.946667  0.436932  0
7.973333  0.436591  0
8.000000  0.436249  0
8.026667  0.435908  0
8.053333  0.435567  0
8.080000  0.435226  0
8.106667  0.434884  0
8.133333  0.434543  0
8.160000  0.434202  0
8.186667  0.433860  0
8.213333  0.433519  0
8.240000  0.433178  0
8.266667  0.432836  0
8.293333  0.432495  0
8.320000  0.432154  0
8.346667  0.431812  0
8.373333  0.431545  0
8.400000  0.431282  0
8.426667  0.431019  0
8.453333  0.430756  0
8.480000  0.430493  0
8.506667  0.430229  0
8.533333  0.429966  0
8.560000  0.429703  0
8.586667  0.429440  0
8.613333  0.429177  0
8.640000  0.428914  0
8.666667  0.428651  0
8.693333  0.428388  0
8.720000  0.428125  0
8.746667  0.427862  0
8.773333  0.427599  0
8.800000  0.427335  0
8.826667  0.427072  0
8.853333  0.426809  0
8.880000  0.426546  0
8.906667  0.426283  0
8.933333  0.426020  0
8.960000  0.425757  0
8.986667  0.425494  0
9.013333  0.425231  0
9.040000  0.424968  0
9.066667  0.424705  0
9.093333  0.424441  0
9.120000  0.424178  0
9.146667  0.423915  0
9.173333  0.423652  0
9.200000  0.423389  0
9.226667  0.423126  0
9.253333  0.422863  0
9.280000  0.422600  0
9.306667  0.422337  0
9.333333  0.422074  0
9.360000  0.421811  0
9.386667  0.421547  0
9.413333  0.421284  0
9.440000  0.421021  0
9.466667  0.420758  0
9.493333  0.420495  0
9.520000  0.420232  0
9.546667  0.419969  0
9.573333  0.419706  0
9.600000  0.419443  0
9.626667  0.419180  0
9.653333  0.418917  0
9.680000  0.418653  0
9.706667  0.418390  0
9.733333  0.418127  0
9.760000  0.417864  0
9.786667  0.417601  0
9.813333  0.417338  0
9.840000  0.417075  0
9.866667  0.416812  0
9.893333  0.416549  0
9.920000  0.416286  0
9.946667  0.416023  0
9.973333  0.415759  0
10.000000  0.415496  0
10.026667  0.415233  0
10.053333  0.414970  0
10.080000  0.414707  0
10.106667  0.414444  0
10.133333  0.414181  0
10.160000  0.413918  0
10.186667  0.413655  0
10.213333  0.413392  0
10.240000  0.413129  0
10.266667  0.412865  0
10.293333  0.412602  0
10.320000  0.412339  0
10.346667  0.412076  0
10.373333  0.411813  0
10.400000  0.411550  0
10.426667  0.411287  0
10.453333  0.411024  0
10.480000  0.410761  0
10.506667  0.410498  0
10.533333  0.410235  0
10.560000  0.409971  0
10.586667  0.409708  0
10.613333  0.409445  0
10.640000  0.409182  0
10.666667  0.408919  0
10.693333  0.408656  0
10.720000  0.408393  0
10.746667  0.408130  0
10.773333  0.407867  0
10.800000  0.407604  0
10.826667  0.407341  0
10.853333  0.407077  0
10.880000  0.406814  0
10.906667  0.406551  0
10.933333  0.406288  0
10.960000  0.406025  0
10.986667  0.405762  0
11.013333  0.405499  0
11.040000  0.405236  0
11.066667  0.404973  0
11.093333  0.404710  0
11.120000  0.404447  0
11.146667  0.404183  0
11.173333  0.403920  0
11.200000  0.403657  0
11.226667  0.403394  0
11.253333  0.403131  0
11.280000  0.402868  0
11.306667  0.402605  0
11.333333  0.402342  0
11.360000  0.402079  0
11.386667  0.401816  0
11.413333  0.401553  0
11.440000  0.401289  0
11.466667  0.401026  0
11.493333  0.400763  0
11.520000  0.400500  0
11.546667  0.400237  0
11.573333  0.399974  0
11.600000  0.399711  0
11.626667  0.399448  0
11.653333  0.399185  0
11.680000  0.398922  0
11.706667  0.398659  0
11.733333  0.398395  0
11.760000  0.398132  0
11.786667  0.397869  0
11.813333  0.397606  0
11.840000  0.397343  0
11.866667  0.397080  0
11.893333  0.396817  0
11.920000  0.396554  0
11.946667  0.396291  0
11.973333  0.396028  0
12.000000  0.395765  0
12.026667  0.395501  0
12.053333  0.395238  0
12.080000  0.394975  0
12.106667  0.394712  0
12.133333  0.394449  0
12.160000  0.394186  0
12.186667  0.393923  0
12.213333  0.393660  0
12.240000  0.393397  0
12.266667  0.393134  0
12.293333  0.392871  0
12.320000  0.392607  0
12.346667  0.392344  0
12.373333  0.392081  0
12.400000  0.391818  0
12.426667  0.391555  0
12.453333  0.391292  0
12.480000  0.391029  0
12.506667  0.390766  0
12.533333  0.390503  0
12.560000  0.390240  0
12.586667  0.389977  0
12.613333  0.389713  0
12.640000  0.389450  0
12.666667  0.389187  0
12.693333  0.388924  0
12.720000  0.388661  0
12.746667  0.388398  0
12.773333  0.388135  0
12.800000  0.387872  0
12.826667  0.387609  0
12.853333  0.387346  0
12.880000  0.387083  0
12.906667  0.386819  0
12.933333  0.386556  0
12.960000  0.386293  0
12.986667  0.386030  0
13.013333  0.385767  0
13.040000  0.385504  0
13.066667  0.385241  0
13.093333  0.384978  0
13.120000  0.384715  0
13.146667  0.384452  0
13.173333  0.384189  0
13.200000  0.383925  0
13.226667  0.383662  0
13.253333  0.383399  0
13.280000  0.383136  0
13.306667  0.382873  0
13.333333  0.382610  0
13.360000  0.382347  0
13.386667  0.382084  0
13.413333  0.381821  0
13.440000  0.381558  0
13.466667  0.381295  0
13.493333  0.381031  0
13.520000  0.380768  0
13.546667  0.380505  0
13.573333  0.380242  0
13.600000  0.379979  0
13.626667  0.379716  0
13.653333  0.379453  0
13.680000  0.379190  0
13.706667  0.378927  0
13.733333  0.378664  0
13.760000  0.378401  0
13.786667  0.378137  0
13.813333  0.377874  0
13.840000  0.377611  0
13.866667  0.377348  0
13.893333  0.377085  0
13.920000  0.376822  0
13.946667  0.376559  0
13.973333  0.376296  0
14.000000  0.376033  0
14.026667  0.375770  0
14.053333  0.375507  0
14.080000  0.375243  0
14.106667  0.374980  0
14.133333  0.374717  0
14.160000  0.374454  0
14.186667  0.374191  0
14.213333  0.373928  0
14.240000  0.373665  0
14.266667  0.373402  0
14.293333  0.373139  0
14.320000  0.372876  0
14.346667  0.372613  0
14.373333  0.372349  0
14.400000  0.372086  0
14.426667  0.371823  0
14.453333  0.371560  0
14.480000  0.371297  0
14.506667  0.371034  0
14.533333  0.370771  0
14.560000  0.370508  0
14.586667  0.370245  0
14.613333  0.369982  0
14.640000  0.369719  0
14.666667  0.369455  0
14.693333  0.369192  0
14.720000  0.368929  0
14.746667  0.368666  0
14.773333  0.368403  0
14.800000  0.368140  0
14.826667  0.367877  0
14.853333  0.367614  0
14.880000  0.367351  0
14.906667  0.367088  0
14.933333  0.366825  0
14.960000  0.366561  0
14.986667  0.366298  0
15.013333  0.366035  0
15.040000  0.365772  0
15.066667  0.365509  0
15.093333  0.365246  0
15.120000  0.364983  0
15.146667  0.364720  0
15.173333  0.364457  0
15.200000  0.364194  0
15.226667  0.363931  0
15.253333  0.363667  0
15.280000  0.363404  0
12.880000  0.528412  1
12.906667  0.527973  1
12.933333  0.527533  1
12.960000  0.527093  1
12.986667  0.526653  1
13.013333  0.526213  1
13.040000  0.525773  1
13.066667  0.525333  1
13.093333  0.524893  1
13.120000  0.524453  1
13.146667  0.524013  1
13.173333  0.523573  1
13.200000  0.523133  1
13.226667  0.522693  1
13.253333  0.522253  1
13.280000  0.521813  1
13.306667  0.521373  1
13.333333  0.520934  1
13.360000  0.520494  1
13.386667  0.520054  1
13.413333  0.519614  1
13.440000  0.519174  1
13.466667  0.518734  1
13.493333  0.518294  1
13.520000  0.517854  1
13.546667  0.517414  1
13.573333  0.516974  1
13.600000  0.516534  1
13.626667  0.516094  1
13.653333  0.515654  1
13.680000  0.515214  1
13.706667  0.514774  1
13.733333  0.514334  1
13.760000  0.513894  1
13.786667  0.513455  1
13.813333  0.513015  1
13.840000  0.512575  1
13.866667  0.512135  1
13.893333  0.511695  1
13.920000  0.511255  1
13.946667  0.510815  1
13.973333  0.510375  1
14.000000  0.509935  1
14.026667  0.509495  1
14.053333  0.509055  1
14.080000  0.508615  1
14.106667  0.508175  1
14.133333  0.507735  1
14.160000  0.507295  1
14.186667  0.506855  1
14.213333  0.506416  1
14.240000  0.505976  1
14.266667  0.505536  1
14.293333  0.505096  1
14.320000  0.504656  1
14.346667  0.504216  1
14.373333  0.503776  1
14.400000  0.503336  1
14.426667  0.502896  1
14.453333  0.502456  1
14.480000  0.502016  1
14.506667  0.501576  1
14.533333  0.501136  1
14.560000  0.500696  1
14.586667  0.500256  1
14.613333  0.499816  1
14.640000  0.499376  1
14.666667  0.498937  1
14.693333  0.498497  1
14.720000  0.498057  1
14.746667  0.497617  1
14.773333  0.497177  1
14.800000  0.496737  1
14.826667  0.496297  1
14.853333  0.495857  1
14.880000  0.495417  1
14.906667  0.494977  1
14.933333  0.494537  1
14.960000  0.494097  1
14.986667  0.493657  1
15.013333  0.493217  1
15.040000  0.492777  1
15.066667  0.492337  1
15.093333  0.491898  1
15.120000  0.491458  1
15.146667  0.491018  1
15.173333  0.490578  1
15.200000  0.490138  1
15.226667  0.489698  1
15.253333  0.489258  1
15.280000  0.488818  1
15.306667  0.488378  1
15.333333  0.487938  1
15.360000  0.487498  1
15.386667  0.487058  1
15.413333  0.486618  1
15.440000  0.486178  1
15.466667  0.485738  1
15.493333  0.485298  1
15.520000  0.484858  1
15.546667  0.484419  1
15.573333  0.483979  1
15.600000  0.483539  1
15.626667  0.483099  1
15.653333  0.482659  1
15.680000  0.482219  1
15.706667  0.481779  1
15.733333  0.481339  1
15.760000  0.480899  1
15.786667  0.480459  1
15.813333  0.480019  1
15.840000  0.479579  1
15.866667  0.479139  1
15.893333  0.478699  1
15.920000  0.478259  1
15.946667  0.477819  1
15.973333  0.477380  1
16.000000  0.476940  1
16.026667  0.476500  1
16.053333  0.476060  1
16.080000  0.475620  1
16.106667  0.475180  1
16.133333  0.474740  1
16.160000  0.474300  1
16.186667  0.473860  1
16.213333  0.473420  1
16.240000  0.472980  1
16.266667  0.472540  1
16.293333  0.472100  1
16.320000  0.471660  1
16.346667  0.471220  1
16.373333  0.470780  1
16.400000  0.470340  1
16.426667  0.469901  1
16.453333  0.469461  1
16.480000  0.469021  1
16.506667  0.468581  1
16.533333  0.468141  1
16.560000  0.467701  1
16.586667  0.467261  1
16.613333  0.466822  1
16.640000  0.466381  1
16.666667  0.465941  1
16.693333  0.465501  1
16.720000  0.465061  1
16.746667  0.464621  1
16.773333  0.464181  1
16.800000  0.463741  1
16.826667  0.463301  1
16.853333  0.462862  1
16.880000  0.462422  1
16.906667  0.461982  1
16.933333  0.461542  1
16.960000  0.461102  1
16.986667  0.460662  1
17.013333  0.460222  1
17.040000  0.459782  1
17.066667  0.459342  1
17.093333  0.458902  1
17.120000  0.458462  1
17.146667  0.458022  1
17.173333  0.457582  1
17.200000  0.457142  1
17.226667  0.456702  1
17.253333  0.456262  1
17.280000  0.455822  1
17.306667  0.455383  1
17.333333  0.454943  1
17.360000  0.454503  1
17.386667  0.454063  1
17.413333  0.453623  1
17.440000  0.453183  1
17.466667  0.452743  1
17.493333  0.452303  1
17.520000  0.451863  1
17.546667  0.451423  1
17.573333  0.450983  1
17.600000  0.450543  1
17.626667  0.450103  1
17.653333  0.449663  1
17.680000  0.449223  1
17.706667  0.448783  1
17.733333  0.448344  1
17.760000  0.447904  1
17.786667  0.447464  1
17.813333  0.447024  1
17.840000  0.446584  1
17.866667  0.446144  1
17.893333  0.445704  1
17.920000  0.445264  1
17.946667  0.444824  1
17.973333  0.444384  1
18.000000  0.443944  1
14.560000  0.592927  2
14.586667  0.592223  2
14.613333  0.591519  2
14.640000  0.590816  2
14.666667  0.590112  2
14.693333  0.589408  2
14.720000  0.588704  2
14.746667  0.588000  2
14.773333  0.587297  2
14.800000  0.586593  2
14.826667  0.585889  2
14.853333  0.585185  2
14.880000  0.584481  2
14.906667  0.583778  2
14.933333  0.583074  2
14.960000  0.582370  2
14.986667  0.581666  2
15.013333  0.580962  2
15.040000  0.580259  2
15.066667  0.579555  2
15.093333  0.578851  2
15.120000  0.578147  2
15.146667  0.577444  2
15.173333  0.576740  2
15.200000  0.576036  2
15.226667  0.575332  2
15.253333  0.574628  2
15.280000  0.573925  2
15.306667  0.573221  2
15.333333  0.572517  2
15.360000  0.571813  2
15.386667  0.571109  2
15.413333  0.570406  2
15.440000  0.569702  2
15.466667  0.568998  2
15.493333  0.568294  2
15.520000  0.567590  2
15.546667  0.566887  2
15.573333  0.566183  2
15.600000  0.565479  2
15.626667  0.564775  2
15.653333  0.564072  2
15.680000  0.563368  2
15.706667  0.562664  2
15.733333  0.561960  2
15.760000  0.561256  2
15.786667  0.560553  2
15.813333  0.559849  2
15.840000  0.559145  2
15.866667  0.558441  2
15.893333  0.557737  2
15.920000  0.557034  2
15.946667  0.556330  2
15.973333  0.555626  2
16.000000  0.554922  2
16.026667  0.554218  2
16.053333  0.553515  2
16.080000  0.552811  2
16.106667  0.552107  2
16.133333  0.551403  2
16.160000  0.550700  2
16.186667  0.549996  2
16.213333  0.549292  2
