2.773333  0.944394  0
2.800000  0.939715  0
2.826667  0.932875  0
2.853333  0.925609  0
2.880000  0.918309  0
2.906667  0.911008  0
2.933333  0.903708  0
2.960000  0.896407  0
2.986667  0.889106  0
3.013333  0.881805  0
3.040000  0.874504  0
3.066667  0.867204  0
3.093333  0.859903  0
3.120000  0.852602  0
3.146667  0.845301  0
3.173333  0.838001  0
3.200000  0.830700  0
3.226667  0.823402  0
3.253333  0.816148  0
3.280000  0.809151  0
3.306667  0.802875  0
3.333333  0.797522  0
3.360000  0.792671  0
3.386667  0.787926  0
3.413333  0.783190  0
3.440000  0.778455  0
3.466667  0.773719  0
3.493333  0.768984  0
3.520000  0.764248  0
3.546667  0.759512  0
3.573333  0.754777  0
3.600000  0.750041  0
3.626667  0.745305  0
3.653333  0.740570  0
3.680000  0.735834  0
3.706667  0.731098  0
3.733333  0.726363  0
3.760000  0.721627  0
3.786667  0.716891  0
3.813333  0.712156  0
3.840000  0.707420  0
3.866667  0.702685  0
3.893333  0.697949  0
3.920000  0.693213  0
3.946667  0.688478  0
3.973333  0.683742  0
4.000000  0.679006  0
4.026667  0.674271  0
4.053333  0.669541  0
4.080000  0.664878  0
4.106667  0.660552  0
4.133333  0.656927  0
4.160000  0.653969  0
4.186667  0.651307  0
4.213333  0.648703  0
4.240000  0.646103  0
4.266667  0.643503  0
4.293333  0.640903  0
4.320000  0.638303  0
4.346667  0.635703  0
4.373333  0.633103  0
4.400000  0.630503  0
4.426667  0.627903  0
4.453333  0.625303  0
4.480000  0.622703  0
4.506667  0.620103  0
4.533333  0.617503  0
4.560000  0.614903  0
4.586667  0.612303  0
4.613333  0.609703  0
4.640000  0.607103  0
4.666667  0.604503  0
4.693333  0.601904  0
4.720000  0.599304  0
4.746667  0.596704  0
4.773333  0.594104  0
4.800000  0.591504  0
4.826667  0.588904  0
4.853333  0.586304  0
4.880000  0.583704  0
4.906667  0.581104  0
4.933333  0.578504  0
4.960000  0.575904  0
4.986667  0.573304  0
5.013333  0.570704  0
5.040000  0.568104  0
5.066667  0.565504  0
5.093333  0.562904  0
5.120000  0.560304  0
5.146667  0.557704  0
5.173333  0.555104  0
5.200000  0.552505  0
5.226667  0.549913  0
5.253333  0.547391  0
5.280000  0.545134  0
5.306667  0.543288  0
5.333333  0.541686  0
5.360000  0.540138  0
5.386667  0.538595  0
5.413333  0.537051  0
5.440000  0.535508  0
5.466667  0.533964  0
5.493333  0.532421  0
5.520000  0.530878  0
5.546667  0.529334  0
5.573333  0.527791  0
5.600000  0.526247  0
5.626667  0.524704  0
5.653333  0.523160  0
5.680000  0.521617  0
5.706667  0.520073  0
5.733333  0.518530  0
5.760000  0.516986  0
5.786667  0.515443  0
5.813333  0.513899  0
5.840000  0.512356  0
5.866667  0.510812  0
5.893333  0.509269  0
5.920000  0.507726  0
5.946667  0.506182  0
5.973333  0.504639  0
6.000000  0.503095  0
6.026667  0.501552  0
6.053333  0.500008  0
6.080000  0.498465  0
6.106667  0.496921  0
6.133333  0.495378  0
6.160000  0.493834  0
6.186667  0.492291  0
6.213333  0.490747  0
6.240000  0.489204  0
6.266667  0.487660  0
6.293333  0.486117  0
6.320000  0.484573  0
6.346667  0.483030  0
6.373333  0.481487  0
6.400000  0.479943  0
6.426667  0.478400  0
6.453333  0.476856  0
6.480000  0.475313  0
6.506667  0.473769  0
6.533333  0.472226  0
6.560000  0.470682  0
6.586667  0.469139  0
6.613333  0.467595  0
6.640000  0.466052  0
6.666667  0.464508  0
6.693333  0.462965  0
6.720000  0.461422  0
6.746667  0.459881  0
6.773333  0.458374  0
6.800000  0.457038  0
6.826667  0.456071  0
6.853333  0.455473  0
6.880000  0.455044  0
6.906667  0.454650  0
6.933333  0.454258  0
6.960000  0.453866  0
6.986667  0.453474  0
7.013333  0.453082  0
7.040000  0.452690  0
7.066667  0.452298  0
7.093333  0.451906  0
7.120000  0.451514  0
7.146667  0.451123  0
7.173333  0.450731  0
7.200000  0.450339  0
7.226667  0.449947  0
7.253333  0.449555  0
7.280000  0.449163  0
7.306667  0.448771  0
7.333333  0.448379  0
7.360000  0.447987  0
7.386667  0.447595  0
7.413333  0.447203  0
7.440000  0.446811  0
7.466667  0.446420  0
7.493333  0.446028  0
7.520000  0.445636  0
7.546667  0.445244  0
7.573333  0.444852  0
7.600000  0.444460  0
7.626667  0.444068  0
7.653333  0.443676  0
7.680000  0.443284  0
7.706667  0.442892  0
7.733333  0.442500  0
7.760000  0.442108  0
7.786667  0.441717  0
7.813333  0.441325  0
7.840000  0.440933  0
7.866667  0.440541  0
7.893333  0.440149  0
7.920000  0.439757  0
7.946667  0.439365  0
7.973333  0.438973  0
8.000000  0.438581  0
8.026667  0.438189  0
8.053333  0.437797  0
8.080000  0.437406  0
8.106667  0.437014  0
8.133333  0.436622  0
8.160000  0.436230  0
8.186667  0.435838  0
8.213333  0.435446  0
8.240000  0.435054  0
8.266667  0.434662  0
8.293333  0.434270  0
8.320000  0.433878  0
8.346667  0.433486  0
8.373333  0.433094  0
8.400000  0.432703  0
8.426667  0.432311  0
8.453333  0.431919  0
8.480000  0.431527  0
8.506667  0.431135  0
8.533333  0.430743  0
8.560000  0.430351  0
8.586667  0.429959  0
8.613333  0.429567  0
8.640000  0.429175  0
8.666667  0.428783  0
8.693333  0.428391  0
8.720000  0.428000  0
8.746667  0.427608  0
8.773333  0.427216  0
8.800000  0.426824  0
8.826667  0.426432  0
8.853333  0.426040  0
8.880000  0.425648  0
8.906667  0.425256  0
8.933333  0.424864  0
8.960000  0.424472  0
8.986667  0.424080  0
9.013333  0.423688  0
9.040000  0.423297  0
9.066667  0.422905  0
9.093333  0.422513  0
9.120000  0.422121  0
9.146667  0.421729  0
9.173333  0.421337  0
9.200000  0.420945  0
9.226667  0.420553  0
9.253333  0.420161  0
9.280000  0.419769  0
9.306667  0.419377  0
9.333333  0.418986  0
9.360000  0.418594  0
9.386667  0.418202  0
9.413333  0.417810  0
9.440000  0.417418  0
9.466667  0.417026  0
9.493333  0.416634  0
9.520000  0.416242  0
9.546667  0.415850  0
9.573333  0.415458  0
9.600000  0.415066  0
9.626667  0.414674  0
9.653333  0.414283  0
9.680000  0.413891  0
9.706667  0.413499  0
9.733333  0.413107  0
9.760000  0.412715  0
9.786667  0.412323  0
9.813333  0.411931  0
9.840000  0.411539  0
9.866667  0.411147  0
9.893333  0.410755  0
9.920000  0.410363  0
9.946667  0.409971  0
9.973333  0.409580  0
10.000000  0.409188  0
10.026667  0.408796  0
10.053333  0.408404  0
10.080000  0.408012  0
10.106667  0.407620  0
10.133333  0.407228  0
10.160000  0.406836  0
10.186667  0.406444  0
10.213333  0.406052  0
10.240000  0.405660  0
10.266667  0.405268  0
10.293333  0.404877  0
10.320000  0.404485  0
10.346667  0.404093  0
10.373333  0.403701  0
10.400000  0.403309  0
10.426667  0.402917  0
10.453333  0.402525  0
10.480000  0.402133  0
10.506667  0.401741  0
10.533333  0.401349  0
10.560000  0.400957  0
10.586667  0.400565  0
10.613333  0.400174  0
10.640000  0.399782  0
10.666667  0.399390  0
10.693333  0.398998  0
10.720000  0.398606  0
10.746667  0.398214  0
10.773333  0.397822  0
10.800000  0.397430  0
10.826667  0.397038  0
10.853333  0.396646  0
10.880000  0.396254  0
10.906667  0.395863  0
10.933333  0.395471  0
10.960000  0.395079  0
10.986667  0.394687  0
11.013333  0.394295  0
11.040000  0.393903  0
11.066667  0.393511  0
11.093333  0.393119  0
11.120000  0.392727  0
11.146667  0.392335  0
11.173333  0.391943  0
11.200000  0.391551  0
11.226667  0.391160  0
11.253333  0.390768  0
11.280000  0.390376  0
11.306667  0.389984  0
11.333333  0.389592  0
11.360000  0.389200  0
11.386667  0.388808  0
11.413333  0.388416  0
11.440000  0.388024  0
11.466667  0.387632  0
11.493333  0.387240  0
11.520000  0.386848  0
11.546667  0.386457  0
11.573333  0.386065  0
11.600000  0.385673  0
11.626667  0.385281  0
11.653333  0.384889  0
11.680000  0.384497  0
11.706667  0.384106  0
11.733333  0.383727  0
11.760000  0.383395  0
11.786667  0.383138  0
11.813333  0.382926  0
11.840000  0.382723  0
11.866667  0.382522  0
11.893333  0.382320  0
11.920000  0.382119  0
11.946667  0.381917  0
11.973333  0.381716  0
12.000000  0.381514  0
12.026667  0.381313  0
12.053333  0.381111  0
12.080000  0.380909  0
12.106667  0.380708  0
12.133333  0.380506  0
12.160000  0.380305  0
12.186667  0.380103  0
12.213333  0.379902  0
12.240000  0.379700  0
12.266667  0.379499  0
12.293333  0.379297  0
12.320000  0.379096  0
12.346667  0.378894  0
12.373333  0.378693  0
12.400000  0.378491  0
12.426667  0.378290  0
12.453333  0.378088  0
12.480000  0.377887  0
12.506667  0.377685  0
12.533333  0.377484  0
12.560000  0.377282  0
12.586667  0.377081  0
12.613333  0.376879  0
12.640000  0.376678  0
12.666667  0.376476  0
12.693333  0.376275  0
12.720000  0.376073  0
12.746667  0.375872  0
12.773333  0.375670  0
12.800000  0.375469  0
12.826667  0.375267  0
12.853333  0.375066  0
12.880000  0.374864  0
12.906667  0.374662  0
12.933333  0.374461  0
12.960000  0.374259  0
12.986667  0.374058  0
13.013333  0.373856  0
13.040000  0.373655  0
13.066667  0.373453  0
13.093333  0.373252  0
13.120000  0.373050  0
13.146667  0.372849  0
13.173333  0.372647  0
13.200000  0.372446  0
13.226667  0.372244  0
13.253333  0.372043  0
13.280000  0.371841  0
13.306667  0.371640  0
13.333333  0.371438  0
13.360000  0.371237  0
13.386667  0.371035  0
13.413333  0.370834  0
13.440000  0.370632  0
13.466667  0.370431  0
13.493333  0.370229  0
13.520000  0.370028  0
13.546667  0.369826  0
13.573333  0.369625  0
13.600000  0.369423  0
13.626667  0.369222  0
13.653333  0.369020  0
13.680000  0.368818  0
13.706667  0.368617  0
13.733333  0.368415  0
13.760000  0.368214  0
13.786667  0.368012  0
13.813333  0.367811  0
13.840000  0.367609  0
13.866667  0.367408  0
13.893333  0.367206  0
13.920000  0.367005  0
13.946667  0.366803  0
13.973333  0.366602  0
14.000000  0.366400  0
14.026667  0.366199  0
14.053333  0.365997  0
14.080000  0.365796  0
14.106667  0.365594  0
14.133333  0.365393  0
14.160000  0.365191  0
14.186667  0.364990  0
14.213333  0.364788  0
14.240000  0.364587  0
14.266667  0.364385  0
14.293333  0.364184  0
14.320000  0.363982  0
14.346667  0.363781  0
14.373333  0.363579  0
14.400000  0.363378  0
14.426667  0.363176  0
14.453333  0.362975  0
14.480000  0.362773  0
14.506667  0.362571  0
14.533333  0.362370  0
14.560000  0.362168  0
14.586667  0.361967  0
14.613333  0.361765  0
14.640000  0.361564  0
14.666667  0.361362  0
14.693333  0.361161  0
14.720000  0.360959  0
14.746667  0.360758  0
14.773333  0.360556  0
14.800000  0.360355  0
14.826667  0.360153  0
14.853333  0.359952  0
14.880000  0.359750  0
14.906667  0.359550  0
14.933333  0.359361  0
14.960000  0.359232  0
11.573333  0.576541  1
11.600000  0.575992  1
11.626667  0.575444  1
11.653333  0.574896  1
11.680000  0.574348  1
11.706667  0.573800  1
11.733333  0.573251  1
11.760000  0.572703  1
11.786667  0.572155  1
11.813333  0.571607  1
11.840000  0.571058  1
11.866667  0.570510  1
11.893333  0.569962  1
11.920000  0.569414  1
11.946667  0.568866  1
11.973333  0.568317  1
12.000000  0.567769  1
12.026667  0.567221  1
12.053333  0.566673  1
12.080000  0.566124  1
12.106667  0.565576  1
12.133333  0.565028  1
12.160000  0.564480  1
12.186667  0.563932  1
12.213333  0.563383  1
12.240000  0.562835  1
12.266667  0.562287  1
12.293333  0.561739  1
12.320000  0.561191  1
12.346667  0.560642  1
12.373333  0.560094  1
12.400000  0.559546  1
12.426667  0.558998  1
12.453333  0.558449  1
12.480000  0.557901  1
12.506667  0.557353  1
12.533333  0.556805  1
12.560000  0.556257  1
12.586667  0.555708  1
12.613333  0.555160  1
12.640000  0.554612  1
12.666667  0.554064  1
12.693333  0.553516  1
12.720000  0.552967  1
12.746667  0.552419  1
12.773333  0.551871  1
12.800000  0.551323  1
12.826667  0.550774  1
12.853333  0.550226  1
12.880000  0.549678  1
12.906667  0.549130  1
12.933333  0.548582  1
12.960000  0.548033  1
12.986667  0.547485  1
13.013333  0.546937  1
13.040000  0.546389  1
13.066667  0.545841  1
13.093333  0.545292  1
13.120000  0.544744  1
13.146667  0.544196  1
13.173333  0.543648  1
13.200000  0.543099  1
13.226667  0.542551  1
13.253333  0.542003  1
13.280000  0.541455  1
13.306667  0.540907  1
13.333333  0.540358  1
13.360000  0.539810  1
13.386667  0.539262  1
13.413333  0.538714  1
13.440000  0.538166  1
13.466667  0.537617  1
13.493333  0.537069  1
13.520000  0.536521  1
13.546667  0.535973  1
13.573333  0.535424  1
13.600000  0.534876  1
13.626667  0.534328  1
13.653333  0.533780  1
13.680000  0.533232  1
13.706667  0.532683  1
13.733333  0.532135  1
13.760000  0.531587  1
13.786667  0.531039  1
13.813333  0.530490  1
13.840000  0.529942  1
13.866667  0.529394  1
13.893333  0.528846  1
13.920000  0.528298  1
13.946667  0.527749  1
13.973333  0.527201  1
14.000000  0.526653  1
14.026667  0.526105  1
14.053333  0.525557  1
14.080000  0.525008  1
14.106667  0.524460  1
14.133333  0.523912  1
14.160000  0.523364  1
14.186667  0.522815  1
14.213333  0.522267  1
14.240000  0.521719  1
14.266667  0.521171  1
14.293333  0.520623  1
14.320000  0.520074  1
14.346667  0.519526  1
14.373333  0.518978  1
14.400000  0.518430  1
14.426667  0.517882  1
14.453333  0.517333  1
14.480000  0.516785  1
14.506667  0.516237  1
14.533333  0.515689  1
14.560000  0.515140  1
14.586667  0.514592  1
14.613333  0.514044  1
14.640000  0.513496  1
14.666667  0.512948  1
14.693333  0.512399  1
14.720000  0.511851  1
14.746667  0.511303  1
14.773333  0.510755  1
14.800000  0.510207  1
14.826667  0.509658  1
14.853333  0.509110  1
14.880000  0.508562  1
14.906667  0.508014  1
14.933333  0.507465  1
14.960000  0.506917  1
14.986667  0.506369  1
15.013333  0.505821  1
15.040000  0.505273  1
15.066667  0.504724  1
15.093333  0.504176  1
15.120000  0.503628  1
15.146667  0.503080  1
15.173333  0.502532  1
15.200000  0.501983  1
15.226667  0.501435  1
15.253333  0.500887  1
15.280000  0.500339  1
15.306667  0.499790  1
15.333333  0.499242  1
15.360000  0.498694  1
15.386667  0.498146  1
15.413333  0.497598  1
15.440000  0.497049  1
15.466667  0.496501  1
15.493333  0.495953  1
15.520000  0.495405  1
15.546667  0.494857  1
15.573333  0.494308  1
15.600000  0.493760  1
15.626667  0.493212  1
15.653333  0.492664  1
15.680000  0.492115  1
15.706667  0.491567  1
15.733333  0.491019  1
15.760000  0.490471  1
15.786667  0.489923  1
15.813333  0.489374  1
15.840000  0.488826  1
8.426667  0.822328  2
8.453333  0.820948  2
8.480000  0.819567  2
8.506667  0.818186  2
8.533333  0.816805  2
8.560000  0.815424  2
8.586667  0.814043  2
8.613333  0.812662  2
8.640000  0.811281  2
8.666667  0.809900  2
8.693333  0.808519  2
8.720000  0.807138  2
8.746667  0.805757  2
8.773333  0.804377  2
8.800000  0.802996  2
8.826667  0.801615  2
8.853333  0.800234  2
8.880000  0.798853  2
8.906667  0.797472  2
8.933333  0.796091  2
8.960000  0.794710  2
8.986667  0.793329  2
9.013333  0.791948  2
9.040000  0.790567  2
9.066667  0.789186  2
9.093333  0.787805  2
9.120000  0.786425  2
9.146667  0.785044  2
9.173333  0.783663  2
9.200000  0.782282  2
9.226667  0.780901  2
9.253333  0.779520  2
9.280000  0.778139  2
9.306667  0.776758  2
9.333333  0.775377  2
9.360000  0.773996  2
9.386667  0.772615  2
9.413333  0.771234  2
9.440000  0.769853  2
9.466667  0.768473  2
9.493333  0.767092  2
9.520000  0.765711  2
9.546667  0.764330  2
9.573333  0.762949  2
9.600000  0.761568  2
9.626667  0.760187  2
9.653333  0.758806  2
9.680000  0.757425  2
9.706667  0.756044  2
9.733333  0.754663  2
9.760000  0.753282  2
9.786667  0.751902  2
9.813333  0.750521  2
9.840000  0.749140  2
9.866667  0.747759  2
9.893333  0.746378  2
9.920000  0.744997  2
9.946667  0.743616  2
9.973333  0.742235  2
10.000000  0.740854  2
10.026667  0.739473  2
10.053333  0.738362  2
10.080000  0.737598  2
10.106667  0.736833  2
10.133333  0.736069  2
10.160000  0.735304  2
10.186667  0.734540  2
10.213333  0.733775  2
10.240000  0.733011  2
10.266667  0.732247  2
10.293333  0.731482  2
10.320000  0.730718  2
10.346667  0.729953  2
10.373333  0.729189  2
10.400000  0.728424  2
10.426667  0.727660  2
10.453333  0.726895  2
10.480000  0.726131  2
10.506667  0.725367  2
10.533333  0.724602  2
10.560000  0.723838  2
10.586667  0.723073  2
10.613333  0.722309  2
10.640000  0.721544  2
10.666667  0.720780  2
10.693333  0.720016  2
10.720000  0.719251  2
10.746667  0.718487  2
10.773333  0.717722  2
10.800000  0.716958  2
10.826667  0.716193  2
10.853333  0.715429  2
10.880000  0.714664  2
10.906667  0.713900  2
10.933333  0.713136  2
10.960000  0.712371  2
10.986667  0.711607  2
11.013333  0.710842  2
11.040000  0.710078  2
11.066667  0.709313  2
11.093333  0.708549  2
11.120000  0.707785  2
11.146667  0.707020  2
11.173333  0.706256  2
11.200000  0.705491  2
11.226667  0.704727  2
11.253333  0.703962  2
11.280000  0.703198  2
11.306667  0.702433  2
11.333333  0.701669  2
11.360000  0.700905  2
11.386667  0.700140  2
11.413333  0.699376  2
11.440000  0.698611  2
11.466667  0.697847  2
11.493333  0.697082  2
11.520000  0.696318  2
11.546667  0.695554  2
11.573333  0.694789  2
11.600000  0.694025  2
11.626667  0.693260  2
11.653333  0.692496  2
11.680000  0.691731  2
11.706667  0.690967  2
11.733333  0.690202  2
11.760000  0.689438  2
11.786667  0.688674  2
11.813333  0.687909  2
11.840000  0.687145  2
11.866667  0.686380  2
11.893333  0.685616  2
11.920000  0.684851  2
11.946667  0.684087  2
11.973333  0.683322  2
12.000000  0.682558  2
12.026667  0.681794  2
12.053333  0.681029  2
12.080000  0.680265  2
12.106667  0.679500  2
12.133333  0.678736  2
12.160000  0.677971  2
12.186667  0.677207  2
12.213333  0.676443  2
12.240000  0.675678  2
12.266667  0.674914  2
12.293333  0.674149  2
12.320000  0.673385  2
12.346667  0.672620  2
12.373333  0.671856  2
12.400000  0.671091  2
12.426667  0.670327  2
12.453333  0.669563  2
12.480000  0.668798  2
12.506667  0.668034  2
12.533333  0.667269  2
12.560000  0.666505  2
12.586667  0.665740  2
12.613333  0.664976  2
12.640000  0.664212  2
12.666667  0.663447  2
12.693333  0.662683  2
12.720000  0.661918  2
12.746667  0.661154  2
12.773333  0.660389  2
12.800000  0.659625  2
12.826667  0.658860  2
12.853333  0.658096  2
12.880000  0.657332  2
12.906667  0.656567  2
12.933333  0.655803  2
12.960000  0.655038  2
12.986667  0.654274  2
13.013333  0.653509  2
13.040000  0.652745  2
13.066667  0.651981  2
13.093333  0.651216  2
13.120000  0.650452  2
13.146667  0.649687  2
13.173333  0.648923  2
13.200000  0.648158  2
13.226667  0.647394  2
13.253333  0.646629  2
13.280000  0.645865  2
13.306667  0.645101  2
13.333333  0.644336  2
13.360000  0.643572  2
13.386667  0.642807  2
13.413333  0.642043  2
13.440000  0.641278  2
13.466667  0.640514  2
13.493333  0.639749  2
13.520000  0.638985  2
13.546667  0.638221  2
13.573333  0.637456  2
13.600000  0.636692  2
13.626667  0.635927  2
13.653333  0.635163  2
13.680000  0.634398  2
13.706667  0.633634  2
13.733333  0.632870  2
13.760000  0.632105  2
13.786667  0.631341  2
13.813333  0.630576  2
13.840000  0.629812  2
13.866667  0.629047  2
13.893333  0.628283  2
13.920000  0.627518  2
13.946667  0.626754  2
13.973333  0.625990  2
14.000000  0.625225  2
14.026667  0.624461  2
14.053333  0.623696  2
14.080000  0.622932  2
14.106667  0.622167  2
14.133333  0.621403  2
14.160000  0.620639  2
14.186667  0.619874  2
14.213333  0.619110  2
14.240000  0.618345  2
14.266667  0.617581  2
14.293333  0.616816  2
14.320000  0.616052  2
14.346667  0.615287  2
14.373333  0.614523  2
14.400000  0.613759  2
14.426667  0.613272  2
14.453333  0.612916  2
14.480000  0.612561  2
14.506667  0.612206  2
14.533333  0.611851  2
14.560000  0.611496  2
14.586667  0.611141  2
14.613333  0.610786  2
14.640000  0.610431  2
14.666667  0.610076  2
14.693333  0.609721  2
14.720000  0.609366  2
14.746667  0.609010  2
14.773333  0.608655  2
14.800000  0.608300  2
14.826667  0.607945  2
14.853333  0.607590  2
14.880000  0.607235  2
14.906667  0.606880  2
14.933333  0.606525  2
14.960000  0.606170  2
14.986667  0.605815  2
15.013333  0.605459  2
15.040000  0.605104  2
15.066667  0.604749  2
15.093333  0.604394  2
15.120000  0.604039  2
15.146667  0.603684  2
15.173333  0.603329  2
15.200000  0.602974  2
15.226667  0.602619  2
15.253333  0.602264  2
15.280000  0.601909  2
15.306667  0.601553  2
15.333333  0.601198  2
15.360000  0.600843  2
15.386667  0.600488  2
15.413333  0.600133  2
15.440000  0.599778  2
15.466667  0.599423  2
15.493333  0.599068  2
15.520000  0.598713  2
15.546667  0.598358  2
15.573333  0.598003  2
15.600000  0.597647  2
15.626667  0.597292  2
15.653333  0.596937  2
15.680000  0.596582  2
15.706667  0.596227  2
15.733333  0.595872  2
15.760000  0.595517  2
15.786667  0.595162  2
15.813333  0.594807  2
15.840000  0.594452  2
15.866667  0.594096  2
15.893333  0.593741  2
15.920000  0.593386  2
15.946667  0.593031  2
15.973333  0.592676  2
16.000000  0.592321  2
16.026667  0.591966  2
16.053333  0.591611  2
16.080000  0.591256  2
16.106667  0.590901  2
16.133333  0.590546  2
16.160000  0.590190  2
16.186667  0.589835  2
16.213333  0.589480  2
16.240000  0.589125  2
16.266667  0.588770  2
16.293333  0.588415  2
16.320000  0.588060  2
16.346667  0.587705  2
16.373333  0.587350  2
16.400000  0.586995  2
16.426667  0.586640  2
16.453333  0.586284  2
16.480000  0.585929  2
16.506667  0.585574  2
16.533333  0.585219  2
16.560000  0.584864  2
16.586667  0.584509  2
16.613333  0.584154  2
16.640000  0.583799  2
16.666667  0.583444  2
16.693333  0.583089  2
16.720000  0.582733  2
16.746667  0.582378  2
16.773333  0.582023  2
16.800000  0.581668  2
16.826667  0.581313  2
16.853333  0.580958  2
16.880000  0.580603  2
16.906667  0.580248  2
16.933333  0.579893  2
16.960000  0.579538  2
16.986667  0.579183  2
17.013333  0.578827  2
17.040000  0.578472  2
17.066667  0.578117  2
17.093333  0.577762  2
17.120000  0.577407  2
13.786667  0.794677  3
13.813333  0.793686  3
13.840000  0.792695  3
13.866667  0.791704  3
13.893333  0.790713  3
13.920000  0.789722  3
13.946667  0.788731  3
13.973333  0.787740  3
14.000000  0.786749  3
14.026667  0.785759  3
14.053333  0.784768  3
14.080000  0.783777  3
14.106667  0.782786  3
14.133333  0.781795  3
14.160000  0.780804  3
14.186667  0.779813  3
14.213333  0.778822  3
14.240000  0.777831  3
14.266667  0.776840  3
14.293333  0.775849  3
14.320000  0.774858  3
14.346667  0.773867  3
14.373333  0.772876  3
14.400000  0.771885  3
14.426667  0.770894  3
14.453333  0.769903  3
14.480000  0.768912  3
14.506667  0.767921  3
14.533333  0.766930  3
14.560000  0.765939  3
14.586667  0.764948  3
14.613333  0.763957  3
14.640000  0.762966  3
14.666667  0.761975  3
14.693333  0.760985  3
14.720000  0.759994  3
14.746667  0.759003  3
14.773333  0.758012  3
14.800000  0.757021  3
14.826667  0.756030  3
14.853333  0.755039  3
14.880000  0.754048  3
14.906667  0.753057  3
14.933333  0.752066  3
14.960000  0.751075  3
14.986667  0.750084  3
15.013333  0.749093  3
15.040000  0.748102  3
15.066667  0.747111  3
15.093333  0.746120  3
15.120000  0.745129  3
15.146667  0.744138  3
15.173333  0.743147  3
15.200000  0.742156  3
15.226667  0.741165  3
15.253333  0.740174  3
15.280000  0.739183  3
15.306667  0.738192  3
15.333333  0.737201  3
15.360000  0.736211  3
15.386667  0.735220  3
15.413333  0.734229  3
15.440000  0.733238  3
15.466667  0.732247  3
15.493333  0.731256  3
15.520000  0.730265  3
15.546667  0.729274  3
15.573333  0.728283  3
15.600000  0.727292  3
15.626667  0.726301  3
15.653333  0.725310  3
15.680000  0.724319  3
15.706667  0.723328  3
