3.173333  0.803232  0
3.200000  0.799095  0
3.226667  0.794957  0
3.253333  0.790820  0
3.280000  0.786682  0
3.306667  0.782545  0
3.333333  0.778407  0
3.360000  0.774270  0
3.386667  0.770132  0
3.413333  0.765994  0
3.440000  0.761857  0
3.466667  0.757719  0
3.493333  0.753582  0
3.520000  0.749444  0
3.546667  0.745307  0
3.573333  0.741169  0
3.600000  0.737031  0
3.626667  0.732894  0
3.653333  0.728756  0
3.680000  0.724619  0
3.706667  0.720481  0
3.733333  0.716344  0
3.760000  0.712206  0
3.786667  0.708069  0
3.813333  0.703931  0
3.840000  0.699793  0
3.866667  0.695656  0
3.893333  0.691518  0
3.920000  0.687381  0
3.946667  0.683243  0
3.973333  0.679106  0
4.000000  0.674968  0
4.026667  0.672263  0
4.053333  0.669558  0
4.080000  0.666852  0
4.106667  0.664147  0
4.133333  0.661507  0
4.160000  0.659140  0
4.186667  0.656773  0
4.213333  0.654405  0
4.240000  0.652038  0
4.266667  0.649671  0
4.293333  0.647304  0
4.320000  0.644936  0
4.346667  0.642569  0
4.373333  0.640202  0
4.400000  0.637834  0
4.426667  0.635467  0
4.453333  0.633100  0
4.480000  0.630732  0
4.506667  0.628365  0
4.533333  0.625998  0
4.560000  0.623631  0
4.586667  0.621263  0
4.613333  0.618896  0
4.640000  0.616529  0
4.666667  0.614161  0
4.693333  0.611794  0
4.720000  0.609444  0
4.746667  0.607938  0
4.773333  0.606431  0
4.800000  0.604925  0
4.826667  0.603418  0
4.853333  0.601912  0
4.880000  0.600405  0
4.906667  0.598899  0
4.933333  0.597392  0
4.960000  0.595886  0
4.986667  0.594379  0
5.013333  0.592873  0
5.040000  0.591366  0
5.066667  0.589860  0
5.093333  0.588354  0
5.120000  0.586847  0
5.146667  0.585341  0
5.173333  0.583834  0
5.200000  0.582328  0
5.226667  0.580821  0
5.253333  0.579315  0
5.280000  0.577808  0
5.306667  0.576302  0
5.333333  0.574795  0
5.360000  0.573289  0
5.386667  0.571782  0
5.413333  0.570276  0
5.440000  0.568770  0
5.466667  0.567263  0
5.493333  0.565757  0
5.520000  0.564250  0
5.546667  0.562744  0
5.573333  0.561237  0
5.600000  0.559731  0
5.626667  0.558224  0
5.653333  0.556718  0
5.680000  0.555211  0
5.706667  0.553705  0
5.733333  0.552607  0
5.760000  0.551930  0
5.786667  0.551254  0
5.813333  0.550577  0
5.840000  0.549901  0
5.866667  0.549225  0
5.893333  0.548548  0
5.920000  0.547872  0
5.946667  0.547196  0
5.973333  0.546519  0
6.000000  0.545843  0
6.026667  0.545167  0
6.053333  0.544490  0
6.080000  0.543814  0
6.106667  0.543137  0
6.133333  0.542461  0
6.160000  0.541785  0
6.186667  0.541108  0
6.213333  0.540432  0
6.240000  0.539756  0
6.266667  0.539079  0
6.293333  0.538403  0
6.320000  0.537726  0
6.346667  0.537050  0
6.373333  0.536374  0
6.400000  0.535697  0
6.426667  0.535021  0
6.453333  0.534345  0
6.480000  0.533668  0
6.506667  0.532992  0
6.533333  0.532316  0
6.560000  0.531639  0
6.586667  0.530963  0
6.613333  0.530286  0
6.640000  0.529610  0
6.666667  0.528934  0
6.693333  0.528453  0
6.720000  0.528069  0
6.746667  0.527685  0
6.773333  0.527301  0
6.800000  0.526917  0
6.826667  0.526534  0
6.853333  0.526150  0
6.880000  0.525766  0
6.906667  0.525382  0
6.933333  0.524998  0
6.960000  0.524614  0
6.986667  0.524230  0
7.013333  0.523846  0
7.040000  0.523463  0
7.066667  0.523079  0
7.093333  0.522695  0
7.120000  0.522311  0
7.146667  0.521927  0
7.173333  0.521543  0
7.200000  0.521159  0
7.226667  0.520775  0
7.253333  0.520391  0
7.280000  0.520008  0
7.306667  0.519624  0
7.333333  0.519240  0
7.360000  0.518856  0
7.386667  0.518472  0
7.413333  0.518088  0
7.440000  0.517704  0
7.466667  0.517320  0
7.493333  0.516936  0
7.520000  0.516553  0
7.546667  0.516169  0
7.573333  0.515785  0
7.600000  0.515401  0
7.626667  0.515017  0
7.653333  0.514633  0
7.680000  0.514249  0
7.706667  0.513865  0
7.733333  0.513481  0
7.760000  0.513098  0
7.786667  0.512714  0
7.813333  0.512330  0
7.840000  0.511946  0
7.866667  0.511562  0
7.893333  0.511178  0
7.920000  0.510794  0
7.946667  0.510410  0
7.973333  0.510027  0
8.000000  0.509643  0
8.026667  0.509259  0
8.053333  0.508875  0
8.080000  0.508491  0
8.106667  0.508107  0
8.133333  0.507723  0
8.160000  0.507339  0
8.186667  0.506955  0
8.213333  0.506572  0
8.240000  0.506188  0
8.266667  0.505804  0
8.293333  0.505420  0
8.320000  0.505036  0
8.346667  0.504652  0
8.373333  0.504362  0
8.400000  0.504146  0
8.426667  0.503931  0
8.453333  0.503716  0
8.480000  0.503501  0
8.506667  0.503286  0
8.533333  0.503070  0
8.560000  0.502855  0
8.586667  0.502640  0
8.613333  0.502425  0
8.640000  0.502209  0
8.666667  0.501994  0
8.693333  0.501779  0
8.720000  0.501564  0
8.746667  0.501349  0
8.773333  0.501133  0
8.800000  0.500918  0
8.826667  0.500703  0
8.853333  0.500488  0
8.880000  0.500273  0
8.906667  0.500057  0
8.933333  0.499842  0
8.960000  0.499627  0
8.986667  0.499412  0
9.013333  0.499197  0
9.040000  0.498981  0
9.066667  0.498766  0
9.093333  0.498551  0
9.120000  0.498336  0
9.146667  0.498121  0
9.173333  0.497905  0
9.200000  0.497690  0
9.226667  0.497475  0
9.253333  0.497260  0
9.280000  0.497044  0
9.306667  0.496829  0
9.333333  0.496614  0
9.360000  0.496399  0
9.386667  0.496184  0
9.413333  0.495968  0
9.440000  0.495753  0
9.466667  0.495538  0
9.493333  0.495323  0
9.520000  0.495108  0
9.546667  0.494892  0
9.573333  0.494677  0
9.600000  0.494462  0
9.626667  0.494247  0
9.653333  0.494032  0
9.680000  0.493816  0
9.706667  0.493601  0
9.733333  0.493386  0
9.760000  0.493171  0
9.786667  0.492956  0
9.813333  0.492740  0
9.840000  0.492525  0
9.866667  0.492310  0
9.893333  0.492095  0
9.920000  0.491879  0
9.946667  0.491664  0
9.973333  0.491449  0
10.000000  0.491234  0
10.026667  0.491019  0
10.053333  0.490803  0
10.080000  0.490588  0
10.106667  0.490373  0
10.133333  0.490158  0
10.160000  0.489943  0
10.186667  0.489727  0
10.213333  0.489512  0
10.240000  0.489297  0
10.266667  0.489082  0
10.293333  0.488867  0
10.320000  0.488651  0
10.346667  0.488436  0
10.373333  0.488221  0
10.400000  0.488006  0
10.426667  0.487791  0
10.453333  0.487575  0
10.480000  0.487360  0
10.506667  0.487145  0
10.533333  0.486930  0
10.560000  0.486714  0
10.586667  0.486499  0
10.613333  0.486284  0
10.640000  0.486069  0
10.666667  0.485854  0
10.693333  0.485638  0
10.720000  0.485423  0
10.746667  0.485208  0
10.773333  0.484993  0
10.800000  0.484778  0
10.826667  0.484562  0
10.853333  0.484347  0
10.880000  0.484132  0
10.906667  0.483917  0
10.933333  0.483702  0
10.960000  0.483486  0
10.986667  0.483271  0
11.013333  0.483056  0
11.040000  0.482841  0
11.066667  0.482626  0
11.093333  0.482410  0
11.120000  0.482195  0
11.146667  0.481980  0
11.173333  0.481765  0
11.200000  0.481549  0
11.226667  0.481334  0
11.253333  0.481119  0
11.280000  0.480904  0
11.306667  0.480689  0
11.333333  0.480473  0
11.360000  0.480258  0
11.386667  0.480034  0
11.413333  0.479810  0
11.440000  0.479587  0
11.466667  0.479363  0
11.493333  0.479139  0
11.520000  0.478915  0
11.546667  0.478692  0
11.573333  0.478468  0
11.600000  0.478244  0
11.626667  0.478020  0
11.653333  0.477797  0
11.680000  0.477573  0
11.706667  0.477349  0
11.733333  0.477125  0
11.760000  0.476901  0
11.786667  0.476678  0
11.813333  0.476454  0
11.840000  0.476230  0
11.866667  0.476006  0
11.893333  0.475783  0
11.920000  0.475559  0
11.946667  0.475335  0
11.973333  0.475111  0
12.000000  0.474887  0
12.026667  0.474664  0
12.053333  0.474440  0
12.080000  0.474216  0
12.106667  0.473992  0
12.133333  0.473769  0
12.160000  0.473545  0
12.186667  0.473321  0
12.213333  0.473097  0
12.240000  0.472874  0
12.266667  0.472650  0
12.293333  0.472426  0
12.320000  0.472202  0
12.346667  0.471978  0
12.373333  0.471755  0
12.400000  0.471531  0
12.426667  0.471307  0
12.453333  0.471083  0
12.480000  0.470860  0
12.506667  0.470636  0
12.533333  0.470412  0
12.560000  0.470188  0
12.586667  0.469964  0
12.613333  0.469741  0
12.640000  0.469517  0
12.666667  0.469293  0
12.693333  0.469069  0
12.720000  0.468846  0
12.746667  0.468622  0
12.773333  0.468398  0
12.800000  0.468174  0
12.826667  0.467951  0
12.853333  0.467727  0
12.880000  0.467503  0
12.906667  0.467279  0
12.933333  0.467055  0
12.960000  0.466832  0
12.986667  0.466608  0
13.013333  0.466384  0
13.040000  0.466160  0
13.066667  0.465937  0
13.093333  0.465713  0
13.120000  0.465489  0
13.146667  0.465265  0
13.173333  0.465041  0
13.200000  0.464818  0
13.226667  0.464594  0
13.253333  0.464370  0
13.280000  0.464146  0
13.306667  0.463923  0
13.333333  0.463699  0
13.360000  0.463475  0
13.386667  0.463251  0
13.413333  0.463028  0
13.440000  0.462804  0
13.466667  0.462580  0
13.493333  0.462356  0
13.520000  0.462132  0
13.546667  0.461909  0
13.573333  0.461685  0
13.600000  0.461461  0
13.626667  0.461237  0
13.653333  0.461014  0
13.680000  0.460790  0
13.706667  0.460566  0
13.733333  0.460342  0
13.760000  0.460118  0
13.786667  0.459895  0
13.813333  0.459671  0
13.840000  0.459447  0
13.866667  0.459223  0
13.893333  0.459000  0
13.920000  0.458776  0
13.946667  0.458552  0
13.973333  0.458328  0
14.000000  0.458105  0
14.026667  0.457881  0
14.053333  0.457657  0
14.080000  0.457433  0
14.106667  0.457209  0
14.133333  0.456986  0
14.160000  0.456762  0
14.186667  0.456538  0
14.213333  0.456314  0
14.240000  0.456091  0
14.266667  0.455867  0
14.293333  0.455643  0
14.320000  0.455419  0
14.346667  0.455195  0
14.373333  0.454972  0
14.400000  0.454748  0
14.426667  0.454524  0
14.453333  0.454300  0
14.480000  0.454077  0
14.506667  0.453853  0
14.533333  0.453629  0
14.560000  0.453405  0
14.586667  0.453182  0
14.613333  0.452958  0
14.640000  0.452734  0
14.666667  0.452510  0
14.693333  0.452286  0
14.720000  0.452063  0
14.746667  0.451839  0
14.773333  0.451615  0
14.800000  0.451391  0
14.826667  0.451168  0
14.853333  0.450944  0
14.880000  0.450720  0
14.906667  0.450496  0
14.933333  0.450272  0
14.960000  0.450049  0
14.986667  0.449825  0
15.013333  0.449601  0
15.040000  0.449377  0
15.066667  0.449154  0
15.093333  0.448930  0
15.120000  0.448706  0
15.146667  0.448482  0
15.173333  0.448259  0
15.200000  0.448035  0
15.226667  0.447811  0
15.253333  0.447587  0
15.280000  0.447363  0
15.306667  0.447140  0
15.333333  0.446916  0
15.360000  0.446692  0
15.386667  0.446468  0
15.413333  0.446245  0
15.440000  0.446021  0
15.466667  0.445797  0
15.493333  0.445573  0
15.520000  0.445349  0
15.546667  0.445126  0
15.573333  0.444902  0
15.600000  0.444678  0
15.626667  0.444454  0
15.653333  0.444231  0
15.680000  0.444007  0
15.706667  0.443783  0
15.733333  0.443559  0
15.760000  0.443336  0
15.786667  0.443112  0
15.813333  0.442888  0
15.840000  0.442664  0
15.866667  0.442440  0
15.893333  0.442217  0
15.920000  0.441993  0
15.946667  0.441769  0
15.973333  0.441545  0
16.000000  0.441322  0
16.026667  0.441098  0
16.053333  0.440874  0
16.080000  0.440650  0
16.106667  0.440426  0
16.133333  0.440203  0
16.160000  0.439979  0
16.186667  0.439755  0
16.213333  0.439531  0
16.240000  0.439308  0
16.266667  0.439084  0
16.293333  0.438860  0
16.320000  0.438636  0
16.346667  0.438413  0
16.373333  0.438189  0
16.400000  0.437965  0
16.426667  0.437741  0
16.453333  0.437517  0
16.480000  0.437294  0
16.506667  0.437070  0
16.533333  0.436846  0
16.560000  0.436622  0
16.586667  0.436399  0
16.613333  0.436175  0
16.640000  0.435951  0
16.666667  0.435727  0
16.693333  0.435503  0
16.720000  0.435280  0
16.746667  0.435056  0
16.773333  0.434832  0
16.800000  0.434608  0
16.826667  0.434385  0
16.853333  0.434161  0
16.880000  0.433937  0
16.906667  0.433713  0
16.933333  0.433490  0
16.960000  0.433266  0
16.986667  0.433042  0
17.013333  0.432818  0
17.040000  0.432594  0
17.066667  0.432371  0
17.093333  0.432147  0
17.120000  0.431923  0
17.146667  0.431699  0
17.173333  0.431476  0
17.200000  0.431252  0
17.226667  0.431028  0
17.253333  0.430804  0
17.280000  0.430580  0
17.306667  0.430357  0
17.333333  0.430133  0
17.360000  0.429909  0
17.386667  0.429685  0
17.413333  0.429462  0
17.440000  0.429238  0
17.466667  0.429014  0
17.493333  0.428790  0
17.520000  0.428567  0
17.546667  0.428343  0
17.573333  0.428119  0
17.600000  0.427895  0
17.626667  0.427671  0
17.653333  0.427448  0
17.680000  0.427224  0
17.706667  0.427000  0
17.733333  0.426776  0
17.760000  0.426553  0
17.786667  0.426329  0
17.813333  0.426105  0
17.840000  0.425881  0
17.866667  0.425657  0
17.893333  0.425434  0
17.920000  0.425210  0
17.946667  0.424986  0
17.973333  0.424762  0
18.000000  0.424539  0
18.026667  0.424315  0
18.053333  0.424091  0
18.080000  0.423867  0
18.106667  0.423644  0
18.133333  0.423420  0
18.160000  0.423196  0
18.186667  0.422972  0
18.213333  0.422748  0
18.240000  0.422525  0
18.266667  0.422301  0
18.293333  0.422077  0
18.320000  0.421853  0
18.346667  0.421630  0
18.373333  0.421406  0
18.400000  0.421182  0
18.426667  0.420958  0
18.453333  0.420734  0
18.480000  0.420511  0
18.506667  0.420287  0
18.533333  0.420063  0
18.560000  0.419839  0
18.586667  0.419616  0
18.613333  0.419392  0
18.640000  0.419168  0
18.666667  0.418944  0
18.693333  0.418721  0
18.720000  0.418497  0
18.746667  0.418273  0
18.773333  0.418049  0
18.800000  0.417825  0
18.826667  0.417602  0
18.853333  0.417378  0
18.880000  0.417154  0
18.906667  0.416930  0
18.933333  0.416707  0
18.960000  0.416483  0
18.986667  0.416259  0
19.013333  0.416035  0
19.040000  0.415812  0
19.066667  0.415588  0
19.093333  0.415364  0
19.120000  0.415140  0
19.146667  0.414916  0
19.173333  0.414693  0
19.200000  0.414469  0
19.226667  0.414245  0
19.253333  0.414021  0
19.280000  0.413798  0
19.306667  0.413574  0
19.333333  0.413350  0
19.360000  0.413126  0
19.386667  0.412902  0
19.413333  0.412679  0
19.440000  0.412455  0
19.466667  0.412231  0
19.493333  0.412007  0
19.520000  0.411784  0
19.546667  0.411560  0
19.573333  0.411336  0
19.600000  0.411112  0
19.626667  0.410889  0
19.653333  0.410665  0
19.680000  0.410441  0
19.706667  0.410217  0
19.733333  0.409993  0
19.760000  0.409770  0
19.786667  0.409546  0
19.813333  0.409322  0
19.840000  0.409098  0
19.866667  0.408875  0
19.893333  0.408651  0
19.920000  0.408427  0
19.946667  0.408203  0
19.973333  0.407979  0
20.000000  0.407756  0
20.026667  0.407532  0
20.053333  0.407308  0
20.080000  0.407084  0
20.106667  0.406861  0
20.133333  0.406637  0
20.160000  0.406413  0
20.186667  0.406189  0
20.213333  0.405966  0
20.240000  0.405742  0
20.266667  0.405518  0
20.293333  0.405294  0
20.320000  0.405070  0
20.346667  0.404847  0
20.373333  0.404623  0
20.400000  0.404399  0
20.426667  0.404175  0
20.453333  0.403952  0
20.480000  0.403728  0
10.186667  0.830918  2
10.213333  0.829957  2
10.240000  0.828997  2
10.266667  0.828036  2
10.293333  0.827075  2
10.320000  0.826115  2
10.346667  0.825154  2
10.373333  0.824193  2
10.400000  0.823233  2
10.426667  0.822272  2
10.453333  0.821311  2
10.480000  0.820351  2
10.506667  0.819390  2
10.533333  0.818429  2
10.560000  0.817469  2
10.586667  0.816508  2
10.613333  0.815547  2
10.640000  0.814587  2
10.666667  0.813626  2
10.693333  0.812666  2
10.720000  0.811705  2
10.746667  0.810744  2
10.773333  0.809784  2
10.800000  0.808823  2
10.826667  0.807862  2
10.853333  0.806902  2
10.880000  0.805941  2
10.906667  0.804980  2
10.933333  0.804020  2
10.960000  0.803059  2
10.986667  0.802098  2
11.013333  0.801138  2
11.040000  0.800177  2
11.066667  0.799216  2
11.093333  0.798256  2
11.120000  0.797295  2
11.146667  0.796334  2
11.173333  0.795374  2
11.200000  0.794413  2
11.226667  0.793452  2
11.253333  0.792492  2
11.280000  0.791531  2
11.306667  0.790570  2
11.333333  0.789610  2
11.360000  0.788649  2
11.386667  0.787688  2
11.413333  0.786728  2
11.440000  0.785767  2
11.466667  0.784807  2
11.493333  0.783846  2
11.520000  0.782885  2
11.546667  0.781925  2
11.573333  0.780964  2
11.600000  0.780003  2
11.626667  0.779043  2
11.653333  0.778082  2
11.680000  0.777121  2
11.706667  0.776161  2
11.733333  0.775200  2
11.760000  0.774239  2
11.786667  0.773279  2
11.813333  0.772318  2
11.840000  0.771357  2
11.866667  0.770397  2
11.893333  0.769436  2
11.920000  0.768475  2
11.946667  0.767515  2
11.973333  0.766554  2
12.000000  0.765593  2
12.026667  0.764633  2
12.053333  0.763672  2
12.080000  0.762711  2
12.106667  0.761751  2
12.133333  0.760790  2
12.160000  0.759829  2
12.186667  0.758869  2
12.213333  0.757908  2
12.240000  0.756948  2
12.266667  0.755987  2
12.293333  0.755026  2
12.320000  0.754066  2
12.346667  0.753105  2
12.373333  0.752144  2
12.400000  0.751184  2
12.426667  0.750223  2
12.453333  0.749262  2
12.480000  0.748302  2
12.506667  0.747341  2
12.533333  0.746380  2
12.560000  0.745420  2
12.586667  0.744459  2
12.613333  0.743498  2
