2.693333  0.836261  0
2.720000  0.833983  0
2.746667  0.831706  0
2.773333  0.829428  0
2.800000  0.827150  0
2.826667  0.824872  0
2.853333  0.822595  0
2.880000  0.820317  0
2.906667  0.818039  0
2.933333  0.815761  0
2.960000  0.813484  0
2.986667  0.811206  0
3.013333  0.808928  0
3.040000  0.806650  0
3.066667  0.804373  0
3.093333  0.802095  0
3.120000  0.799817  0
3.146667  0.797539  0
3.173333  0.795262  0
3.200000  0.792984  0
3.226667  0.790706  0
3.253333  0.788428  0
3.280000  0.786150  0
3.306667  0.783873  0
3.333333  0.781595  0
3.360000  0.779317  0
3.386667  0.777039  0
3.413333  0.774762  0
3.440000  0.772484  0
3.466667  0.770206  0
3.493333  0.767928  0
3.520000  0.765651  0
3.546667  0.763373  0
3.573333  0.761095  0
3.600000  0.758817  0
3.626667  0.756540  0
3.653333  0.754262  0
3.680000  0.751984  0
3.706667  0.749706  0
3.733333  0.747429  0
3.760000  0.745151  0
3.786667  0.742873  0
3.813333  0.740595  0
3.840000  0.738420  0
3.866667  0.736758  0
3.893333  0.735095  0
3.920000  0.733433  0
3.946667  0.731770  0
3.973333  0.730108  0
4.000000  0.728446  0
4.026667  0.726783  0
4.053333  0.725121  0
4.080000  0.723459  0
4.106667  0.721796  0
4.133333  0.720134  0
4.160000  0.718471  0
4.186667  0.716809  0
4.213333  0.715147  0
4.240000  0.713484  0
4.266667  0.711822  0
4.293333  0.710160  0
4.320000  0.708497  0
4.346667  0.706835  0
4.373333  0.705173  0
4.400000  0.703510  0
4.426667  0.701848  0
4.453333  0.700185  0
4.480000  0.698523  0
4.506667  0.696861  0
4.533333  0.695198  0
4.560000  0.693536  0
4.586667  0.691874  0
4.613333  0.690211  0
4.640000  0.688549  0
4.666667  0.686886  0
4.693333  0.685224  0
4.720000  0.683562  0
4.746667  0.681899  0
4.773333  0.680237  0
4.800000  0.678575  0
4.826667  0.676912  0
4.853333  0.675250  0
4.880000  0.673588  0
4.906667  0.671925  0
4.933333  0.670263  0
4.960000  0.668600  0
4.986667  0.666938  0
5.013333  0.665276  0
5.040000  0.663613  0
5.066667  0.661951  0
5.093333  0.660289  0
5.120000  0.658626  0
5.146667  0.657380  0
5.173333  0.656433  0
5.200000  0.655485  0
5.226667  0.654538  0
5.253333  0.653590  0
5.280000  0.652643  0
5.306667  0.651695  0
5.333333  0.650748  0
5.360000  0.649800  0
5.386667  0.648852  0
5.413333  0.647905  0
5.440000  0.646957  0
5.466667  0.646010  0
5.493333  0.645062  0
5.520000  0.644115  0
5.546667  0.643167  0
5.573333  0.642220  0
5.600000  0.641272  0
5.626667  0.640324  0
5.653333  0.639377  0
5.680000  0.638429  0
5.706667  0.637482  0
5.733333  0.636534  0
5.760000  0.635587  0
5.786667  0.634639  0
5.813333  0.633692  0
5.840000  0.632744  0
5.866667  0.631797  0
5.893333  0.630849  0
5.920000  0.629901  0
5.946667  0.628954  0
5.973333  0.628006  0
6.000000  0.627059  0
6.026667  0.626111  0
6.053333  0.625164  0
6.080000  0.624216  0
6.106667  0.623269  0
6.133333  0.622321  0
6.160000  0.621373  0
6.186667  0.620426  0
6.213333  0.619478  0
6.240000  0.618531  0
6.266667  0.617583  0
6.293333  0.616636  0
6.320000  0.615688  0
6.346667  0.614741  0
6.373333  0.613793  0
6.400000  0.612846  0
6.426667  0.611898  0
6.453333  0.610950  0
6.480000  0.610003  0
6.506667  0.609055  0
6.533333  0.608108  0
6.560000  0.607160  0
6.586667  0.606213  0
6.613333  0.605265  0
6.640000  0.604318  0
6.666667  0.603370  0
6.693333  0.602422  0
6.720000  0.601475  0
6.746667  0.600527  0
6.773333  0.599580  0
6.800000  0.598632  0
6.826667  0.597685  0
6.853333  0.596737  0
6.880000  0.595790  0
6.906667  0.594842  0
6.933333  0.593895  0
6.960000  0.592947  0
6.986667  0.591999  0
7.013333  0.591052  0
7.040000  0.590104  0
7.066667  0.589178  0
7.093333  0.588388  0
7.120000  0.587599  0
7.146667  0.586809  0
7.173333  0.586019  0
7.200000  0.585230  0
7.226667  0.584440  0
7.253333  0.583650  0
7.280000  0.582861  0
7.306667  0.582071  0
7.333333  0.581282  0
7.360000  0.580492  0
7.386667  0.579702  0
7.413333  0.578913  0
7.440000  0.578123  0
7.466667  0.577333  0
7.493333  0.576544  0
7.520000  0.575754  0
7.546667  0.574965  0
7.573333  0.574175  0
7.600000  0.573385  0
7.626667  0.572596  0
7.653333  0.571806  0
7.680000  0.571016  0
7.706667  0.570227  0
7.733333  0.569437  0
7.760000  0.568648  0
7.786667  0.567858  0
7.813333  0.567068  0
7.840000  0.566279  0
7.866667  0.565489  0
7.893333  0.564699  0
7.920000  0.563910  0
7.946667  0.563120  0
7.973333  0.562331  0
8.000000  0.561541  0
8.026667  0.560751  0
8.053333  0.559962  0
8.080000  0.559172  0
8.106667  0.558382  0
8.133333  0.557593  0
8.160000  0.556803  0
8.186667  0.556014  0
8.213333  0.555224  0
8.240000  0.554434  0
8.266667  0.553645  0
8.293333  0.552855  0
8.320000  0.552065  0
8.346667  0.551276  0
8.373333  0.550486  0
8.400000  0.549697  0
8.426667  0.548907  0
8.453333  0.548117  0
8.480000  0.547328  0
8.506667  0.546538  0
8.533333  0.545748  0
8.560000  0.544959  0
8.586667  0.544169  0
8.613333  0.543380  0
8.640000  0.542590  0
8.666667  0.541800  0
8.693333  0.541011  0
8.720000  0.540221  0
8.746667  0.539431  0
8.773333  0.538642  0
8.800000  0.537852  0
8.826667  0.537063  0
8.853333  0.536273  0
8.880000  0.535483  0
8.906667  0.534694  0
8.933333  0.533904  0
8.960000  0.533114  0
8.986667  0.532325  0
9.013333  0.531535  0
9.040000  0.530746  0
9.066667  0.529956  0
9.093333  0.529166  0
9.120000  0.528377  0
9.146667  0.527587  0
9.173333  0.526797  0
9.200000  0.526008  0
9.226667  0.525218  0
9.253333  0.524429  0
9.280000  0.523639  0
9.306667  0.522849  0
9.333333  0.522060  0
9.360000  0.521270  0
9.386667  0.520562  0
9.413333  0.520193  0
9.440000  0.519824  0
9.466667  0.519456  0
9.493333  0.519087  0
9.520000  0.518718  0
9.546667  0.518349  0
9.573333  0.517980  0
9.600000  0.517612  0
9.626667  0.517243  0
9.653333  0.516874  0
9.680000  0.516505  0
9.706667  0.516136  0
9.733333  0.515768  0
9.760000  0.515399  0
9.786667  0.515030  0
9.813333  0.514661  0
9.840000  0.514292  0
9.866667  0.513923  0
9.893333  0.513555  0
9.920000  0.513186  0
9.946667  0.512817  0
9.973333  0.512448  0
10.000000  0.512079  0
10.026667  0.511711  0
10.053333  0.511342  0
10.080000  0.510973  0
10.106667  0.510604  0
10.133333  0.510235  0
10.160000  0.509867  0
10.186667  0.509498  0
10.213333  0.509129  0
10.240000  0.508760  0
10.266667  0.508391  0
10.293333  0.508023  0
10.320000  0.507654  0
10.346667  0.507285  0
10.373333  0.506916  0
10.400000  0.506547  0
10.426667  0.506179  0
10.453333  0.505810  0
10.480000  0.505441  0
10.506667  0.505072  0
10.533333  0.504703  0
10.560000  0.504335  0
10.586667  0.503966  0
10.613333  0.503597  0
10.640000  0.503228  0
10.666667  0.502859  0
10.693333  0.502490  0
10.720000  0.502122  0
10.746667  0.501753  0
10.773333  0.501384  0
10.800000  0.501015  0
10.826667  0.500646  0
10.853333  0.500278  0
10.880000  0.499909  0
10.906667  0.499540  0
10.933333  0.499171  0
10.960000  0.498802  0
10.986667  0.498434  0
11.013333  0.498065  0
11.040000  0.497696  0
11.066667  0.497327  0
11.093333  0.496958  0
11.120000  0.496590  0
11.146667  0.496221  0
11.173333  0.495852  0
11.200000  0.495483  0
11.226667  0.495114  0
11.253333  0.494746  0
11.280000  0.494377  0
11.306667  0.494008  0
11.333333  0.493639  0
11.360000  0.493270  0
11.386667  0.492902  0
11.413333  0.492533  0
11.440000  0.492164  0
11.466667  0.491795  0
11.493333  0.491426  0
11.520000  0.491057  0
11.546667  0.490689  0
11.573333  0.490320  0
11.600000  0.489951  0
11.626667  0.489582  0
11.653333  0.489213  0
11.680000  0.488845  0
11.706667  0.488476  0
11.733333  0.488107  0
11.760000  0.487738  0
11.786667  0.487369  0
11.813333  0.487001  0
11.840000  0.486632  0
11.866667  0.486263  0
11.893333  0.485894  0
11.920000  0.485525  0
11.946667  0.485157  0
11.973333  0.484788  0
12.000000  0.484419  0
12.026667  0.484050  0
12.053333  0.483681  0
12.080000  0.483313  0
12.106667  0.482944  0
12.133333  0.482575  0
12.160000  0.482206  0
12.186667  0.481837  0
12.213333  0.481469  0
12.240000  0.481100  0
12.266667  0.480731  0
18.800000  0.633411  1
18.826667  0.633092  1
18.853333  0.632773  1
18.880000  0.632455  1
18.906667  0.632136  1
18.933333  0.631817  1
18.960000  0.631499  1
18.986667  0.631180  1
19.013333  0.630861  1
19.040000  0.630543  1
19.066667  0.630224  1
19.093333  0.629905  1
19.120000  0.629587  1
19.146667  0.629268  1
19.173333  0.628949  1
19.200000  0.628631  1
19.226667  0.628312  1
19.253333  0.627993  1
19.280000  0.627675  1
19.306667  0.627356  1
19.333333  0.627037  1
19.360000  0.626719  1
19.386667  0.626400  1
19.413333  0.626081  1
19.440000  0.625763  1
19.466667  0.625444  1
19.493333  0.625125  1
19.520000  0.624807  1
19.546667  0.624488  1
19.573333  0.624169  1
19.600000  0.623851  1
19.626667  0.623532  1
19.653333  0.623213  1
19.680000  0.622894  1
19.706667  0.622576  1
19.733333  0.622257  1
19.760000  0.621938  1
19.786667  0.621620  1
19.813333  0.621301  1
19.840000  0.620982  1
19.866667  0.620664  1
19.893333  0.620345  1
19.920000  0.620026  1
19.946667  0.619708  1
19.973333  0.619389  1
20.000000  0.619070  1
20.026667  0.618752  1
20.053333  0.618433  1
20.080000  0.618114  1
20.106667  0.617796  1
20.133333  0.617477  1
20.160000  0.617158  1
20.186667  0.616840  1
20.213333  0.616521  1
20.240000  0.616202  1
20.266667  0.615884  1
20.293333  0.615565  1
20.320000  0.615246  1
20.346667  0.614928  1
20.373333  0.614609  1
20.400000  0.614290  1
20.426667  0.613972  1
20.453333  0.613653  1
20.480000  0.613334  1
20.506667  0.613016  1
20.533333  0.612697  1
20.560000  0.612378  1
20.586667  0.612060  1
20.613333  0.611741  1
20.640000  0.611422  1
20.666667  0.611104  1
20.693333  0.610785  1
20.720000  0.610466  1
20.746667  0.610148  1
20.773333  0.609829  1
20.800000  0.609510  1
20.826667  0.609192  1
20.853333  0.608873  1
20.880000  0.608554  1
20.906667  0.608235  1
20.933333  0.607917  1
20.960000  0.607598  1
20.986667  0.607279  1
21.013333  0.606961  1
21.040000  0.606642  1
21.066667  0.606323  1
21.093333  0.606005  1
21.120000  0.605686  1
