2.506667  0.778537  0
2.533333  0.777643  0
2.560000  0.776750  0
2.586667  0.775856  0
2.613333  0.774962  0
2.640000  0.774068  0
2.666667  0.773175  0
2.693333  0.772281  0
2.720000  0.771387  0
2.746667  0.770493  0
2.773333  0.769599  0
2.800000  0.768706  0
2.826667  0.767812  0
2.853333  0.766918  0
2.880000  0.766024  0
2.906667  0.765131  0
2.933333  0.764237  0
2.960000  0.763343  0
2.986667  0.762449  0
3.013333  0.761555  0
3.040000  0.760662  0
3.066667  0.759768  0
3.093333  0.758874  0
3.120000  0.757980  0
3.146667  0.757087  0
3.173333  0.756193  0
3.200000  0.755299  0
3.226667  0.754405  0
3.253333  0.753512  0
3.280000  0.752618  0
3.306667  0.751724  0
3.333333  0.750830  0
3.360000  0.749936  0
3.386667  0.749043  0
3.413333  0.748149  0
3.440000  0.747255  0
3.466667  0.746361  0
3.493333  0.745468  0
3.520000  0.744574  0
3.546667  0.743680  0
3.573333  0.742786  0
3.600000  0.741892  0
3.626667  0.740999  0
3.653333  0.740105  0
3.680000  0.739211  0
3.706667  0.738317  0
3.733333  0.737424  0
3.760000  0.736530  0
3.786667  0.735636  0
3.813333  0.734742  0
3.840000  0.733848  0
3.866667  0.732955  0
3.893333  0.732061  0
3.920000  0.731167  0
3.946667  0.730273  0
3.973333  0.729380  0
4.000000  0.728486  0
4.026667  0.727592  0
4.053333  0.726698  0
4.080000  0.725804  0
4.106667  0.724911  0
4.133333  0.724017  0
4.160000  0.723123  0
4.186667  0.722229  0
4.213333  0.721336  0
4.240000  0.720442  0
4.266667  0.719548  0
4.293333  0.718364  0
4.320000  0.717180  0
4.346667  0.715995  0
4.373333  0.714811  0
4.400000  0.713626  0
4.426667  0.712442  0
4.453333  0.711257  0
4.480000  0.710073  0
4.506667  0.708888  0
4.533333  0.707704  0
4.560000  0.706520  0
4.586667  0.705335  0
4.613333  0.704151  0
4.640000  0.702966  0
4.666667  0.701782  0
4.693333  0.700597  0
4.720000  0.699413  0
4.746667  0.698229  0
4.773333  0.697044  0
4.800000  0.695860  0
4.826667  0.694675  0
4.853333  0.693491  0
4.880000  0.692306  0
4.906667  0.691122  0
4.933333  0.689938  0
4.960000  0.688753  0
4.986667  0.687569  0
5.013333  0.686384  0
5.040000  0.685200  0
5.066667  0.684015  0
5.093333  0.682831  0
5.120000  0.681646  0
5.146667  0.680462  0
5.173333  0.679278  0
5.200000  0.678093  0
5.226667  0.676909  0
5.253333  0.675724  0
5.280000  0.674540  0
5.306667  0.673355  0
5.333333  0.672171  0
5.360000  0.670987  0
5.386667  0.669802  0
5.413333  0.668618  0
5.440000  0.667433  0
5.466667  0.666249  0
5.493333  0.665064  0
5.520000  0.663880  0
5.546667  0.662695  0
5.573333  0.661511  0
5.600000  0.660327  0
5.626667  0.659142  0
5.653333  0.657958  0
5.680000  0.656774  0
5.706667  0.655603  0
5.733333  0.654494  0
5.760000  0.653512  0
5.786667  0.652647  0
5.813333  0.651835  0
5.840000  0.651033  0
5.866667  0.650231  0
5.893333  0.649429  0
5.920000  0.648627  0
5.946667  0.647825  0
5.973333  0.647024  0
6.000000  0.646222  0
6.026667  0.645420  0
6.053333  0.644618  0
6.080000  0.643817  0
6.106667  0.643015  0
6.133333  0.642213  0
6.160000  0.641411  0
6.186667  0.640609  0
6.213333  0.639808  0
6.240000  0.639006  0
6.266667  0.638204  0
6.293333  0.637402  0
6.320000  0.636601  0
6.346667  0.635799  0
6.373333  0.634997  0
6.400000  0.634195  0
6.426667  0.633393  0
6.453333  0.632592  0
6.480000  0.631790  0
6.506667  0.630988  0
6.533333  0.630186  0
6.560000  0.629385  0
6.586667  0.628583  0
6.613333  0.627781  0
6.640000  0.626979  0
6.666667  0.626178  0
6.693333  0.625376  0
6.720000  0.624574  0
6.746667  0.623772  0
6.773333  0.622970  0
6.800000  0.622169  0
6.826667  0.621367  0
6.853333  0.620565  0
6.880000  0.619763  0
6.906667  0.618962  0
6.933333  0.618160  0
6.960000  0.617358  0
6.986667  0.616556  0
7.013333  0.615754  0
7.040000  0.614953  0
7.066667  0.614151  0
7.093333  0.613349  0
7.120000  0.612547  0
7.146667  0.611746  0
7.173333  0.610945  0
7.200000  0.610153  0
7.226667  0.609386  0
7.253333  0.608654  0
7.280000  0.607942  0
7.306667  0.607235  0
7.333333  0.606528  0
7.360000  0.605820  0
7.386667  0.605113  0
7.413333  0.604406  0
7.440000  0.603699  0
7.466667  0.602992  0
7.493333  0.602285  0
7.520000  0.601578  0
7.546667  0.600871  0
7.573333  0.600163  0
7.600000  0.599456  0
7.626667  0.598749  0
7.653333  0.598042  0
7.680000  0.597335  0
7.706667  0.596628  0
7.733333  0.595921  0
7.760000  0.595214  0
7.786667  0.594506  0
7.813333  0.593799  0
7.840000  0.593092  0
7.866667  0.592385  0
7.893333  0.591678  0
7.920000  0.590971  0
7.946667  0.590264  0
7.973333  0.589557  0
8.000000  0.588849  0
8.026667  0.588142  0
8.053333  0.587435  0
8.080000  0.586728  0
8.106667  0.586021  0
8.133333  0.585314  0
8.160000  0.584607  0
8.186667  0.583900  0
8.213333  0.583192  0
8.240000  0.582485  0
8.266667  0.581778  0
8.293333  0.581071  0
8.320000  0.580364  0
8.346667  0.579657  0
8.373333  0.578950  0
8.400000  0.578243  0
8.426667  0.577535  0
8.453333  0.576828  0
8.480000  0.576121  0
8.506667  0.575414  0
8.533333  0.574707  0
8.560000  0.574000  0
8.586667  0.573293  0
8.613333  0.572586  0
8.640000  0.571878  0
8.666667  0.571171  0
8.693333  0.570462  0
8.720000  0.569738  0
8.746667  0.568957  0
8.773333  0.568085  0
8.800000  0.567161  0
8.826667  0.566225  0
8.853333  0.565288  0
8.880000  0.564351  0
8.906667  0.563413  0
8.933333  0.562476  0
8.960000  0.561539  0
8.986667  0.560602  0
9.013333  0.559665  0
9.040000  0.558728  0
9.066667  0.557791  0
9.093333  0.556853  0
9.120000  0.555916  0
9.146667  0.554979  0
9.173333  0.554042  0
9.200000  0.553105  0
9.226667  0.552168  0
9.253333  0.551231  0
9.280000  0.550293  0
9.306667  0.549356  0
9.333333  0.548419  0
9.360000  0.547482  0
9.386667  0.546545  0
9.413333  0.545608  0
9.440000  0.544671  0
9.466667  0.543734  0
9.493333  0.542796  0
9.520000  0.541859  0
9.546667  0.540922  0
9.573333  0.539985  0
9.600000  0.539048  0
9.626667  0.538111  0
9.653333  0.537174  0
9.680000  0.536236  0
9.706667  0.535299  0
9.733333  0.534362  0
9.760000  0.533425  0
9.786667  0.532488  0
9.813333  0.531551  0
9.840000  0.530614  0
9.866667  0.529676  0
9.893333  0.528739  0
9.920000  0.527802  0
9.946667  0.526865  0
9.973333  0.525928  0
10.000000  0.524991  0
10.026667  0.524054  0
10.053333  0.523117  0
10.080000  0.522179  0
10.106667  0.521242  0
10.133333  0.520305  0
10.160000  0.519368  0
10.186667  0.518431  0
10.213333  0.517494  0
10.240000  0.516557  0
10.266667  0.515619  0
10.293333  0.514682  0
10.320000  0.513745  0
10.346667  0.512808  0
10.373333  0.511871  0
10.400000  0.510934  0
10.426667  0.509997  0
10.453333  0.509059  0
10.480000  0.508122  0
10.506667  0.507185  0
10.533333  0.506248  0
10.560000  0.505311  0
10.586667  0.504374  0
10.613333  0.503437  0
10.640000  0.502499  0
10.666667  0.501562  0
10.693333  0.500625  0
10.720000  0.499688  0
10.746667  0.498752  0
10.773333  0.497826  0
10.800000  0.496951  0
10.826667  0.496189  0
10.853333  0.495540  0
10.880000  0.494944  0
10.906667  0.494357  0
10.933333  0.493772  0
10.960000  0.493186  0
10.986667  0.492600  0
11.013333  0.492015  0
11.040000  0.491429  0
11.066667  0.490844  0
11.093333  0.490258  0
11.120000  0.489673  0
11.146667  0.489087  0
11.173333  0.488502  0
11.200000  0.487916  0
11.226667  0.487330  0
11.253333  0.486745  0
11.280000  0.486159  0
11.306667  0.485574  0
11.333333  0.484988  0
11.360000  0.484403  0
11.386667  0.483817  0
11.413333  0.483231  0
11.440000  0.482646  0
11.466667  0.482060  0
11.493333  0.481475  0
11.520000  0.480889  0
11.546667  0.480304  0
11.573333  0.479718  0
11.600000  0.479133  0
11.626667  0.478547  0
11.653333  0.477961  0
11.680000  0.477376  0
11.706667  0.476790  0
11.733333  0.476205  0
11.760000  0.475619  0
11.786667  0.475034  0
11.813333  0.474448  0
11.840000  0.473862  0
11.866667  0.473277  0
11.893333  0.472691  0
11.920000  0.472106  0
11.946667  0.471520  0
11.973333  0.470935  0
12.000000  0.470349  0
12.026667  0.469763  0
12.053333  0.469178  0
12.080000  0.468592  0
12.106667  0.468007  0
12.133333  0.467421  0
12.160000  0.466836  0
12.186667  0.466250  0
12.213333  0.465665  0
12.240000  0.465079  0
12.266667  0.464493  0
12.293333  0.463908  0
12.320000  0.463322  0
12.346667  0.462737  0
12.373333  0.462151  0
12.400000  0.461566  0
12.426667  0.460980  0
12.453333  0.460394  0
12.480000  0.459809  0
12.506667  0.459223  0
12.533333  0.458638  0
12.560000  0.458052  0
12.586667  0.457467  0
12.613333  0.456881  0
12.640000  0.456296  0
12.666667  0.455710  0
12.693333  0.455124  0
12.720000  0.454539  0
12.746667  0.453953  0
12.773333  0.453369  0
12.800000  0.452798  0
12.826667  0.452293  0
12.853333  0.451918  0
12.880000  0.451657  0
12.906667  0.451441  0
12.933333  0.451235  0
12.960000  0.451029  0
12.986667  0.450823  0
13.013333  0.450617  0
13.040000  0.450411  0
13.066667  0.450205  0
13.093333  0.449999  0
13.120000  0.449793  0
13.146667  0.449587  0
13.173333  0.449381  0
13.200000  0.449175  0
13.226667  0.448969  0
13.253333  0.448763  0
13.280000  0.448557  0
13.306667  0.448351  0
13.333333  0.448145  0
13.360000  0.447939  0
13.386667  0.447733  0
13.413333  0.447527  0
13.440000  0.447321  0
13.466667  0.447115  0
13.493333  0.446909  0
13.520000  0.446703  0
13.546667  0.446497  0
13.573333  0.446291  0
13.600000  0.446085  0
13.626667  0.445879  0
13.653333  0.445673  0
13.680000  0.445467  0
13.706667  0.445261  0
13.733333  0.445055  0
13.760000  0.444849  0
13.786667  0.444643  0
13.813333  0.444437  0
13.840000  0.444231  0
13.866667  0.444025  0
13.893333  0.443819  0
13.920000  0.443613  0
13.946667  0.443407  0
13.973333  0.443201  0
14.000000  0.442995  0
14.026667  0.442789  0
14.053333  0.442583  0
14.080000  0.442377  0
14.106667  0.442171  0
14.133333  0.441965  0
14.160000  0.441759  0
14.186667  0.441553  0
14.213333  0.441347  0
14.240000  0.441141  0
14.266667  0.440935  0
14.293333  0.440729  0
14.320000  0.440523  0
14.346667  0.440317  0
14.373333  0.440111  0
14.400000  0.439905  0
14.426667  0.439699  0
14.453333  0.439493  0
14.480000  0.439287  0
14.506667  0.439081  0
14.533333  0.438875  0
14.560000  0.438669  0
14.586667  0.438463  0
14.613333  0.438258  0
14.640000  0.438052  0
14.666667  0.437846  0
14.693333  0.437640  0
14.720000  0.437434  0
14.746667  0.437228  0
14.773333  0.437022  0
14.800000  0.436816  0
14.826667  0.436610  0
14.853333  0.436404  0
14.880000  0.436198  0
14.906667  0.435992  0
14.933333  0.435786  0
14.960000  0.435580  0
14.986667  0.435374  0
15.013333  0.435168  0
15.040000  0.434962  0
15.066667  0.434756  0
15.093333  0.434550  0
15.120000  0.434344  0
15.146667  0.434138  0
15.173333  0.433932  0
15.200000  0.433726  0
15.226667  0.433520  0
15.253333  0.433314  0
15.280000  0.433108  0
15.306667  0.432902  0
15.333333  0.432696  0
15.360000  0.432490  0
15.386667  0.432284  0
15.413333  0.432078  0
15.440000  0.431872  0
15.466667  0.431666  0
15.493333  0.431460  0
15.520000  0.431254  0
15.546667  0.431048  0
15.573333  0.430842  0
15.600000  0.430636  0
15.626667  0.430430  0
15.653333  0.430224  0
15.680000  0.430018  0
15.706667  0.429812  0
15.733333  0.429606  0
15.760000  0.429400  0
15.786667  0.429194  0
15.813333  0.428988  0
15.840000  0.428782  0
15.866667  0.428576  0
15.893333  0.428370  0
15.920000  0.428164  0
15.946667  0.427959  0
15.973333  0.427759  0
16.000000  0.427567  0
16.026667  0.427379  0
16.053333  0.427193  0
16.080000  0.427006  0
16.106667  0.426820  0
16.133333  0.426633  0
16.160000  0.426447  0
16.186667  0.426260  0
16.213333  0.426074  0
16.240000  0.425887  0
16.266667  0.425701  0
16.293333  0.425514  0
16.320000  0.425327  0
16.346667  0.425141  0
16.373333  0.424954  0
16.400000  0.424768  0
16.426667  0.424581  0
16.453333  0.424395  0
16.480000  0.424208  0
16.506667  0.424022  0
16.533333  0.423835  0
16.560000  0.423649  0
16.586667  0.423462  0
16.613333  0.423276  0
16.640000  0.423089  0
16.666667  0.422903  0
16.693333  0.422716  0
16.720000  0.422530  0
16.746667  0.422343  0
16.773333  0.422157  0
16.800000  0.421970  0
16.826667  0.421784  0
16.853333  0.421597  0
16.880000  0.421410  0
16.906667  0.421224  0
16.933333  0.421037  0
16.960000  0.420851  0
16.986667  0.420664  0
17.013333  0.420478  0
17.040000  0.420291  0
17.066667  0.420105  0
17.093333  0.419918  0
17.120000  0.419732  0
17.146667  0.419545  0
17.173333  0.419359  0
17.200000  0.419172  0
17.226667  0.418986  0
17.253333  0.418799  0
17.280000  0.418613  0
17.306667  0.418426  0
17.333333  0.418240  0
17.360000  0.418053  0
17.386667  0.417866  0
17.413333  0.417680  0
17.440000  0.417493  0
17.466667  0.417307  0
17.493333  0.417120  0
17.520000  0.416934  0
17.546667  0.416747  0
17.573333  0.416561  0
17.600000  0.416374  0
17.626667  0.416188  0
17.653333  0.416001  0
17.680000  0.415815  0
17.706667  0.415628  0
17.733333  0.415442  0
17.760000  0.415255  0
17.786667  0.415069  0
17.813333  0.414882  0
17.840000  0.414696  0
17.866667  0.414509  0
17.893333  0.414322  0
17.920000  0.414136  0
17.946667  0.413949  0
17.973333  0.413763  0
18.000000  0.413576  0
18.026667  0.413390  0
18.053333  0.413203  0
18.080000  0.413017  0
18.106667  0.412830  0
18.133333  0.412644  0
18.160000  0.412457  0
18.186667  0.412271  0
18.213333  0.412084  0
18.240000  0.411898  0
18.266667  0.411711  0
18.293333  0.411525  0
18.320000  0.411338  0
18.346667  0.411152  0
18.373333  0.410965  0
18.400000  0.410778  0
18.426667  0.410592  0
18.453333  0.410405  0
18.480000  0.410219  0
18.506667  0.410032  0
18.533333  0.409846  0
18.560000  0.409659  0
18.586667  0.409473  0
18.613333  0.409286  0
18.640000  0.409100  0
18.666667  0.408913  0
18.693333  0.408727  0
18.720000  0.408540  0
18.746667  0.408354  0
18.773333  0.408167  0
18.800000  0.407982  0
18.826667  0.407807  0
20.213333  0.605208  1
20.240000  0.604988  1
20.266667  0.604768  1
20.293333  0.604548  1
20.320000  0.604329  1
20.346667  0.604109  1
20.373333  0.603889  1
20.400000  0.603669  1
20.426667  0.603449  1
20.453333  0.603229  1
20.480000  0.603010  1
20.506667  0.602790  1
20.533333  0.602570  1
20.560000  0.602350  1
20.586667  0.602130  1
20.613333  0.601911  1
20.640000  0.601691  1
20.666667  0.601471  1
20.693333  0.601251  1
20.720000  0.601031  1
20.746667  0.600811  1
20.773333  0.600592  1
20.800000  0.600372  1
20.826667  0.600152  1
20.853333  0.599932  1
20.880000  0.599712  1
20.906667  0.599493  1
20.933333  0.599273  1
20.960000  0.599053  1
20.986667  0.598833  1
21.013333  0.598613  1
21.040000  0.598393  1
21.066667  0.598174  1
21.093333  0.597954  1
21.120000  0.597734  1
21.146667  0.597514  1
21.173333  0.597294  1
21.200000  0.597074  1
21.226667  0.596855  1
21.253333  0.596635  1
21.280000  0.596415  1
21.306667  0.596195  1
21.333333  0.595975  1
21.360000  0.595756  1
21.386667  0.595536  1
21.413333  0.595316  1
21.440000  0.595096  1
21.466667  0.594876  1
21.493333  0.594656  1
21.520000  0.594437  1
21.546667  0.594217  1
21.573333  0.593997  1
21.600000  0.593777  1
21.626667  0.593557  1
21.653333  0.593338  1
21.680000  0.593118  1
21.706667  0.592898  1
21.733333  0.592678  1
21.760000  0.592458  1
21.786667  0.592238  1
21.813333  0.592019  1
21.840000  0.591799  1
21.866667  0.591579  1
21.893333  0.591359  1
21.920000  0.591139  1
21.946667  0.590920  1
21.973333  0.590700  1
22.000000  0.590480  1
22.026667  0.590260  1
22.053333  0.590040  1
22.080000  0.589820  1
22.106667  0.589601  1
22.133333  0.589381  1
22.160000  0.589161  1
22.186667  0.588941  1
22.213333  0.588721  1
22.240000  0.588501  1
22.266667  0.588282  1
22.293333  0.588062  1
22.320000  0.587842  1
22.346667  0.587622  1
22.373333  0.587402  1
22.400000  0.587183  1
22.426667  0.586963  1
22.453333  0.586743  1
22.480000  0.586523  1
22.506667  0.586303  1
22.533333  0.586083  1
22.560000  0.585864  1
22.586667  0.585644  1
22.613333  0.585424  1
22.640000  0.585204  1
22.666667  0.584984  1
22.693333  0.584765  1
22.720000  0.584545  1
22.746667  0.584325  1
22.773333  0.584105  1
22.800000  0.583885  1
22.826667  0.583665  1
22.853333  0.583446  1
22.880000  0.583226  1
22.906667  0.583006  1
22.933333  0.582786  1
22.960000  0.582566  1
22.986667  0.582347  1
23.013333  0.582127  1
23.040000  0.581907  1
23.066667  0.581687  1
23.093333  0.581467  1
23.120000  0.581247  1
23.146667  0.581028  1
23.173333  0.580808  1
23.200000  0.580588  1
23.226667  0.580368  1
23.253333  0.580148  1
23.280000  0.579929  1
23.306667  0.579709  1
23.333333  0.579489  1
23.360000  0.579269  1
23.386667  0.579049  1
23.413333  0.578829  1
23.440000  0.578610  1
23.466667  0.578390  1
23.493333  0.578170  1
23.520000  0.577950  1
23.546667  0.577730  1
23.573333  0.577510  1
23.600000  0.577291  1
23.626667  0.577071  1
23.653333  0.576851  1
23.680000  0.576631  1
23.706667  0.576411  1
23.733333  0.576192  1
23.760000  0.575972  1
23.786667  0.575752  1
23.813333  0.575532  1
23.840000  0.575312  1
23.866667  0.575092  1
23.893333  0.574873  1
23.920000  0.574653  1
23.946667  0.574433  1
23.973333  0.574213  1
24.000000  0.573993  1
24.026667  0.573774  1
24.053333  0.573554  1
24.080000  0.573334  1
24.106667  0.573114  1
24.133333  0.572894  1
24.160000  0.572674  1
24.186667  0.572455  1
24.213333  0.572235  1
24.240000  0.572015  1
24.266667  0.571795  1
24.293333  0.571575  1
24.320000  0.571356  1
24.346667  0.571136  1
24.373333  0.570916  1
24.400000  0.570696  1
24.426667  0.570476  1
24.453333  0.570256  1
24.480000  0.570037  1
24.506667  0.569817  1
24.533333  0.569597  1
24.560000  0.569377  1
24.586667  0.569157  1
24.613333  0.568938  1
24.640000  0.568718  1
24.666667  0.568498  1
24.693333  0.568278  1
24.720000  0.568058  1
24.746667  0.567838  1
24.773333  0.567619  1
24.800000  0.567399  1
24.826667  0.567179  1
24.853333  0.566959  1
24.880000  0.566739  1
24.906667  0.566519  1
24.933333  0.566300  1
24.960000  0.566080  1
24.986667  0.565860  1
25.013333  0.565640  1
25.040000  0.565420  1
25.066667  0.565201  1
25.093333  0.564981  1
25.120000  0.564761  1
25.146667  0.564541  1
25.173333  0.564321  1
25.200000  0.564101  1
25.226667  0.563882  1
25.253333  0.563662  1
25.280000  0.563442  1
25.306667  0.563222  1
25.333333  0.563002  1
25.360000  0.562783  1
25.386667  0.562563  1
25.413333  0.562343  1
25.440000  0.562123  1
25.466667  0.561903  1
25.493333  0.561683  1
25.520000  0.561464  1
25.546667  0.561244  1
25.573333  0.561024  1
25.600000  0.560804  1
25.626667  0.560584  1
25.653333  0.560365  1
25.680000  0.560145  1
25.706667  0.559925  1
25.733333  0.559705  1
25.760000  0.559485  1
25.786667  0.559265  1
25.813333  0.559046  1
25.840000  0.558826  1
25.866667  0.558606  1
25.893333  0.558386  1
25.920000  0.558166  1
25.946667  0.557947  1
25.973333  0.557727  1
26.000000  0.557507  1
26.026667  0.557287  1
26.053333  0.557067  1
26.080000  0.556847  1
26.106667  0.556628  1
26.133333  0.556408  1
26.160000  0.556188  1
26.186667  0.555968  1
26.213333  0.555748  1
26.240000  0.555528  1
26.266667  0.555309  1
26.293333  0.555089  1
26.320000  0.554869  1
26.346667  0.554649  1
26.373333  0.554429  1
26.400000  0.554210  1
26.426667  0.553990  1
26.453333  0.553770  1
26.480000  0.553550  1
26.506667  0.553330  1
