2.133333  0.867652  0
2.160000  0.864763  0
2.186667  0.861874  0
2.213333  0.858985  0
2.240000  0.856097  0
2.266667  0.853208  0
2.293333  0.850319  0
2.320000  0.847430  0
2.346667  0.844541  0
2.373333  0.841652  0
2.400000  0.838763  0
2.426667  0.835874  0
2.453333  0.832986  0
2.480000  0.830097  0
2.506667  0.827208  0
2.533333  0.824319  0
2.560000  0.821430  0
2.586667  0.818541  0
2.613333  0.815652  0
2.640000  0.812763  0
2.666667  0.809875  0
2.693333  0.806986  0
2.720000  0.804097  0
2.746667  0.801208  0
2.773333  0.798319  0
2.800000  0.795430  0
2.826667  0.792541  0
2.853333  0.789652  0
2.880000  0.786764  0
2.906667  0.783875  0
2.933333  0.780986  0
2.960000  0.778097  0
2.986667  0.775208  0
3.013333  0.772319  0
3.040000  0.769430  0
3.066667  0.766687  0
3.093333  0.764792  0
3.120000  0.762897  0
3.146667  0.761002  0
3.173333  0.759106  0
3.200000  0.757211  0
3.226667  0.755316  0
3.253333  0.753421  0
3.280000  0.751526  0
3.306667  0.749631  0
3.333333  0.747736  0
3.360000  0.745841  0
3.386667  0.743946  0
3.413333  0.742051  0
3.440000  0.740155  0
3.466667  0.738260  0
3.493333  0.736365  0
3.520000  0.734470  0
3.546667  0.732575  0
3.573333  0.730680  0
3.600000  0.728785  0
3.626667  0.726890  0
3.653333  0.724995  0
3.680000  0.723100  0
3.706667  0.721204  0
3.733333  0.719309  0
3.760000  0.717414  0
3.786667  0.715519  0
3.813333  0.713624  0
3.840000  0.711729  0
3.866667  0.709834  0
3.893333  0.707939  0
3.920000  0.706044  0
3.946667  0.704149  0
3.973333  0.702253  0
4.000000  0.700358  0
4.026667  0.698463  0
4.053333  0.696568  0
4.080000  0.694673  0
4.106667  0.692778  0
4.133333  0.690883  0
4.160000  0.688988  0
4.186667  0.687093  0
4.213333  0.685198  0
4.240000  0.683303  0
4.266667  0.681407  0
4.293333  0.679512  0
4.320000  0.677617  0
4.346667  0.675722  0
4.373333  0.673827  0
4.400000  0.671932  0
4.426667  0.670037  0
4.453333  0.668142  0
4.480000  0.666247  0
4.506667  0.664352  0
4.533333  0.662456  0
4.560000  0.661354  0
4.586667  0.660525  0
4.613333  0.659696  0
4.640000  0.658867  0
4.666667  0.658038  0
4.693333  0.657209  0
4.720000  0.656379  0
4.746667  0.655550  0
4.773333  0.654721  0
4.800000  0.653892  0
4.826667  0.653063  0
4.853333  0.652234  0
4.880000  0.651405  0
4.906667  0.650576  0
4.933333  0.649747  0
4.960000  0.648917  0
4.986667  0.648088  0
5.013333  0.647259  0
5.040000  0.646430  0
5.066667  0.645601  0
5.093333  0.644772  0
5.120000  0.643943  0
5.146667  0.643114  0
5.173333  0.642285  0
5.200000  0.641456  0
5.226667  0.640626  0
5.253333  0.639797  0
5.280000  0.638968  0
5.306667  0.638139  0
5.333333  0.637310  0
5.360000  0.636481  0
5.386667  0.635652  0
5.413333  0.634823  0
5.440000  0.633994  0
5.466667  0.633164  0
5.493333  0.632335  0
5.520000  0.631506  0
5.546667  0.630677  0
5.573333  0.629848  0
5.600000  0.629019  0
5.626667  0.628190  0
5.653333  0.627361  0
5.680000  0.626532  0
5.706667  0.625703  0
5.733333  0.624873  0
5.760000  0.624044  0
5.786667  0.623215  0
5.813333  0.622386  0
5.840000  0.621557  0
5.866667  0.620728  0
5.893333  0.619899  0
5.920000  0.619070  0
5.946667  0.618241  0
5.973333  0.617411  0
6.000000  0.616582  0
6.026667  0.615753  0
6.053333  0.614924  0
6.080000  0.614095  0
6.106667  0.613266  0
6.133333  0.612437  0
6.160000  0.611608  0
6.186667  0.610779  0
6.213333  0.609950  0
6.240000  0.609120  0
6.266667  0.608291  0
6.293333  0.607462  0
6.320000  0.606633  0
6.346667  0.605804  0
6.373333  0.605139  0
6.400000  0.604606  0
6.426667  0.604072  0
6.453333  0.603539  0
6.480000  0.603006  0
6.506667  0.602472  0
6.533333  0.601939  0
6.560000  0.601406  0
6.586667  0.600872  0
6.613333  0.600339  0
6.640000  0.599805  0
6.666667  0.599272  0
6.693333  0.598739  0
6.720000  0.598205  0
6.746667  0.597672  0
6.773333  0.597138  0
6.800000  0.596605  0
6.826667  0.596072  0
6.853333  0.595538  0
6.880000  0.595005  0
6.906667  0.594471  0
6.933333  0.593938  0
6.960000  0.593405  0
6.986667  0.592871  0
7.013333  0.592338  0
7.040000  0.591805  0
7.066667  0.591271  0
7.093333  0.590738  0
7.120000  0.590204  0
7.146667  0.589671  0
7.173333  0.589138  0
7.200000  0.588604  0
7.226667  0.588071  0
7.253333  0.587537  0
7.280000  0.587004  0
7.306667  0.586471  0
7.333333  0.585937  0
7.360000  0.585404  0
7.386667  0.584870  0
7.413333  0.584337  0
7.440000  0.583804  0
7.466667  0.583270  0
7.493333  0.582737  0
7.520000  0.582204  0
7.546667  0.581670  0
7.573333  0.581137  0
7.600000  0.580603  0
7.626667  0.580070  0
7.653333  0.579537  0
7.680000  0.579003  0
7.706667  0.578470  0
7.733333  0.577936  0
7.760000  0.577403  0
7.786667  0.576870  0
7.813333  0.576336  0
7.840000  0.575803  0
7.866667  0.575269  0
7.893333  0.574736  0
7.920000  0.574203  0
7.946667  0.573669  0
7.973333  0.573136  0
8.000000  0.572603  0
8.026667  0.572069  0
8.053333  0.571536  0
8.080000  0.571002  0
8.106667  0.570469  0
8.133333  0.569936  0
8.160000  0.569402  0
8.186667  0.568869  0
8.213333  0.568335  0
8.240000  0.567802  0
8.266667  0.567269  0
8.293333  0.566735  0
8.320000  0.566202  0
8.346667  0.565668  0
8.373333  0.565135  0
8.400000  0.564602  0
8.426667  0.564068  0
8.453333  0.563535  0
8.480000  0.563002  0
8.506667  0.562468  0
8.533333  0.561935  0
8.560000  0.561401  0
8.586667  0.560868  0
8.613333  0.560335  0
8.640000  0.559801  0
8.666667  0.559268  0
8.693333  0.558734  0
8.720000  0.558201  0
8.746667  0.557668  0
8.773333  0.557134  0
8.800000  0.556601  0
8.826667  0.556067  0
8.853333  0.555534  0
8.880000  0.555001  0
8.906667  0.554467  0
8.933333  0.553934  0
8.960000  0.553401  0
8.986667  0.552867  0
9.013333  0.552334  0
9.040000  0.551800  0
9.066667  0.551267  0
9.093333  0.550734  0
9.120000  0.550200  0
9.146667  0.549667  0
9.173333  0.549133  0
9.200000  0.548600  0
9.226667  0.548067  0
9.253333  0.547533  0
9.280000  0.547000  0
9.306667  0.546467  0
9.333333  0.545933  0
9.360000  0.545400  0
9.386667  0.544866  0
9.413333  0.544333  0
9.440000  0.543800  0
9.466667  0.543266  0
9.493333  0.542733  0
9.520000  0.542199  0
9.546667  0.541666  0
9.573333  0.541133  0
9.600000  0.540599  0
9.626667  0.540066  0
9.653333  0.539532  0
9.680000  0.538999  0
9.706667  0.538466  0
9.733333  0.537932  0
9.760000  0.537399  0
9.786667  0.536866  0
9.813333  0.536535  0
9.840000  0.536241  0
9.866667  0.535946  0
9.893333  0.535652  0
9.920000  0.535357  0
9.946667  0.535063  0
9.973333  0.534768  0
10.000000  0.534473  0
10.026667  0.534179  0
10.053333  0.533884  0
10.080000  0.533590  0
10.106667  0.533295  0
10.133333  0.533001  0
10.160000  0.532706  0
10.186667  0.532411  0
10.213333  0.532117  0
10.240000  0.531822  0
10.266667  0.531528  0
10.293333  0.531233  0
10.320000  0.530939  0
10.346667  0.530644  0
10.373333  0.530349  0
10.400000  0.530055  0
10.426667  0.529760  0
10.453333  0.529466  0
10.480000  0.529171  0
10.506667  0.528877  0
10.533333  0.528582  0
10.560000  0.528287  0
10.586667  0.527993  0
10.613333  0.527698  0
10.640000  0.527404  0
10.666667  0.527109  0
10.693333  0.526814  0
10.720000  0.526520  0
10.746667  0.526225  0
10.773333  0.525931  0
10.800000  0.525636  0
10.826667  0.525342  0
10.853333  0.525047  0
10.880000  0.524752  0
10.906667  0.524458  0
10.933333  0.524163  0
10.960000  0.523869  0
10.986667  0.523574  0
11.013333  0.523280  0
11.040000  0.522985  0
11.066667  0.522690  0
11.093333  0.522396  0
11.120000  0.522101  0
11.146667  0.521807  0
11.173333  0.521512  0
11.200000  0.521218  0
11.226667  0.520923  0
11.253333  0.520628  0
11.280000  0.520334  0
11.306667  0.520039  0
11.333333  0.519745  0
11.360000  0.519450  0
11.386667  0.519156  0
11.413333  0.518861  0
11.440000  0.518566  0
11.466667  0.518272  0
11.493333  0.517977  0
11.520000  0.517683  0
11.546667  0.517388  0
11.573333  0.517094  0
11.600000  0.516799  0
11.626667  0.516504  0
11.653333  0.516210  0
11.680000  0.515915  0
11.706667  0.515621  0
11.733333  0.515326  0
11.760000  0.515031  0
11.786667  0.514737  0
11.813333  0.514442  0
11.840000  0.514148  0
11.866667  0.513853  0
11.893333  0.513559  0
11.920000  0.513264  0
11.946667  0.512969  0
11.973333  0.512675  0
12.000000  0.512380  0
12.026667  0.512086  0
12.053333  0.511791  0
12.080000  0.511497  0
12.106667  0.511202  0
12.133333  0.510907  0
12.160000  0.510613  0
12.186667  0.510318  0
12.213333  0.510024  0
12.240000  0.509729  0
12.266667  0.509435  0
12.293333  0.509140  0
12.320000  0.508845  0
12.346667  0.508551  0
12.373333  0.508256  0
12.400000  0.507962  0
12.426667  0.507667  0
12.453333  0.507373  0
12.480000  0.507078  0
12.506667  0.506783  0
12.533333  0.506489  0
12.560000  0.506194  0
12.586667  0.505900  0
12.613333  0.505605  0
12.640000  0.505311  0
12.666667  0.505016  0
12.693333  0.504721  0
12.720000  0.504427  0
12.746667  0.504132  0
12.773333  0.503838  0
12.800000  0.503543  0
12.826667  0.503248  0
12.853333  0.502954  0
12.880000  0.502659  0
12.906667  0.502365  0
12.933333  0.502070  0
12.960000  0.501776  0
12.986667  0.501481  0
13.013333  0.501186  0
13.040000  0.500892  0
13.066667  0.500597  0
13.093333  0.500303  0
13.120000  0.500008  0
13.146667  0.499714  0
13.173333  0.499419  0
13.200000  0.499124  0
13.226667  0.498830  0
13.253333  0.498535  0
13.280000  0.498241  0
13.306667  0.497946  0
13.333333  0.497652  0
13.360000  0.497357  0
13.386667  0.497062  0
13.413333  0.496768  0
13.440000  0.496473  0
13.466667  0.496179  0
13.493333  0.495884  0
13.520000  0.495590  0
13.546667  0.495295  0
13.573333  0.495000  0
13.600000  0.494706  0
13.626667  0.494411  0
13.653333  0.494117  0
13.680000  0.493822  0
13.706667  0.493528  0
13.733333  0.493233  0
13.760000  0.492938  0
13.786667  0.492644  0
13.813333  0.492349  0
13.840000  0.492055  0
13.866667  0.491760  0
13.893333  0.491465  0
13.920000  0.491171  0
13.946667  0.490876  0
13.973333  0.490582  0
14.000000  0.490287  0
14.026667  0.489993  0
14.053333  0.489698  0
14.080000  0.489403  0
14.106667  0.489109  0
14.133333  0.488814  0
14.160000  0.488520  0
14.186667  0.488287  0
14.213333  0.488169  0
14.240000  0.488051  0
14.266667  0.487934  0
14.293333  0.487816  0
14.320000  0.487698  0
14.346667  0.487581  0
14.373333  0.487463  0
14.400000  0.487345  0
14.426667  0.487227  0
14.453333  0.487110  0
14.480000  0.486992  0
14.506667  0.486874  0
14.533333  0.486757  0
14.560000  0.486639  0
14.586667  0.486521  0
14.613333  0.486403  0
14.640000  0.486286  0
14.666667  0.486168  0
14.693333  0.486050  0
14.720000  0.485933  0
14.746667  0.485815  0
14.773333  0.485697  0
14.800000  0.485580  0
14.826667  0.485462  0
14.853333  0.485344  0
14.880000  0.485226  0
14.906667  0.485109  0
14.933333  0.484991  0
14.960000  0.484873  0
14.986667  0.484756  0
15.013333  0.484638  0
15.040000  0.484520  0
15.066667  0.484402  0
15.093333  0.484285  0
15.120000  0.484167  0
15.146667  0.484049  0
15.173333  0.483932  0
15.200000  0.483814  0
15.226667  0.483696  0
15.253333  0.483578  0
15.280000  0.483461  0
15.306667  0.483343  0
15.333333  0.483225  0
15.360000  0.483108  0
15.386667  0.482990  0
15.413333  0.482872  0
15.440000  0.482755  0
15.466667  0.482637  0
15.493333  0.482519  0
15.520000  0.482401  0
15.546667  0.482284  0
15.573333  0.482166  0
15.600000  0.482048  0
15.626667  0.481931  0
15.653333  0.481813  0
15.680000  0.481695  0
15.706667  0.481577  0
15.733333  0.481460  0
15.760000  0.481342  0
15.786667  0.481224  0
15.813333  0.481107  0
15.840000  0.480989  0
15.866667  0.480871  0
15.893333  0.480753  0
15.920000  0.480636  0
15.946667  0.480518  0
15.973333  0.480400  0
16.000000  0.480283  0
16.026667  0.480165  0
16.053333  0.480047  0
16.080000  0.479930  0
16.106667  0.479812  0
16.133333  0.479694  0
16.160000  0.479576  0
16.186667  0.479459  0
16.213333  0.479341  0
16.240000  0.479223  0
16.266667  0.479106  0
16.293333  0.478988  0
16.320000  0.478870  0
16.346667  0.478752  0
16.373333  0.478635  0
16.400000  0.478517  0
16.426667  0.478399  0
16.453333  0.478282  0
16.480000  0.478164  0
16.506667  0.478046  0
16.533333  0.477929  0
16.560000  0.477811  0
16.586667  0.477693  0
16.613333  0.477575  0
16.640000  0.477458  0
16.666667  0.477340  0
16.693333  0.477222  0
16.720000  0.477105  0
16.746667  0.476987  0
16.773333  0.476869  0
16.800000  0.476751  0
16.826667  0.476634  0
16.853333  0.476516  0
16.880000  0.476398  0
16.906667  0.476281  0
16.933333  0.476163  0
16.960000  0.476045  0
16.986667  0.475927  0
17.013333  0.475810  0
17.040000  0.475692  0
17.066667  0.475574  0
17.093333  0.475457  0
17.120000  0.475339  0
17.146667  0.475221  0
17.173333  0.475104  0
17.200000  0.474986  0
17.226667  0.474868  0
17.253333  0.474750  0
17.280000  0.474633  0
17.306667  0.474515  0
17.333333  0.474397  0
17.360000  0.474280  0
17.386667  0.474162  0
17.413333  0.474044  0
17.440000  0.473926  0
17.466667  0.473809  0
17.493333  0.473691  0
17.520000  0.473573  0
17.546667  0.473456  0
17.573333  0.473338  0
17.600000  0.473220  0
17.626667  0.473102  0
17.653333  0.472985  0
17.680000  0.472867  0
17.706667  0.472749  0
17.733333  0.472632  0
17.760000  0.472514  0
17.786667  0.472396  0
7.413333  0.851399  1
7.440000  0.850422  1
7.466667  0.849445  1
7.493333  0.848468  1
7.520000  0.847491  1
7.546667  0.846514  1
7.573333  0.845537  1
7.600000  0.844560  1
7.626667  0.843583  1
7.653333  0.842606  1
7.680000  0.841629  1
7.706667  0.840652  1
7.733333  0.839675  1
7.760000  0.838698  1
7.786667  0.837721  1
7.813333  0.836744  1
7.840000  0.835767  1
7.866667  0.834790  1
7.893333  0.833814  1
7.920000  0.832837  1
7.946667  0.831860  1
7.973333  0.830883  1
8.000000  0.829906  1
8.026667  0.828929  1
8.053333  0.827952  1
8.080000  0.826975  1
8.106667  0.825998  1
8.133333  0.825021  1
8.160000  0.824044  1
8.186667  0.823067  1
8.213333  0.822090  1
8.240000  0.821113  1
8.266667  0.820136  1
8.293333  0.819159  1
8.320000  0.818182  1
8.346667  0.817205  1
8.373333  0.816228  1
8.400000  0.815251  1
8.426667  0.814274  1
8.453333  0.813297  1
8.480000  0.812320  1
8.506667  0.811343  1
8.533333  0.810366  1
8.560000  0.809389  1
8.586667  0.808412  1
8.613333  0.807435  1
8.640000  0.806458  1
8.666667  0.805481  1
8.693333  0.804504  1
8.720000  0.803527  1
8.746667  0.802550  1
8.773333  0.801573  1
8.800000  0.800596  1
8.826667  0.799619  1
8.853333  0.798642  1
8.880000  0.797665  1
8.906667  0.796688  1
8.933333  0.795711  1
8.960000  0.794734  1
8.986667  0.793757  1
9.013333  0.792780  1
9.040000  0.791803  1
9.066667  0.790826  1
9.093333  0.789849  1
9.120000  0.788873  1
9.146667  0.787896  1
9.173333  0.786919  1
9.200000  0.785942  1
9.226667  0.784965  1
9.253333  0.783988  1
9.280000  0.783011  1
9.306667  0.782034  1
9.333333  0.781057  1
9.360000  0.780080  1
9.386667  0.779103  1
9.413333  0.778126  1
9.440000  0.777149  1
9.466667  0.776172  1
9.493333  0.775195  1
9.520000  0.774218  1
9.546667  0.773241  1
9.573333  0.772264  1
9.600000  0.771287  1
9.626667  0.770310  1
9.653333  0.769333  1
9.680000  0.768356  1
9.706667  0.767379  1
9.733333  0.766402  1
9.760000  0.765425  1
9.786667  0.764448  1
9.813333  0.763471  1
9.840000  0.762494  1
9.866667  0.761517  1
9.893333  0.760540  1
9.920000  0.759563  1
9.946667  0.758586  1
9.973333  0.757609  1
10.000000  0.756632  1
10.026667  0.755655  1
10.053333  0.754678  1
10.080000  0.753701  1
10.106667  0.752724  1
10.133333  0.751747  1
10.160000  0.750770  1
10.186667  0.749793  1
10.213333  0.748816  1
10.240000  0.747839  1
10.266667  0.746862  1
