2.293333  0.933166  0
2.320000  0.930167  0
2.346667  0.927169  0
2.373333  0.924170  0
2.400000  0.921171  0
2.426667  0.918173  0
2.453333  0.915174  0
2.480000  0.912176  0
2.506667  0.909177  0
2.533333  0.906179  0
2.560000  0.903180  0
2.586667  0.900181  0
2.613333  0.897183  0
2.640000  0.894184  0
2.666667  0.891186  0
2.693333  0.888187  0
2.720000  0.885189  0
2.746667  0.882190  0
2.773333  0.879191  0
2.800000  0.876193  0
2.826667  0.873194  0
2.853333  0.870196  0
2.880000  0.867197  0
2.906667  0.864199  0
2.933333  0.861200  0
2.960000  0.858093  0
2.986667  0.854898  0
3.013333  0.851702  0
3.040000  0.848506  0
3.066667  0.845310  0
3.093333  0.842114  0
3.120000  0.838918  0
3.146667  0.835722  0
3.173333  0.832527  0
3.200000  0.829331  0
3.226667  0.826135  0
3.253333  0.822939  0
3.280000  0.819743  0
3.306667  0.816547  0
3.333333  0.813352  0
3.360000  0.810156  0
3.386667  0.806960  0
3.413333  0.803764  0
3.440000  0.800568  0
3.466667  0.797372  0
3.493333  0.794176  0
3.520000  0.790981  0
3.546667  0.787785  0
3.573333  0.784589  0
3.600000  0.781393  0
3.626667  0.778197  0
3.653333  0.775001  0
3.680000  0.771806  0
3.706667  0.768610  0
3.733333  0.765414  0
3.760000  0.762218  0
3.786667  0.759022  0
3.813333  0.755826  0
3.840000  0.752630  0
3.866667  0.749851  0
3.893333  0.747623  0
3.920000  0.745395  0
3.946667  0.743167  0
3.973333  0.740939  0
4.000000  0.738711  0
4.026667  0.736483  0
4.053333  0.734255  0
4.080000  0.732027  0
4.106667  0.729799  0
4.133333  0.727571  0
4.160000  0.725343  0
4.186667  0.723115  0
4.213333  0.720887  0
4.240000  0.718659  0
4.266667  0.716431  0
4.293333  0.714203  0
4.320000  0.711975  0
4.346667  0.709747  0
4.373333  0.707519  0
4.400000  0.705291  0
4.426667  0.703063  0
4.453333  0.700835  0
4.480000  0.698607  0
4.506667  0.696379  0
4.533333  0.694150  0
4.560000  0.691922  0
4.586667  0.689694  0
4.613333  0.687466  0
4.640000  0.685393  0
4.666667  0.683524  0
4.693333  0.681655  0
4.720000  0.679787  0
4.746667  0.677918  0
4.773333  0.676049  0
4.800000  0.674180  0
4.826667  0.672311  0
4.853333  0.670442  0
4.880000  0.668573  0
4.906667  0.666704  0
4.933333  0.664835  0
4.960000  0.662966  0
4.986667  0.661097  0
5.013333  0.659228  0
5.040000  0.657360  0
5.066667  0.655491  0
5.093333  0.653622  0
5.120000  0.651753  0
5.146667  0.649884  0
5.173333  0.648015  0
5.200000  0.646146  0
5.226667  0.644277  0
5.253333  0.642408  0
5.280000  0.640539  0
5.306667  0.638670  0
5.333333  0.636801  0
5.360000  0.634933  0
5.386667  0.633064  0
5.413333  0.631195  0
5.440000  0.629326  0
5.466667  0.627457  0
5.493333  0.625602  0
5.520000  0.624419  0
5.546667  0.623235  0
5.573333  0.622051  0
5.600000  0.620868  0
5.626667  0.619684  0
5.653333  0.618500  0
5.680000  0.617317  0
5.706667  0.616133  0
5.733333  0.614949  0
5.760000  0.613766  0
5.786667  0.612582  0
5.813333  0.611398  0
5.840000  0.610215  0
5.866667  0.609031  0
5.893333  0.607848  0
5.920000  0.606664  0
5.946667  0.605480  0
5.973333  0.604297  0
6.000000  0.603113  0
6.026667  0.601929  0
6.053333  0.600746  0
6.080000  0.599562  0
6.106667  0.598378  0
6.133333  0.597195  0
6.160000  0.596011  0
6.186667  0.594827  0
6.213333  0.593644  0
6.240000  0.592460  0
6.266667  0.591276  0
6.293333  0.590093  0
6.320000  0.588909  0
6.346667  0.587726  0
6.373333  0.586542  0
6.400000  0.585358  0
6.426667  0.584175  0
6.453333  0.582991  0
6.480000  0.581807  0
6.506667  0.580624  0
6.533333  0.579440  0
6.560000  0.578256  0
6.586667  0.577121  0
6.613333  0.576529  0
6.640000  0.575937  0
6.666667  0.575345  0
6.693333  0.574753  0
6.720000  0.574161  0
6.746667  0.573570  0
6.773333  0.572978  0
6.800000  0.572386  0
6.826667  0.571794  0
6.853333  0.571202  0
6.880000  0.570610  0
6.906667  0.570019  0
6.933333  0.569427  0
6.960000  0.568835  0
6.986667  0.568243  0
7.013333  0.567651  0
7.040000  0.567060  0
7.066667  0.566468  0
7.093333  0.565876  0
7.120000  0.565284  0
7.146667  0.564692  0
7.173333  0.564100  0
7.200000  0.563509  0
7.226667  0.562917  0
7.253333  0.562325  0
7.280000  0.561733  0
7.306667  0.561141  0
7.333333  0.560549  0
7.360000  0.559958  0
7.386667  0.559366  0
7.413333  0.558774  0
7.440000  0.558182  0
7.466667  0.557590  0
7.493333  0.556999  0
7.520000  0.556407  0
7.546667  0.555815  0
7.573333  0.555223  0
7.600000  0.554631  0
7.626667  0.554039  0
7.653333  0.553448  0
7.680000  0.552856  0
7.706667  0.552264  0
7.733333  0.551672  0
7.760000  0.551080  0
7.786667  0.550488  0
7.813333  0.549897  0
7.840000  0.549305  0
7.866667  0.548713  0
7.893333  0.548121  0
7.920000  0.547529  0
7.946667  0.546938  0
7.973333  0.546346  0
8.000000  0.545754  0
8.026667  0.545162  0
8.053333  0.544570  0
8.080000  0.543978  0
8.106667  0.543387  0
8.133333  0.542795  0
8.160000  0.542203  0
8.186667  0.541611  0
8.213333  0.541019  0
8.240000  0.540620  0
8.266667  0.540316  0
8.293333  0.540012  0
8.320000  0.539707  0
8.346667  0.539403  0
8.373333  0.539098  0
8.400000  0.538794  0
8.426667  0.538490  0
8.453333  0.538185  0
8.480000  0.537881  0
8.506667  0.537577  0
8.533333  0.537272  0
8.560000  0.536968  0
8.586667  0.536664  0
8.613333  0.536359  0
8.640000  0.536055  0
8.666667  0.535750  0
8.693333  0.535446  0
8.720000  0.535142  0
8.746667  0.534837  0
8.773333  0.534533  0
8.800000  0.534229  0
8.826667  0.533924  0
8.853333  0.533620  0
8.880000  0.533316  0
8.906667  0.533011  0
8.933333  0.532707  0
8.960000  0.532402  0
8.986667  0.532098  0
9.013333  0.531794  0
9.040000  0.531489  0
9.066667  0.531185  0
9.093333  0.530881  0
9.120000  0.530576  0
9.146667  0.530272  0
9.173333  0.529967  0
9.200000  0.529663  0
9.226667  0.529359  0
9.253333  0.529054  0
9.280000  0.528750  0
9.306667  0.528446  0
9.333333  0.528141  0
9.360000  0.527837  0
9.386667  0.527533  0
9.413333  0.527228  0
9.440000  0.526924  0
9.466667  0.526619  0
9.493333  0.526315  0
9.520000  0.526011  0
9.546667  0.525706  0
9.573333  0.525402  0
9.600000  0.525098  0
9.626667  0.524793  0
9.653333  0.524489  0
9.680000  0.524185  0
9.706667  0.523880  0
9.733333  0.523576  0
9.760000  0.523271  0
9.786667  0.522967  0
9.813333  0.522663  0
9.840000  0.522358  0
9.866667  0.522054  0
9.893333  0.521750  0
9.920000  0.521445  0
9.946667  0.521141  0
9.973333  0.520837  0
10.000000  0.520532  0
10.026667  0.520228  0
10.053333  0.519923  0
10.080000  0.519619  0
10.106667  0.519315  0
10.133333  0.519010  0
10.160000  0.518706  0
10.186667  0.518402  0
10.213333  0.518097  0
10.240000  0.517793  0
10.266667  0.517488  0
10.293333  0.517184  0
10.320000  0.516880  0
10.346667  0.516575  0
10.373333  0.516271  0
10.400000  0.515967  0
10.426667  0.515662  0
10.453333  0.515358  0
10.480000  0.515054  0
10.506667  0.514749  0
10.533333  0.514445  0
10.560000  0.514140  0
10.586667  0.513836  0
10.613333  0.513532  0
10.640000  0.513227  0
10.666667  0.512923  0
10.693333  0.512619  0
10.720000  0.512314  0
10.746667  0.512010  0
10.773333  0.511706  0
10.800000  0.511401  0
10.826667  0.511097  0
10.853333  0.510792  0
10.880000  0.510488  0
10.906667  0.510184  0
10.933333  0.509879  0
10.960000  0.509575  0
10.986667  0.509271  0
11.013333  0.508966  0
11.040000  0.508662  0
11.066667  0.508357  0
11.093333  0.508053  0
11.120000  0.507749  0
11.146667  0.507444  0
11.173333  0.507140  0
11.200000  0.506836  0
11.226667  0.506531  0
11.253333  0.506227  0
11.280000  0.505923  0
11.306667  0.505618  0
11.333333  0.505314  0
11.360000  0.505009  0
11.386667  0.504705  0
11.413333  0.504420  0
11.440000  0.504187  0
11.466667  0.503954  0
11.493333  0.503721  0
11.520000  0.503488  0
11.546667  0.503255  0
11.573333  0.503022  0
11.600000  0.502790  0
11.626667  0.502557  0
11.653333  0.502324  0
11.680000  0.502091  0
11.706667  0.501858  0
11.733333  0.501625  0
11.760000  0.501392  0
11.786667  0.501160  0
11.813333  0.500927  0
11.840000  0.500694  0
11.866667  0.500461  0
11.893333  0.500228  0
11.920000  0.499995  0
11.946667  0.499763  0
11.973333  0.499530  0
12.000000  0.499297  0
12.026667  0.499064  0
12.053333  0.498831  0
12.080000  0.498598  0
12.106667  0.498365  0
12.133333  0.498133  0
12.160000  0.497900  0
12.186667  0.497667  0
12.213333  0.497434  0
12.240000  0.497201  0
12.266667  0.496968  0
12.293333  0.496736  0
12.320000  0.496503  0
12.346667  0.496270  0
12.373333  0.496037  0
12.400000  0.495804  0
12.426667  0.495571  0
12.453333  0.495338  0
12.480000  0.495106  0
12.506667  0.494873  0
12.533333  0.494640  0
12.560000  0.494407  0
12.586667  0.494174  0
12.613333  0.493941  0
12.640000  0.493708  0
12.666667  0.493476  0
12.693333  0.493243  0
12.720000  0.493010  0
12.746667  0.492777  0
12.773333  0.492544  0
12.800000  0.492311  0
12.826667  0.492079  0
12.853333  0.491846  0
12.880000  0.491613  0
12.906667  0.491380  0
12.933333  0.491147  0
12.960000  0.490914  0
12.986667  0.490681  0
13.013333  0.490449  0
13.040000  0.490216  0
13.066667  0.489983  0
13.093333  0.489750  0
13.120000  0.489517  0
13.146667  0.489284  0
13.173333  0.489052  0
13.200000  0.488819  0
13.226667  0.488586  0
13.253333  0.488353  0
13.280000  0.488120  0
13.306667  0.487887  0
13.333333  0.487654  0
13.360000  0.487422  0
13.386667  0.487189  0
13.413333  0.486956  0
13.440000  0.486723  0
13.466667  0.486490  0
13.493333  0.486257  0
13.520000  0.486024  0
13.546667  0.485792  0
13.573333  0.485559  0
13.600000  0.485326  0
13.626667  0.485093  0
13.653333  0.484860  0
13.680000  0.484627  0
13.706667  0.484395  0
13.733333  0.484162  0
13.760000  0.483929  0
13.786667  0.483696  0
13.813333  0.483463  0
13.840000  0.483230  0
13.866667  0.482997  0
13.893333  0.482765  0
13.920000  0.482532  0
13.946667  0.482299  0
13.973333  0.482066  0
14.000000  0.481833  0
14.026667  0.481600  0
14.053333  0.481368  0
14.080000  0.481135  0
14.106667  0.480902  0
14.133333  0.480669  0
14.160000  0.480436  0
14.186667  0.480203  0
14.213333  0.479970  0
14.240000  0.479738  0
14.266667  0.479505  0
14.293333  0.479272  0
14.320000  0.479039  0
14.346667  0.478806  0
14.373333  0.478573  0
14.400000  0.478340  0
14.426667  0.478108  0
14.453333  0.477875  0
14.480000  0.477642  0
14.506667  0.477409  0
14.533333  0.477176  0
14.560000  0.476943  0
14.586667  0.476711  0
14.613333  0.476478  0
14.640000  0.476245  0
14.666667  0.476012  0
14.693333  0.475779  0
14.720000  0.475546  0
14.746667  0.475313  0
14.773333  0.475081  0
14.800000  0.474848  0
14.826667  0.474615  0
14.853333  0.474382  0
14.880000  0.474149  0
14.906667  0.473916  0
14.933333  0.473684  0
14.960000  0.473451  0
14.986667  0.473218  0
15.013333  0.472985  0
15.040000  0.472752  0
15.066667  0.472519  0
15.093333  0.472286  0
15.120000  0.472054  0
15.146667  0.471821  0
15.173333  0.471588  0
15.200000  0.471355  0
15.226667  0.471122  0
15.253333  0.470889  0
15.280000  0.470656  0
15.306667  0.470424  0
15.333333  0.470191  0
15.360000  0.469958  0
15.386667  0.469725  0
15.413333  0.469492  0
15.440000  0.469259  0
15.466667  0.469027  0
15.493333  0.468794  0
15.520000  0.468561  0
15.546667  0.468328  0
15.573333  0.468095  0
15.600000  0.467862  0
15.626667  0.467629  0
15.653333  0.467397  0
15.680000  0.467164  0
15.706667  0.466931  0
15.733333  0.466698  0
15.760000  0.466465  0
15.786667  0.466232  0
15.813333  0.466000  0
15.840000  0.465767  0
15.866667  0.465534  0
15.893333  0.465301  0
15.920000  0.465068  0
15.946667  0.464835  0
15.973333  0.464602  0
16.000000  0.464370  0
16.026667  0.464137  0
16.053333  0.463904  0
16.080000  0.463671  0
16.106667  0.463438  0
16.133333  0.463205  0
16.160000  0.462972  0
16.186667  0.462740  0
16.213333  0.462507  0
16.240000  0.462274  0
16.266667  0.462041  0
16.293333  0.461808  0
16.320000  0.461575  0
16.346667  0.461343  0
16.373333  0.461110  0
16.400000  0.460877  0
16.426667  0.460644  0
16.453333  0.460411  0
16.480000  0.460178  0
16.506667  0.459945  0
16.533333  0.459713  0
16.560000  0.459480  0
16.586667  0.459247  0
16.613333  0.459014  0
16.640000  0.458781  0
16.666667  0.458548  0
16.693333  0.458316  0
16.720000  0.458083  0
16.746667  0.457850  0
16.773333  0.457617  0
16.800000  0.457384  0
16.826667  0.457151  0
16.853333  0.456918  0
16.880000  0.456686  0
16.906667  0.456453  0
16.373333  0.625438  1
16.400000  0.624861  1
16.426667  0.624283  1
16.453333  0.623706  1
16.480000  0.623129  1
16.506667  0.622551  1
16.533333  0.621974  1
16.560000  0.621396  1
16.586667  0.620819  1
16.613333  0.620242  1
16.640000  0.619664  1
16.666667  0.619087  1
16.693333  0.618509  1
16.720000  0.617932  1
16.746667  0.617355  1
16.773333  0.616777  1
16.800000  0.616200  1
16.826667  0.615622  1
16.853333  0.615045  1
16.880000  0.614468  1
16.906667  0.613890  1
16.933333  0.613313  1
16.960000  0.612736  1
16.986667  0.612158  1
17.013333  0.611581  1
17.040000  0.611003  1
17.066667  0.610426  1
17.093333  0.609849  1
17.120000  0.609271  1
17.146667  0.608694  1
17.173333  0.608116  1
17.200000  0.607539  1
17.226667  0.606962  1
17.253333  0.606384  1
17.280000  0.605807  1
17.306667  0.605229  1
17.333333  0.604652  1
17.360000  0.604075  1
17.386667  0.603497  1
17.413333  0.602920  1
17.440000  0.602343  1
17.466667  0.601765  1
17.493333  0.601188  1
17.520000  0.600610  1
17.546667  0.600033  1
17.573333  0.599456  1
17.600000  0.598878  1
17.626667  0.598301  1
17.653333  0.597723  1
17.680000  0.597146  1
17.706667  0.596569  1
17.733333  0.595991  1
17.760000  0.595414  1
17.786667  0.594836  1
17.813333  0.594259  1
17.840000  0.593682  1
17.866667  0.593104  1
17.893333  0.592527  1
17.920000  0.591950  1
17.946667  0.591372  1
17.973333  0.590795  1
18.000000  0.590217  1
18.026667  0.589640  1
18.053333  0.589063  1
18.080000  0.588485  1
18.106667  0.587908  1
18.133333  0.587330  1
18.160000  0.586753  1
18.186667  0.586176  1
18.213333  0.585598  1
18.240000  0.585021  1
18.266667  0.584443  1
18.293333  0.583866  1
18.320000  0.583289  1
18.346667  0.582711  1
18.373333  0.582134  1
18.400000  0.581557  1
18.426667  0.580979  1
18.453333  0.580402  1
18.480000  0.579824  1
18.506667  0.579247  1
18.533333  0.578670  1
18.560000  0.578092  1
18.586667  0.577515  1
18.613333  0.576937  1
18.640000  0.576360  1
18.666667  0.575783  1
18.693333  0.575205  1
18.720000  0.574628  1
18.746667  0.574050  1
18.773333  0.573473  1
18.800000  0.572896  1
18.826667  0.572318  1
18.853333  0.571741  1
18.880000  0.571164  1
18.906667  0.570586  1
18.933333  0.570009  1
18.960000  0.569431  1
18.986667  0.568854  1
19.013333  0.568277  1
19.040000  0.567699  1
19.066667  0.567122  1
19.093333  0.566544  1
19.120000  0.565967  1
19.146667  0.565390  1
19.173333  0.564812  1
19.200000  0.564235  1
19.226667  0.563657  1
19.253333  0.563080  1
19.280000  0.562503  1
19.306667  0.561925  1
19.333333  0.561348  1
19.360000  0.560771  1
19.386667  0.560193  1
19.413333  0.559616  1
19.440000  0.559038  1
19.466667  0.558461  1
19.493333  0.557884  1
19.520000  0.557306  1
19.546667  0.556729  1
19.573333  0.556151  1
19.600000  0.555574  1
19.626667  0.554997  1
19.653333  0.554419  1
19.680000  0.553842  1
19.706667  0.553264  1
19.733333  0.552687  1
19.760000  0.552110  1
19.786667  0.551532  1
19.813333  0.550955  1
19.840000  0.550378  1
19.866667  0.549800  1
19.893333  0.549223  1
19.920000  0.548645  1
19.946667  0.548068  1
19.973333  0.547491  1
20.000000  0.546913  1
20.026667  0.546336  1
20.053333  0.545758  1
20.080000  0.545181  1
