2.560000  0.757822  0
2.586667  0.756639  0
2.613333  0.755455  0
2.640000  0.754272  0
2.666667  0.753088  0
2.693333  0.751904  0
2.720000  0.750721  0
2.746667  0.749537  0
2.773333  0.748353  0
2.800000  0.747170  0
2.826667  0.745986  0
2.853333  0.744802  0
2.880000  0.743619  0
2.906667  0.742435  0
2.933333  0.741251  0
2.960000  0.740068  0
2.986667  0.738884  0
3.013333  0.737700  0
3.040000  0.736517  0
3.066667  0.735333  0
3.093333  0.734150  0
3.120000  0.732966  0
3.146667  0.731782  0
3.173333  0.730599  0
3.200000  0.729415  0
3.226667  0.728231  0
3.253333  0.727048  0
3.280000  0.725864  0
3.306667  0.724680  0
3.333333  0.723497  0
3.360000  0.722313  0
3.386667  0.721129  0
3.413333  0.719946  0
3.440000  0.718762  0
3.466667  0.717578  0
3.493333  0.716395  0
3.520000  0.715211  0
3.546667  0.714028  0
3.573333  0.712844  0
3.600000  0.711660  0
3.626667  0.710477  0
3.653333  0.709293  0
3.680000  0.708109  0
3.706667  0.706926  0
3.733333  0.705742  0
3.760000  0.704558  0
3.786667  0.703375  0
3.813333  0.702242  0
3.840000  0.701428  0
3.866667  0.700614  0
3.893333  0.699800  0
3.920000  0.698987  0
3.946667  0.698173  0
3.973333  0.697359  0
4.000000  0.696545  0
4.026667  0.695732  0
4.053333  0.694918  0
4.080000  0.694104  0
4.106667  0.693290  0
4.133333  0.692476  0
4.160000  0.691663  0
4.186667  0.690849  0
4.213333  0.690035  0
4.240000  0.689221  0
4.266667  0.688408  0
4.293333  0.687594  0
4.320000  0.686780  0
4.346667  0.685966  0
4.373333  0.685153  0
4.400000  0.684339  0
4.426667  0.683525  0
4.453333  0.682711  0
4.480000  0.681898  0
4.506667  0.681084  0
4.533333  0.680270  0
4.560000  0.679456  0
4.586667  0.678643  0
4.613333  0.677829  0
4.640000  0.677015  0
4.666667  0.676201  0
4.693333  0.675388  0
4.720000  0.674574  0
4.746667  0.673760  0
4.773333  0.672946  0
4.800000  0.672133  0
4.826667  0.671319  0
4.853333  0.670505  0
4.880000  0.669691  0
4.906667  0.668878  0
4.933333  0.668064  0
4.960000  0.667250  0
4.986667  0.666436  0
5.013333  0.665623  0
5.040000  0.664809  0
5.066667  0.663995  0
5.093333  0.663181  0
5.120000  0.662367  0
5.146667  0.661554  0
5.173333  0.660740  0
5.200000  0.659926  0
5.226667  0.659112  0
5.253333  0.658299  0
5.280000  0.657436  0
5.306667  0.656535  0
5.333333  0.655633  0
5.360000  0.654731  0
5.386667  0.653829  0
5.413333  0.652927  0
5.440000  0.652026  0
5.466667  0.651124  0
5.493333  0.650222  0
5.520000  0.649320  0
5.546667  0.648418  0
5.573333  0.647516  0
5.600000  0.646615  0
5.626667  0.645713  0
5.653333  0.644811  0
5.680000  0.643909  0
5.706667  0.643007  0
5.733333  0.642105  0
5.760000  0.641204  0
5.786667  0.640302  0
5.813333  0.639400  0
5.840000  0.638498  0
5.866667  0.637596  0
5.893333  0.636695  0
5.920000  0.635793  0
5.946667  0.634891  0
5.973333  0.633989  0
6.000000  0.633087  0
6.026667  0.632185  0
6.053333  0.631284  0
6.080000  0.630382  0
6.106667  0.629480  0
6.133333  0.628578  0
6.160000  0.627676  0
6.186667  0.626774  0
6.213333  0.625873  0
6.240000  0.624971  0
6.266667  0.624069  0
6.293333  0.623167  0
6.320000  0.622265  0
6.346667  0.621363  0
6.373333  0.620462  0
6.400000  0.619560  0
6.426667  0.618658  0
6.453333  0.617756  0
6.480000  0.616854  0
6.506667  0.615953  0
6.533333  0.615051  0
6.560000  0.614149  0
6.586667  0.613247  0
6.613333  0.612345  0
6.640000  0.611443  0
6.666667  0.610542  0
6.693333  0.609640  0
6.720000  0.608738  0
6.746667  0.607836  0
6.773333  0.606934  0
6.800000  0.606032  0
6.826667  0.605131  0
6.853333  0.604229  0
6.880000  0.603327  0
6.906667  0.602425  0
6.933333  0.601523  0
6.960000  0.600621  0
6.986667  0.599720  0
7.013333  0.598818  0
7.040000  0.597916  0
7.066667  0.597014  0
7.093333  0.596112  0
7.120000  0.595211  0
7.146667  0.594309  0
7.173333  0.593407  0
7.200000  0.592837  0
7.226667  0.592303  0
7.253333  0.591768  0
7.280000  0.591234  0
7.306667  0.590699  0
7.333333  0.590165  0
7.360000  0.589630  0
7.386667  0.589096  0
7.413333  0.588561  0
7.440000  0.588026  0
7.466667  0.587492  0
7.493333  0.586957  0
7.520000  0.586423  0
7.546667  0.585888  0
7.573333  0.585354  0
7.600000  0.584819  0
7.626667  0.584285  0
7.653333  0.583750  0
7.680000  0.583216  0
7.706667  0.582681  0
7.733333  0.582146  0
7.760000  0.581612  0
7.786667  0.581077  0
7.813333  0.580543  0
7.840000  0.580008  0
7.866667  0.579474  0
7.893333  0.578939  0
7.920000  0.578405  0
7.946667  0.577870  0
7.973333  0.577335  0
8.000000  0.576801  0
8.026667  0.576266  0
8.053333  0.575732  0
8.080000  0.575197  0
8.106667  0.574663  0
8.133333  0.574128  0
8.160000  0.573594  0
8.186667  0.573059  0
8.213333  0.572525  0
8.240000  0.571990  0
8.266667  0.571455  0
8.293333  0.570921  0
8.320000  0.570386  0
8.346667  0.569852  0
8.373333  0.569317  0
8.400000  0.568783  0
8.426667  0.568248  0
8.453333  0.567714  0
8.480000  0.567179  0
8.506667  0.566644  0
8.533333  0.566110  0
8.560000  0.565575  0
8.586667  0.565044  0
8.613333  0.564650  0
8.640000  0.564255  0
8.666667  0.563861  0
8.693333  0.563466  0
8.720000  0.563071  0
8.746667  0.562677  0
8.773333  0.562282  0
8.800000  0.561888  0
8.826667  0.561493  0
8.853333  0.561099  0
8.880000  0.560704  0
8.906667  0.560310  0
8.933333  0.559915  0
8.960000  0.559521  0
8.986667  0.559126  0
9.013333  0.558731  0
9.040000  0.558337  0
9.066667  0.557942  0
9.093333  0.557548  0
9.120000  0.557153  0
9.146667  0.556759  0
9.173333  0.556364  0
9.200000  0.555970  0
9.226667  0.555575  0
9.253333  0.555180  0
9.280000  0.554786  0
9.306667  0.554391  0
9.333333  0.553997  0
9.360000  0.553602  0
9.386667  0.553208  0
9.413333  0.552813  0
9.440000  0.552419  0
9.466667  0.552024  0
9.493333  0.551630  0
9.520000  0.551235  0
9.546667  0.550840  0
9.573333  0.550446  0
9.600000  0.550051  0
9.626667  0.549657  0
9.653333  0.549262  0
9.680000  0.548868  0
9.706667  0.548473  0
9.733333  0.548079  0
9.760000  0.547684  0
9.786667  0.547289  0
9.813333  0.546895  0
9.840000  0.546500  0
9.866667  0.546106  0
9.893333  0.545711  0
9.920000  0.545317  0
9.946667  0.544922  0
9.973333  0.544528  0
10.000000  0.544133  0
10.026667  0.543739  0
10.053333  0.543344  0
10.080000  0.542949  0
10.106667  0.542555  0
10.133333  0.542160  0
10.160000  0.541766  0
10.186667  0.541371  0
10.213333  0.540977  0
10.240000  0.540582  0
10.266667  0.540188  0
10.293333  0.539793  0
10.320000  0.539399  0
10.346667  0.539004  0
10.373333  0.538609  0
10.400000  0.538215  0
10.426667  0.537820  0
10.453333  0.537426  0
10.480000  0.537031  0
10.506667  0.536708  0
10.533333  0.536502  0
10.560000  0.536297  0
10.586667  0.536091  0
10.613333  0.535885  0
10.640000  0.535679  0
10.666667  0.535473  0
10.693333  0.535267  0
10.720000  0.535061  0
10.746667  0.534856  0
10.773333  0.534650  0
10.800000  0.534444  0
10.826667  0.534238  0
10.853333  0.534032  0
10.880000  0.533826  0
10.906667  0.533620  0
10.933333  0.533415  0
10.960000  0.533209  0
10.986667  0.533003  0
11.013333  0.532797  0
11.040000  0.532591  0
11.066667  0.532385  0
11.093333  0.532179  0
11.120000  0.531974  0
11.146667  0.531768  0
11.173333  0.531562  0
11.200000  0.531356  0
11.226667  0.531150  0
11.253333  0.530944  0
11.280000  0.530739  0
11.306667  0.530533  0
11.333333  0.530327  0
11.360000  0.530121  0
11.386667  0.529915  0
11.413333  0.529709  0
11.440000  0.529503  0
11.466667  0.529298  0
11.493333  0.529092  0
11.520000  0.528886  0
11.546667  0.528680  0
11.573333  0.528474  0
11.600000  0.528268  0
11.626667  0.528062  0
11.653333  0.527857  0
11.680000  0.527651  0
11.706667  0.527445  0
11.733333  0.527239  0
11.760000  0.527033  0
11.786667  0.526827  0
11.813333  0.526621  0
11.840000  0.526416  0
11.866667  0.526210  0
11.893333  0.526004  0
11.920000  0.525798  0
11.946667  0.525592  0
11.973333  0.525386  0
12.000000  0.525181  0
12.026667  0.524975  0
12.053333  0.524769  0
12.080000  0.524563  0
12.106667  0.524357  0
12.133333  0.524151  0
12.160000  0.523945  0
12.186667  0.523740  0
12.213333  0.523534  0
12.240000  0.523328  0
12.266667  0.523122  0
12.293333  0.522916  0
12.320000  0.522710  0
12.346667  0.522504  0
12.373333  0.522299  0
12.400000  0.522093  0
12.426667  0.521887  0
12.453333  0.521681  0
12.480000  0.521475  0
12.506667  0.521269  0
12.533333  0.521064  0
12.560000  0.520858  0
12.586667  0.520652  0
12.613333  0.520446  0
12.640000  0.520240  0
12.666667  0.520034  0
12.693333  0.519828  0
12.720000  0.519623  0
12.746667  0.519417  0
12.773333  0.519211  0
12.800000  0.519005  0
12.826667  0.518799  0
12.853333  0.518593  0
12.880000  0.518387  0
12.906667  0.518182  0
12.933333  0.517976  0
12.960000  0.517770  0
12.986667  0.517564  0
13.013333  0.517358  0
13.040000  0.517152  0
13.066667  0.516946  0
13.093333  0.516741  0
13.120000  0.516535  0
13.146667  0.516329  0
13.173333  0.516123  0
13.200000  0.515917  0
13.226667  0.515711  0
13.253333  0.515506  0
13.280000  0.515300  0
13.306667  0.515094  0
13.333333  0.514888  0
13.360000  0.514682  0
13.386667  0.514476  0
13.413333  0.514270  0
13.440000  0.514065  0
13.466667  0.513859  0
13.493333  0.513653  0
13.520000  0.513447  0
13.546667  0.513241  0
13.573333  0.513035  0
13.600000  0.512829  0
13.626667  0.512624  0
13.653333  0.512488  0
13.680000  0.512386  0
13.706667  0.512285  0
13.733333  0.512183  0
13.760000  0.512081  0
13.786667  0.511979  0
13.813333  0.511877  0
13.840000  0.511775  0
13.866667  0.511674  0
13.893333  0.511572  0
13.920000  0.511470  0
13.946667  0.511368  0
13.973333  0.511266  0
14.000000  0.511165  0
14.026667  0.511063  0
14.053333  0.510961  0
14.080000  0.510859  0
14.106667  0.510757  0
14.133333  0.510655  0
14.160000  0.510554  0
14.186667  0.510452  0
14.213333  0.510350  0
14.240000  0.510248  0
14.266667  0.510146  0
14.293333  0.510044  0
14.320000  0.509943  0
14.346667  0.509841  0
14.373333  0.509739  0
14.400000  0.509637  0
14.426667  0.509535  0
14.453333  0.509434  0
14.480000  0.509332  0
14.506667  0.509230  0
14.533333  0.509128  0
14.560000  0.509026  0
14.586667  0.508924  0
14.613333  0.508823  0
14.640000  0.508721  0
14.666667  0.508619  0
14.693333  0.508517  0
14.720000  0.508415  0
14.746667  0.508314  0
14.773333  0.508212  0
14.800000  0.508110  0
14.826667  0.508008  0
14.853333  0.507906  0
14.880000  0.507804  0
14.906667  0.507703  0
14.933333  0.507601  0
14.960000  0.507499  0
14.986667  0.507397  0
15.013333  0.507295  0
15.040000  0.507194  0
15.066667  0.507092  0
15.093333  0.506990  0
15.120000  0.506888  0
15.146667  0.506786  0
15.173333  0.506684  0
15.200000  0.506583  0
15.226667  0.506481  0
15.253333  0.506379  0
15.280000  0.506277  0
15.306667  0.506175  0
15.333333  0.506074  0
15.360000  0.505972  0
15.386667  0.505870  0
15.413333  0.505768  0
15.440000  0.505666  0
15.466667  0.505564  0
15.493333  0.505463  0
15.520000  0.505361  0
15.546667  0.505259  0
15.573333  0.505157  0
15.600000  0.505055  0
15.626667  0.504954  0
15.653333  0.504852  0
15.680000  0.504750  0
15.706667  0.504648  0
15.733333  0.504546  0
15.760000  0.504444  0
15.786667  0.504343  0
15.813333  0.504241  0
15.840000  0.504139  0
15.866667  0.504037  0
15.893333  0.503935  0
15.920000  0.503834  0
15.946667  0.503732  0
15.973333  0.503630  0
16.000000  0.503528  0
16.026667  0.503426  0
16.053333  0.503324  0
16.080000  0.503223  0
16.106667  0.503121  0
16.133333  0.503019  0
16.160000  0.502917  0
16.186667  0.502815  0
16.213333  0.502714  0
16.240000  0.502612  0
16.266667  0.502510  0
16.293333  0.502408  0
16.320000  0.502306  0
16.346667  0.502204  0
16.373333  0.502103  0
16.400000  0.502001  0
16.426667  0.501899  0
16.453333  0.501797  0
16.480000  0.501695  0
16.506667  0.501594  0
16.533333  0.501492  0
16.560000  0.501390  0
16.586667  0.501288  0
16.613333  0.501186  0
16.640000  0.501084  0
16.666667  0.500983  0
16.693333  0.500881  0
16.720000  0.500779  0
16.746667  0.500677  0
16.773333  0.500575  0
16.800000  0.500473  0
16.826667  0.500372  0
16.853333  0.500270  0
16.880000  0.500168  0
16.906667  0.500066  0
16.933333  0.499964  0
16.960000  0.499863  0
16.986667  0.499761  0
17.013333  0.499659  0
17.040000  0.499557  0
17.066667  0.499455  0
17.093333  0.499353  0
17.120000  0.499252  0
17.146667  0.499150  0
17.173333  0.499048  0
17.200000  0.498946  0
17.226667  0.498844  0
17.253333  0.498743  0
17.280000  0.498641  0
17.306667  0.498539  0
17.333333  0.498437  0
17.360000  0.498335  0
17.386667  0.498233  0
17.413333  0.498132  0
17.440000  0.498030  0
17.466667  0.497928  0
17.493333  0.497826  0
17.520000  0.497724  0
17.546667  0.497623  0
17.573333  0.497521  0
17.600000  0.497419  0
17.626667  0.497317  0
17.653333  0.497215  0
17.680000  0.497113  0
17.706667  0.497012  0
17.733333  0.496910  0
17.760000  0.496808  0
17.786667  0.496706  0
17.813333  0.496604  0
17.840000  0.496503  0
