2.000000  0.782521  0
2.026667  0.780912  0
2.053333  0.779302  0
2.080000  0.777692  0
2.106667  0.776082  0
2.133333  0.774473  0
2.160000  0.772863  0
2.186667  0.771253  0
2.213333  0.769643  0
2.240000  0.768034  0
2.266667  0.766424  0
2.293333  0.764814  0
2.320000  0.763204  0
2.346667  0.761595  0
2.373333  0.759985  0
2.400000  0.758375  0
2.426667  0.756765  0
2.453333  0.755156  0
2.480000  0.753546  0
2.506667  0.751936  0
2.533333  0.750326  0
2.560000  0.748716  0
2.586667  0.747107  0
2.613333  0.745497  0
2.640000  0.743887  0
2.666667  0.742277  0
2.693333  0.740668  0
2.720000  0.739058  0
2.746667  0.737448  0
2.773333  0.735838  0
2.800000  0.734229  0
2.826667  0.732619  0
2.853333  0.731009  0
2.880000  0.729399  0
2.906667  0.727790  0
2.933333  0.726180  0
2.960000  0.724570  0
2.986667  0.722960  0
3.013333  0.721351  0
3.040000  0.719741  0
3.066667  0.718131  0
3.093333  0.716521  0
3.120000  0.714912  0
3.146667  0.713553  0
3.173333  0.712291  0
3.200000  0.711028  0
3.226667  0.709765  0
3.253333  0.708503  0
3.280000  0.707240  0
3.306667  0.705978  0
3.333333  0.704715  0
3.360000  0.703453  0
3.386667  0.702190  0
3.413333  0.700928  0
3.440000  0.699665  0
3.466667  0.698402  0
3.493333  0.697140  0
3.520000  0.695877  0
3.546667  0.694615  0
3.573333  0.693352  0
3.600000  0.692090  0
3.626667  0.690827  0
3.653333  0.689565  0
3.680000  0.688302  0
3.706667  0.687039  0
3.733333  0.685777  0
3.760000  0.684514  0
3.786667  0.683252  0
3.813333  0.681989  0
3.840000  0.680727  0
3.866667  0.679464  0
3.893333  0.678202  0
3.920000  0.676939  0
3.946667  0.675676  0
3.973333  0.674414  0
4.000000  0.673151  0
4.026667  0.671889  0
4.053333  0.670626  0
4.080000  0.669364  0
4.106667  0.668101  0
4.133333  0.666839  0
4.160000  0.665576  0
4.186667  0.664313  0
4.213333  0.663051  0
4.240000  0.661788  0
4.266667  0.660526  0
4.293333  0.659263  0
4.320000  0.658001  0
4.346667  0.656738  0
4.373333  0.655476  0
4.400000  0.654213  0
4.426667  0.652950  0
4.453333  0.651688  0
4.480000  0.650425  0
4.506667  0.649485  0
4.533333  0.648808  0
4.560000  0.648132  0
4.586667  0.647456  0
4.613333  0.646779  0
4.640000  0.646103  0
4.666667  0.645426  0
4.693333  0.644750  0
4.720000  0.644074  0
4.746667  0.643397  0
4.773333  0.642721  0
4.800000  0.642045  0
4.826667  0.641368  0
4.853333  0.640692  0
4.880000  0.640015  0
4.906667  0.639339  0
4.933333  0.638663  0
4.960000  0.637986  0
4.986667  0.637310  0
5.013333  0.636634  0
5.040000  0.635957  0
5.066667  0.635281  0
5.093333  0.634605  0
5.120000  0.633928  0
5.146667  0.633252  0
5.173333  0.632575  0
5.200000  0.631899  0
5.226667  0.631223  0
5.253333  0.630546  0
5.280000  0.629870  0
5.306667  0.629194  0
5.333333  0.628517  0
5.360000  0.627841  0
5.386667  0.627164  0
5.413333  0.626488  0
5.440000  0.625812  0
5.466667  0.625135  0
5.493333  0.624459  0
5.520000  0.623783  0
5.546667  0.623106  0
5.573333  0.622430  0
5.600000  0.621754  0
5.626667  0.621077  0
5.653333  0.620401  0
5.680000  0.619724  0
5.706667  0.619048  0
5.733333  0.618372  0
5.760000  0.617695  0
5.786667  0.617019  0
5.813333  0.616343  0
5.840000  0.615666  0
5.866667  0.614990  0
5.893333  0.614313  0
5.920000  0.613637  0
5.946667  0.612961  0
5.973333  0.612284  0
6.000000  0.611608  0
6.026667  0.610932  0
6.053333  0.610255  0
6.080000  0.609579  0
6.106667  0.608902  0
6.133333  0.608226  0
6.160000  0.607550  0
6.186667  0.606873  0
6.213333  0.606197  0
6.240000  0.605521  0
6.266667  0.604844  0
6.293333  0.604168  0
6.320000  0.603492  0
6.346667  0.602815  0
6.373333  0.602139  0
6.400000  0.601462  0
6.426667  0.600873  0
6.453333  0.600294  0
6.480000  0.599714  0
6.506667  0.599134  0
6.533333  0.598554  0
6.560000  0.597975  0
6.586667  0.597395  0
6.613333  0.596815  0
6.640000  0.596235  0
6.666667  0.595656  0
6.693333  0.595076  0
6.720000  0.594496  0
6.746667  0.593916  0
6.773333  0.593337  0
6.800000  0.592757  0
6.826667  0.592177  0
6.853333  0.591597  0
6.880000  0.591018  0
6.906667  0.590438  0
6.933333  0.589858  0
6.960000  0.589279  0
6.986667  0.588699  0
7.013333  0.588119  0
7.040000  0.587539  0
7.066667  0.586960  0
7.093333  0.586380  0
7.120000  0.585800  0
7.146667  0.585220  0
7.173333  0.584641  0
7.200000  0.584061  0
7.226667  0.583481  0
7.253333  0.582901  0
7.280000  0.582322  0
7.306667  0.581742  0
7.333333  0.581162  0
7.360000  0.580582  0
7.386667  0.580003  0
7.413333  0.579423  0
7.440000  0.578843  0
7.466667  0.578263  0
7.493333  0.577684  0
7.520000  0.577104  0
7.546667  0.576524  0
7.573333  0.575944  0
7.600000  0.575365  0
7.626667  0.574785  0
7.653333  0.574205  0
7.680000  0.573625  0
7.706667  0.573046  0
7.733333  0.572466  0
7.760000  0.571886  0
7.786667  0.571306  0
7.813333  0.570727  0
7.840000  0.570147  0
7.866667  0.569567  0
7.893333  0.568987  0
7.920000  0.568408  0
7.946667  0.567828  0
7.973333  0.567248  0
8.000000  0.566668  0
8.026667  0.566089  0
8.053333  0.565509  0
8.080000  0.564929  0
8.106667  0.564349  0
8.133333  0.563770  0
8.160000  0.563190  0
8.186667  0.562610  0
8.213333  0.562030  0
8.240000  0.561451  0
8.266667  0.560871  0
8.293333  0.560291  0
8.320000  0.559711  0
8.346667  0.559132  0
8.373333  0.558552  0
8.400000  0.557972  0
8.426667  0.557393  0
8.453333  0.556813  0
8.480000  0.556233  0
8.506667  0.555653  0
8.533333  0.555074  0
8.560000  0.554494  0
8.586667  0.553914  0
8.613333  0.553334  0
8.640000  0.552768  0
8.666667  0.552232  0
8.693333  0.551696  0
8.720000  0.551161  0
8.746667  0.550625  0
8.773333  0.550089  0
8.800000  0.549553  0
8.826667  0.549017  0
8.853333  0.548481  0
8.880000  0.547945  0
8.906667  0.547409  0
8.933333  0.546873  0
8.960000  0.546337  0
8.986667  0.545801  0
9.013333  0.545265  0
9.040000  0.544729  0
9.066667  0.544193  0
9.093333  0.543657  0
9.120000  0.543121  0
9.146667  0.542585  0
9.173333  0.542049  0
9.200000  0.541513  0
9.226667  0.540977  0
9.253333  0.540441  0
9.280000  0.539905  0
9.306667  0.539369  0
9.333333  0.538833  0
9.360000  0.538297  0
9.386667  0.537761  0
9.413333  0.537225  0
9.440000  0.536689  0
9.466667  0.536153  0
9.493333  0.535617  0
9.520000  0.535081  0
9.546667  0.534545  0
9.573333  0.534009  0
9.600000  0.533473  0
9.626667  0.532937  0
9.653333  0.532401  0
9.680000  0.531865  0
9.706667  0.531329  0
9.733333  0.530793  0
9.760000  0.530257  0
9.786667  0.529721  0
9.813333  0.529185  0
9.840000  0.528649  0
9.866667  0.528113  0
9.893333  0.527577  0
9.920000  0.527041  0
9.946667  0.526505  0
9.973333  0.525969  0
10.000000  0.525433  0
10.026667  0.524897  0
10.053333  0.524361  0
10.080000  0.523825  0
10.106667  0.523289  0
10.133333  0.522753  0
10.160000  0.522217  0
10.186667  0.521681  0
10.213333  0.521145  0
10.240000  0.520609  0
10.266667  0.520073  0
10.293333  0.519537  0
10.320000  0.519001  0
10.346667  0.518465  0
10.373333  0.517929  0
10.400000  0.517393  0
10.426667  0.516857  0
10.453333  0.516321  0
10.480000  0.515785  0
10.506667  0.515249  0
10.533333  0.514713  0
10.560000  0.514177  0
10.586667  0.513641  0
10.613333  0.513105  0
10.640000  0.512569  0
10.666667  0.512033  0
10.693333  0.511497  0
10.720000  0.510961  0
10.746667  0.510425  0
10.773333  0.509889  0
10.800000  0.509353  0
10.826667  0.508817  0
10.853333  0.508281  0
10.880000  0.507745  0
10.906667  0.507209  0
10.933333  0.506673  0
10.960000  0.506137  0
10.986667  0.505601  0
11.013333  0.505065  0
11.040000  0.504529  0
11.066667  0.504140  0
11.093333  0.503765  0
11.120000  0.503391  0
11.146667  0.503016  0
11.173333  0.502641  0
11.200000  0.502267  0
11.226667  0.501892  0
11.253333  0.501517  0
11.280000  0.501143  0
11.306667  0.500768  0
11.333333  0.500393  0
11.360000  0.500019  0
11.386667  0.499644  0
11.413333  0.499269  0
11.440000  0.498894  0
11.466667  0.498520  0
11.493333  0.498145  0
11.520000  0.497770  0
11.546667  0.497396  0
11.573333  0.497021  0
11.600000  0.496646  0
11.626667  0.496272  0
11.653333  0.495897  0
11.680000  0.495522  0
11.706667  0.495148  0
11.733333  0.494773  0
11.760000  0.494398  0
11.786667  0.494024  0
11.813333  0.493649  0
11.840000  0.493274  0
11.866667  0.492900  0
11.893333  0.492525  0
11.920000  0.492150  0
11.946667  0.491776  0
11.973333  0.491401  0
12.000000  0.491026  0
12.026667  0.490652  0
12.053333  0.490277  0
12.080000  0.489902  0
12.106667  0.489527  0
12.133333  0.489153  0
12.160000  0.488778  0
12.186667  0.488403  0
12.213333  0.488029  0
12.240000  0.487654  0
12.266667  0.487279  0
12.293333  0.486905  0
12.320000  0.486530  0
12.346667  0.486155  0
12.373333  0.485781  0
12.400000  0.485406  0
12.426667  0.485031  0
12.453333  0.484657  0
12.480000  0.484282  0
12.506667  0.483907  0
12.533333  0.483533  0
12.560000  0.483158  0
12.586667  0.482783  0
12.613333  0.482409  0
12.640000  0.482034  0
12.666667  0.481659  0
12.693333  0.481285  0
12.720000  0.480910  0
12.746667  0.480535  0
12.773333  0.480160  0
12.800000  0.479786  0
12.826667  0.479411  0
12.853333  0.479036  0
12.880000  0.478662  0
12.906667  0.478287  0
12.933333  0.477912  0
12.960000  0.477538  0
12.986667  0.477163  0
13.013333  0.476788  0
13.040000  0.476414  0
13.066667  0.476039  0
13.093333  0.475664  0
13.120000  0.475290  0
13.146667  0.474915  0
13.173333  0.474540  0
13.200000  0.474166  0
13.226667  0.473791  0
13.253333  0.473416  0
13.280000  0.473042  0
13.306667  0.472667  0
13.333333  0.472292  0
13.360000  0.471918  0
13.386667  0.471543  0
13.413333  0.471168  0
13.440000  0.470793  0
13.466667  0.470419  0
13.493333  0.470044  0
13.520000  0.469669  0
13.546667  0.469295  0
13.573333  0.468920  0
13.600000  0.468545  0
13.626667  0.468171  0
13.653333  0.467796  0
13.680000  0.467421  0
13.706667  0.467047  0
13.733333  0.466672  0
13.760000  0.466297  0
13.786667  0.465923  0
13.813333  0.465548  0
13.840000  0.465173  0
13.866667  0.464799  0
13.893333  0.464424  0
13.920000  0.464049  0
13.946667  0.463675  0
13.973333  0.463300  0
14.000000  0.462925  0
14.026667  0.462551  0
14.053333  0.462176  0
14.080000  0.461801  0
14.106667  0.461427  0
14.133333  0.461052  0
14.160000  0.460677  0
14.186667  0.460302  0
14.213333  0.459928  0
14.240000  0.459553  0
14.266667  0.459178  0
14.293333  0.458804  0
14.320000  0.458429  0
14.346667  0.458054  0
14.373333  0.457680  0
14.400000  0.457305  0
14.426667  0.456930  0
14.453333  0.456556  0
14.480000  0.456181  0
14.506667  0.455806  0
14.533333  0.455432  0
14.560000  0.455057  0
14.586667  0.454682  0
14.613333  0.454308  0
14.640000  0.453933  0
14.666667  0.453558  0
14.693333  0.453184  0
14.720000  0.452809  0
14.746667  0.452434  0
14.773333  0.452060  0
14.800000  0.451685  0
14.826667  0.451310  0
14.853333  0.450935  0
14.880000  0.450561  0
14.906667  0.450186  0
14.933333  0.449811  0
14.960000  0.449437  0
14.986667  0.449062  0
15.013333  0.448687  0
15.040000  0.448313  0
15.066667  0.447938  0
15.093333  0.447563  0
15.120000  0.447189  0
15.146667  0.446814  0
15.173333  0.446439  0
15.200000  0.446065  0
15.226667  0.445690  0
15.253333  0.445315  0
15.280000  0.444941  0
15.306667  0.444566  0
15.333333  0.444191  0
15.360000  0.443817  0
15.386667  0.443442  0
15.413333  0.443067  0
15.440000  0.442693  0
15.466667  0.442318  0
15.493333  0.441943  0
15.520000  0.441568  0
15.546667  0.441194  0
15.573333  0.440819  0
15.600000  0.440444  0
15.626667  0.440070  0
15.653333  0.439695  0
15.680000  0.439320  0
15.706667  0.438946  0
15.733333  0.438571  0
15.760000  0.438196  0
15.786667  0.437822  0
15.813333  0.437447  0
15.840000  0.437072  0
15.866667  0.436698  0
15.893333  0.436323  0
15.920000  0.435948  0
15.946667  0.435574  0
15.973333  0.435199  0
16.000000  0.434824  0
16.026667  0.434450  0
16.053333  0.434075  0
16.080000  0.433700  0
16.106667  0.433326  0
16.133333  0.432951  0
16.160000  0.432576  0
16.186667  0.432202  0
16.213333  0.431827  0
16.240000  0.431452  0
16.266667  0.431077  0
16.293333  0.430703  0
16.320000  0.430328  0
16.346667  0.429953  0
16.373333  0.429579  0
16.400000  0.429204  0
16.426667  0.428829  0
16.453333  0.428455  0
16.480000  0.428080  0
16.506667  0.427705  0
16.533333  0.427331  0
16.560000  0.426956  0
16.586667  0.426581  0
16.613333  0.426207  0
16.640000  0.425832  0
16.666667  0.425457  0
16.693333  0.425083  0
16.720000  0.424708  0
16.746667  0.424333  0
16.773333  0.423959  0
16.800000  0.423584  0
16.826667  0.423209  0
16.853333  0.422835  0
16.880000  0.422460  0
16.906667  0.422085  0
16.933333  0.421710  0
16.960000  0.421336  0
16.986667  0.420961  0
17.013333  0.420586  0
17.040000  0.420212  0
17.066667  0.419837  0
17.093333  0.419462  0
17.120000  0.419088  0
17.146667  0.418713  0
17.173333  0.418338  0
17.200000  0.417964  0
17.226667  0.417589  0
17.253333  0.417214  0
17.280000  0.416840  0
17.306667  0.416465  0
17.333333  0.416090  0
17.360000  0.415716  0
19.653333  0.605277  1
19.680000  0.604964  1
19.706667  0.604650  1
19.733333  0.604337  1
19.760000  0.604024  1
19.786667  0.603710  1
19.813333  0.603397  1
19.840000  0.603084  1
19.866667  0.602770  1
19.893333  0.602457  1
19.920000  0.602144  1
19.946667  0.601830  1
19.973333  0.601517  1
20.000000  0.601204  1
20.026667  0.600890  1
20.053333  0.600577  1
20.080000  0.600264  1
20.106667  0.599951  1
20.133333  0.599637  1
20.160000  0.599324  1
20.186667  0.599011  1
20.213333  0.598697  1
20.240000  0.598384  1
20.266667  0.598071  1
20.293333  0.597757  1
20.320000  0.597444  1
20.346667  0.597131  1
20.373333  0.596817  1
20.400000  0.596504  1
20.426667  0.596191  1
20.453333  0.595877  1
20.480000  0.595564  1
20.506667  0.595251  1
20.533333  0.594937  1
20.560000  0.594624  1
20.586667  0.594311  1
20.613333  0.593997  1
20.640000  0.593684  1
20.666667  0.593371  1
20.693333  0.593058  1
20.720000  0.592744  1
20.746667  0.592431  1
20.773333  0.592118  1
20.800000  0.591804  1
20.826667  0.591491  1
20.853333  0.591178  1
20.880000  0.590864  1
20.906667  0.590551  1
20.933333  0.590238  1
20.960000  0.589924  1
20.986667  0.589611  1
21.013333  0.589298  1
21.040000  0.588984  1
21.066667  0.588671  1
21.093333  0.588358  1
21.120000  0.588044  1
21.146667  0.587731  1
21.173333  0.587418  1
21.200000  0.587104  1
21.226667  0.586791  1
21.253333  0.586478  1
21.280000  0.586165  1
21.306667  0.585851  1
21.333333  0.585538  1
21.360000  0.585225  1
21.386667  0.584911  1
21.413333  0.584598  1
21.440000  0.584285  1
21.466667  0.583971  1
21.493333  0.583658  1
21.520000  0.583345  1
21.546667  0.583031  1
21.573333  0.582718  1
21.600000  0.582405  1
21.626667  0.582091  1
21.653333  0.581778  1
21.680000  0.581465  1
21.706667  0.581151  1
21.733333  0.580838  1
21.760000  0.580525  1
21.786667  0.580211  1
21.813333  0.579898  1
21.840000  0.579585  1
21.866667  0.579272  1
21.893333  0.578958  1
21.920000  0.578645  1
21.946667  0.578332  1
21.973333  0.578018  1
22.000000  0.577705  1
22.026667  0.577392  1
22.053333  0.577078  1
22.080000  0.576765  1
22.106667  0.576452  1
22.133333  0.576138  1
22.160000  0.575825  1
22.186667  0.575512  1
22.213333  0.575198  1
22.240000  0.574885  1
22.266667  0.574572  1
22.293333  0.574258  1
22.320000  0.573945  1
22.346667  0.573632  1
22.373333  0.573318  1
22.400000  0.573005  1
22.426667  0.572692  1
22.453333  0.572379  1
22.480000  0.572065  1
22.506667  0.571752  1
22.533333  0.571439  1
22.560000  0.571125  1
22.586667  0.570812  1
22.613333  0.570499  1
22.640000  0.570185  1
22.666667  0.569872  1
22.693333  0.569559  1
22.720000  0.569245  1
12.053333  0.803124  2
12.080000  0.802642  2
12.106667  0.802160  2
12.133333  0.801677  2
12.160000  0.801195  2
12.186667  0.800713  2
12.213333  0.800231  2
12.240000  0.799749  2
12.266667  0.799266  2
12.293333  0.798784  2
12.320000  0.798302  2
12.346667  0.797820  2
12.373333  0.797337  2
12.400000  0.796855  2
12.426667  0.796373  2
12.453333  0.795891  2
12.480000  0.795408  2
12.506667  0.794926  2
12.533333  0.794444  2
12.560000  0.793962  2
12.586667  0.793480  2
12.613333  0.792997  2
12.640000  0.792515  2
12.666667  0.792033  2
12.693333  0.791551  2
12.720000  0.791068  2
12.746667  0.790586  2
12.773333  0.790104  2
12.800000  0.789622  2
12.826667  0.789140  2
12.853333  0.788657  2
12.880000  0.788175  2
12.906667  0.787693  2
12.933333  0.787211  2
12.960000  0.786728  2
12.986667  0.786246  2
13.013333  0.785764  2
13.040000  0.785282  2
13.066667  0.784800  2
13.093333  0.784317  2
13.120000  0.783835  2
13.146667  0.783353  2
13.173333  0.782871  2
13.200000  0.782388  2
13.226667  0.781906  2
13.253333  0.781424  2
13.280000  0.780942  2
13.306667  0.780459  2
13.333333  0.779977  2
13.360000  0.779495  2
13.386667  0.779013  2
13.413333  0.778531  2
13.440000  0.778048  2
13.466667  0.777566  2
13.493333  0.777084  2
13.520000  0.776602  2
13.546667  0.776119  2
13.573333  0.775637  2
13.600000  0.775155  2
13.626667  0.774673  2
13.653333  0.774191  2
13.680000  0.773708  2
13.706667  0.773226  2
13.733333  0.772744  2
13.760000  0.772262  2
13.786667  0.771779  2
13.813333  0.771297  2
13.840000  0.770815  2
13.866667  0.770333  2
13.893333  0.769850  2
13.920000  0.769368  2
13.946667  0.768886  2
13.973333  0.768404  2
14.000000  0.767922  2
14.026667  0.767439  2
14.053333  0.766957  2
14.080000  0.766475  2
14.106667  0.765993  2
14.133333  0.765510  2
14.160000  0.765028  2
14.186667  0.764546  2
14.213333  0.764064  2
14.240000  0.763582  2
14.266667  0.763099  2
14.293333  0.762617  2
14.320000  0.762135  2
14.346667  0.761653  2
14.373333  0.761170  2
14.400000  0.760688  2
14.426667  0.760206  2
14.453333  0.759724  2
14.480000  0.759242  2
14.506667  0.758759  2
14.533333  0.758277  2
14.560000  0.757795  2
14.586667  0.757313  2
14.613333  0.756830  2
14.640000  0.756348  2
14.666667  0.755866  2
14.693333  0.755384  2
14.720000  0.754901  2
14.746667  0.754419  2
14.773333  0.753937  2
14.800000  0.753455  2
14.826667  0.752973  2
14.853333  0.752490  2
14.880000  0.752008  2
14.906667  0.751526  2
14.933333  0.751044  2
14.960000  0.750561  2
