2.133333  0.821672  0
2.160000  0.819738  0
2.186667  0.817804  0
2.213333  0.815870  0
2.240000  0.813937  0
2.266667  0.812003  0
2.293333  0.810069  0
2.320000  0.808135  0
2.346667  0.806202  0
2.373333  0.804268  0
2.400000  0.802334  0
2.426667  0.800400  0
2.453333  0.798467  0
2.480000  0.796533  0
2.506667  0.794599  0
2.533333  0.792665  0
2.560000  0.790731  0
2.586667  0.788798  0
2.613333  0.786864  0
2.640000  0.784930  0
2.666667  0.782996  0
2.693333  0.781063  0
2.720000  0.779129  0
2.746667  0.777195  0
2.773333  0.775261  0
2.800000  0.773327  0
2.826667  0.771394  0
2.853333  0.769460  0
2.880000  0.767526  0
2.906667  0.765592  0
2.933333  0.763659  0
2.960000  0.761725  0
2.986667  0.759791  0
3.013333  0.757857  0
3.040000  0.755923  0
3.066667  0.753990  0
3.093333  0.752056  0
3.120000  0.750122  0
3.146667  0.748188  0
3.173333  0.746255  0
3.200000  0.744321  0
3.226667  0.742445  0
3.253333  0.740834  0
3.280000  0.739223  0
3.306667  0.737613  0
3.333333  0.736002  0
3.360000  0.734391  0
3.386667  0.732780  0
3.413333  0.731169  0
3.440000  0.729558  0
3.466667  0.727948  0
3.493333  0.726337  0
3.520000  0.724726  0
3.546667  0.723115  0
3.573333  0.721504  0
3.600000  0.719893  0
3.626667  0.718283  0
3.653333  0.716672  0
3.680000  0.715061  0
3.706667  0.713450  0
3.733333  0.711839  0
3.760000  0.710228  0
3.786667  0.708618  0
3.813333  0.707007  0
3.840000  0.705396  0
3.866667  0.703785  0
3.893333  0.702174  0
3.920000  0.700563  0
3.946667  0.698953  0
3.973333  0.697342  0
4.000000  0.695731  0
4.026667  0.694120  0
4.053333  0.692509  0
4.080000  0.690898  0
4.106667  0.689288  0
4.133333  0.687677  0
4.160000  0.686066  0
4.186667  0.684455  0
4.213333  0.682844  0
4.240000  0.681233  0
4.266667  0.679623  0
4.293333  0.678012  0
4.320000  0.676401  0
4.346667  0.674790  0
4.373333  0.673622  0
4.400000  0.672798  0
4.426667  0.671974  0
4.453333  0.671150  0
4.480000  0.670326  0
4.506667  0.669502  0
4.533333  0.668678  0
4.560000  0.667854  0
4.586667  0.667030  0
4.613333  0.666206  0
4.640000  0.665382  0
4.666667  0.664558  0
4.693333  0.663734  0
4.720000  0.662910  0
4.746667  0.662086  0
4.773333  0.661262  0
4.800000  0.660439  0
4.826667  0.659615  0
4.853333  0.658791  0
4.880000  0.657967  0
4.906667  0.657143  0
4.933333  0.656319  0
4.960000  0.655495  0
4.986667  0.654671  0
5.013333  0.653847  0
5.040000  0.653023  0
5.066667  0.652199  0
5.093333  0.651375  0
5.120000  0.650551  0
5.146667  0.649727  0
5.173333  0.648903  0
5.200000  0.648079  0
5.226667  0.647255  0
5.253333  0.646431  0
5.280000  0.645607  0
5.306667  0.644783  0
5.333333  0.643959  0
5.360000  0.643135  0
5.386667  0.642311  0
5.413333  0.641488  0
5.440000  0.640664  0
5.466667  0.639840  0
5.493333  0.639016  0
5.520000  0.638192  0
5.546667  0.637368  0
5.573333  0.636544  0
5.600000  0.635720  0
5.626667  0.634896  0
5.653333  0.634072  0
5.680000  0.633248  0
5.706667  0.632424  0
5.733333  0.631600  0
5.760000  0.630776  0
5.786667  0.629952  0
5.813333  0.629128  0
5.840000  0.628304  0
5.866667  0.627480  0
5.893333  0.626656  0
5.920000  0.625832  0
5.946667  0.625103  0
5.973333  0.624405  0
6.000000  0.623706  0
6.026667  0.623008  0
6.053333  0.622310  0
6.080000  0.621612  0
6.106667  0.620914  0
6.133333  0.620215  0
6.160000  0.619517  0
6.186667  0.618819  0
6.213333  0.618121  0
6.240000  0.617423  0
6.266667  0.616724  0
6.293333  0.616026  0
6.320000  0.615328  0
6.346667  0.614630  0
6.373333  0.613932  0
6.400000  0.613234  0
6.426667  0.612535  0
6.453333  0.611837  0
6.480000  0.611139  0
6.506667  0.610441  0
6.533333  0.609743  0
6.560000  0.609044  0
6.586667  0.608346  0
6.613333  0.607648  0
6.640000  0.606950  0
6.666667  0.606252  0
6.693333  0.605553  0
6.720000  0.604855  0
6.746667  0.604157  0
6.773333  0.603459  0
6.800000  0.602761  0
6.826667  0.602062  0
6.853333  0.601364  0
6.880000  0.600666  0
6.906667  0.599968  0
6.933333  0.599270  0
6.960000  0.598571  0
6.986667  0.597873  0
7.013333  0.597175  0
7.040000  0.596477  0
7.066667  0.595779  0
7.093333  0.595080  0
7.120000  0.594382  0
7.146667  0.593684  0
7.173333  0.592986  0
7.200000  0.592288  0
7.226667  0.591589  0
7.253333  0.590891  0
7.280000  0.590193  0
7.306667  0.589495  0
7.333333  0.588797  0
7.360000  0.588099  0
7.386667  0.587400  0
7.413333  0.586702  0
7.440000  0.586004  0
7.466667  0.585306  0
7.493333  0.584608  0
7.520000  0.583909  0
7.546667  0.583211  0
7.573333  0.582513  0
7.600000  0.581815  0
7.626667  0.581117  0
7.653333  0.580418  0
7.680000  0.579720  0
7.706667  0.579022  0
7.733333  0.578324  0
7.760000  0.577626  0
7.786667  0.576927  0
7.813333  0.576229  0
7.840000  0.575531  0
7.866667  0.574833  0
7.893333  0.574135  0
7.920000  0.573436  0
7.946667  0.572738  0
7.973333  0.572040  0
8.000000  0.571342  0
8.026667  0.570644  0
8.053333  0.569945  0
8.080000  0.569247  0
8.106667  0.568768  0
8.133333  0.568351  0
8.160000  0.567934  0
8.186667  0.567517  0
8.213333  0.567100  0
8.240000  0.566683  0
8.266667  0.566266  0
8.293333  0.565849  0
8.320000  0.565432  0
8.346667  0.565015  0
8.373333  0.564599  0
8.400000  0.564182  0
8.426667  0.563765  0
8.453333  0.563348  0
8.480000  0.562931  0
8.506667  0.562514  0
8.533333  0.562097  0
8.560000  0.561680  0
8.586667  0.561263  0
8.613333  0.560846  0
8.640000  0.560429  0
8.666667  0.560012  0
8.693333  0.559595  0
8.720000  0.559179  0
8.746667  0.558762  0
8.773333  0.558345  0
8.800000  0.557928  0
8.826667  0.557511  0
8.853333  0.557094  0
8.880000  0.556677  0
8.906667  0.556260  0
8.933333  0.555843  0
8.960000  0.555426  0
8.986667  0.555009  0
9.013333  0.554592  0
9.040000  0.554176  0
9.066667  0.553759  0
9.093333  0.553342  0
9.120000  0.552925  0
9.146667  0.552508  0
9.173333  0.552091  0
9.200000  0.551674  0
9.226667  0.551257  0
9.253333  0.550840  0
9.280000  0.550423  0
9.306667  0.550006  0
9.333333  0.549589  0
9.360000  0.549172  0
9.386667  0.548756  0
9.413333  0.548339  0
9.440000  0.547922  0
9.466667  0.547505  0
9.493333  0.547088  0
9.520000  0.546671  0
9.546667  0.546254  0
9.573333  0.545837  0
9.600000  0.545420  0
9.626667  0.545003  0
9.653333  0.544586  0
9.680000  0.544169  0
9.706667  0.543752  0
9.733333  0.543336  0
9.760000  0.542919  0
9.786667  0.542502  0
9.813333  0.542085  0
9.840000  0.541668  0
9.866667  0.541251  0
9.893333  0.540834  0
9.920000  0.540417  0
9.946667  0.540000  0
9.973333  0.539583  0
10.000000  0.539166  0
10.026667  0.538749  0
10.053333  0.538332  0
10.080000  0.537916  0
10.106667  0.537499  0
10.133333  0.537082  0
10.160000  0.536665  0
10.186667  0.536248  0
10.213333  0.535831  0
10.240000  0.535414  0
10.266667  0.534997  0
10.293333  0.534580  0
10.320000  0.534163  0
10.346667  0.533746  0
10.373333  0.533329  0
10.400000  0.532912  0
10.426667  0.532496  0
10.453333  0.532079  0
10.480000  0.531662  0
10.506667  0.531245  0
10.533333  0.530828  0
10.560000  0.530411  0
10.586667  0.529994  0
10.613333  0.529577  0
10.640000  0.529160  0
10.666667  0.528743  0
10.693333  0.528326  0
10.720000  0.527909  0
10.746667  0.527493  0
10.773333  0.527076  0
10.800000  0.526659  0
10.826667  0.526242  0
10.853333  0.525825  0
10.880000  0.525408  0
10.906667  0.524991  0
10.933333  0.524631  0
10.960000  0.524455  0
10.986667  0.524280  0
11.013333  0.524104  0
11.040000  0.523929  0
11.066667  0.523753  0
11.093333  0.523578  0
11.120000  0.523402  0
11.146667  0.523227  0
11.173333  0.523051  0
11.200000  0.522876  0
11.226667  0.522700  0
11.253333  0.522525  0
11.280000  0.522349  0
11.306667  0.522174  0
11.333333  0.521999  0
11.360000  0.521823  0
11.386667  0.521648  0
11.413333  0.521472  0
11.440000  0.521297  0
11.466667  0.521121  0
11.493333  0.520946  0
11.520000  0.520770  0
11.546667  0.520595  0
11.573333  0.520419  0
11.600000  0.520244  0
11.626667  0.520068  0
11.653333  0.519893  0
11.680000  0.519717  0
11.706667  0.519542  0
11.733333  0.519366  0
11.760000  0.519191  0
11.786667  0.519015  0
11.813333  0.518840  0
11.840000  0.518665  0
11.866667  0.518489  0
11.893333  0.518314  0
11.920000  0.518138  0
11.946667  0.517963  0
11.973333  0.517787  0
12.000000  0.517612  0
12.026667  0.517436  0
12.053333  0.517261  0
12.080000  0.517085  0
12.106667  0.516910  0
12.133333  0.516734  0
12.160000  0.516559  0
12.186667  0.516383  0
12.213333  0.516208  0
12.240000  0.516032  0
12.266667  0.515857  0
12.293333  0.515682  0
12.320000  0.515506  0
12.346667  0.515331  0
12.373333  0.515155  0
12.400000  0.514980  0
12.426667  0.514804  0
12.453333  0.514629  0
12.480000  0.514453  0
12.506667  0.514278  0
12.533333  0.514102  0
12.560000  0.513927  0
12.586667  0.513751  0
12.613333  0.513576  0
12.640000  0.513400  0
12.666667  0.513225  0
12.693333  0.513049  0
12.720000  0.512874  0
12.746667  0.512698  0
12.773333  0.512523  0
12.800000  0.512348  0
12.826667  0.512172  0
12.853333  0.511997  0
12.880000  0.511821  0
12.906667  0.511646  0
12.933333  0.511470  0
12.960000  0.511295  0
12.986667  0.511119  0
13.013333  0.510944  0
13.040000  0.510768  0
13.066667  0.510593  0
13.093333  0.510417  0
13.120000  0.510242  0
13.146667  0.510066  0
13.173333  0.509891  0
13.200000  0.509715  0
13.226667  0.509540  0
13.253333  0.509365  0
13.280000  0.509189  0
13.306667  0.509014  0
13.333333  0.508838  0
13.360000  0.508663  0
13.386667  0.508487  0
13.413333  0.508312  0
13.440000  0.508136  0
13.466667  0.507961  0
13.493333  0.507785  0
13.520000  0.507610  0
13.546667  0.507434  0
13.573333  0.507259  0
13.600000  0.507083  0
13.626667  0.506908  0
13.653333  0.506732  0
13.680000  0.506557  0
13.706667  0.506381  0
13.733333  0.506206  0
13.760000  0.506031  0
13.786667  0.505855  0
13.813333  0.505680  0
13.840000  0.505504  0
13.866667  0.505329  0
13.893333  0.505153  0
13.920000  0.504978  0
13.946667  0.504802  0
13.973333  0.504627  0
14.000000  0.504451  0
14.026667  0.504276  0
14.053333  0.504100  0
14.080000  0.503925  0
14.106667  0.503749  0
14.133333  0.503574  0
14.160000  0.503398  0
14.186667  0.503223  0
14.213333  0.503048  0
14.240000  0.502872  0
14.266667  0.502697  0
14.293333  0.502521  0
14.320000  0.502346  0
14.346667  0.502170  0
14.373333  0.501995  0
14.400000  0.501819  0
14.426667  0.501644  0
14.453333  0.501468  0
14.480000  0.501293  0
14.506667  0.501117  0
14.533333  0.500942  0
14.560000  0.500766  0
14.586667  0.500591  0
14.613333  0.500407  0
14.640000  0.500180  0
14.666667  0.499953  0
14.693333  0.499726  0
14.720000  0.499499  0
14.746667  0.499272  0
14.773333  0.499045  0
14.800000  0.498817  0
14.826667  0.498590  0
14.853333  0.498363  0
14.880000  0.498136  0
14.906667  0.497909  0
14.933333  0.497682  0
14.960000  0.497455  0
14.986667  0.497227  0
15.013333  0.497000  0
15.040000  0.496773  0
15.066667  0.496546  0
15.093333  0.496319  0
15.120000  0.496092  0
15.146667  0.495864  0
15.173333  0.495637  0
15.200000  0.495410  0
15.226667  0.495183  0
15.253333  0.494956  0
15.280000  0.494729  0
15.306667  0.494502  0
15.333333  0.494274  0
15.360000  0.494047  0
15.386667  0.493820  0
15.413333  0.493593  0
15.440000  0.493366  0
15.466667  0.493139  0
15.493333  0.492911  0
15.520000  0.492684  0
15.546667  0.492457  0
15.573333  0.492230  0
15.600000  0.492003  0
15.626667  0.491776  0
15.653333  0.491549  0
15.680000  0.491321  0
15.706667  0.491094  0
15.733333  0.490867  0
15.760000  0.490640  0
15.786667  0.490413  0
15.813333  0.490186  0
15.840000  0.489958  0
15.866667  0.489731  0
15.893333  0.489504  0
15.920000  0.489277  0
15.946667  0.489050  0
15.973333  0.488823  0
16.000000  0.488596  0
16.026667  0.488368  0
16.053333  0.488141  0
16.080000  0.487914  0
16.106667  0.487687  0
16.133333  0.487460  0
16.160000  0.487233  0
16.186667  0.487006  0
16.213333  0.486778  0
16.240000  0.486551  0
16.266667  0.486324  0
16.293333  0.486097  0
16.320000  0.485870  0
16.346667  0.485643  0
16.373333  0.485415  0
16.400000  0.485188  0
16.426667  0.484961  0
16.453333  0.484734  0
16.480000  0.484507  0
16.506667  0.484280  0
16.533333  0.484053  0
16.560000  0.483825  0
16.586667  0.483598  0
16.613333  0.483371  0
16.640000  0.483144  0
16.666667  0.482917  0
16.693333  0.482690  0
16.720000  0.482462  0
16.746667  0.482235  0
16.773333  0.482008  0
16.800000  0.481781  0
16.826667  0.481554  0
16.853333  0.481327  0
16.880000  0.481100  0
16.906667  0.480872  0
16.933333  0.480645  0
16.960000  0.480418  0
16.986667  0.480191  0
17.013333  0.479964  0
17.040000  0.479737  0
17.066667  0.479509  0
17.093333  0.479282  0
17.120000  0.479055  0
17.146667  0.478828  0
17.173333  0.478601  0
17.200000  0.478374  0
17.226667  0.478147  0
17.253333  0.477919  0
17.280000  0.477692  0
17.306667  0.477465  0
17.333333  0.477238  0
17.360000  0.477011  0
17.386667  0.476784  0
17.413333  0.476556  0
17.440000  0.476329  0
17.466667  0.476102  0
17.493333  0.475875  0
17.520000  0.475648  0
17.546667  0.475421  0
17.573333  0.475194  0
17.600000  0.474966  0
17.626667  0.474739  0
17.653333  0.474512  0
17.680000  0.474285  0
17.706667  0.474058  0
17.733333  0.473831  0
17.760000  0.473604  0
17.786667  0.473376  0
17.813333  0.473149  0
17.840000  0.472922  0
17.866667  0.472695  0
17.893333  0.472468  0
17.920000  0.472241  0
8.506667  0.807058  1
8.533333  0.806396  1
8.560000  0.805735  1
8.586667  0.805073  1
8.613333  0.804412  1
8.640000  0.803750  1
8.666667  0.803089  1
8.693333  0.802428  1
8.720000  0.801766  1
8.746667  0.801105  1
8.773333  0.800443  1
8.800000  0.799782  1
8.826667  0.799120  1
8.853333  0.798459  1
8.880000  0.797797  1
8.906667  0.797136  1
8.933333  0.796475  1
8.960000  0.795813  1
8.986667  0.795152  1
9.013333  0.794490  1
9.040000  0.793829  1
9.066667  0.793167  1
9.093333  0.792506  1
9.120000  0.791844  1
9.146667  0.791183  1
9.173333  0.790521  1
9.200000  0.789860  1
9.226667  0.789199  1
9.253333  0.788537  1
9.280000  0.787876  1
9.306667  0.787214  1
9.333333  0.786553  1
9.360000  0.785891  1
9.386667  0.785230  1
9.413333  0.784568  1
9.440000  0.783907  1
9.466667  0.783246  1
9.493333  0.782584  1
9.520000  0.781923  1
9.546667  0.781261  1
9.573333  0.780600  1
9.600000  0.779938  1
9.626667  0.779277  1
9.653333  0.778615  1
9.680000  0.777954  1
9.706667  0.777292  1
9.733333  0.776631  1
9.760000  0.775970  1
9.786667  0.775308  1
9.813333  0.774647  1
9.840000  0.773985  1
9.866667  0.773324  1
9.893333  0.772662  1
9.920000  0.772001  1
9.946667  0.771339  1
9.973333  0.770678  1
10.000000  0.770017  1
10.026667  0.769355  1
10.053333  0.768694  1
10.080000  0.768032  1
10.106667  0.767371  1
10.133333  0.766709  1
10.160000  0.766048  1
10.186667  0.765386  1
10.213333  0.764725  1
10.240000  0.764064  1
10.266667  0.763402  1
10.293333  0.762741  1
10.320000  0.762079  1
10.346667  0.761418  1
10.373333  0.760756  1
10.400000  0.760095  1
10.426667  0.759433  1
10.453333  0.758772  1
10.480000  0.758110  1
10.506667  0.757449  1
10.533333  0.756788  1
10.560000  0.756126  1
10.586667  0.755465  1
10.613333  0.754803  1
10.640000  0.754142  1
10.666667  0.753480  1
10.693333  0.752819  1
10.720000  0.752157  1
10.746667  0.751496  1
10.773333  0.750835  1
10.800000  0.750173  1
10.826667  0.749512  1
10.853333  0.748850  1
10.880000  0.748189  1
10.906667  0.747527  1
10.933333  0.746866  1
10.960000  0.746204  1
10.986667  0.745543  1
11.013333  0.744881  1
11.040000  0.744220  1
11.066667  0.743559  1
11.093333  0.742897  1
11.120000  0.742236  1
11.146667  0.741574  1
11.173333  0.740913  1
11.200000  0.740251  1
11.226667  0.739590  1
11.253333  0.738928  1
11.280000  0.738267  1
11.306667  0.737606  1
11.333333  0.736944  1
11.360000  0.736283  1
11.386667  0.735621  1
11.413333  0.734960  1
11.440000  0.734298  1
11.466667  0.733637  1
11.493333  0.732975  1
11.520000  0.732314  1
11.546667  0.731652  1
11.573333  0.730991  1
12.640000  0.807184  2
12.666667  0.806395  2
12.693333  0.805606  2
12.720000  0.804817  2
12.746667  0.804028  2
12.773333  0.803239  2
12.800000  0.802450  2
12.826667  0.801660  2
12.853333  0.800871  2
12.880000  0.800082  2
12.906667  0.799293  2
12.933333  0.798504  2
12.960000  0.797715  2
12.986667  0.796926  2
13.013333  0.796137  2
13.040000  0.795348  2
13.066667  0.794559  2
13.093333  0.793769  2
13.120000  0.792980  2
13.146667  0.792191  2
13.173333  0.791402  2
13.200000  0.790613  2
13.226667  0.789824  2
13.253333  0.789035  2
13.280000  0.788246  2
13.306667  0.787457  2
13.333333  0.786668  2
13.360000  0.785879  2
13.386667  0.785089  2
13.413333  0.784300  2
13.440000  0.783511  2
13.466667  0.782722  2
13.493333  0.781933  2
13.520000  0.781144  2
13.546667  0.780355  2
13.573333  0.779566  2
13.600000  0.778777  2
13.626667  0.777988  2
13.653333  0.777198  2
13.680000  0.776409  2
13.706667  0.775620  2
13.733333  0.774831  2
13.760000  0.774042  2
13.786667  0.773253  2
13.813333  0.772464  2
13.840000  0.771675  2
13.866667  0.770886  2
13.893333  0.770097  2
13.920000  0.769307  2
13.946667  0.768518  2
13.973333  0.767729  2
14.000000  0.766940  2
14.026667  0.766151  2
14.053333  0.765362  2
14.080000  0.764573  2
14.106667  0.763784  2
14.133333  0.762995  2
14.160000  0.762206  2
14.186667  0.761416  2
14.213333  0.760627  2
14.240000  0.759838  2
14.266667  0.759049  2
14.293333  0.758260  2
14.320000  0.757471  2
14.346667  0.756682  2
14.373333  0.755893  2
14.400000  0.755104  2
14.426667  0.754315  2
14.453333  0.753526  2
14.480000  0.752736  2
14.506667  0.751947  2
14.533333  0.751158  2
14.560000  0.750369  2
14.586667  0.749580  2
14.613333  0.748791  2
14.640000  0.748002  2
14.666667  0.747213  2
