2.053333  0.866359  0
2.080000  0.863250  0
2.106667  0.860140  0
2.133333  0.857031  0
2.160000  0.853922  0
2.186667  0.850813  0
2.213333  0.847704  0
2.240000  0.844595  0
2.266667  0.841486  0
2.293333  0.838376  0
2.320000  0.835267  0
2.346667  0.832158  0
2.373333  0.829049  0
2.400000  0.825940  0
2.426667  0.822831  0
2.453333  0.819722  0
2.480000  0.816612  0
2.506667  0.813503  0
2.533333  0.810394  0
2.560000  0.807285  0
2.586667  0.804176  0
2.613333  0.801067  0
2.640000  0.797958  0
2.666667  0.794848  0
2.693333  0.791739  0
2.720000  0.788630  0
2.746667  0.785521  0
2.773333  0.782617  0
2.800000  0.780414  0
2.826667  0.778210  0
2.853333  0.776006  0
2.880000  0.773803  0
2.906667  0.771599  0
2.933333  0.769396  0
2.960000  0.767192  0
2.986667  0.764988  0
3.013333  0.762785  0
3.040000  0.760581  0
3.066667  0.758378  0
3.093333  0.756174  0
3.120000  0.753970  0
3.146667  0.751767  0
3.173333  0.749563  0
3.200000  0.747359  0
3.226667  0.745156  0
3.253333  0.742952  0
3.280000  0.740749  0
3.306667  0.738545  0
3.333333  0.736341  0
3.360000  0.734138  0
3.386667  0.731934  0
3.413333  0.729731  0
3.440000  0.727527  0
3.466667  0.725323  0
3.493333  0.723120  0
3.520000  0.720916  0
3.546667  0.718713  0
3.573333  0.716509  0
3.600000  0.714305  0
3.626667  0.712102  0
3.653333  0.709898  0
3.680000  0.707695  0
3.706667  0.705491  0
3.733333  0.703287  0
3.760000  0.701878  0
3.786667  0.701054  0
3.813333  0.700230  0
3.840000  0.699406  0
3.866667  0.698582  0
3.893333  0.697758  0
3.920000  0.696935  0
3.946667  0.696111  0
3.973333  0.695287  0
4.000000  0.694463  0
4.026667  0.693639  0
4.053333  0.692815  0
4.080000  0.691991  0
4.106667  0.691167  0
4.133333  0.690343  0
4.160000  0.689519  0
4.186667  0.688695  0
4.213333  0.687871  0
4.240000  0.687047  0
4.266667  0.686223  0
4.293333  0.685399  0
4.320000  0.684575  0
4.346667  0.683751  0
4.373333  0.682927  0
4.400000  0.682103  0
4.426667  0.681279  0
4.453333  0.680455  0
4.480000  0.679631  0
4.506667  0.678807  0
4.533333  0.677984  0
4.560000  0.677160  0
4.586667  0.676336  0
4.613333  0.675512  0
4.640000  0.674688  0
4.666667  0.673864  0
4.693333  0.673040  0
4.720000  0.672216  0
4.746667  0.671392  0
4.773333  0.670568  0
4.800000  0.669744  0
4.826667  0.668920  0
4.853333  0.668096  0
4.880000  0.667272  0
4.906667  0.666448  0
4.933333  0.665624  0
4.960000  0.664800  0
4.986667  0.663976  0
5.013333  0.663152  0
5.040000  0.662328  0
5.066667  0.661504  0
5.093333  0.660680  0
5.120000  0.659856  0
5.146667  0.659033  0
5.173333  0.658209  0
5.200000  0.657385  0
5.226667  0.656561  0
5.253333  0.655737  0
5.280000  0.654913  0
5.306667  0.654089  0
5.333333  0.653664  0
5.360000  0.653364  0
5.386667  0.653063  0
5.413333  0.652762  0
5.440000  0.652461  0
5.466667  0.652160  0
5.493333  0.651860  0
5.520000  0.651559  0
5.546667  0.651258  0
5.573333  0.650957  0
5.600000  0.650656  0
5.626667  0.650356  0
5.653333  0.650055  0
5.680000  0.649754  0
5.706667  0.649453  0
5.733333  0.649152  0
5.760000  0.648852  0
5.786667  0.648551  0
5.813333  0.648250  0
5.840000  0.647949  0
5.866667  0.647648  0
5.893333  0.647347  0
5.920000  0.647047  0
5.946667  0.646746  0
5.973333  0.646445  0
6.000000  0.646144  0
6.026667  0.645843  0
6.053333  0.645543  0
6.080000  0.645242  0
6.106667  0.644941  0
6.133333  0.644640  0
6.160000  0.644339  0
6.186667  0.644039  0
6.213333  0.643738  0
6.240000  0.643437  0
6.266667  0.643136  0
6.293333  0.642835  0
6.320000  0.642535  0
6.346667  0.642234  0
6.373333  0.641933  0
6.400000  0.641632  0
6.426667  0.641331  0
6.453333  0.641030  0
6.480000  0.640730  0
6.506667  0.640429  0
6.533333  0.640128  0
6.560000  0.639827  0
6.586667  0.639526  0
6.613333  0.639226  0
6.640000  0.638925  0
6.666667  0.638624  0
6.693333  0.638323  0
6.720000  0.638022  0
6.746667  0.637658  0
6.773333  0.636400  0
6.800000  0.635141  0
6.826667  0.633883  0
6.853333  0.632624  0
6.880000  0.631366  0
6.906667  0.630108  0
6.933333  0.628849  0
6.960000  0.627591  0
6.986667  0.626332  0
7.013333  0.625074  0
7.040000  0.623815  0
7.066667  0.622557  0
7.093333  0.621298  0
7.120000  0.620040  0
7.146667  0.618781  0
7.173333  0.617523  0
7.200000  0.616264  0
7.226667  0.615006  0
7.253333  0.613748  0
7.280000  0.612489  0
7.306667  0.611231  0
7.333333  0.609972  0
7.360000  0.608714  0
7.386667  0.607455  0
7.413333  0.606197  0
7.440000  0.604938  0
7.466667  0.603680  0
7.493333  0.602421  0
7.520000  0.601163  0
7.546667  0.599904  0
7.573333  0.598646  0
7.600000  0.597388  0
7.626667  0.596129  0
7.653333  0.594871  0
7.680000  0.593612  0
7.706667  0.592354  0
7.733333  0.591095  0
7.760000  0.589837  0
7.786667  0.588578  0
7.813333  0.587320  0
7.840000  0.586061  0
7.866667  0.584803  0
7.893333  0.583544  0
7.920000  0.582286  0
7.946667  0.581027  0
7.973333  0.579769  0
8.000000  0.578511  0
8.026667  0.577252  0
8.053333  0.575994  0
8.080000  0.574735  0
8.106667  0.573477  0
8.133333  0.572218  0
8.160000  0.570960  0
8.186667  0.569701  0
8.213333  0.568643  0
8.240000  0.567773  0
8.266667  0.566903  0
8.293333  0.566032  0
8.320000  0.565162  0
8.346667  0.564292  0
8.373333  0.563422  0
8.400000  0.562552  0
8.426667  0.561682  0
8.453333  0.560811  0
8.480000  0.559941  0
8.506667  0.559071  0
8.533333  0.558201  0
8.560000  0.557331  0
8.586667  0.556460  0
8.613333  0.555590  0
8.640000  0.554720  0
8.666667  0.553850  0
8.693333  0.552980  0
8.720000  0.552109  0
8.746667  0.551239  0
8.773333  0.550369  0
8.800000  0.549499  0
8.826667  0.548629  0
8.853333  0.547758  0
8.880000  0.546888  0
8.906667  0.546018  0
8.933333  0.545148  0
8.960000  0.544278  0
8.986667  0.543407  0
9.013333  0.542537  0
9.040000  0.541667  0
9.066667  0.540797  0
9.093333  0.539927  0
9.120000  0.539056  0
9.146667  0.538186  0
9.173333  0.537316  0
9.200000  0.536446  0
9.226667  0.535576  0
9.253333  0.534705  0
9.280000  0.533835  0
9.306667  0.532965  0
9.333333  0.532257  0
9.360000  0.531604  0
9.386667  0.530950  0
9.413333  0.530297  0
9.440000  0.529644  0
9.466667  0.528990  0
9.493333  0.528337  0
9.520000  0.527683  0
9.546667  0.527030  0
9.573333  0.526376  0
9.600000  0.525723  0
9.626667  0.525069  0
9.653333  0.524416  0
9.680000  0.523762  0
9.706667  0.523109  0
9.733333  0.522455  0
9.760000  0.521802  0
9.786667  0.521148  0
9.813333  0.520495  0
9.840000  0.519841  0
9.866667  0.519188  0
9.893333  0.518534  0
9.920000  0.517881  0
9.946667  0.517227  0
9.973333  0.516574  0
10.000000  0.515920  0
10.026667  0.515267  0
10.053333  0.514613  0
10.080000  0.513960  0
10.106667  0.513306  0
10.133333  0.512653  0
10.160000  0.512000  0
10.186667  0.511346  0
10.213333  0.510693  0
10.240000  0.510039  0
10.266667  0.509386  0
10.293333  0.508732  0
10.320000  0.508079  0
10.346667  0.507425  0
10.373333  0.506772  0
10.400000  0.506118  0
10.426667  0.505465  0
10.453333  0.504811  0
10.480000  0.504158  0
10.506667  0.503504  0
10.533333  0.502851  0
10.560000  0.502197  0
10.586667  0.501544  0
10.613333  0.500890  0
10.640000  0.500356  0
10.666667  0.500081  0
10.693333  0.499807  0
10.720000  0.499532  0
10.746667  0.499257  0
10.773333  0.498983  0
10.800000  0.498708  0
10.826667  0.498433  0
10.853333  0.498159  0
10.880000  0.497884  0
10.906667  0.497610  0
10.933333  0.497335  0
10.960000  0.497060  0
10.986667  0.496786  0
11.013333  0.496511  0
11.040000  0.496236  0
11.066667  0.495962  0
11.093333  0.495687  0
11.120000  0.495412  0
11.146667  0.495138  0
11.173333  0.494863  0
11.200000  0.494588  0
11.226667  0.494314  0
11.253333  0.494039  0
11.280000  0.493764  0
11.306667  0.493490  0
11.333333  0.493215  0
11.360000  0.492940  0
11.386667  0.492666  0
11.413333  0.492391  0
11.440000  0.492116  0
11.466667  0.491842  0
11.493333  0.491567  0
11.520000  0.491293  0
11.546667  0.491018  0
11.573333  0.490743  0
11.600000  0.490469  0
11.626667  0.490194  0
11.653333  0.489919  0
11.680000  0.489645  0
11.706667  0.489370  0
11.733333  0.489095  0
11.760000  0.488821  0
11.786667  0.488546  0
11.813333  0.488271  0
11.840000  0.487997  0
11.866667  0.487722  0
11.893333  0.487447  0
11.920000  0.487173  0
11.946667  0.486898  0
11.973333  0.486623  0
12.000000  0.486349  0
12.026667  0.486074  0
12.053333  0.485799  0
12.080000  0.485525  0
12.106667  0.485250  0
12.133333  0.484976  0
12.160000  0.484701  0
12.186667  0.484426  0
12.213333  0.484019  0
12.240000  0.483481  0
12.266667  0.482942  0
12.293333  0.482404  0
12.320000  0.481865  0
12.346667  0.481327  0
12.373333  0.480789  0
12.400000  0.480250  0
12.426667  0.479712  0
12.453333  0.479174  0
12.480000  0.478635  0
12.506667  0.478097  0
12.533333  0.477558  0
12.560000  0.477020  0
12.586667  0.476482  0
12.613333  0.475943  0
12.640000  0.475405  0
12.666667  0.474867  0
12.693333  0.474328  0
12.720000  0.473790  0
12.746667  0.473251  0
12.773333  0.472713  0
12.800000  0.472175  0
12.826667  0.471636  0
12.853333  0.471098  0
12.880000  0.470559  0
12.906667  0.470021  0
12.933333  0.469483  0
12.960000  0.468944  0
12.986667  0.468406  0
13.013333  0.467868  0
13.040000  0.467329  0
13.066667  0.466791  0
13.093333  0.466252  0
13.120000  0.465714  0
13.146667  0.465176  0
13.173333  0.464637  0
13.200000  0.464099  0
13.226667  0.463561  0
13.253333  0.463022  0
13.280000  0.462484  0
13.306667  0.461945  0
13.333333  0.461407  0
13.360000  0.460869  0
13.386667  0.460330  0
13.413333  0.459792  0
13.440000  0.459253  0
13.466667  0.458715  0
13.493333  0.458177  0
13.520000  0.457638  0
13.546667  0.457100  0
13.573333  0.456562  0
13.600000  0.456023  0
13.626667  0.455485  0
13.653333  0.454946  0
13.680000  0.454408  0
13.706667  0.453870  0
13.733333  0.453331  0
13.760000  0.452793  0
13.786667  0.452255  0
13.813333  0.451716  0
13.840000  0.451178  0
13.866667  0.450639  0
13.893333  0.450101  0
13.920000  0.449563  0
13.946667  0.449024  0
13.973333  0.448486  0
14.000000  0.447947  0
14.026667  0.447409  0
14.053333  0.446871  0
14.080000  0.446332  0
14.106667  0.445794  0
14.133333  0.445256  0
14.160000  0.444717  0
14.186667  0.444179  0
14.213333  0.443762  0
14.240000  0.443470  0
14.266667  0.443178  0
14.293333  0.442885  0
14.320000  0.442593  0
14.346667  0.442300  0
14.373333  0.442008  0
14.400000  0.441715  0
14.426667  0.441423  0
14.453333  0.441130  0
14.480000  0.440838  0
14.506667  0.440545  0
14.533333  0.440253  0
14.560000  0.439961  0
14.586667  0.439668  0
14.613333  0.439376  0
14.640000  0.439083  0
14.666667  0.438791  0
14.693333  0.438498  0
14.720000  0.438206  0
14.746667  0.437913  0
14.773333  0.437621  0
14.800000  0.437328  0
14.826667  0.437036  0
14.853333  0.436744  0
14.880000  0.436451  0
14.906667  0.436159  0
14.933333  0.435866  0
14.960000  0.435574  0
14.986667  0.435281  0
15.013333  0.434989  0
15.040000  0.434696  0
15.066667  0.434404  0
15.093333  0.434112  0
15.120000  0.433819  0
15.146667  0.433527  0
15.173333  0.433234  0
15.200000  0.432942  0
15.226667  0.432649  0
15.253333  0.432357  0
15.280000  0.432064  0
15.306667  0.431772  0
15.333333  0.431479  0
15.360000  0.431187  0
15.386667  0.430895  0
15.413333  0.430602  0
15.440000  0.430310  0
15.466667  0.430017  0
15.493333  0.429725  0
15.520000  0.429432  0
15.546667  0.429140  0
15.573333  0.428847  0
15.600000  0.428555  0
15.626667  0.428262  0
15.653333  0.427970  0
15.680000  0.427678  0
15.706667  0.427385  0
15.733333  0.427093  0
15.760000  0.426800  0
15.786667  0.426508  0
15.813333  0.426215  0
15.840000  0.425923  0
15.866667  0.425630  0
15.893333  0.425338  0
15.920000  0.425045  0
15.946667  0.424753  0
15.973333  0.424461  0
16.000000  0.424168  0
16.026667  0.423876  0
16.053333  0.423657  0
16.080000  0.423528  0
16.106667  0.423398  0
16.133333  0.423268  0
16.160000  0.423138  0
16.186667  0.423008  0
16.213333  0.422879  0
16.240000  0.422749  0
16.266667  0.422619  0
16.293333  0.422489  0
16.320000  0.422359  0
16.346667  0.422230  0
16.373333  0.422100  0
16.400000  0.421970  0
16.426667  0.421840  0
16.453333  0.421710  0
16.480000  0.421581  0
16.506667  0.421451  0
16.533333  0.421321  0
16.560000  0.421191  0
16.586667  0.421061  0
16.613333  0.420932  0
16.640000  0.420802  0
16.666667  0.420672  0
16.693333  0.420542  0
16.720000  0.420412  0
16.746667  0.420283  0
16.773333  0.420153  0
16.800000  0.420023  0
16.826667  0.419893  0
16.853333  0.419763  0
16.880000  0.419634  0
16.906667  0.419504  0
16.933333  0.419374  0
16.960000  0.419244  0
16.986667  0.419114  0
17.013333  0.418985  0
17.040000  0.418855  0
17.066667  0.418725  0
17.093333  0.418595  0
17.120000  0.418465  0
17.146667  0.418336  0
17.173333  0.418206  0
17.200000  0.418076  0
17.226667  0.417946  0
17.253333  0.417816  0
17.280000  0.417686  0
17.306667  0.417557  0
17.333333  0.417427  0
17.360000  0.417297  0
17.386667  0.417167  0
17.413333  0.417037  0
17.440000  0.416908  0
17.466667  0.416778  0
17.493333  0.416648  0
17.520000  0.416518  0
17.546667  0.416388  0
17.573333  0.416259  0
17.600000  0.416129  0
17.626667  0.415999  0
17.653333  0.415869  0
17.680000  0.415739  0
16.480000  0.604995  1
16.506667  0.604514  1
16.533333  0.604032  1
16.560000  0.603551  1
16.586667  0.603069  1
16.613333  0.602588  1
16.640000  0.602106  1
16.666667  0.601625  1
16.693333  0.601143  1
16.720000  0.600662  1
16.746667  0.600180  1
16.773333  0.599699  1
16.800000  0.599217  1
16.826667  0.598736  1
16.853333  0.598254  1
16.880000  0.597773  1
16.906667  0.597291  1
16.933333  0.596810  1
16.960000  0.596328  1
16.986667  0.595847  1
17.013333  0.595365  1
17.040000  0.594884  1
17.066667  0.594402  1
17.093333  0.593921  1
17.120000  0.593440  1
17.146667  0.592958  1
17.173333  0.592477  1
17.200000  0.591995  1
17.226667  0.591514  1
17.253333  0.591032  1
17.280000  0.590551  1
17.306667  0.590069  1
17.333333  0.589588  1
17.360000  0.589106  1
17.386667  0.588625  1
17.413333  0.588143  1
17.440000  0.587662  1
17.466667  0.587180  1
17.493333  0.586699  1
17.520000  0.586217  1
17.546667  0.585736  1
17.573333  0.585254  1
17.600000  0.584773  1
17.626667  0.584291  1
17.653333  0.583810  1
17.680000  0.583328  1
17.706667  0.582847  1
17.733333  0.582365  1
17.760000  0.581884  1
17.786667  0.581402  1
17.813333  0.580921  1
17.840000  0.580439  1
17.866667  0.579958  1
17.893333  0.579476  1
17.920000  0.578995  1
17.946667  0.578514  1
17.973333  0.578032  1
18.000000  0.577551  1
18.026667  0.577069  1
18.053333  0.576588  1
18.080000  0.576106  1
18.106667  0.575625  1
18.133333  0.575143  1
18.160000  0.574662  1
18.186667  0.574180  1
18.213333  0.573699  1
18.240000  0.573217  1
18.266667  0.572736  1
18.293333  0.572254  1
18.320000  0.571773  1
18.346667  0.571291  1
18.373333  0.570810  1
18.400000  0.570328  1
18.426667  0.569847  1
18.453333  0.569365  1
18.480000  0.568884  1
18.506667  0.568402  1
18.533333  0.567921  1
18.560000  0.567439  1
18.586667  0.566958  1
18.613333  0.566476  1
18.640000  0.565995  1
18.666667  0.565513  1
18.693333  0.565032  1
18.720000  0.564551  1
18.746667  0.564069  1
18.773333  0.563588  1
18.800000  0.563106  1
18.826667  0.562625  1
18.853333  0.562143  1
18.880000  0.561662  1
18.906667  0.561180  1
18.933333  0.560699  1
18.960000  0.560217  1
18.986667  0.559736  1
19.013333  0.559254  1
19.040000  0.558773  1
19.066667  0.558291  1
19.093333  0.557810  1
19.120000  0.557328  1
19.146667  0.556847  1
19.173333  0.556365  1
19.200000  0.555884  1
19.226667  0.555402  1
19.253333  0.554921  1
19.280000  0.554439  1
19.306667  0.553958  1
19.333333  0.553476  1
19.360000  0.552995  1
19.386667  0.552513  1
19.413333  0.552032  1
19.440000  0.551550  1
19.466667  0.551069  1
19.493333  0.550587  1
19.520000  0.550106  1
19.546667  0.549625  1
19.573333  0.549143  1
19.600000  0.548662  1
19.626667  0.548180  1
19.653333  0.547699  1
19.680000  0.547217  1
19.706667  0.546736  1
19.733333  0.546254  1
19.760000  0.545773  1
19.786667  0.545291  1
19.813333  0.544810  1
19.840000  0.544328  1
19.866667  0.543847  1
19.893333  0.543365  1
19.920000  0.542884  1
19.946667  0.542402  1
19.973333  0.541921  1
20.000000  0.541439  1
20.026667  0.540958  1
20.053333  0.540476  1
20.080000  0.539995  1
20.106667  0.539513  1
20.133333  0.539032  1
20.160000  0.538550  1
20.186667  0.538069  1
20.213333  0.537587  1
20.240000  0.537106  1
20.266667  0.536624  1
20.293333  0.536143  1
20.320000  0.535662  1
20.346667  0.535180  1
20.373333  0.534699  1
20.400000  0.534217  1
20.426667  0.533736  1
20.453333  0.533254  1
20.480000  0.532773  1
20.506667  0.532291  1
20.533333  0.531810  1
20.560000  0.531328  1
20.586667  0.530847  1
20.613333  0.530365  1
20.640000  0.529884  1
20.666667  0.529402  1
20.693333  0.528921  1
20.720000  0.528439  1
20.746667  0.527958  1
20.773333  0.527476  1
20.800000  0.526995  1
20.826667  0.526513  1
20.853333  0.526032  1
20.880000  0.525550  1
20.906667  0.525069  1
20.933333  0.524587  1
20.960000  0.524106  1
20.986667  0.523624  1
21.013333  0.523143  1
21.040000  0.522661  1
21.066667  0.522180  1
21.093333  0.521698  1
21.120000  0.521217  1
21.146667  0.520736  1
21.173333  0.520254  1
21.200000  0.519773  1
21.226667  0.519291  1
21.253333  0.518810  1
21.280000  0.518328  1
21.306667  0.517847  1
21.333333  0.517365  1
21.360000  0.516884  1
21.386667  0.516402  1
21.413333  0.515921  1
21.440000  0.515439  1
21.466667  0.514958  1
21.493333  0.514476  1
21.520000  0.513995  1
21.546667  0.513513  1
21.573333  0.513032  1
21.600000  0.512550  1
21.626667  0.512069  1
21.653333  0.511587  1
21.680000  0.511106  1
21.706667  0.510624  1
21.733333  0.510143  1
21.760000  0.509661  1
21.786667  0.509180  1
21.813333  0.508698  1
