2.640000  0.702004  0
2.666667  0.701290  0
2.693333  0.700577  0
2.720000  0.699863  0
2.746667  0.699149  0
2.773333  0.698435  0
2.800000  0.697721  0
2.826667  0.697007  0
2.853333  0.696293  0
2.880000  0.695580  0
2.906667  0.694866  0
2.933333  0.694152  0
2.960000  0.693438  0
2.986667  0.692724  0
3.013333  0.692010  0
3.040000  0.691297  0
3.066667  0.690583  0
3.093333  0.689869  0
3.120000  0.689155  0
3.146667  0.688441  0
3.173333  0.687727  0
3.200000  0.687013  0
3.226667  0.686300  0
3.253333  0.685586  0
3.280000  0.684872  0
3.306667  0.684158  0
3.333333  0.683444  0
3.360000  0.682730  0
3.386667  0.682017  0
3.413333  0.681303  0
3.440000  0.680589  0
3.466667  0.679875  0
3.493333  0.679161  0
3.520000  0.678447  0
3.546667  0.677734  0
3.573333  0.677020  0
3.600000  0.676306  0
3.626667  0.675592  0
3.653333  0.674878  0
3.680000  0.674164  0
3.706667  0.673450  0
3.733333  0.672737  0
3.760000  0.672023  0
3.786667  0.671309  0
3.813333  0.670595  0
3.840000  0.669881  0
3.866667  0.669167  0
3.893333  0.668454  0
3.920000  0.667740  0
3.946667  0.667026  0
3.973333  0.666312  0
4.000000  0.665598  0
4.026667  0.664884  0
4.053333  0.664170  0
4.080000  0.663457  0
4.106667  0.662743  0
4.133333  0.662029  0
4.160000  0.661315  0
4.186667  0.660601  0
4.213333  0.659887  0
4.240000  0.659174  0
4.266667  0.658460  0
4.293333  0.657746  0
4.320000  0.657032  0
4.346667  0.656318  0
4.373333  0.655604  0
4.400000  0.654890  0
4.426667  0.654177  0
4.453333  0.653463  0
4.480000  0.652749  0
4.506667  0.652035  0
4.533333  0.651321  0
4.560000  0.650607  0
4.586667  0.649894  0
4.613333  0.649180  0
4.640000  0.648466  0
4.666667  0.647752  0
4.693333  0.647038  0
4.720000  0.646324  0
4.746667  0.645611  0
4.773333  0.644897  0
4.800000  0.644183  0
4.826667  0.643469  0
4.853333  0.642755  0
4.880000  0.642041  0
4.906667  0.641327  0
4.933333  0.640614  0
4.960000  0.639900  0
4.986667  0.639186  0
5.013333  0.638472  0
5.040000  0.637758  0
5.066667  0.637044  0
5.093333  0.636331  0
5.120000  0.635617  0
5.146667  0.634903  0
5.173333  0.634189  0
5.200000  0.633475  0
5.226667  0.632761  0
5.253333  0.632047  0
5.280000  0.631334  0
5.306667  0.630620  0
5.333333  0.629906  0
5.360000  0.629192  0
5.386667  0.628478  0
5.413333  0.627764  0
5.440000  0.627051  0
5.466667  0.626337  0
5.493333  0.625623  0
5.520000  0.624909  0
5.546667  0.624195  0
5.573333  0.623481  0
5.600000  0.622768  0
5.626667  0.622054  0
5.653333  0.621340  0
5.680000  0.620626  0
5.706667  0.619912  0
5.733333  0.619198  0
5.760000  0.618484  0
5.786667  0.617771  0
5.813333  0.617057  0
5.840000  0.616343  0
5.866667  0.615629  0
5.893333  0.614915  0
5.920000  0.614201  0
5.946667  0.613488  0
5.973333  0.612774  0
6.000000  0.612060  0
6.026667  0.611346  0
6.053333  0.610632  0
6.080000  0.609918  0
6.106667  0.609204  0
6.133333  0.608491  0
6.160000  0.607777  0
6.186667  0.607063  0
6.213333  0.606349  0
6.240000  0.605635  0
6.266667  0.604921  0
6.293333  0.604208  0
6.320000  0.603494  0
6.346667  0.602780  0
6.373333  0.602066  0
6.400000  0.601352  0
6.426667  0.600638  0
6.453333  0.599925  0
6.480000  0.599211  0
6.506667  0.598497  0
6.533333  0.597783  0
6.560000  0.597069  0
6.586667  0.596355  0
6.613333  0.595641  0
6.640000  0.594928  0
6.666667  0.594214  0
6.693333  0.593500  0
6.720000  0.592786  0
6.746667  0.592072  0
6.773333  0.591358  0
6.800000  0.590645  0
6.826667  0.589931  0
6.853333  0.589217  0
6.880000  0.588503  0
6.906667  0.587789  0
6.933333  0.587075  0
6.960000  0.586361  0
6.986667  0.585648  0
7.013333  0.584934  0
7.040000  0.584220  0
7.066667  0.583506  0
7.093333  0.582792  0
7.120000  0.582078  0
7.146667  0.581365  0
7.173333  0.580651  0
7.200000  0.579937  0
7.226667  0.579223  0
7.253333  0.578509  0
7.280000  0.577795  0
7.306667  0.577081  0
7.333333  0.576368  0
7.360000  0.575654  0
7.386667  0.574940  0
7.413333  0.574226  0
7.440000  0.573512  0
7.466667  0.572798  0
7.493333  0.572085  0
7.520000  0.571371  0
7.546667  0.570657  0
7.573333  0.569943  0
7.600000  0.569229  0
7.626667  0.568515  0
7.653333  0.567802  0
7.680000  0.567088  0
7.706667  0.566374  0
7.733333  0.565660  0
7.760000  0.564958  0
7.786667  0.564256  0
7.813333  0.563554  0
7.840000  0.562852  0
7.866667  0.562150  0
7.893333  0.561448  0
7.920000  0.560747  0
7.946667  0.560045  0
7.973333  0.559343  0
8.000000  0.558641  0
8.026667  0.557939  0
8.053333  0.557237  0
8.080000  0.556535  0
8.106667  0.555833  0
8.133333  0.555131  0
8.160000  0.554430  0
8.186667  0.553728  0
8.213333  0.553026  0
8.240000  0.552324  0
8.266667  0.551622  0
8.293333  0.550920  0
8.320000  0.550218  0
8.346667  0.549516  0
8.373333  0.548814  0
8.400000  0.548113  0
8.426667  0.547411  0
8.453333  0.546709  0
8.480000  0.546007  0
8.506667  0.545305  0
8.533333  0.544603  0
8.560000  0.543901  0
8.586667  0.543199  0
8.613333  0.542497  0
8.640000  0.541796  0
8.666667  0.541094  0
8.693333  0.540392  0
8.720000  0.539690  0
8.746667  0.538988  0
8.773333  0.538286  0
8.800000  0.537584  0
8.826667  0.536882  0
8.853333  0.536180  0
8.880000  0.535479  0
8.906667  0.534777  0
8.933333  0.534075  0
8.960000  0.533373  0
8.986667  0.532671  0
9.013333  0.531969  0
9.040000  0.531267  0
9.066667  0.530565  0
9.093333  0.529863  0
9.120000  0.529162  0
9.146667  0.528460  0
9.173333  0.527758  0
9.200000  0.527056  0
9.226667  0.526354  0
9.253333  0.525652  0
9.280000  0.524950  0
9.306667  0.524304  0
9.333333  0.523694  0
9.360000  0.523084  0
9.386667  0.522474  0
9.413333  0.521865  0
9.440000  0.521255  0
9.466667  0.520645  0
9.493333  0.520035  0
9.520000  0.519425  0
9.546667  0.518816  0
9.573333  0.518206  0
9.600000  0.517596  0
9.626667  0.516986  0
9.653333  0.516376  0
9.680000  0.515767  0
9.706667  0.515157  0
9.733333  0.514547  0
9.760000  0.513937  0
9.786667  0.513327  0
9.813333  0.512718  0
9.840000  0.512108  0
9.866667  0.511498  0
9.893333  0.510888  0
9.920000  0.510278  0
9.946667  0.509668  0
9.973333  0.509059  0
10.000000  0.508449  0
10.026667  0.507839  0
10.053333  0.507229  0
10.080000  0.506619  0
10.106667  0.506010  0
10.133333  0.505400  0
10.160000  0.504790  0
10.186667  0.504180  0
10.213333  0.503570  0
10.240000  0.502961  0
10.266667  0.502351  0
10.293333  0.501741  0
10.320000  0.501131  0
10.346667  0.500521  0
10.373333  0.499912  0
10.400000  0.499302  0
10.426667  0.498692  0
10.453333  0.498082  0
10.480000  0.497472  0
10.506667  0.496862  0
10.533333  0.496253  0
10.560000  0.495643  0
10.586667  0.495033  0
10.613333  0.494423  0
10.640000  0.493813  0
10.666667  0.493204  0
10.693333  0.492594  0
10.720000  0.491984  0
10.746667  0.491374  0
10.773333  0.490764  0
10.800000  0.490155  0
10.826667  0.489545  0
10.853333  0.488935  0
10.880000  0.488325  0
10.906667  0.487715  0
10.933333  0.487106  0
10.960000  0.486496  0
10.986667  0.485886  0
11.013333  0.485276  0
11.040000  0.484666  0
11.066667  0.484056  0
11.093333  0.483447  0
11.120000  0.482837  0
11.146667  0.482227  0
11.173333  0.481617  0
11.200000  0.481007  0
11.226667  0.480398  0
11.253333  0.479788  0
11.280000  0.479178  0
11.306667  0.478568  0
11.333333  0.477958  0
11.360000  0.477349  0
11.386667  0.476739  0
11.413333  0.476129  0
11.440000  0.475519  0
11.466667  0.474909  0
11.493333  0.474300  0
11.520000  0.473690  0
11.546667  0.473080  0
11.573333  0.472470  0
11.600000  0.471996  0
11.626667  0.471648  0
11.653333  0.471300  0
11.680000  0.470952  0
11.706667  0.470605  0
11.733333  0.470257  0
11.760000  0.469909  0
11.786667  0.469561  0
11.813333  0.469214  0
11.840000  0.468866  0
11.866667  0.468518  0
11.893333  0.468171  0
11.920000  0.467823  0
11.946667  0.467475  0
11.973333  0.467127  0
12.000000  0.466780  0
12.026667  0.466432  0
12.053333  0.466084  0
12.080000  0.465737  0
12.106667  0.465389  0
12.133333  0.465041  0
12.160000  0.464693  0
12.186667  0.464346  0
12.213333  0.463998  0
12.240000  0.463650  0
12.266667  0.463302  0
12.293333  0.462955  0
12.320000  0.462607  0
12.346667  0.462259  0
12.373333  0.461912  0
12.400000  0.461564  0
12.426667  0.461216  0
12.453333  0.460868  0
12.480000  0.460521  0
12.506667  0.460173  0
12.533333  0.459825  0
12.560000  0.459477  0
12.586667  0.459130  0
12.613333  0.458782  0
12.640000  0.458434  0
12.666667  0.458087  0
12.693333  0.457739  0
12.720000  0.457391  0
12.746667  0.457043  0
12.773333  0.456696  0
12.800000  0.456348  0
12.826667  0.456000  0
12.853333  0.455653  0
12.880000  0.455305  0
12.906667  0.454957  0
12.933333  0.454609  0
12.960000  0.454262  0
12.986667  0.453914  0
13.013333  0.453566  0
13.040000  0.453218  0
13.066667  0.452871  0
13.093333  0.452523  0
13.120000  0.452175  0
13.146667  0.451828  0
13.173333  0.451480  0
13.200000  0.451132  0
13.226667  0.450784  0
13.253333  0.450437  0
13.280000  0.450089  0
13.306667  0.449741  0
13.333333  0.449393  0
13.360000  0.449046  0
13.386667  0.448698  0
13.413333  0.448350  0
13.440000  0.448003  0
13.466667  0.447655  0
13.493333  0.447307  0
13.520000  0.446959  0
13.546667  0.446612  0
13.573333  0.446264  0
13.600000  0.445916  0
13.626667  0.445568  0
13.653333  0.445221  0
13.680000  0.444873  0
13.706667  0.444525  0
13.733333  0.444178  0
13.760000  0.443830  0
13.786667  0.443482  0
13.813333  0.443134  0
13.840000  0.442787  0
13.866667  0.442439  0
13.893333  0.442091  0
13.920000  0.441744  0
13.946667  0.441396  0
13.973333  0.441048  0
14.000000  0.440700  0
14.026667  0.440353  0
14.053333  0.440005  0
14.080000  0.439713  0
14.106667  0.439457  0
14.133333  0.439201  0
14.160000  0.438945  0
14.186667  0.438689  0
14.213333  0.438433  0
14.240000  0.438177  0
14.266667  0.437920  0
14.293333  0.437664  0
14.320000  0.437408  0
14.346667  0.437152  0
14.373333  0.436896  0
14.400000  0.436640  0
14.426667  0.436384  0
14.453333  0.436128  0
14.480000  0.435872  0
14.506667  0.435616  0
14.533333  0.435359  0
14.560000  0.435103  0
14.586667  0.434847  0
14.613333  0.434591  0
14.640000  0.434335  0
14.666667  0.434079  0
14.693333  0.433823  0
14.720000  0.433567  0
14.746667  0.433311  0
14.773333  0.433055  0
14.800000  0.432799  0
14.826667  0.432542  0
14.853333  0.432286  0
14.880000  0.432030  0
14.906667  0.431774  0
14.933333  0.431518  0
14.960000  0.431262  0
14.986667  0.431006  0
15.013333  0.430750  0
15.040000  0.430494  0
15.066667  0.430238  0
15.093333  0.429982  0
15.120000  0.429725  0
15.146667  0.429469  0
15.173333  0.429213  0
15.200000  0.428957  0
15.226667  0.428701  0
15.253333  0.428445  0
15.280000  0.428189  0
15.306667  0.427933  0
15.333333  0.427677  0
15.360000  0.427421  0
15.386667  0.427164  0
15.413333  0.426908  0
15.440000  0.426652  0
15.466667  0.426396  0
15.493333  0.426140  0
15.520000  0.425884  0
15.546667  0.425628  0
15.573333  0.425372  0
15.600000  0.425116  0
15.626667  0.424860  0
15.653333  0.424604  0
15.680000  0.424347  0
15.706667  0.424091  0
15.733333  0.423835  0
15.760000  0.423579  0
15.786667  0.423323  0
15.813333  0.423067  0
15.840000  0.422811  0
15.866667  0.422555  0
15.893333  0.422299  0
15.920000  0.422043  0
15.946667  0.421786  0
15.973333  0.421530  0
16.000000  0.421274  0
16.026667  0.421018  0
16.053333  0.420762  0
16.080000  0.420506  0
16.106667  0.420250  0
16.133333  0.419994  0
16.160000  0.419738  0
16.186667  0.419482  0
16.213333  0.419226  0
16.240000  0.418969  0
16.266667  0.418713  0
16.293333  0.418457  0
16.320000  0.418201  0
16.346667  0.417945  0
16.373333  0.417689  0
16.400000  0.417433  0
16.426667  0.417177  0
16.453333  0.416921  0
16.480000  0.416665  0
16.506667  0.416408  0
16.533333  0.416152  0
16.560000  0.415896  0
16.586667  0.415640  0
16.613333  0.415532  0
16.640000  0.415425  0
16.666667  0.415317  0
16.693333  0.415209  0
16.720000  0.415102  0
16.746667  0.414994  0
16.773333  0.414886  0
16.800000  0.414779  0
16.826667  0.414671  0
16.853333  0.414563  0
16.880000  0.414456  0
16.906667  0.414348  0
16.933333  0.414240  0
16.960000  0.414133  0
16.986667  0.414025  0
17.013333  0.413917  0
17.040000  0.413810  0
17.066667  0.413702  0
17.093333  0.413594  0
17.120000  0.413487  0
17.146667  0.413379  0
17.173333  0.413271  0
17.200000  0.413164  0
17.226667  0.413056  0
17.253333  0.412948  0
17.280000  0.412841  0
17.306667  0.412733  0
17.333333  0.412625  0
17.360000  0.412518  0
17.386667  0.412410  0
17.413333  0.412302  0
17.440000  0.412195  0
17.466667  0.412087  0
17.493333  0.411979  0
17.520000  0.411872  0
17.546667  0.411764  0
17.573333  0.411656  0
17.600000  0.411548  0
17.626667  0.411441  0
17.653333  0.411333  0
17.680000  0.411225  0
17.706667  0.411118  0
17.733333  0.411010  0
17.760000  0.410902  0
17.786667  0.410795  0
17.813333  0.410687  0
17.840000  0.410579  0
17.866667  0.410472  0
17.893333  0.410364  0
17.920000  0.410256  0
17.946667  0.410149  0
17.973333  0.410041  0
18.000000  0.409933  0
18.026667  0.409826  0
18.053333  0.409718  0
18.080000  0.409610  0
18.106667  0.409503  0
18.133333  0.409395  0
18.160000  0.409287  0
18.186667  0.409180  0
18.213333  0.409072  0
18.240000  0.408964  0
18.266667  0.408857  0
18.293333  0.408749  0
18.320000  0.408641  0
18.346667  0.408534  0
18.373333  0.408426  0
18.400000  0.408318  0
18.426667  0.408211  0
18.453333  0.408103  0
18.480000  0.407995  0
18.506667  0.407887  0
18.533333  0.407780  0
18.560000  0.407672  0
18.586667  0.407564  0
18.613333  0.407457  0
18.640000  0.407349  0
18.666667  0.407241  0
18.693333  0.407134  0
18.720000  0.407026  0
18.746667  0.406918  0
18.773333  0.406811  0
18.800000  0.406703  0
18.826667  0.406595  0
18.853333  0.406488  0
18.880000  0.406380  0
18.906667  0.406272  0
18.933333  0.406165  0
18.960000  0.406057  0
18.986667  0.405949  0
19.013333  0.405842  0
19.040000  0.405734  0
19.066667  0.405626  0
19.093333  0.405519  0
19.120000  0.405411  0
19.146667  0.405303  0
19.173333  0.405196  0
19.200000  0.405088  0
19.226667  0.404980  0
19.253333  0.404873  0
19.280000  0.404765  0
19.306667  0.404657  0
19.333333  0.404550  0
19.360000  0.404442  0
19.386667  0.404334  0
19.413333  0.404227  0
19.440000  0.404119  0
19.466667  0.404011  0
19.493333  0.403903  0
19.520000  0.403796  0
19.546667  0.403688  0
14.613333  0.625205  1
14.640000  0.624710  1
14.666667  0.624216  1
14.693333  0.623722  1
14.720000  0.623227  1
14.746667  0.622733  1
14.773333  0.622239  1
14.800000  0.621745  1
14.826667  0.621250  1
14.853333  0.620756  1
14.880000  0.620262  1
14.906667  0.619768  1
14.933333  0.619273  1
14.960000  0.618779  1
14.986667  0.618285  1
15.013333  0.617790  1
15.040000  0.617296  1
15.066667  0.616802  1
15.093333  0.616308  1
15.120000  0.615813  1
15.146667  0.615319  1
15.173333  0.614825  1
15.200000  0.614331  1
15.226667  0.613836  1
15.253333  0.613342  1
15.280000  0.612848  1
15.306667  0.612354  1
15.333333  0.611859  1
15.360000  0.611365  1
15.386667  0.610871  1
15.413333  0.610376  1
15.440000  0.609882  1
15.466667  0.609388  1
15.493333  0.608894  1
15.520000  0.608399  1
15.546667  0.607905  1
15.573333  0.607411  1
15.600000  0.606917  1
15.626667  0.606422  1
15.653333  0.605928  1
15.680000  0.605434  1
15.706667  0.604939  1
15.733333  0.604445  1
15.760000  0.603951  1
15.786667  0.603457  1
15.813333  0.602962  1
15.840000  0.602468  1
15.866667  0.601974  1
15.893333  0.601480  1
15.920000  0.600985  1
15.946667  0.600491  1
15.973333  0.599997  1
16.000000  0.599502  1
16.026667  0.599008  1
16.053333  0.598514  1
16.080000  0.598020  1
16.106667  0.597525  1
16.133333  0.597031  1
16.160000  0.596537  1
16.186667  0.596043  1
16.213333  0.595548  1
16.240000  0.595054  1
16.266667  0.594560  1
16.293333  0.594066  1
16.320000  0.593571  1
16.346667  0.593077  1
16.373333  0.592583  1
16.400000  0.592088  1
16.426667  0.591594  1
16.453333  0.591100  1
16.480000  0.590606  1
16.506667  0.590111  1
16.533333  0.589617  1
16.560000  0.589123  1
16.586667  0.588629  1
16.613333  0.588134  1
16.640000  0.587640  1
16.666667  0.587146  1
16.693333  0.586651  1
16.720000  0.586157  1
16.746667  0.585663  1
16.773333  0.585169  1
16.800000  0.584674  1
16.826667  0.584180  1
16.853333  0.583686  1
16.880000  0.583192  1
16.906667  0.582697  1
16.933333  0.582203  1
16.960000  0.581709  1
16.986667  0.581214  1
17.013333  0.580720  1
17.040000  0.580226  1
17.066667  0.579732  1
17.093333  0.579237  1
17.120000  0.578743  1
17.146667  0.578249  1
17.173333  0.577755  1
17.200000  0.577260  1
17.226667  0.576766  1
17.253333  0.576272  1
17.280000  0.575778  1
17.306667  0.575283  1
17.333333  0.574789  1
17.360000  0.574295  1
17.386667  0.573800  1
17.413333  0.573306  1
17.440000  0.572812  1
17.466667  0.572318  1
17.493333  0.571823  1
17.520000  0.571329  1
17.546667  0.570835  1
17.573333  0.570341  1
17.600000  0.569846  1
17.626667  0.569352  1
17.653333  0.568858  1
17.680000  0.568363  1
17.706667  0.567869  1
17.733333  0.567375  1
17.760000  0.566881  1
17.786667  0.566386  1
17.813333  0.565892  1
17.840000  0.565398  1
17.866667  0.564904  1
17.893333  0.564409  1
17.920000  0.563915  1
17.946667  0.563421  1
17.973333  0.562927  1
18.000000  0.562432  1
18.026667  0.561938  1
18.053333  0.561444  1
18.080000  0.560949  1
18.106667  0.560455  1
18.133333  0.559961  1
18.160000  0.559467  1
18.186667  0.558972  1
18.213333  0.558478  1
18.240000  0.557984  1
18.266667  0.557490  1
18.293333  0.556995  1
18.320000  0.556501  1
18.346667  0.556007  1
18.373333  0.555512  1
18.400000  0.555018  1
18.426667  0.554524  1
18.453333  0.554030  1
18.480000  0.553535  1
18.506667  0.553041  1
18.533333  0.552547  1
18.560000  0.552053  1
18.586667  0.551558  1
18.613333  0.551064  1
18.640000  0.550570  1
18.666667  0.550075  1
18.693333  0.549581  1
18.720000  0.549087  1
