2.453333  0.845031  0
2.480000  0.842366  0
2.506667  0.839701  0
2.533333  0.837036  0
2.560000  0.834371  0
2.586667  0.831706  0
2.613333  0.829041  0
2.640000  0.826376  0
2.666667  0.823711  0
2.693333  0.821046  0
2.720000  0.818381  0
2.746667  0.815716  0
2.773333  0.813051  0
2.800000  0.810386  0
2.826667  0.807721  0
2.853333  0.805057  0
2.880000  0.802392  0
2.906667  0.799727  0
2.933333  0.797062  0
2.960000  0.794397  0
2.986667  0.791732  0
3.013333  0.789067  0
3.040000  0.786402  0
3.066667  0.783737  0
3.093333  0.781072  0
3.120000  0.778407  0
3.146667  0.775742  0
3.173333  0.773687  0
3.200000  0.771850  0
3.226667  0.770013  0
3.253333  0.768175  0
3.280000  0.766338  0
3.306667  0.764501  0
3.333333  0.762664  0
3.360000  0.760827  0
3.386667  0.758990  0
3.413333  0.757153  0
3.440000  0.755316  0
3.466667  0.753479  0
3.493333  0.751642  0
3.520000  0.749805  0
3.546667  0.747968  0
3.573333  0.746130  0
3.600000  0.744293  0
3.626667  0.742456  0
3.653333  0.740619  0
3.680000  0.738782  0
3.706667  0.736945  0
3.733333  0.735108  0
3.760000  0.733271  0
3.786667  0.731434  0
3.813333  0.729597  0
3.840000  0.727760  0
3.866667  0.725923  0
3.893333  0.724085  0
3.920000  0.722248  0
3.946667  0.720411  0
3.973333  0.718574  0
4.000000  0.716737  0
4.026667  0.714900  0
4.053333  0.713063  0
4.080000  0.711226  0
4.106667  0.709389  0
4.133333  0.707552  0
4.160000  0.705715  0
4.186667  0.703877  0
4.213333  0.702040  0
4.240000  0.700203  0
4.266667  0.698366  0
4.293333  0.697377  0
4.320000  0.696411  0
4.346667  0.695446  0
4.373333  0.694481  0
4.400000  0.693516  0
4.426667  0.692551  0
4.453333  0.691586  0
4.480000  0.690621  0
4.506667  0.689656  0
4.533333  0.688691  0
4.560000  0.687726  0
4.586667  0.686761  0
4.613333  0.685795  0
4.640000  0.684830  0
4.666667  0.683865  0
4.693333  0.682900  0
4.720000  0.681935  0
4.746667  0.680970  0
4.773333  0.680005  0
4.800000  0.679040  0
4.826667  0.678075  0
4.853333  0.677110  0
4.880000  0.676144  0
4.906667  0.675179  0
4.933333  0.674214  0
4.960000  0.673249  0
4.986667  0.672284  0
5.013333  0.671319  0
5.040000  0.670354  0
5.066667  0.669389  0
5.093333  0.668424  0
5.120000  0.667459  0
5.146667  0.666493  0
5.173333  0.665528  0
5.200000  0.664563  0
5.226667  0.663598  0
5.253333  0.662633  0
5.280000  0.661668  0
5.306667  0.660703  0
5.333333  0.659738  0
5.360000  0.658773  0
5.386667  0.657808  0
5.413333  0.656843  0
5.440000  0.655877  0
5.466667  0.654912  0
5.493333  0.653947  0
5.520000  0.653272  0
5.546667  0.652614  0
5.573333  0.651956  0
5.600000  0.651298  0
5.626667  0.650640  0
5.653333  0.649982  0
5.680000  0.649324  0
5.706667  0.648666  0
5.733333  0.648008  0
5.760000  0.647350  0
5.786667  0.646692  0
5.813333  0.646034  0
5.840000  0.645376  0
5.866667  0.644718  0
5.893333  0.644060  0
5.920000  0.643402  0
5.946667  0.642744  0
5.973333  0.642086  0
6.000000  0.641428  0
6.026667  0.640770  0
6.053333  0.640112  0
6.080000  0.639454  0
6.106667  0.638796  0
6.133333  0.638138  0
6.160000  0.637480  0
6.186667  0.636822  0
6.213333  0.636164  0
6.240000  0.635506  0
6.266667  0.634848  0
6.293333  0.634190  0
6.320000  0.633532  0
6.346667  0.632874  0
6.373333  0.632216  0
6.400000  0.631558  0
6.426667  0.630900  0
6.453333  0.630242  0
6.480000  0.629584  0
6.506667  0.628926  0
6.533333  0.628268  0
6.560000  0.627610  0
6.586667  0.626952  0
6.613333  0.626294  0
6.640000  0.625635  0
6.666667  0.624977  0
6.693333  0.624319  0
6.720000  0.623661  0
6.746667  0.623003  0
6.773333  0.622345  0
6.800000  0.621687  0
6.826667  0.621029  0
6.853333  0.620371  0
6.880000  0.619713  0
6.906667  0.619055  0
6.933333  0.618397  0
6.960000  0.617739  0
6.986667  0.617081  0
7.013333  0.616423  0
7.040000  0.615765  0
7.066667  0.615107  0
7.093333  0.614449  0
7.120000  0.613791  0
7.146667  0.613248  0
7.173333  0.612790  0
7.200000  0.612331  0
7.226667  0.611873  0
7.253333  0.611414  0
7.280000  0.610956  0
7.306667  0.610497  0
7.333333  0.610039  0
7.360000  0.609580  0
7.386667  0.609122  0
7.413333  0.608663  0
7.440000  0.608205  0
7.466667  0.607746  0
7.493333  0.607288  0
7.520000  0.606829  0
7.546667  0.606371  0
7.573333  0.605912  0
7.600000  0.605454  0
7.626667  0.604995  0
7.653333  0.604537  0
7.680000  0.604078  0
7.706667  0.603620  0
7.733333  0.603161  0
7.760000  0.602703  0
7.786667  0.602244  0
7.813333  0.601786  0
7.840000  0.601327  0
7.866667  0.600869  0
7.893333  0.600410  0
7.920000  0.599952  0
7.946667  0.599493  0
7.973333  0.599035  0
8.000000  0.598576  0
8.026667  0.598118  0
8.053333  0.597659  0
8.080000  0.597201  0
8.106667  0.596742  0
8.133333  0.596284  0
8.160000  0.595825  0
8.186667  0.595367  0
8.213333  0.594908  0
8.240000  0.594450  0
8.266667  0.593991  0
8.293333  0.593533  0
8.320000  0.593074  0
8.346667  0.592616  0
8.373333  0.592157  0
8.400000  0.591699  0
8.426667  0.591240  0
8.453333  0.590782  0
8.480000  0.590323  0
8.506667  0.589865  0
8.533333  0.589406  0
8.560000  0.588948  0
8.586667  0.588489  0
8.613333  0.588031  0
8.640000  0.587573  0
8.666667  0.587114  0
8.693333  0.586656  0
8.720000  0.586197  0
8.746667  0.585739  0
8.773333  0.585280  0
8.800000  0.584822  0
8.826667  0.584363  0
8.853333  0.583905  0
8.880000  0.583446  0
8.906667  0.582988  0
8.933333  0.582529  0
8.960000  0.582071  0
8.986667  0.581612  0
9.013333  0.581154  0
9.040000  0.580695  0
9.066667  0.580237  0
9.093333  0.579778  0
9.120000  0.579320  0
9.146667  0.578861  0
9.173333  0.578403  0
9.200000  0.577944  0
9.226667  0.577486  0
9.253333  0.577027  0
9.280000  0.576569  0
9.306667  0.576110  0
9.333333  0.575652  0
9.360000  0.575193  0
9.386667  0.574735  0
9.413333  0.574276  0
9.440000  0.573818  0
9.466667  0.573359  0
9.493333  0.572901  0
9.520000  0.572442  0
9.546667  0.571984  0
9.573333  0.571525  0
9.600000  0.571067  0
9.626667  0.570608  0
9.653333  0.570150  0
9.680000  0.569691  0
9.706667  0.569233  0
9.733333  0.568774  0
9.760000  0.568316  0
9.786667  0.567857  0
9.813333  0.567399  0
9.840000  0.566940  0
9.866667  0.566482  0
9.893333  0.566023  0
9.920000  0.565565  0
9.946667  0.565106  0
9.973333  0.564648  0
10.000000  0.564189  0
10.026667  0.563731  0
10.053333  0.563272  0
10.080000  0.562814  0
10.106667  0.562355  0
10.133333  0.561897  0
10.160000  0.561438  0
10.186667  0.560980  0
10.213333  0.560522  0
10.240000  0.560063  0
10.266667  0.559605  0
10.293333  0.559146  0
10.320000  0.558688  0
10.346667  0.558229  0
10.373333  0.557771  0
10.400000  0.557312  0
10.426667  0.556854  0
10.453333  0.556395  0
10.480000  0.555937  0
10.506667  0.555478  0
10.533333  0.555020  0
10.560000  0.554561  0
10.586667  0.554103  0
10.613333  0.553644  0
10.640000  0.553186  0
10.666667  0.552727  0
10.693333  0.552269  0
10.720000  0.551810  0
10.746667  0.551352  0
10.773333  0.550893  0
10.800000  0.550435  0
10.826667  0.549976  0
10.853333  0.549518  0
10.880000  0.549059  0
10.906667  0.548601  0
10.933333  0.548142  0
10.960000  0.547684  0
10.986667  0.547225  0
11.013333  0.546767  0
11.040000  0.546308  0
11.066667  0.545850  0
11.093333  0.545391  0
11.120000  0.544933  0
11.146667  0.544474  0
11.173333  0.544016  0
11.200000  0.543557  0
11.226667  0.543099  0
11.253333  0.542640  0
11.280000  0.542182  0
11.306667  0.541723  0
11.333333  0.541265  0
11.360000  0.540806  0
11.386667  0.540348  0
11.413333  0.539889  0
11.440000  0.539431  0
11.466667  0.538972  0
11.493333  0.538514  0
11.520000  0.538055  0
11.546667  0.537597  0
11.573333  0.537138  0
11.600000  0.536680  0
11.626667  0.536221  0
11.653333  0.535763  0
11.680000  0.535304  0
11.706667  0.534846  0
11.733333  0.534387  0
11.760000  0.533929  0
11.786667  0.533470  0
11.813333  0.533012  0
11.840000  0.532554  0
11.866667  0.532095  0
11.893333  0.531637  0
11.920000  0.531178  0
11.946667  0.530720  0
11.973333  0.530261  0
12.000000  0.529803  0
12.026667  0.529344  0
12.053333  0.528886  0
12.080000  0.528535  0
12.106667  0.528251  0
12.133333  0.527968  0
12.160000  0.527684  0
12.186667  0.527400  0
12.213333  0.527116  0
12.240000  0.526833  0
12.266667  0.526549  0
12.293333  0.526265  0
12.320000  0.525982  0
12.346667  0.525698  0
12.373333  0.525414  0
12.400000  0.525131  0
12.426667  0.524847  0
12.453333  0.524563  0
12.480000  0.524279  0
12.506667  0.523996  0
12.533333  0.523712  0
12.560000  0.523428  0
12.586667  0.523145  0
12.613333  0.522861  0
12.640000  0.522577  0
12.666667  0.522294  0
12.693333  0.522010  0
12.720000  0.521726  0
12.746667  0.521442  0
12.773333  0.521159  0
12.800000  0.520875  0
12.826667  0.520591  0
12.853333  0.520308  0
12.880000  0.520024  0
12.906667  0.519740  0
12.933333  0.519457  0
12.960000  0.519173  0
12.986667  0.518889  0
13.013333  0.518605  0
13.040000  0.518322  0
13.066667  0.518038  0
13.093333  0.517754  0
13.120000  0.517471  0
13.146667  0.517187  0
13.173333  0.516903  0
13.200000  0.516620  0
13.226667  0.516336  0
13.253333  0.516052  0
13.280000  0.515769  0
13.306667  0.515485  0
13.333333  0.515201  0
13.360000  0.514917  0
13.386667  0.514634  0
13.413333  0.514350  0
13.440000  0.514066  0
13.466667  0.513783  0
13.493333  0.513499  0
13.520000  0.513215  0
13.546667  0.512932  0
13.573333  0.512648  0
13.600000  0.512364  0
13.626667  0.512080  0
13.653333  0.511797  0
13.680000  0.511513  0
13.706667  0.511229  0
13.733333  0.510946  0
13.760000  0.510662  0
13.786667  0.510378  0
13.813333  0.510095  0
13.840000  0.509811  0
13.866667  0.509527  0
13.893333  0.509243  0
13.920000  0.508960  0
13.946667  0.508676  0
13.973333  0.508392  0
14.000000  0.508109  0
14.026667  0.507825  0
14.053333  0.507541  0
14.080000  0.507258  0
14.106667  0.506974  0
14.133333  0.506690  0
14.160000  0.506407  0
14.186667  0.506123  0
14.213333  0.505839  0
14.240000  0.505555  0
14.266667  0.505272  0
14.293333  0.504988  0
14.320000  0.504704  0
14.346667  0.504421  0
14.373333  0.504137  0
14.400000  0.503853  0
14.426667  0.503570  0
14.453333  0.503286  0
14.480000  0.503002  0
14.506667  0.502718  0
14.533333  0.502435  0
14.560000  0.502151  0
14.586667  0.501867  0
14.613333  0.501584  0
14.640000  0.501300  0
14.666667  0.501016  0
14.693333  0.500733  0
14.720000  0.500449  0
14.746667  0.500165  0
14.773333  0.499881  0
14.800000  0.499598  0
14.826667  0.499314  0
14.853333  0.499030  0
14.880000  0.498747  0
14.906667  0.498463  0
14.933333  0.498179  0
14.960000  0.497896  0
14.986667  0.497612  0
15.013333  0.497328  0
15.040000  0.497044  0
15.066667  0.496761  0
15.093333  0.496477  0
15.120000  0.496193  0
15.146667  0.495910  0
15.173333  0.495626  0
15.200000  0.495342  0
15.226667  0.495059  0
15.253333  0.494775  0
15.280000  0.494491  0
15.306667  0.494208  0
15.333333  0.493924  0
15.360000  0.493640  0
15.386667  0.493356  0
15.413333  0.493073  0
15.440000  0.492789  0
15.466667  0.492505  0
15.493333  0.492222  0
15.520000  0.491938  0
15.546667  0.491654  0
15.573333  0.491371  0
15.600000  0.491087  0
15.626667  0.490803  0
15.653333  0.490519  0
15.680000  0.490236  0
15.706667  0.489952  0
15.733333  0.489668  0
15.760000  0.489385  0
15.786667  0.489101  0
15.813333  0.488817  0
15.840000  0.488534  0
19.413333  0.629657  1
19.440000  0.629424  1
19.466667  0.629192  1
19.493333  0.628959  1
19.520000  0.628727  1
19.546667  0.628495  1
19.573333  0.628262  1
19.600000  0.628030  1
19.626667  0.627798  1
19.653333  0.627565  1
19.680000  0.627333  1
19.706667  0.627101  1
19.733333  0.626868  1
19.760000  0.626636  1
19.786667  0.626403  1
19.813333  0.626171  1
19.840000  0.625939  1
19.866667  0.625706  1
19.893333  0.625474  1
19.920000  0.625242  1
19.946667  0.625009  1
19.973333  0.624777  1
20.000000  0.624544  1
20.026667  0.624312  1
20.053333  0.624080  1
20.080000  0.623847  1
20.106667  0.623615  1
20.133333  0.623383  1
20.160000  0.623150  1
20.186667  0.622918  1
20.213333  0.622685  1
20.240000  0.622453  1
20.266667  0.622221  1
20.293333  0.621988  1
20.320000  0.621756  1
20.346667  0.621524  1
20.373333  0.621291  1
20.400000  0.621059  1
20.426667  0.620826  1
20.453333  0.620594  1
20.480000  0.620362  1
20.506667  0.620129  1
20.533333  0.619897  1
20.560000  0.619665  1
20.586667  0.619432  1
20.613333  0.619200  1
20.640000  0.618967  1
20.666667  0.618735  1
20.693333  0.618503  1
20.720000  0.618270  1
20.746667  0.618038  1
20.773333  0.617806  1
20.800000  0.617573  1
20.826667  0.617341  1
20.853333  0.617109  1
20.880000  0.616876  1
20.906667  0.616644  1
20.933333  0.616411  1
20.960000  0.616179  1
20.986667  0.615947  1
21.013333  0.615714  1
21.040000  0.615482  1
21.066667  0.615250  1
21.093333  0.615017  1
21.120000  0.614785  1
21.146667  0.614552  1
21.173333  0.614320  1
21.200000  0.614088  1
21.226667  0.613855  1
21.253333  0.613623  1
21.280000  0.613391  1
21.306667  0.613158  1
21.333333  0.612926  1
21.360000  0.612693  1
21.386667  0.612461  1
21.413333  0.612229  1
21.440000  0.611996  1
21.466667  0.611764  1
21.493333  0.611532  1
21.520000  0.611299  1
21.546667  0.611067  1
21.573333  0.610834  1
21.600000  0.610602  1
21.626667  0.610370  1
21.653333  0.610137  1
21.680000  0.609905  1
21.706667  0.609673  1
21.733333  0.609440  1
21.760000  0.609208  1
21.786667  0.608975  1
21.813333  0.608743  1
21.840000  0.608511  1
21.866667  0.608278  1
21.893333  0.608046  1
21.920000  0.607814  1
21.946667  0.607581  1
21.973333  0.607349  1
22.000000  0.607116  1
22.026667  0.606884  1
22.053333  0.606652  1
22.080000  0.606419  1
22.106667  0.606187  1
22.133333  0.605955  1
22.160000  0.605722  1
22.186667  0.605490  1
22.213333  0.605258  1
22.240000  0.605025  1
22.266667  0.604793  1
22.293333  0.604560  1
22.320000  0.604328  1
22.346667  0.604096  1
22.373333  0.603863  1
22.400000  0.603631  1
22.426667  0.603399  1
22.453333  0.603166  1
22.480000  0.602934  1
22.506667  0.602701  1
22.533333  0.602469  1
22.560000  0.602237  1
22.586667  0.602004  1
22.613333  0.601772  1
22.640000  0.601540  1
22.666667  0.601307  1
22.693333  0.601075  1
22.720000  0.600842  1
22.746667  0.600610  1
22.773333  0.600378  1
22.800000  0.600145  1
22.826667  0.599913  1
22.853333  0.599681  1
22.880000  0.599448  1
22.906667  0.599216  1
22.933333  0.598983  1
22.960000  0.598751  1
22.986667  0.598519  1
23.013333  0.598286  1
23.040000  0.598054  1
23.066667  0.597822  1
23.093333  0.597589  1
23.120000  0.597357  1
23.146667  0.597124  1
23.173333  0.596892  1
23.200000  0.596660  1
23.226667  0.596427  1
23.253333  0.596195  1
23.280000  0.595963  1
23.306667  0.595730  1
23.333333  0.595498  1
23.360000  0.595266  1
23.386667  0.595033  1
23.413333  0.594801  1
23.440000  0.594568  1
23.466667  0.594336  1
23.493333  0.594104  1
23.520000  0.593871  1
23.546667  0.593639  1
23.573333  0.593407  1
23.600000  0.593174  1
23.626667  0.592942  1
23.653333  0.592709  1
23.680000  0.592477  1
23.706667  0.592245  1
23.733333  0.592012  1
23.760000  0.591780  1
23.786667  0.591548  1
23.813333  0.591315  1
23.840000  0.591083  1
23.866667  0.590850  1
23.893333  0.590618  1
23.920000  0.590386  1
23.946667  0.590153  1
23.973333  0.589921  1
24.000000  0.589689  1
24.026667  0.589456  1
24.053333  0.589224  1
24.080000  0.588991  1
24.106667  0.588759  1
24.133333  0.588527  1
24.160000  0.588294  1
24.186667  0.588062  1
24.213333  0.587830  1
24.240000  0.587597  1
24.266667  0.587365  1
24.293333  0.587132  1
24.320000  0.586900  1
24.346667  0.586668  1
24.373333  0.586435  1
24.400000  0.586203  1
24.426667  0.585971  1
24.453333  0.585738  1
24.480000  0.585506  1
24.506667  0.585273  1
24.533333  0.585041  1
24.560000  0.584809  1
24.586667  0.584576  1
24.613333  0.584344  1
24.640000  0.584112  1
24.666667  0.583879  1
24.693333  0.583647  1
24.720000  0.583415  1
24.746667  0.583182  1
24.773333  0.582950  1
24.800000  0.582717  1
24.826667  0.582485  1
24.853333  0.582253  1
24.880000  0.582020  1
24.906667  0.581788  1
24.933333  0.581556  1
24.960000  0.581323  1
24.986667  0.581091  1
25.013333  0.580858  1
25.040000  0.580626  1
25.066667  0.580394  1
25.093333  0.580161  1
25.120000  0.579929  1
25.146667  0.579697  1
25.173333  0.579464  1
25.200000  0.579232  1
25.226667  0.578999  1
25.253333  0.578767  1
25.280000  0.578535  1
25.306667  0.578302  1
25.333333  0.578070  1
25.360000  0.577838  1
25.386667  0.577605  1
25.413333  0.577373  1
25.440000  0.577140  1
25.466667  0.576908  1
25.493333  0.576676  1
25.520000  0.576443  1
25.546667  0.576211  1
25.573333  0.575979  1
25.600000  0.575746  1
25.626667  0.575514  1
25.653333  0.575281  1
25.680000  0.575049  1
25.706667  0.574817  1
25.733333  0.574584  1
25.760000  0.574352  1
25.786667  0.574120  1
25.813333  0.573887  1
25.840000  0.573655  1
25.866667  0.573423  1
25.893333  0.573190  1
25.920000  0.572958  1
25.946667  0.572725  1
25.973333  0.572493  1
26.000000  0.572261  1
26.026667  0.572028  1
26.053333  0.571796  1
26.080000  0.571564  1
26.106667  0.571331  1
26.133333  0.571099  1
26.160000  0.570866  1
26.186667  0.570634  1
26.213333  0.570402  1
26.240000  0.570169  1
26.266667  0.569937  1
26.293333  0.569705  1
26.320000  0.569472  1
26.346667  0.569240  1
26.373333  0.569007  1
26.400000  0.568775  1
26.426667  0.568543  1
26.453333  0.568310  1
26.480000  0.568078  1
26.506667  0.567846  1
26.533333  0.567613  1
26.560000  0.567381  1
26.586667  0.567148  1
26.613333  0.566916  1
26.640000  0.566684  1
26.666667  0.566451  1
26.693333  0.566219  1
26.720000  0.565987  1
26.746667  0.565754  1
26.773333  0.565522  1
26.800000  0.565289  1
26.826667  0.565057  1
