1.653333  0.781517  0
1.680000  0.779622  0
1.706667  0.777727  0
1.733333  0.775832  0
1.760000  0.773937  0
1.786667  0.772042  0
1.813333  0.770147  0
1.840000  0.768251  0
1.866667  0.766356  0
1.893333  0.764461  0
1.920000  0.762566  0
1.946667  0.760671  0
1.973333  0.758776  0
2.000000  0.756881  0
2.026667  0.754986  0
2.053333  0.753091  0
2.080000  0.751196  0
2.106667  0.749300  0
2.133333  0.747405  0
2.160000  0.745510  0
2.186667  0.743615  0
2.213333  0.741720  0
2.240000  0.739825  0
2.266667  0.737930  0
2.293333  0.736035  0
2.320000  0.734140  0
2.346667  0.732245  0
2.373333  0.730349  0
2.400000  0.728454  0
2.426667  0.726559  0
2.453333  0.724664  0
2.480000  0.722769  0
2.506667  0.720874  0
2.533333  0.718979  0
2.560000  0.717084  0
2.586667  0.715189  0
2.613333  0.713294  0
2.640000  0.711398  0
2.666667  0.709903  0
2.693333  0.708826  0
2.720000  0.707750  0
2.746667  0.706673  0
2.773333  0.705596  0
2.800000  0.704519  0
2.826667  0.703443  0
2.853333  0.702366  0
2.880000  0.701289  0
2.906667  0.700212  0
2.933333  0.699136  0
2.960000  0.698059  0
2.986667  0.696982  0
3.013333  0.695905  0
3.040000  0.694828  0
3.066667  0.693752  0
3.093333  0.692675  0
3.120000  0.691598  0
3.146667  0.690521  0
3.173333  0.689445  0
3.200000  0.688368  0
3.226667  0.687291  0
3.253333  0.686214  0
3.280000  0.685138  0
3.306667  0.684061  0
3.333333  0.682984  0
3.360000  0.681907  0
3.386667  0.680831  0
3.413333  0.679754  0
3.440000  0.678677  0
3.466667  0.677600  0
3.493333  0.676524  0
3.520000  0.675447  0
3.546667  0.674370  0
3.573333  0.673293  0
3.600000  0.672217  0
3.626667  0.671140  0
3.653333  0.670063  0
3.680000  0.668986  0
3.706667  0.667909  0
3.733333  0.666833  0
3.760000  0.665756  0
3.786667  0.664679  0
3.813333  0.663602  0
3.840000  0.662526  0
3.866667  0.661449  0
3.893333  0.660372  0
3.920000  0.659295  0
3.946667  0.658219  0
3.973333  0.657142  0
4.000000  0.656065  0
4.026667  0.654988  0
4.053333  0.653912  0
4.080000  0.652835  0
4.106667  0.651758  0
4.133333  0.650681  0
4.160000  0.649657  0
4.186667  0.648805  0
4.213333  0.647954  0
4.240000  0.647102  0
4.266667  0.646250  0
4.293333  0.645398  0
4.320000  0.644547  0
4.346667  0.643695  0
4.373333  0.642843  0
4.400000  0.641992  0
4.426667  0.641140  0
4.453333  0.640288  0
4.480000  0.639436  0
4.506667  0.638585  0
4.533333  0.637733  0
4.560000  0.636881  0
4.586667  0.636029  0
4.613333  0.635178  0
4.640000  0.634326  0
4.666667  0.633474  0
4.693333  0.632622  0
4.720000  0.631771  0
4.746667  0.630919  0
4.773333  0.630067  0
4.800000  0.629216  0
4.826667  0.628364  0
4.853333  0.627512  0
4.880000  0.626660  0
4.906667  0.625809  0
4.933333  0.624957  0
4.960000  0.624105  0
4.986667  0.623253  0
5.013333  0.622402  0
5.040000  0.621550  0
5.066667  0.620698  0
5.093333  0.619847  0
5.120000  0.618995  0
5.146667  0.618143  0
5.173333  0.617291  0
5.200000  0.616440  0
5.226667  0.615588  0
5.253333  0.614736  0
5.280000  0.613884  0
5.306667  0.613033  0
5.333333  0.612181  0
5.360000  0.611329  0
5.386667  0.610478  0
5.413333  0.609626  0
5.440000  0.608774  0
5.466667  0.607922  0
5.493333  0.607071  0
5.520000  0.606219  0
5.546667  0.605367  0
5.573333  0.604515  0
5.600000  0.603664  0
5.626667  0.602812  0
5.653333  0.601960  0
5.680000  0.601108  0
5.706667  0.600257  0
5.733333  0.599405  0
5.760000  0.598553  0
5.786667  0.597702  0
5.813333  0.596850  0
5.840000  0.595998  0
5.866667  0.595146  0
5.893333  0.594295  0
5.920000  0.593443  0
5.946667  0.592591  0
5.973333  0.591739  0
6.000000  0.590888  0
6.026667  0.590036  0
6.053333  0.589184  0
6.080000  0.588333  0
6.106667  0.587481  0
6.133333  0.586629  0
6.160000  0.585777  0
6.186667  0.585012  0
6.213333  0.584392  0
6.240000  0.583771  0
6.266667  0.583151  0
6.293333  0.582531  0
6.320000  0.581910  0
6.346667  0.581290  0
6.373333  0.580669  0
6.400000  0.580049  0
6.426667  0.579429  0
6.453333  0.578808  0
6.480000  0.578188  0
6.506667  0.577567  0
6.533333  0.576947  0
6.560000  0.576326  0
6.586667  0.575706  0
6.613333  0.575086  0
6.640000  0.574465  0
6.666667  0.573845  0
6.693333  0.573224  0
6.720000  0.572604  0
6.746667  0.571983  0
6.773333  0.571363  0
6.800000  0.570743  0
6.826667  0.570122  0
6.853333  0.569502  0
6.880000  0.568881  0
6.906667  0.568261  0
6.933333  0.567641  0
6.960000  0.567020  0
6.986667  0.566400  0
7.013333  0.565779  0
7.040000  0.565159  0
7.066667  0.564538  0
7.093333  0.563918  0
7.120000  0.563298  0
7.146667  0.562677  0
7.173333  0.562057  0
7.200000  0.561436  0
7.226667  0.560816  0
7.253333  0.560196  0
7.280000  0.559575  0
7.306667  0.558955  0
7.333333  0.558334  0
7.360000  0.557714  0
7.386667  0.557093  0
7.413333  0.556473  0
7.440000  0.555853  0
7.466667  0.555232  0
7.493333  0.554612  0
7.520000  0.553991  0
7.546667  0.553371  0
7.573333  0.552750  0
7.600000  0.552130  0
7.626667  0.551510  0
7.653333  0.550889  0
7.680000  0.550269  0
7.706667  0.549648  0
7.733333  0.549028  0
7.760000  0.548408  0
7.786667  0.547787  0
7.813333  0.547167  0
7.840000  0.546546  0
7.866667  0.545926  0
7.893333  0.545305  0
7.920000  0.544685  0
7.946667  0.544065  0
7.973333  0.543444  0
8.000000  0.542824  0
8.026667  0.542203  0
8.053333  0.541583  0
8.080000  0.540963  0
8.106667  0.540531  0
8.133333  0.540155  0
8.160000  0.539778  0
8.186667  0.539401  0
8.213333  0.539024  0
8.240000  0.538647  0
8.266667  0.538270  0
8.293333  0.537893  0
8.320000  0.537517  0
8.346667  0.537140  0
8.373333  0.536763  0
8.400000  0.536386  0
8.426667  0.536009  0
8.453333  0.535632  0
8.480000  0.535255  0
8.506667  0.534878  0
8.533333  0.534502  0
8.560000  0.534125  0
8.586667  0.533748  0
8.613333  0.533371  0
8.640000  0.532994  0
8.666667  0.532617  0
8.693333  0.532240  0
8.720000  0.531864  0
8.746667  0.531487  0
8.773333  0.531110  0
8.800000  0.530733  0
8.826667  0.530356  0
8.853333  0.529979  0
8.880000  0.529602  0
8.906667  0.529225  0
8.933333  0.528849  0
8.960000  0.528472  0
8.986667  0.528095  0
9.013333  0.527718  0
9.040000  0.527341  0
9.066667  0.526964  0
9.093333  0.526587  0
9.120000  0.526211  0
9.146667  0.525834  0
9.173333  0.525457  0
9.200000  0.525080  0
9.226667  0.524703  0
9.253333  0.524326  0
9.280000  0.523949  0
9.306667  0.523572  0
9.333333  0.523196  0
9.360000  0.522819  0
9.386667  0.522442  0
9.413333  0.522065  0
9.440000  0.521688  0
9.466667  0.521311  0
9.493333  0.520934  0
9.520000  0.520558  0
9.546667  0.520181  0
9.573333  0.519804  0
9.600000  0.519427  0
9.626667  0.519050  0
9.653333  0.518673  0
9.680000  0.518296  0
9.706667  0.517919  0
9.733333  0.517543  0
9.760000  0.517166  0
9.786667  0.516789  0
9.813333  0.516412  0
9.840000  0.516035  0
9.866667  0.515658  0
9.893333  0.515281  0
9.920000  0.514905  0
9.946667  0.514528  0
9.973333  0.514151  0
10.000000  0.513774  0
10.026667  0.513397  0
10.053333  0.513020  0
10.080000  0.512643  0
10.106667  0.512141  0
10.133333  0.511602  0
10.160000  0.511063  0
10.186667  0.510524  0
10.213333  0.509984  0
10.240000  0.509445  0
10.266667  0.508906  0
10.293333  0.508367  0
10.320000  0.507827  0
10.346667  0.507288  0
10.373333  0.506749  0
10.400000  0.506209  0
10.426667  0.505670  0
10.453333  0.505131  0
10.480000  0.504592  0
10.506667  0.504052  0
10.533333  0.503513  0
10.560000  0.502974  0
10.586667  0.502435  0
10.613333  0.501895  0
10.640000  0.501356  0
10.666667  0.500817  0
10.693333  0.500278  0
10.720000  0.499738  0
10.746667  0.499199  0
10.773333  0.498660  0
10.800000  0.498121  0
10.826667  0.497581  0
10.853333  0.497042  0
10.880000  0.496503  0
10.906667  0.495964  0
10.933333  0.495424  0
10.960000  0.494885  0
10.986667  0.494346  0
11.013333  0.493807  0
11.040000  0.493267  0
11.066667  0.492728  0
11.093333  0.492189  0
11.120000  0.491650  0
11.146667  0.491110  0
11.173333  0.490571  0
11.200000  0.490032  0
11.226667  0.489493  0
11.253333  0.488953  0
11.280000  0.488414  0
11.306667  0.487875  0
11.333333  0.487336  0
11.360000  0.486796  0
11.386667  0.486257  0
11.413333  0.485718  0
11.440000  0.485179  0
11.466667  0.484639  0
11.493333  0.484100  0
11.520000  0.483561  0
11.546667  0.483021  0
11.573333  0.482482  0
11.600000  0.481943  0
11.626667  0.481404  0
11.653333  0.480864  0
11.680000  0.480325  0
11.706667  0.479786  0
11.733333  0.479247  0
11.760000  0.478707  0
11.786667  0.478168  0
11.813333  0.477629  0
11.840000  0.477090  0
11.866667  0.476550  0
11.893333  0.476011  0
11.920000  0.475472  0
11.946667  0.474933  0
11.973333  0.474393  0
12.000000  0.473854  0
12.026667  0.473315  0
12.053333  0.472776  0
12.080000  0.472236  0
12.106667  0.471697  0
12.133333  0.471158  0
12.160000  0.470619  0
12.186667  0.470079  0
12.213333  0.469540  0
12.240000  0.469001  0
12.266667  0.468462  0
12.293333  0.467922  0
12.320000  0.467383  0
12.346667  0.466844  0
12.373333  0.466305  0
12.400000  0.465765  0
12.426667  0.465226  0
12.453333  0.464687  0
12.480000  0.464148  0
12.506667  0.463608  0
12.533333  0.463069  0
12.560000  0.462530  0
12.586667  0.461991  0
12.613333  0.461451  0
12.640000  0.460912  0
12.666667  0.460373  0
12.693333  0.459833  0
12.720000  0.459294  0
12.746667  0.458755  0
12.773333  0.458216  0
12.800000  0.457676  0
12.826667  0.457137  0
12.853333  0.456598  0
12.880000  0.456059  0
12.906667  0.455824  0
12.933333  0.455612  0
12.960000  0.455400  0
12.986667  0.455188  0
13.013333  0.454976  0
13.040000  0.454764  0
13.066667  0.454552  0
13.093333  0.454339  0
13.120000  0.454127  0
13.146667  0.453915  0
13.173333  0.453703  0
13.200000  0.453491  0
13.226667  0.453279  0
13.253333  0.453067  0
13.280000  0.452854  0
13.306667  0.452642  0
13.333333  0.452430  0
13.360000  0.452218  0
13.386667  0.452006  0
13.413333  0.451794  0
13.440000  0.451582  0
13.466667  0.451370  0
13.493333  0.451157  0
13.520000  0.450945  0
13.546667  0.450733  0
13.573333  0.450521  0
13.600000  0.450309  0
13.626667  0.450097  0
13.653333  0.449885  0
13.680000  0.449672  0
13.706667  0.449460  0
13.733333  0.449248  0
13.760000  0.449036  0
13.786667  0.448824  0
13.813333  0.448612  0
13.840000  0.448400  0
13.866667  0.448187  0
13.893333  0.447975  0
13.920000  0.447763  0
13.946667  0.447551  0
13.973333  0.447339  0
14.000000  0.447127  0
14.026667  0.446915  0
14.053333  0.446702  0
14.080000  0.446490  0
14.106667  0.446278  0
14.133333  0.446066  0
14.160000  0.445854  0
14.186667  0.445642  0
14.213333  0.445430  0
14.240000  0.445218  0
14.266667  0.445005  0
14.293333  0.444793  0
14.320000  0.444581  0
14.346667  0.444369  0
14.373333  0.444157  0
14.400000  0.443945  0
14.426667  0.443733  0
14.453333  0.443520  0
14.480000  0.443308  0
14.506667  0.443096  0
14.533333  0.442884  0
14.560000  0.442672  0
14.586667  0.442460  0
14.613333  0.442248  0
14.640000  0.442035  0
14.666667  0.441823  0
14.693333  0.441611  0
14.720000  0.441399  0
14.746667  0.441187  0
14.773333  0.440975  0
14.800000  0.440763  0
14.826667  0.440550  0
14.853333  0.440338  0
14.880000  0.440126  0
14.906667  0.439914  0
14.933333  0.439702  0
14.960000  0.439490  0
14.986667  0.439278  0
15.013333  0.439066  0
15.040000  0.438853  0
15.066667  0.438641  0
15.093333  0.438429  0
15.120000  0.438217  0
15.146667  0.438005  0
15.173333  0.437793  0
15.200000  0.437581  0
15.226667  0.437368  0
15.253333  0.437156  0
15.280000  0.436944  0
15.306667  0.436732  0
15.333333  0.436520  0
15.360000  0.436308  0
15.386667  0.436096  0
15.413333  0.435883  0
15.440000  0.435671  0
15.466667  0.435459  0
15.493333  0.435247  0
15.520000  0.435035  0
15.546667  0.434823  0
15.573333  0.434611  0
15.600000  0.434398  0
15.626667  0.434186  0
15.653333  0.433974  0
15.680000  0.433762  0
15.706667  0.433550  0
15.733333  0.433338  0
15.760000  0.433126  0
15.786667  0.432914  0
15.813333  0.432701  0
15.840000  0.432489  0
15.866667  0.432277  0
15.893333  0.432065  0
15.920000  0.431853  0
19.520000  0.605316  1
19.546667  0.605123  1
19.573333  0.604931  1
19.600000  0.604739  1
19.626667  0.604546  1
19.653333  0.604354  1
19.680000  0.604162  1
19.706667  0.603969  1
19.733333  0.603777  1
19.760000  0.603585  1
19.786667  0.603392  1
19.813333  0.603200  1
19.840000  0.603008  1
19.866667  0.602815  1
19.893333  0.602623  1
19.920000  0.602431  1
19.946667  0.602238  1
19.973333  0.602046  1
20.000000  0.601853  1
20.026667  0.601661  1
20.053333  0.601469  1
20.080000  0.601276  1
20.106667  0.601084  1
20.133333  0.600892  1
20.160000  0.600699  1
20.186667  0.600507  1
20.213333  0.600315  1
20.240000  0.600122  1
20.266667  0.599930  1
20.293333  0.599738  1
20.320000  0.599545  1
20.346667  0.599353  1
20.373333  0.599161  1
20.400000  0.598968  1
20.426667  0.598776  1
20.453333  0.598584  1
20.480000  0.598391  1
20.506667  0.598199  1
20.533333  0.598007  1
20.560000  0.597814  1
20.586667  0.597622  1
20.613333  0.597430  1
20.640000  0.597237  1
20.666667  0.597045  1
20.693333  0.596853  1
20.720000  0.596660  1
20.746667  0.596468  1
20.773333  0.596276  1
20.800000  0.596083  1
20.826667  0.595891  1
20.853333  0.595699  1
20.880000  0.595506  1
20.906667  0.595314  1
20.933333  0.595122  1
20.960000  0.594929  1
20.986667  0.594737  1
21.013333  0.594544  1
21.040000  0.594352  1
21.066667  0.594160  1
21.093333  0.593967  1
21.120000  0.593775  1
21.146667  0.593583  1
21.173333  0.593390  1
21.200000  0.593198  1
21.226667  0.593006  1
21.253333  0.592813  1
21.280000  0.592621  1
21.306667  0.592429  1
21.333333  0.592236  1
21.360000  0.592044  1
21.386667  0.591852  1
21.413333  0.591659  1
21.440000  0.591467  1
21.466667  0.591275  1
21.493333  0.591082  1
21.520000  0.590890  1
21.546667  0.590698  1
21.573333  0.590505  1
21.600000  0.590313  1
21.626667  0.590121  1
21.653333  0.589928  1
21.680000  0.589736  1
21.706667  0.589544  1
21.733333  0.589351  1
21.760000  0.589159  1
21.786667  0.588967  1
21.813333  0.588774  1
21.840000  0.588582  1
21.866667  0.588390  1
21.893333  0.588197  1
21.920000  0.588005  1
21.946667  0.587812  1
21.973333  0.587620  1
22.000000  0.587428  1
22.026667  0.587235  1
22.053333  0.587043  1
22.080000  0.586851  1
22.106667  0.586658  1
22.133333  0.586466  1
22.160000  0.586274  1
22.186667  0.586081  1
22.213333  0.585889  1
22.240000  0.585697  1
22.266667  0.585504  1
22.293333  0.585312  1
22.320000  0.585120  1
22.346667  0.584927  1
22.373333  0.584735  1
22.400000  0.584543  1
22.426667  0.584350  1
22.453333  0.584158  1
22.480000  0.583966  1
22.506667  0.583773  1
22.533333  0.583581  1
22.560000  0.583389  1
22.586667  0.583196  1
22.613333  0.583004  1
22.640000  0.582812  1
22.666667  0.582619  1
22.693333  0.582427  1
22.720000  0.582235  1
22.746667  0.582042  1
22.773333  0.581850  1
22.800000  0.581658  1
22.826667  0.581465  1
22.853333  0.581273  1
22.880000  0.581080  1
22.906667  0.580888  1
22.933333  0.580696  1
22.960000  0.580503  1
22.986667  0.580311  1
23.013333  0.580119  1
23.040000  0.579926  1
23.066667  0.579734  1
23.093333  0.579542  1
23.120000  0.579349  1
23.146667  0.579157  1
23.173333  0.578965  1
23.200000  0.578772  1
23.226667  0.578580  1
23.253333  0.578388  1
23.280000  0.578195  1
23.306667  0.578003  1
23.333333  0.577811  1
23.360000  0.577618  1
23.386667  0.577426  1
23.413333  0.577234  1
23.440000  0.577041  1
23.466667  0.576849  1
23.493333  0.576657  1
23.520000  0.576464  1
23.546667  0.576272  1
23.573333  0.576080  1
23.600000  0.575887  1
23.626667  0.575695  1
23.653333  0.575503  1
23.680000  0.575310  1
23.706667  0.575118  1
23.733333  0.574926  1
23.760000  0.574733  1
23.786667  0.574541  1
23.813333  0.574349  1
23.840000  0.574156  1
23.866667  0.573964  1
23.893333  0.573771  1
23.920000  0.573579  1
23.946667  0.573387  1
23.973333  0.573194  1
24.000000  0.573002  1
24.026667  0.572810  1
24.053333  0.572617  1
24.080000  0.572425  1
24.106667  0.572233  1
24.133333  0.572040  1
24.160000  0.571848  1
24.186667  0.571656  1
24.213333  0.571463  1
24.240000  0.571271  1
24.266667  0.571079  1
24.293333  0.570886  1
24.320000  0.570694  1
24.346667  0.570502  1
24.373333  0.570309  1
24.400000  0.570117  1
24.426667  0.569925  1
24.453333  0.569732  1
24.480000  0.569540  1
24.506667  0.569348  1
24.533333  0.569155  1
24.560000  0.568963  1
24.586667  0.568771  1
24.613333  0.568578  1
24.640000  0.568386  1
24.666667  0.568194  1
24.693333  0.568001  1
24.720000  0.567809  1
24.746667  0.567617  1
24.773333  0.567424  1
24.800000  0.567232  1
24.826667  0.567039  1
24.853333  0.566847  1
24.880000  0.566655  1
24.906667  0.566462  1
24.933333  0.566270  1
24.960000  0.566078  1
24.986667  0.565885  1
25.013333  0.565693  1
25.040000  0.565501  1
25.066667  0.565308  1
25.093333  0.565116  1
25.120000  0.564924  1
25.146667  0.564731  1
25.173333  0.564539  1
25.200000  0.564347  1
25.226667  0.564154  1
25.253333  0.563962  1
25.280000  0.563770  1
25.306667  0.563577  1
25.333333  0.563385  1
25.360000  0.563193  1
25.386667  0.563000  1
25.413333  0.562808  1
25.440000  0.562616  1
25.466667  0.562423  1
25.493333  0.562231  1
25.520000  0.562039  1
25.546667  0.561846  1
25.573333  0.561654  1
25.600000  0.561462  1
25.626667  0.561269  1
25.653333  0.561077  1
25.680000  0.560885  1
25.706667  0.560692  1
25.733333  0.560500  1
25.760000  0.560308  1
25.786667  0.560115  1
25.813333  0.559923  1
25.840000  0.559730  1
25.866667  0.559538  1
25.893333  0.559346  1
25.920000  0.559153  1
25.946667  0.558961  1
25.973333  0.558769  1
26.000000  0.558576  1
26.026667  0.558384  1
26.053333  0.558192  1
26.080000  0.557999  1
26.106667  0.557807  1
26.133333  0.557615  1
26.160000  0.557422  1
26.186667  0.557230  1
26.213333  0.557038  1
26.240000  0.556845  1
26.266667  0.556653  1
26.293333  0.556461  1
26.320000  0.556268  1
26.346667  0.556076  1
26.373333  0.555884  1
26.400000  0.555691  1
26.426667  0.555499  1
26.453333  0.555307  1
26.480000  0.555114  1
26.506667  0.554922  1
26.533333  0.554730  1
26.560000  0.554537  1
26.586667  0.554345  1
26.613333  0.554153  1
26.640000  0.553960  1
26.666667  0.553768  1
26.693333  0.553576  1
26.720000  0.553383  1
26.746667  0.553191  1
26.773333  0.552998  1
