2.213333  0.896838  0
2.240000  0.894397  0
2.266667  0.891956  0
2.293333  0.889516  0
2.320000  0.887075  0
2.346667  0.884634  0
2.373333  0.882194  0
2.400000  0.879753  0
2.426667  0.877312  0
2.453333  0.874872  0
2.480000  0.872431  0
2.506667  0.869990  0
2.533333  0.867550  0
2.560000  0.865109  0
2.586667  0.862668  0
2.613333  0.860228  0
2.640000  0.857787  0
2.666667  0.855346  0
2.693333  0.852906  0
2.720000  0.850465  0
2.746667  0.848025  0
2.773333  0.845584  0
2.800000  0.843143  0
2.826667  0.840703  0
2.853333  0.838262  0
2.880000  0.835821  0
2.906667  0.833381  0
2.933333  0.830835  0
2.960000  0.827993  0
2.986667  0.825150  0
3.013333  0.822307  0
3.040000  0.819465  0
3.066667  0.816622  0
3.093333  0.813779  0
3.120000  0.810937  0
3.146667  0.808094  0
3.173333  0.805251  0
3.200000  0.802409  0
3.226667  0.799566  0
3.253333  0.796723  0
3.280000  0.793881  0
3.306667  0.791038  0
3.333333  0.788196  0
3.360000  0.785353  0
3.386667  0.782510  0
3.413333  0.779668  0
3.440000  0.776825  0
3.466667  0.773982  0
3.493333  0.771140  0
3.520000  0.768297  0
3.546667  0.765454  0
3.573333  0.762612  0
3.600000  0.759769  0
3.626667  0.757980  0
3.653333  0.756664  0
3.680000  0.755348  0
3.706667  0.754032  0
3.733333  0.752715  0
3.760000  0.751399  0
3.786667  0.750083  0
3.813333  0.748767  0
3.840000  0.747451  0
3.866667  0.746135  0
3.893333  0.744819  0
3.920000  0.743503  0
3.946667  0.742187  0
3.973333  0.740871  0
4.000000  0.739555  0
4.026667  0.738239  0
4.053333  0.736923  0
4.080000  0.735607  0
4.106667  0.734291  0
4.133333  0.732975  0
4.160000  0.731659  0
4.186667  0.730343  0
4.213333  0.729027  0
4.240000  0.727711  0
4.266667  0.726395  0
4.293333  0.725079  0
4.320000  0.723763  0
4.346667  0.722447  0
4.373333  0.721130  0
4.400000  0.719814  0
4.426667  0.718501  0
4.453333  0.717652  0
4.480000  0.716804  0
4.506667  0.715955  0
4.533333  0.715107  0
4.560000  0.714258  0
4.586667  0.713410  0
4.613333  0.712561  0
4.640000  0.711713  0
4.666667  0.710864  0
4.693333  0.710015  0
4.720000  0.709167  0
4.746667  0.708318  0
4.773333  0.707470  0
4.800000  0.706621  0
4.826667  0.705773  0
4.853333  0.704924  0
4.880000  0.704076  0
4.906667  0.703227  0
4.933333  0.702378  0
4.960000  0.701530  0
4.986667  0.700681  0
5.013333  0.699833  0
5.040000  0.698984  0
5.066667  0.698136  0
5.093333  0.697287  0
5.120000  0.696439  0
5.146667  0.695590  0
5.173333  0.694741  0
5.200000  0.693893  0
5.226667  0.693044  0
5.253333  0.692196  0
5.280000  0.691347  0
5.306667  0.690499  0
5.333333  0.689650  0
5.360000  0.688802  0
5.386667  0.687953  0
5.413333  0.687105  0
5.440000  0.686256  0
5.466667  0.685407  0
5.493333  0.684559  0
5.520000  0.683710  0
5.546667  0.682862  0
5.573333  0.682013  0
5.600000  0.681165  0
5.626667  0.680316  0
5.653333  0.679468  0
5.680000  0.678619  0
5.706667  0.677770  0
5.733333  0.676922  0
5.760000  0.676073  0
5.786667  0.675225  0
5.813333  0.674376  0
5.840000  0.673528  0
5.866667  0.672679  0
5.893333  0.671831  0
5.920000  0.670982  0
5.946667  0.670133  0
5.973333  0.669581  0
6.000000  0.669062  0
6.026667  0.668542  0
6.053333  0.668023  0
6.080000  0.667504  0
6.106667  0.666985  0
6.133333  0.666465  0
6.160000  0.665946  0
6.186667  0.665427  0
6.213333  0.664908  0
6.240000  0.664389  0
6.266667  0.663869  0
6.293333  0.663350  0
6.320000  0.662831  0
6.346667  0.662312  0
6.373333  0.661793  0
6.400000  0.661273  0
6.426667  0.660754  0
6.453333  0.660235  0
6.480000  0.659716  0
6.506667  0.659197  0
6.533333  0.658677  0
6.560000  0.658158  0
6.586667  0.657639  0
6.613333  0.657120  0
6.640000  0.656601  0
6.666667  0.656081  0
6.693333  0.655562  0
6.720000  0.655043  0
6.746667  0.654524  0
6.773333  0.654005  0
6.800000  0.653485  0
6.826667  0.652966  0
6.853333  0.652447  0
6.880000  0.651928  0
6.906667  0.651409  0
6.933333  0.650889  0
6.960000  0.650370  0
6.986667  0.649851  0
7.013333  0.649332  0
7.040000  0.648813  0
7.066667  0.648293  0
7.093333  0.647774  0
7.120000  0.647255  0
7.146667  0.646736  0
7.173333  0.646216  0
7.200000  0.645697  0
7.226667  0.645178  0
7.253333  0.644659  0
7.280000  0.644140  0
7.306667  0.643620  0
7.333333  0.643101  0
7.360000  0.642582  0
7.386667  0.642063  0
7.413333  0.641544  0
7.440000  0.641024  0
7.466667  0.640505  0
7.493333  0.639986  0
7.520000  0.639467  0
7.546667  0.638948  0
7.573333  0.638428  0
7.600000  0.637909  0
7.626667  0.637123  0
7.653333  0.636210  0
7.680000  0.635297  0
7.706667  0.634383  0
7.733333  0.633470  0
7.760000  0.632557  0
7.786667  0.631643  0
7.813333  0.630730  0
7.840000  0.629817  0
7.866667  0.628904  0
7.893333  0.627990  0
7.920000  0.627077  0
7.946667  0.626164  0
7.973333  0.625250  0
8.000000  0.624337  0
8.026667  0.623424  0
8.053333  0.622510  0
8.080000  0.621597  0
8.106667  0.620684  0
8.133333  0.619771  0
8.160000  0.618857  0
8.186667  0.617944  0
8.213333  0.617031  0
8.240000  0.616117  0
8.266667  0.615204  0
8.293333  0.614291  0
8.320000  0.613377  0
8.346667  0.612464  0
8.373333  0.611551  0
8.400000  0.610638  0
8.426667  0.609724  0
8.453333  0.608811  0
8.480000  0.607898  0
8.506667  0.606984  0
8.533333  0.606071  0
8.560000  0.605158  0
8.586667  0.604244  0
8.613333  0.603331  0
8.640000  0.602418  0
8.666667  0.601505  0
8.693333  0.600591  0
8.720000  0.599678  0
8.746667  0.598765  0
8.773333  0.597851  0
8.800000  0.596938  0
8.826667  0.596025  0
8.853333  0.595111  0
8.880000  0.594198  0
8.906667  0.593285  0
8.933333  0.592372  0
8.960000  0.591458  0
8.986667  0.590545  0
9.013333  0.589632  0
9.040000  0.588718  0
9.066667  0.587805  0
9.093333  0.586892  0
9.120000  0.585978  0
9.146667  0.585065  0
9.173333  0.584152  0
9.200000  0.583239  0
9.226667  0.582325  0
9.253333  0.581412  0
9.280000  0.580499  0
9.306667  0.579585  0
9.333333  0.578672  0
9.360000  0.577759  0
9.386667  0.576845  0
9.413333  0.575932  0
9.440000  0.575019  0
9.466667  0.574106  0
9.493333  0.573192  0
9.520000  0.572663  0
9.546667  0.572162  0
9.573333  0.571661  0
9.600000  0.571160  0
9.626667  0.570659  0
9.653333  0.570158  0
9.680000  0.569656  0
9.706667  0.569155  0
9.733333  0.568654  0
9.760000  0.568153  0
9.786667  0.567652  0
9.813333  0.567151  0
9.840000  0.566650  0
9.866667  0.566149  0
9.893333  0.565648  0
9.920000  0.565146  0
9.946667  0.564645  0
9.973333  0.564144  0
10.000000  0.563643  0
10.026667  0.563142  0
10.053333  0.562641  0
10.080000  0.562140  0
10.106667  0.561639  0
10.133333  0.561138  0
10.160000  0.560637  0
10.186667  0.560135  0
10.213333  0.559634  0
10.240000  0.559133  0
10.266667  0.558632  0
10.293333  0.558131  0
10.320000  0.557630  0
10.346667  0.557129  0
10.373333  0.556628  0
10.400000  0.556127  0
10.426667  0.555625  0
10.453333  0.555124  0
10.480000  0.554623  0
10.506667  0.554122  0
10.533333  0.553621  0
10.560000  0.553120  0
10.586667  0.552619  0
10.613333  0.552118  0
10.640000  0.551617  0
10.666667  0.551115  0
10.693333  0.550614  0
10.720000  0.550113  0
10.746667  0.549612  0
10.773333  0.549111  0
10.800000  0.548610  0
10.826667  0.548109  0
10.853333  0.547608  0
10.880000  0.547107  0
10.906667  0.546605  0
10.933333  0.546104  0
10.960000  0.545603  0
10.986667  0.545102  0
11.013333  0.544601  0
11.040000  0.544100  0
11.066667  0.543599  0
11.093333  0.543098  0
11.120000  0.542597  0
11.146667  0.542096  0
11.173333  0.541594  0
11.200000  0.541093  0
11.226667  0.540592  0
11.253333  0.540091  0
11.280000  0.539590  0
11.306667  0.539089  0
11.333333  0.538588  0
11.360000  0.538087  0
11.386667  0.537586  0
11.413333  0.537084  0
11.440000  0.536583  0
11.466667  0.536082  0
11.493333  0.535581  0
11.520000  0.535080  0
11.546667  0.534579  0
11.573333  0.534078  0
11.600000  0.533577  0
11.626667  0.533076  0
11.653333  0.532574  0
11.680000  0.532073  0
11.706667  0.531572  0
11.733333  0.531071  0
11.760000  0.530570  0
11.786667  0.530069  0
11.813333  0.529568  0
11.840000  0.529067  0
11.866667  0.528606  0
11.893333  0.528245  0
11.920000  0.527884  0
11.946667  0.527523  0
11.973333  0.527162  0
12.000000  0.526801  0
12.026667  0.526440  0
12.053333  0.526079  0
12.080000  0.525718  0
12.106667  0.525357  0
12.133333  0.524996  0
12.160000  0.524635  0
12.186667  0.524274  0
12.213333  0.523913  0
12.240000  0.523552  0
12.266667  0.523191  0
12.293333  0.522830  0
12.320000  0.522469  0
12.346667  0.522108  0
12.373333  0.521748  0
12.400000  0.521387  0
12.426667  0.521026  0
12.453333  0.520665  0
12.480000  0.520304  0
12.506667  0.519943  0
12.533333  0.519582  0
12.560000  0.519221  0
12.586667  0.518860  0
12.613333  0.518499  0
12.640000  0.518138  0
12.666667  0.517777  0
12.693333  0.517416  0
12.720000  0.517055  0
12.746667  0.516694  0
12.773333  0.516333  0
12.800000  0.515972  0
12.826667  0.515611  0
12.853333  0.515250  0
12.880000  0.514889  0
12.906667  0.514528  0
12.933333  0.514167  0
12.960000  0.513806  0
12.986667  0.513445  0
13.013333  0.513084  0
13.040000  0.512723  0
13.066667  0.512362  0
13.093333  0.512001  0
13.120000  0.511640  0
13.146667  0.511279  0
13.173333  0.510918  0
13.200000  0.510557  0
13.226667  0.510196  0
13.253333  0.509835  0
13.280000  0.509474  0
13.306667  0.509114  0
13.333333  0.508753  0
13.360000  0.508392  0
13.386667  0.508031  0
13.413333  0.507670  0
13.440000  0.507309  0
13.466667  0.506948  0
13.493333  0.506587  0
13.520000  0.506226  0
13.546667  0.505865  0
13.573333  0.505504  0
13.600000  0.505143  0
13.626667  0.504782  0
13.653333  0.504421  0
13.680000  0.504060  0
13.706667  0.503699  0
13.733333  0.503338  0
13.760000  0.502977  0
13.786667  0.502616  0
13.813333  0.502255  0
13.840000  0.501894  0
13.866667  0.501533  0
13.893333  0.501172  0
13.920000  0.500811  0
13.946667  0.500450  0
13.973333  0.500089  0
14.000000  0.499728  0
14.026667  0.499367  0
14.053333  0.499006  0
14.080000  0.498645  0
14.106667  0.498284  0
14.133333  0.497923  0
14.160000  0.497562  0
14.186667  0.497201  0
14.213333  0.496840  0
14.240000  0.496480  0
18.106667  0.637602  1
18.133333  0.637325  1
18.160000  0.637049  1
18.186667  0.636772  1
18.213333  0.636496  1
18.240000  0.636219  1
18.266667  0.635943  1
18.293333  0.635666  1
18.320000  0.635390  1
18.346667  0.635113  1
18.373333  0.634837  1
18.400000  0.634561  1
18.426667  0.634284  1
18.453333  0.634008  1
18.480000  0.633731  1
18.506667  0.633455  1
18.533333  0.633178  1
18.560000  0.632902  1
18.586667  0.632625  1
18.613333  0.632349  1
18.640000  0.632072  1
18.666667  0.631796  1
18.693333  0.631519  1
18.720000  0.631243  1
18.746667  0.630966  1
18.773333  0.630690  1
18.800000  0.630413  1
18.826667  0.630137  1
18.853333  0.629861  1
18.880000  0.629584  1
18.906667  0.629308  1
18.933333  0.629031  1
18.960000  0.628755  1
18.986667  0.628478  1
19.013333  0.628202  1
19.040000  0.627925  1
19.066667  0.627649  1
19.093333  0.627372  1
19.120000  0.627096  1
19.146667  0.626819  1
19.173333  0.626543  1
19.200000  0.626266  1
19.226667  0.625990  1
19.253333  0.625713  1
19.280000  0.625437  1
19.306667  0.625160  1
19.333333  0.624884  1
19.360000  0.624608  1
19.386667  0.624331  1
19.413333  0.624055  1
19.440000  0.623778  1
19.466667  0.623502  1
19.493333  0.623225  1
19.520000  0.622949  1
19.546667  0.622672  1
19.573333  0.622396  1
19.600000  0.622119  1
19.626667  0.621843  1
19.653333  0.621566  1
19.680000  0.621290  1
19.706667  0.621013  1
19.733333  0.620737  1
19.760000  0.620460  1
19.786667  0.620184  1
19.813333  0.619908  1
19.840000  0.619631  1
19.866667  0.619355  1
19.893333  0.619078  1
19.920000  0.618802  1
19.946667  0.618525  1
19.973333  0.618249  1
20.000000  0.617972  1
20.026667  0.617696  1
20.053333  0.617419  1
20.080000  0.617143  1
20.106667  0.616866  1
20.133333  0.616590  1
20.160000  0.616313  1
20.186667  0.616037  1
20.213333  0.615760  1
20.240000  0.615484  1
20.266667  0.615207  1
20.293333  0.614931  1
20.320000  0.614655  1
20.346667  0.614378  1
20.373333  0.614102  1
20.400000  0.613825  1
20.426667  0.613549  1
20.453333  0.613272  1
20.480000  0.612996  1
20.506667  0.612719  1
20.533333  0.612443  1
20.560000  0.612166  1
20.586667  0.611890  1
20.613333  0.611613  1
20.640000  0.611337  1
20.666667  0.611060  1
20.693333  0.610784  1
20.720000  0.610507  1
20.746667  0.610231  1
20.773333  0.609955  1
20.800000  0.609678  1
20.826667  0.609402  1
20.853333  0.609125  1
20.880000  0.608849  1
20.906667  0.608572  1
20.933333  0.608296  1
20.960000  0.608019  1
20.986667  0.607743  1
21.013333  0.607466  1
21.040000  0.607190  1
21.066667  0.606913  1
21.093333  0.606637  1
21.120000  0.606360  1
21.146667  0.606084  1
21.173333  0.605807  1
21.200000  0.605531  1
21.226667  0.605254  1
21.253333  0.604978  1
21.280000  0.604702  1
21.306667  0.604425  1
21.333333  0.604149  1
21.360000  0.603872  1
21.386667  0.603596  1
21.413333  0.603319  1
21.440000  0.603043  1
21.466667  0.602766  1
21.493333  0.602490  1
21.520000  0.602213  1
21.546667  0.601937  1
21.573333  0.601660  1
21.600000  0.601384  1
21.626667  0.601107  1
21.653333  0.600831  1
21.680000  0.600554  1
21.706667  0.600278  1
21.733333  0.600002  1
21.760000  0.599725  1
21.786667  0.599449  1
21.813333  0.599172  1
21.840000  0.598896  1
21.866667  0.598619  1
21.893333  0.598343  1
21.920000  0.598066  1
21.946667  0.597790  1
21.973333  0.597513  1
22.000000  0.597237  1
22.026667  0.596960  1
22.053333  0.596684  1
22.080000  0.596407  1
22.106667  0.596131  1
22.133333  0.595854  1
22.160000  0.595578  1
22.186667  0.595301  1
22.213333  0.595025  1
22.240000  0.594749  1
22.266667  0.594472  1
22.293333  0.594196  1
22.320000  0.593919  1
22.346667  0.593643  1
22.373333  0.593366  1
22.400000  0.593090  1
22.426667  0.592813  1
22.453333  0.592537  1
22.480000  0.592260  1
22.506667  0.591984  1
22.533333  0.591707  1
22.560000  0.591431  1
22.586667  0.591154  1
22.613333  0.590878  1
22.640000  0.590601  1
22.666667  0.590325  1
22.693333  0.590049  1
22.720000  0.589772  1
22.746667  0.589496  1
22.773333  0.589219  1
22.800000  0.588943  1
22.826667  0.588666  1
22.853333  0.588390  1
22.880000  0.588113  1
22.906667  0.587837  1
22.933333  0.587560  1
22.960000  0.587284  1
22.986667  0.587007  1
23.013333  0.586731  1
23.040000  0.586454  1
23.066667  0.586178  1
23.093333  0.585901  1
23.120000  0.585625  1
23.146667  0.585348  1
23.173333  0.585072  1
23.200000  0.584796  1
23.226667  0.584519  1
23.253333  0.584243  1
23.280000  0.583966  1
23.306667  0.583690  1
23.333333  0.583413  1
23.360000  0.583137  1
23.386667  0.582860  1
23.413333  0.582584  1
23.440000  0.582307  1
23.466667  0.582031  1
23.493333  0.581754  1
23.520000  0.581478  1
23.546667  0.581201  1
23.573333  0.580925  1
23.600000  0.580648  1
23.626667  0.580372  1
23.653333  0.580096  1
23.680000  0.579819  1
23.706667  0.579543  1
23.733333  0.579266  1
23.760000  0.578990  1
23.786667  0.578713  1
23.813333  0.578437  1
23.840000  0.578160  1
23.866667  0.577884  1
23.893333  0.577607  1
23.920000  0.577331  1
23.946667  0.577054  1
23.973333  0.576778  1
24.000000  0.576501  1
24.026667  0.576225  1
24.053333  0.575948  1
24.080000  0.575672  1
24.106667  0.575395  1
24.133333  0.575119  1
24.160000  0.574843  1
24.186667  0.574566  1
24.213333  0.574290  1
24.240000  0.574013  1
24.266667  0.573737  1
24.293333  0.573460  1
24.320000  0.573184  1
