2.480000  0.874113  0
2.506667  0.872471  0
2.533333  0.870070  0
2.560000  0.867519  0
2.586667  0.864956  0
2.613333  0.862393  0
2.640000  0.859830  0
2.666667  0.857267  0
2.693333  0.854704  0
2.720000  0.852141  0
2.746667  0.849578  0
2.773333  0.847015  0
2.800000  0.844451  0
2.826667  0.841888  0
2.853333  0.839325  0
2.880000  0.836762  0
2.906667  0.834199  0
2.933333  0.831636  0
2.960000  0.829073  0
2.986667  0.826510  0
3.013333  0.823947  0
3.040000  0.821384  0
3.066667  0.818821  0
3.093333  0.816258  0
3.120000  0.813695  0
3.146667  0.811132  0
3.173333  0.808569  0
3.200000  0.806006  0
3.226667  0.803443  0
3.253333  0.800880  0
3.280000  0.798317  0
3.306667  0.795754  0
3.333333  0.793191  0
3.360000  0.790628  0
3.386667  0.788065  0
3.413333  0.785501  0
3.440000  0.782938  0
3.466667  0.780375  0
3.493333  0.777812  0
3.520000  0.775249  0
3.546667  0.772686  0
3.573333  0.770123  0
3.600000  0.767560  0
3.626667  0.764997  0
3.653333  0.762434  0
3.680000  0.759871  0
3.706667  0.757308  0
3.733333  0.754745  0
3.760000  0.752182  0
3.786667  0.749621  0
3.813333  0.747083  0
3.840000  0.744675  0
3.866667  0.742605  0
3.893333  0.740938  0
3.920000  0.739484  0
3.946667  0.738074  0
3.973333  0.736667  0
4.000000  0.735260  0
4.026667  0.733854  0
4.053333  0.732447  0
4.080000  0.731041  0
4.106667  0.729634  0
4.133333  0.728228  0
4.160000  0.726821  0
4.186667  0.725415  0
4.213333  0.724008  0
4.240000  0.722602  0
4.266667  0.721195  0
4.293333  0.719789  0
4.320000  0.718382  0
4.346667  0.716976  0
4.373333  0.715569  0
4.400000  0.714163  0
4.426667  0.712756  0
4.453333  0.711350  0
4.480000  0.709943  0
4.506667  0.708537  0
4.533333  0.707130  0
4.560000  0.705723  0
4.586667  0.704317  0
4.613333  0.702910  0
4.640000  0.701504  0
4.666667  0.700097  0
4.693333  0.698691  0
4.720000  0.697284  0
4.746667  0.695878  0
4.773333  0.694471  0
4.800000  0.693065  0
4.826667  0.691658  0
4.853333  0.690252  0
4.880000  0.688845  0
4.906667  0.687439  0
4.933333  0.686032  0
4.960000  0.684626  0
4.986667  0.683219  0
5.013333  0.681813  0
5.040000  0.680406  0
5.066667  0.679000  0
5.093333  0.677593  0
5.120000  0.676187  0
5.146667  0.674780  0
5.173333  0.673374  0
5.200000  0.671967  0
5.226667  0.670561  0
5.253333  0.669157  0
5.280000  0.667782  0
5.306667  0.666543  0
5.333333  0.665554  0
5.360000  0.664758  0
5.386667  0.664030  0
5.413333  0.663313  0
5.440000  0.662597  0
5.466667  0.661881  0
5.493333  0.661165  0
5.520000  0.660449  0
5.546667  0.659732  0
5.573333  0.659016  0
5.600000  0.658300  0
5.626667  0.657584  0
5.653333  0.656868  0
5.680000  0.656152  0
5.706667  0.655435  0
5.733333  0.654719  0
5.760000  0.654003  0
5.786667  0.653287  0
5.813333  0.652571  0
5.840000  0.651855  0
5.866667  0.651138  0
5.893333  0.650422  0
5.920000  0.649706  0
5.946667  0.648990  0
5.973333  0.648274  0
6.000000  0.647558  0
6.026667  0.646841  0
6.053333  0.646125  0
6.080000  0.645409  0
6.106667  0.644693  0
6.133333  0.643977  0
6.160000  0.643260  0
6.186667  0.642544  0
6.213333  0.641828  0
6.240000  0.641112  0
6.266667  0.640396  0
6.293333  0.639680  0
6.320000  0.638963  0
6.346667  0.638247  0
6.373333  0.637531  0
6.400000  0.636815  0
6.426667  0.636099  0
6.453333  0.635383  0
6.480000  0.634666  0
6.506667  0.633950  0
6.533333  0.633234  0
6.560000  0.632518  0
6.586667  0.631802  0
6.613333  0.631086  0
6.640000  0.630369  0
6.666667  0.629653  0
6.693333  0.628937  0
6.720000  0.628221  0
6.746667  0.627505  0
6.773333  0.626789  0
6.800000  0.626072  0
6.826667  0.625356  0
6.853333  0.624640  0
6.880000  0.623924  0
6.906667  0.623208  0
6.933333  0.622492  0
6.960000  0.621775  0
6.986667  0.621059  0
7.013333  0.620343  0
7.040000  0.619627  0
7.066667  0.618911  0
7.093333  0.618194  0
7.120000  0.617478  0
7.146667  0.616762  0
7.173333  0.616046  0
7.200000  0.615330  0
7.226667  0.614612  0
7.253333  0.613884  0
7.280000  0.613136  0
7.306667  0.612367  0
7.333333  0.611587  0
7.360000  0.610805  0
7.386667  0.610023  0
7.413333  0.609241  0
7.440000  0.608459  0
7.466667  0.607677  0
7.493333  0.606895  0
7.520000  0.606113  0
7.546667  0.605331  0
7.573333  0.604549  0
7.600000  0.603767  0
7.626667  0.602985  0
7.653333  0.602203  0
7.680000  0.601422  0
7.706667  0.600640  0
7.733333  0.599858  0
7.760000  0.599076  0
7.786667  0.598294  0
7.813333  0.597512  0
7.840000  0.596730  0
7.866667  0.595948  0
7.893333  0.595166  0
7.920000  0.594384  0
7.946667  0.593602  0
7.973333  0.592820  0
8.000000  0.592038  0
8.026667  0.591256  0
8.053333  0.590474  0
8.080000  0.589692  0
8.106667  0.588910  0
8.133333  0.588128  0
8.160000  0.587346  0
8.186667  0.586564  0
8.213333  0.585782  0
8.240000  0.585000  0
8.266667  0.584218  0
8.293333  0.583436  0
8.320000  0.582655  0
8.346667  0.581873  0
8.373333  0.581091  0
8.400000  0.580309  0
8.426667  0.579527  0
8.453333  0.578745  0
8.480000  0.577963  0
8.506667  0.577181  0
8.533333  0.576399  0
8.560000  0.575617  0
8.586667  0.574835  0
8.613333  0.574053  0
8.640000  0.573271  0
8.666667  0.572489  0
8.693333  0.571707  0
8.720000  0.570925  0
8.746667  0.570143  0
8.773333  0.569361  0
8.800000  0.568579  0
8.826667  0.567797  0
8.853333  0.567015  0
8.880000  0.566233  0
8.906667  0.565451  0
8.933333  0.564669  0
8.960000  0.563888  0
8.986667  0.563106  0
9.013333  0.562324  0
9.040000  0.561542  0
9.066667  0.560760  0
9.093333  0.559978  0
9.120000  0.559196  0
9.146667  0.558414  0
9.173333  0.557632  0
9.200000  0.556850  0
9.226667  0.556068  0
9.253333  0.555286  0
9.280000  0.554504  0
9.306667  0.553722  0
9.333333  0.552940  0
9.360000  0.552158  0
9.386667  0.551376  0
9.413333  0.550594  0
9.440000  0.549812  0
9.466667  0.549030  0
9.493333  0.548248  0
9.520000  0.547466  0
9.546667  0.546686  0
9.573333  0.545924  0
9.600000  0.545251  0
9.626667  0.544749  0
9.653333  0.544391  0
9.680000  0.544091  0
9.706667  0.543801  0
9.733333  0.543511  0
9.760000  0.543222  0
9.786667  0.542933  0
9.813333  0.542643  0
9.840000  0.542354  0
9.866667  0.542065  0
9.893333  0.541775  0
9.920000  0.541486  0
9.946667  0.541197  0
9.973333  0.540908  0
10.000000  0.540618  0
10.026667  0.540329  0
10.053333  0.540040  0
10.080000  0.539750  0
10.106667  0.539461  0
10.133333  0.539172  0
10.160000  0.538882  0
10.186667  0.538593  0
10.213333  0.538304  0
10.240000  0.538014  0
10.266667  0.537725  0
10.293333  0.537436  0
10.320000  0.537146  0
10.346667  0.536857  0
10.373333  0.536568  0
10.400000  0.536278  0
10.426667  0.535989  0
10.453333  0.535700  0
10.480000  0.535410  0
10.506667  0.535121  0
10.533333  0.534832  0
10.560000  0.534542  0
10.586667  0.534253  0
10.613333  0.533964  0
10.640000  0.533674  0
10.666667  0.533385  0
10.693333  0.533096  0
10.720000  0.532806  0
10.746667  0.532517  0
10.773333  0.532228  0
10.800000  0.531938  0
10.826667  0.531649  0
10.853333  0.531360  0
10.880000  0.531070  0
10.906667  0.530781  0
10.933333  0.530492  0
10.960000  0.530202  0
10.986667  0.529913  0
11.013333  0.529624  0
11.040000  0.529334  0
11.066667  0.529045  0
11.093333  0.528756  0
11.120000  0.528466  0
11.146667  0.528177  0
11.173333  0.527888  0
11.200000  0.527598  0
11.226667  0.527309  0
11.253333  0.527020  0
11.280000  0.526730  0
11.306667  0.526441  0
11.333333  0.526152  0
11.360000  0.525862  0
11.386667  0.525573  0
11.413333  0.525284  0
11.440000  0.524994  0
11.466667  0.524705  0
11.493333  0.524416  0
11.520000  0.524126  0
11.546667  0.523837  0
11.573333  0.523548  0
11.600000  0.523258  0
11.626667  0.522969  0
11.653333  0.522680  0
11.680000  0.522391  0
11.706667  0.522101  0
11.733333  0.521812  0
11.760000  0.521523  0
11.786667  0.521233  0
11.813333  0.520944  0
11.840000  0.520655  0
11.866667  0.520365  0
11.893333  0.520076  0
11.920000  0.519787  0
11.946667  0.519497  0
11.973333  0.519208  0
12.000000  0.518919  0
12.026667  0.518629  0
12.053333  0.518340  0
12.080000  0.518051  0
12.106667  0.517761  0
12.133333  0.517472  0
12.160000  0.517183  0
12.186667  0.516893  0
12.213333  0.516604  0
12.240000  0.516315  0
12.266667  0.516025  0
12.293333  0.515736  0
12.320000  0.515447  0
12.346667  0.515157  0
12.373333  0.514868  0
12.400000  0.514579  0
12.426667  0.514289  0
12.453333  0.514000  0
12.480000  0.513711  0
12.506667  0.513421  0
12.533333  0.513132  0
12.560000  0.512847  0
12.586667  0.512577  0
12.613333  0.512333  0
12.640000  0.512103  0
12.666667  0.511877  0
12.693333  0.511652  0
12.720000  0.511426  0
12.746667  0.511201  0
12.773333  0.510975  0
12.800000  0.510749  0
12.826667  0.510524  0
12.853333  0.510298  0
12.880000  0.510072  0
12.906667  0.509847  0
12.933333  0.509621  0
12.960000  0.509396  0
12.986667  0.509170  0
13.013333  0.508944  0
13.040000  0.508719  0
13.066667  0.508493  0
13.093333  0.508268  0
13.120000  0.508042  0
13.146667  0.507816  0
13.173333  0.507591  0
13.200000  0.507365  0
13.226667  0.507140  0
13.253333  0.506914  0
13.280000  0.506688  0
13.306667  0.506463  0
13.333333  0.506237  0
13.360000  0.506012  0
13.386667  0.505786  0
13.413333  0.505560  0
13.440000  0.505335  0
13.466667  0.505109  0
13.493333  0.504884  0
13.520000  0.504658  0
13.546667  0.504432  0
13.573333  0.504207  0
13.600000  0.503981  0
13.626667  0.503756  0
13.653333  0.503530  0
13.680000  0.503304  0
13.706667  0.503079  0
13.733333  0.502853  0
13.760000  0.502627  0
13.786667  0.502402  0
13.813333  0.502176  0
13.840000  0.501951  0
13.866667  0.501725  0
13.893333  0.501499  0
13.920000  0.501274  0
13.946667  0.501048  0
13.973333  0.500823  0
14.000000  0.500597  0
14.026667  0.500371  0
14.053333  0.500146  0
14.080000  0.499920  0
14.106667  0.499695  0
14.133333  0.499469  0
14.160000  0.499243  0
14.186667  0.499018  0
14.213333  0.498792  0
14.240000  0.498567  0
14.266667  0.498341  0
14.293333  0.498115  0
14.320000  0.497890  0
14.346667  0.497664  0
14.373333  0.497439  0
14.400000  0.497213  0
14.426667  0.496987  0
14.453333  0.496762  0
14.480000  0.496536  0
14.506667  0.496310  0
14.533333  0.496085  0
14.560000  0.495859  0
14.586667  0.495634  0
14.613333  0.495408  0
14.640000  0.495182  0
14.666667  0.494957  0
14.693333  0.494731  0
14.720000  0.494506  0
14.746667  0.494280  0
14.773333  0.494054  0
14.800000  0.493829  0
14.826667  0.493603  0
14.853333  0.493378  0
14.880000  0.493152  0
14.906667  0.492926  0
14.933333  0.492701  0
14.960000  0.492475  0
14.986667  0.492250  0
15.013333  0.492024  0
15.040000  0.491798  0
15.066667  0.491573  0
15.093333  0.491347  0
15.120000  0.491122  0
15.146667  0.490896  0
15.173333  0.490670  0
15.200000  0.490445  0
15.226667  0.490219  0
15.253333  0.489993  0
15.280000  0.489768  0
15.306667  0.489542  0
15.333333  0.489317  0
15.360000  0.489091  0
15.386667  0.488865  0
15.413333  0.488640  0
15.440000  0.488414  0
15.466667  0.488189  0
15.493333  0.487963  0
15.520000  0.487737  0
15.546667  0.487512  0
15.573333  0.487286  0
15.600000  0.487061  0
15.626667  0.486835  0
15.653333  0.486609  0
15.680000  0.486384  0
15.706667  0.486158  0
15.733333  0.485933  0
15.760000  0.485707  0
15.786667  0.485481  0
15.813333  0.485256  0
15.840000  0.485030  0
15.866667  0.484804  0
15.893333  0.484578  0
15.920000  0.484349  0
15.946667  0.484114  0
15.973333  0.483875  0
16.000000  0.483635  0
16.026667  0.483394  0
16.053333  0.483153  0
16.080000  0.482912  0
16.106667  0.482671  0
16.133333  0.482430  0
16.160000  0.482189  0
16.186667  0.481949  0
16.213333  0.481708  0
16.240000  0.481467  0
16.266667  0.481226  0
16.293333  0.480985  0
16.320000  0.480744  0
16.346667  0.480503  0
16.373333  0.480262  0
16.400000  0.480021  0
16.426667  0.479780  0
16.453333  0.479540  0
16.480000  0.479299  0
16.506667  0.479058  0
16.533333  0.478817  0
16.560000  0.478576  0
16.586667  0.478335  0
16.613333  0.478094  0
16.640000  0.477853  0
16.666667  0.477612  0
16.693333  0.477371  0
16.720000  0.477131  0
16.746667  0.476890  0
16.773333  0.476649  0
16.800000  0.476408  0
16.826667  0.476167  0
16.853333  0.475926  0
16.880000  0.475685  0
16.906667  0.475444  0
16.933333  0.475203  0
16.960000  0.474962  0
16.986667  0.474722  0
17.013333  0.474481  0
17.040000  0.474240  0
17.066667  0.473999  0
17.093333  0.473758  0
17.120000  0.473517  0
17.146667  0.473276  0
17.173333  0.473035  0
17.200000  0.472794  0
17.226667  0.472553  0
17.253333  0.472312  0
17.280000  0.472072  0
17.306667  0.471831  0
17.333333  0.471590  0
17.360000  0.471349  0
17.386667  0.471108  0
17.413333  0.470867  0
17.440000  0.470626  0
17.466667  0.470385  0
17.493333  0.470144  0
17.520000  0.469903  0
17.546667  0.469663  0
17.573333  0.469422  0
17.600000  0.469181  0
17.626667  0.468940  0
17.653333  0.468699  0
17.680000  0.468458  0
17.706667  0.468217  0
17.733333  0.467976  0
17.760000  0.467735  0
17.786667  0.467494  0
17.813333  0.467254  0
17.840000  0.467013  0
17.866667  0.466772  0
17.893333  0.466531  0
17.920000  0.466290  0
17.946667  0.466049  0
17.973333  0.465808  0
18.000000  0.465567  0
18.026667  0.465326  0
18.053333  0.465085  0
18.080000  0.464845  0
18.106667  0.464604  0
18.133333  0.464363  0
18.160000  0.464122  0
18.186667  0.463881  0
18.213333  0.463640  0
18.240000  0.463399  0
18.266667  0.463158  0
18.293333  0.462917  0
18.320000  0.462676  0
18.346667  0.462435  0
18.373333  0.462195  0
18.400000  0.461954  0
18.426667  0.461713  0
18.453333  0.461472  0
18.480000  0.461231  0
18.506667  0.460990  0
18.533333  0.460750  0
18.560000  0.460525  0
18.586667  0.460370  0
17.253333  0.629278  1
17.280000  0.628855  1
17.306667  0.628432  1
17.333333  0.628010  1
17.360000  0.627587  1
17.386667  0.627164  1
17.413333  0.626741  1
17.440000  0.626319  1
17.466667  0.625896  1
17.493333  0.625473  1
17.520000  0.625050  1
17.546667  0.624628  1
17.573333  0.624205  1
17.600000  0.623782  1
17.626667  0.623360  1
17.653333  0.622937  1
17.680000  0.622514  1
17.706667  0.622091  1
17.733333  0.621669  1
17.760000  0.621246  1
17.786667  0.620823  1
17.813333  0.620400  1
17.840000  0.619978  1
17.866667  0.619555  1
17.893333  0.619132  1
17.920000  0.618709  1
17.946667  0.618287  1
17.973333  0.617864  1
18.000000  0.617441  1
18.026667  0.617019  1
18.053333  0.616596  1
18.080000  0.616173  1
18.106667  0.615750  1
18.133333  0.615328  1
18.160000  0.614905  1
18.186667  0.614482  1
18.213333  0.614059  1
18.240000  0.613637  1
18.266667  0.613214  1
18.293333  0.612791  1
18.320000  0.612369  1
18.346667  0.611946  1
18.373333  0.611523  1
18.400000  0.611100  1
18.426667  0.610678  1
18.453333  0.610255  1
18.480000  0.609832  1
18.506667  0.609409  1
18.533333  0.608987  1
18.560000  0.608564  1
18.586667  0.608141  1
18.613333  0.607718  1
18.640000  0.607296  1
18.666667  0.606873  1
18.693333  0.606450  1
18.720000  0.606028  1
18.746667  0.605605  1
18.773333  0.605182  1
18.800000  0.604759  1
18.826667  0.604337  1
18.853333  0.603914  1
18.880000  0.603491  1
18.906667  0.603068  1
18.933333  0.602646  1
18.960000  0.602223  1
18.986667  0.601800  1
19.013333  0.601378  1
19.040000  0.600955  1
19.066667  0.600532  1
19.093333  0.600109  1
19.120000  0.599687  1
19.146667  0.599264  1
19.173333  0.598841  1
19.200000  0.598418  1
19.226667  0.597996  1
19.253333  0.597573  1
19.280000  0.597150  1
19.306667  0.596727  1
19.333333  0.596305  1
19.360000  0.595882  1
19.386667  0.595459  1
19.413333  0.595037  1
19.440000  0.594614  1
19.466667  0.594191  1
19.493333  0.593768  1
19.520000  0.593346  1
19.546667  0.592923  1
19.573333  0.592500  1
19.600000  0.592077  1
19.626667  0.591655  1
19.653333  0.591232  1
19.680000  0.590809  1
19.706667  0.590387  1
19.733333  0.589964  1
19.760000  0.589541  1
19.786667  0.589118  1
19.813333  0.588696  1
19.840000  0.588273  1
19.866667  0.587850  1
19.893333  0.587427  1
19.920000  0.587005  1
19.946667  0.586582  1
19.973333  0.586159  1
20.000000  0.585736  1
20.026667  0.585314  1
20.053333  0.584891  1
20.080000  0.584468  1
20.106667  0.584046  1
20.133333  0.583623  1
20.160000  0.583200  1
20.186667  0.582777  1
20.213333  0.582355  1
20.240000  0.581932  1
20.266667  0.581509  1
20.293333  0.581086  1
20.320000  0.580664  1
20.346667  0.580241  1
20.373333  0.579818  1
20.400000  0.579396  1
20.426667  0.578973  1
20.453333  0.578550  1
20.480000  0.578127  1
20.506667  0.577705  1
20.533333  0.577282  1
20.560000  0.576859  1
20.586667  0.576436  1
20.613333  0.576014  1
20.640000  0.575591  1
20.666667  0.575168  1
20.693333  0.574745  1
20.720000  0.574323  1
20.746667  0.573900  1
20.773333  0.573477  1
20.800000  0.573055  1
20.826667  0.572632  1
20.853333  0.572209  1
20.880000  0.571786  1
20.906667  0.571364  1
20.933333  0.570941  1
20.960000  0.570518  1
20.986667  0.570095  1
21.013333  0.569673  1
21.040000  0.569250  1
12.373333  0.815172  2
12.400000  0.814604  2
12.426667  0.814036  2
12.453333  0.813468  2
12.480000  0.812900  2
12.506667  0.812332  2
12.533333  0.811763  2
12.560000  0.811195  2
12.586667  0.810627  2
12.613333  0.810059  2
12.640000  0.809491  2
12.666667  0.808923  2
12.693333  0.808355  2
12.720000  0.807786  2
12.746667  0.807218  2
12.773333  0.806650  2
12.800000  0.806082  2
12.826667  0.805514  2
12.853333  0.804946  2
12.880000  0.804378  2
12.906667  0.803809  2
12.933333  0.803241  2
12.960000  0.802673  2
12.986667  0.802105  2
13.013333  0.801537  2
13.040000  0.800969  2
13.066667  0.800400  2
13.093333  0.799832  2
13.120000  0.799264  2
13.146667  0.798696  2
13.173333  0.798128  2
13.200000  0.797560  2
13.226667  0.796992  2
13.253333  0.796423  2
13.280000  0.795855  2
13.306667  0.795287  2
13.333333  0.794719  2
13.360000  0.794151  2
13.386667  0.793583  2
13.413333  0.793015  2
13.440000  0.792446  2
13.466667  0.791878  2
13.493333  0.791310  2
13.520000  0.790742  2
13.546667  0.790174  2
13.573333  0.789606  2
13.600000  0.789037  2
13.626667  0.788469  2
13.653333  0.787901  2
13.680000  0.787333  2
13.706667  0.786765  2
13.733333  0.786197  2
13.760000  0.785629  2
13.786667  0.785060  2
13.813333  0.784492  2
13.840000  0.783924  2
13.866667  0.783356  2
13.893333  0.782788  2
13.920000  0.782220  2
13.946667  0.781652  2
13.973333  0.781083  2
14.000000  0.780515  2
14.026667  0.779947  2
14.053333  0.779379  2
14.080000  0.778811  2
14.106667  0.778243  2
14.133333  0.777674  2
14.160000  0.777106  2
14.186667  0.776538  2
14.213333  0.775970  2
14.240000  0.775402  2
14.266667  0.774834  2
14.293333  0.774266  2
14.320000  0.773697  2
14.346667  0.773129  2
14.373333  0.772561  2
14.400000  0.771993  2
14.426667  0.771425  2
14.453333  0.770857  2
14.480000  0.770289  2
14.506667  0.769720  2
14.533333  0.769152  2
14.560000  0.768584  2
14.586667  0.768016  2
14.613333  0.767448  2
