1.973333  0.932339  0
2.000000  0.929081  0
2.026667  0.925824  0
2.053333  0.922567  0
2.080000  0.919310  0
2.106667  0.916053  0
2.133333  0.912795  0
2.160000  0.909538  0
2.186667  0.906281  0
2.213333  0.903024  0
2.240000  0.899767  0
2.266667  0.896509  0
2.293333  0.893252  0
2.320000  0.889995  0
2.346667  0.886738  0
2.373333  0.883481  0
2.400000  0.880223  0
2.426667  0.876966  0
2.453333  0.873709  0
2.480000  0.870452  0
2.506667  0.867195  0
2.533333  0.863937  0
2.560000  0.860680  0
2.586667  0.857423  0
2.613333  0.854166  0
2.640000  0.850909  0
2.666667  0.847651  0
2.693333  0.844394  0
2.720000  0.841786  0
2.746667  0.839356  0
2.773333  0.836926  0
2.800000  0.834497  0
2.826667  0.832067  0
2.853333  0.829638  0
2.880000  0.827208  0
2.906667  0.824778  0
2.933333  0.822349  0
2.960000  0.819919  0
2.986667  0.817489  0
3.013333  0.815060  0
3.040000  0.812630  0
3.066667  0.810201  0
3.093333  0.807771  0
3.120000  0.805341  0
3.146667  0.802912  0
3.173333  0.800482  0
3.200000  0.798053  0
3.226667  0.795623  0
3.253333  0.793193  0
3.280000  0.790764  0
3.306667  0.788334  0
3.333333  0.785904  0
3.360000  0.783475  0
3.386667  0.781045  0
3.413333  0.778616  0
3.440000  0.776186  0
3.466667  0.773756  0
3.493333  0.771327  0
3.520000  0.768897  0
3.546667  0.766468  0
3.573333  0.764038  0
3.600000  0.761962  0
3.626667  0.760186  0
3.653333  0.758409  0
3.680000  0.756632  0
3.706667  0.754856  0
3.733333  0.753079  0
3.760000  0.751302  0
3.786667  0.749526  0
3.813333  0.747749  0
3.840000  0.745972  0
3.866667  0.744196  0
3.893333  0.742419  0
3.920000  0.740643  0
3.946667  0.738866  0
3.973333  0.737089  0
4.000000  0.735313  0
4.026667  0.733536  0
4.053333  0.731759  0
4.080000  0.729983  0
4.106667  0.728206  0
4.133333  0.726429  0
4.160000  0.724653  0
4.186667  0.722876  0
4.213333  0.721099  0
4.240000  0.719323  0
4.266667  0.717546  0
4.293333  0.715769  0
4.320000  0.713993  0
4.346667  0.712216  0
4.373333  0.710439  0
4.400000  0.708663  0
4.426667  0.706886  0
4.453333  0.705109  0
4.480000  0.703333  0
4.506667  0.701556  0
4.533333  0.699779  0
4.560000  0.698003  0
4.586667  0.696226  0
4.613333  0.694449  0
4.640000  0.692673  0
4.666667  0.690896  0
4.693333  0.689516  0
4.720000  0.688370  0
4.746667  0.687224  0
4.773333  0.686078  0
4.800000  0.684932  0
4.826667  0.683785  0
4.853333  0.682639  0
4.880000  0.681493  0
4.906667  0.680347  0
4.933333  0.679200  0
4.960000  0.678054  0
4.986667  0.676908  0
5.013333  0.675762  0
5.040000  0.674615  0
5.066667  0.673469  0
5.093333  0.672323  0
5.120000  0.671177  0
5.146667  0.670031  0
5.173333  0.668884  0
5.200000  0.667738  0
5.226667  0.666592  0
5.253333  0.665446  0
5.280000  0.664299  0
5.306667  0.663153  0
5.333333  0.662007  0
5.360000  0.660861  0
5.386667  0.659714  0
5.413333  0.658568  0
5.440000  0.657422  0
5.466667  0.656276  0
5.493333  0.655130  0
5.520000  0.653983  0
5.546667  0.652837  0
5.573333  0.651691  0
5.600000  0.650545  0
5.626667  0.649398  0
5.653333  0.648252  0
5.680000  0.647106  0
5.706667  0.645960  0
5.733333  0.644813  0
5.760000  0.643667  0
5.786667  0.642521  0
5.813333  0.641375  0
5.840000  0.640229  0
5.866667  0.639082  0
5.893333  0.637936  0
5.920000  0.636790  0
5.946667  0.635644  0
5.973333  0.634497  0
6.000000  0.633351  0
6.026667  0.632205  0
6.053333  0.631059  0
6.080000  0.629913  0
6.106667  0.628622  0
6.133333  0.627292  0
6.160000  0.625962  0
6.186667  0.624633  0
6.213333  0.623303  0
6.240000  0.621973  0
6.266667  0.620643  0
6.293333  0.619313  0
6.320000  0.617983  0
6.346667  0.616653  0
6.373333  0.615323  0
6.400000  0.613993  0
6.426667  0.612664  0
6.453333  0.611334  0
6.480000  0.610004  0
6.506667  0.608674  0
6.533333  0.607344  0
6.560000  0.606014  0
6.586667  0.604684  0
6.613333  0.603354  0
6.640000  0.602024  0
6.666667  0.600695  0
6.693333  0.599365  0
6.720000  0.598035  0
6.746667  0.596705  0
6.773333  0.595375  0
6.800000  0.594045  0
6.826667  0.592715  0
6.853333  0.591385  0
6.880000  0.590055  0
6.906667  0.588725  0
6.933333  0.587396  0
6.960000  0.586066  0
6.986667  0.584736  0
7.013333  0.583406  0
7.040000  0.582076  0
7.066667  0.580746  0
7.093333  0.579416  0
7.120000  0.578086  0
7.146667  0.576756  0
7.173333  0.575427  0
7.200000  0.574097  0
7.226667  0.572767  0
7.253333  0.571437  0
7.280000  0.570107  0
7.306667  0.568777  0
7.333333  0.567447  0
7.360000  0.566117  0
7.386667  0.564947  0
7.413333  0.564413  0
7.440000  0.563879  0
7.466667  0.563345  0
7.493333  0.562811  0
7.520000  0.562278  0
7.546667  0.561744  0
7.573333  0.561210  0
7.600000  0.560676  0
7.626667  0.560142  0
7.653333  0.559609  0
7.680000  0.559075  0
7.706667  0.558541  0
7.733333  0.558007  0
7.760000  0.557473  0
7.786667  0.556939  0
7.813333  0.556406  0
7.840000  0.555872  0
7.866667  0.555338  0
7.893333  0.554804  0
7.920000  0.554270  0
7.946667  0.553736  0
7.973333  0.553203  0
8.000000  0.552669  0
8.026667  0.552135  0
8.053333  0.551601  0
8.080000  0.551067  0
8.106667  0.550533  0
8.133333  0.550000  0
8.160000  0.549466  0
8.186667  0.548932  0
8.213333  0.548398  0
8.240000  0.547864  0
8.266667  0.547330  0
8.293333  0.546797  0
8.320000  0.546263  0
8.346667  0.545729  0
8.373333  0.545195  0
8.400000  0.544661  0
8.426667  0.544127  0
8.453333  0.543594  0
8.480000  0.543060  0
8.506667  0.542526  0
8.533333  0.541992  0
8.560000  0.541458  0
8.586667  0.540924  0
8.613333  0.540391  0
8.640000  0.539857  0
8.666667  0.539323  0
8.693333  0.538789  0
8.720000  0.538255  0
8.746667  0.537721  0
8.773333  0.537188  0
8.800000  0.536654  0
8.826667  0.536120  0
8.853333  0.535586  0
8.880000  0.535052  0
8.906667  0.534518  0
8.933333  0.533985  0
8.960000  0.533451  0
8.986667  0.532917  0
9.013333  0.532558  0
9.040000  0.532279  0
9.066667  0.532000  0
9.093333  0.531721  0
9.120000  0.531443  0
9.146667  0.531164  0
9.173333  0.530885  0
9.200000  0.530607  0
9.226667  0.530328  0
9.253333  0.530049  0
9.280000  0.529771  0
9.306667  0.529492  0
9.333333  0.529213  0
9.360000  0.528935  0
9.386667  0.528656  0
9.413333  0.528377  0
9.440000  0.528099  0
9.466667  0.527820  0
9.493333  0.527541  0
9.520000  0.527262  0
9.546667  0.526984  0
9.573333  0.526705  0
9.600000  0.526426  0
9.626667  0.526148  0
9.653333  0.525869  0
9.680000  0.525590  0
9.706667  0.525312  0
9.733333  0.525033  0
9.760000  0.524754  0
9.786667  0.524476  0
9.813333  0.524197  0
9.840000  0.523918  0
9.866667  0.523639  0
9.893333  0.523361  0
9.920000  0.523082  0
9.946667  0.522803  0
9.973333  0.522525  0
10.000000  0.522246  0
10.026667  0.521967  0
10.053333  0.521689  0
10.080000  0.521410  0
10.106667  0.521131  0
10.133333  0.520853  0
10.160000  0.520574  0
10.186667  0.520295  0
10.213333  0.520016  0
10.240000  0.519738  0
10.266667  0.519459  0
10.293333  0.519180  0
10.320000  0.518902  0
10.346667  0.518623  0
10.373333  0.518344  0
10.400000  0.518066  0
10.426667  0.517787  0
10.453333  0.517508  0
10.480000  0.517230  0
10.506667  0.516951  0
10.533333  0.516672  0
10.560000  0.516393  0
10.586667  0.516115  0
10.613333  0.515836  0
10.640000  0.515557  0
10.666667  0.515279  0
10.693333  0.515000  0
10.720000  0.514721  0
10.746667  0.514443  0
10.773333  0.514164  0
10.800000  0.513885  0
10.826667  0.513607  0
10.853333  0.513328  0
10.880000  0.513049  0
10.906667  0.512771  0
10.933333  0.512479  0
10.960000  0.512144  0
10.986667  0.511809  0
11.013333  0.511474  0
11.040000  0.511139  0
11.066667  0.510804  0
11.093333  0.510469  0
11.120000  0.510134  0
11.146667  0.509799  0
11.173333  0.509464  0
11.200000  0.509129  0
11.226667  0.508794  0
11.253333  0.508459  0
11.280000  0.508124  0
11.306667  0.507789  0
11.333333  0.507454  0
11.360000  0.507119  0
11.386667  0.506784  0
11.413333  0.506449  0
11.440000  0.506114  0
11.466667  0.505779  0
11.493333  0.505444  0
11.520000  0.505109  0
11.546667  0.504774  0
11.573333  0.504439  0
11.600000  0.504104  0
11.626667  0.503769  0
11.653333  0.503434  0
11.680000  0.503099  0
11.706667  0.502764  0
11.733333  0.502429  0
11.760000  0.502094  0
11.786667  0.501759  0
11.813333  0.501424  0
11.840000  0.501089  0
11.866667  0.500754  0
11.893333  0.500419  0
11.920000  0.500084  0
11.946667  0.499749  0
11.973333  0.499414  0
12.000000  0.499079  0
12.026667  0.498744  0
12.053333  0.498409  0
12.080000  0.498074  0
12.106667  0.497739  0
12.133333  0.497404  0
12.160000  0.497069  0
12.186667  0.496734  0
12.213333  0.496399  0
12.240000  0.496064  0
12.266667  0.495729  0
12.293333  0.495394  0
12.320000  0.495059  0
12.346667  0.494724  0
12.373333  0.494389  0
12.400000  0.494054  0
12.426667  0.493719  0
12.453333  0.493384  0
12.480000  0.493049  0
12.506667  0.492714  0
12.533333  0.492379  0
12.560000  0.492044  0
12.586667  0.491709  0
12.613333  0.491374  0
12.640000  0.491039  0
12.666667  0.490704  0
12.693333  0.490369  0
12.720000  0.490034  0
12.746667  0.489699  0
12.773333  0.489364  0
12.800000  0.489029  0
12.826667  0.488694  0
12.853333  0.488359  0
12.880000  0.488024  0
12.906667  0.487689  0
12.933333  0.487354  0
12.960000  0.487019  0
12.986667  0.486684  0
13.013333  0.486349  0
13.040000  0.486014  0
13.066667  0.485679  0
13.093333  0.485344  0
13.120000  0.485009  0
13.146667  0.484674  0
13.173333  0.484339  0
13.200000  0.484063  0
13.226667  0.483797  0
13.253333  0.483531  0
13.280000  0.483264  0
13.306667  0.482998  0
13.333333  0.482732  0
13.360000  0.482466  0
13.386667  0.482200  0
13.413333  0.481934  0
13.440000  0.481667  0
13.466667  0.481401  0
13.493333  0.481135  0
13.520000  0.480869  0
13.546667  0.480603  0
13.573333  0.480337  0
13.600000  0.480070  0
13.626667  0.479804  0
13.653333  0.479538  0
13.680000  0.479272  0
13.706667  0.479006  0
13.733333  0.478740  0
13.760000  0.478473  0
13.786667  0.478207  0
13.813333  0.477941  0
13.840000  0.477675  0
13.866667  0.477409  0
13.893333  0.477143  0
13.920000  0.476876  0
13.946667  0.476610  0
13.973333  0.476344  0
14.000000  0.476078  0
14.026667  0.475812  0
14.053333  0.475546  0
14.080000  0.475279  0
14.106667  0.475013  0
14.133333  0.474747  0
14.160000  0.474481  0
14.186667  0.474215  0
14.213333  0.473949  0
14.240000  0.473682  0
14.266667  0.473416  0
14.293333  0.473150  0
14.320000  0.472884  0
14.346667  0.472618  0
14.373333  0.472352  0
14.400000  0.472085  0
14.426667  0.471819  0
14.453333  0.471553  0
14.480000  0.471287  0
14.506667  0.471021  0
14.533333  0.470755  0
14.560000  0.470488  0
14.586667  0.470222  0
14.613333  0.469956  0
14.640000  0.469690  0
14.666667  0.469424  0
14.693333  0.469158  0
14.720000  0.468891  0
14.746667  0.468625  0
14.773333  0.468359  0
14.800000  0.468093  0
14.826667  0.467827  0
14.853333  0.467561  0
14.880000  0.467294  0
14.906667  0.467028  0
14.933333  0.466762  0
14.960000  0.466496  0
14.986667  0.466230  0
15.013333  0.465964  0
15.040000  0.465697  0
15.066667  0.465431  0
15.093333  0.465165  0
15.120000  0.464899  0
15.146667  0.464633  0
15.173333  0.464367  0
15.200000  0.464100  0
15.546667  0.621574  1
15.573333  0.621111  1
15.600000  0.620649  1
15.626667  0.620186  1
15.653333  0.619724  1
15.680000  0.619261  1
15.706667  0.618798  1
15.733333  0.618336  1
15.760000  0.617873  1
15.786667  0.617411  1
15.813333  0.616948  1
15.840000  0.616486  1
15.866667  0.616023  1
15.893333  0.615560  1
15.920000  0.615098  1
15.946667  0.614635  1
15.973333  0.614173  1
16.000000  0.613710  1
16.026667  0.613248  1
16.053333  0.612785  1
16.080000  0.612322  1
16.106667  0.611860  1
16.133333  0.611397  1
16.160000  0.610935  1
16.186667  0.610472  1
16.213333  0.610009  1
16.240000  0.609547  1
16.266667  0.609084  1
16.293333  0.608622  1
16.320000  0.608159  1
16.346667  0.607697  1
16.373333  0.607234  1
16.400000  0.606771  1
16.426667  0.606309  1
16.453333  0.605846  1
16.480000  0.605384  1
16.506667  0.604921  1
16.533333  0.604459  1
16.560000  0.603996  1
16.586667  0.603533  1
16.613333  0.603071  1
16.640000  0.602608  1
16.666667  0.602146  1
16.693333  0.601683  1
16.720000  0.601221  1
16.746667  0.600758  1
16.773333  0.600295  1
16.800000  0.599833  1
16.826667  0.599370  1
16.853333  0.598908  1
16.880000  0.598445  1
16.906667  0.597983  1
16.933333  0.597520  1
16.960000  0.597057  1
16.986667  0.596595  1
17.013333  0.596132  1
17.040000  0.595670  1
17.066667  0.595207  1
17.093333  0.594745  1
17.120000  0.594282  1
17.146667  0.593819  1
17.173333  0.593357  1
17.200000  0.592894  1
17.226667  0.592432  1
17.253333  0.591969  1
17.280000  0.591507  1
17.306667  0.591044  1
17.333333  0.590581  1
17.360000  0.590119  1
17.386667  0.589656  1
17.413333  0.589194  1
17.440000  0.588731  1
17.466667  0.588268  1
17.493333  0.587806  1
17.520000  0.587343  1
17.546667  0.586881  1
17.573333  0.586418  1
17.600000  0.585956  1
17.626667  0.585493  1
17.653333  0.585030  1
17.680000  0.584568  1
17.706667  0.584105  1
17.733333  0.583643  1
17.760000  0.583180  1
17.786667  0.582718  1
17.813333  0.582255  1
17.840000  0.581792  1
17.866667  0.581330  1
17.893333  0.580867  1
17.920000  0.580405  1
17.946667  0.579942  1
17.973333  0.579480  1
18.000000  0.579017  1
18.026667  0.578554  1
18.053333  0.578092  1
18.080000  0.577629  1
18.106667  0.577167  1
18.133333  0.576704  1
18.160000  0.576242  1
18.186667  0.575779  1
18.213333  0.575316  1
18.240000  0.574854  1
18.266667  0.574391  1
18.293333  0.573929  1
18.320000  0.573466  1
18.346667  0.573004  1
18.373333  0.572541  1
18.400000  0.572078  1
18.426667  0.571616  1
18.453333  0.571153  1
18.480000  0.570691  1
18.506667  0.570228  1
18.533333  0.569766  1
18.560000  0.569303  1
18.586667  0.568840  1
18.613333  0.568378  1
18.640000  0.567915  1
18.666667  0.567453  1
18.693333  0.566990  1
18.720000  0.566527  1
18.746667  0.566065  1
18.773333  0.565602  1
18.800000  0.565140  1
18.826667  0.564677  1
18.853333  0.564215  1
18.880000  0.563752  1
18.906667  0.563289  1
18.933333  0.562827  1
18.960000  0.562364  1
18.986667  0.561902  1
19.013333  0.561439  1
19.040000  0.560977  1
19.066667  0.560514  1
19.093333  0.560051  1
19.120000  0.559589  1
19.146667  0.559126  1
19.173333  0.558664  1
19.200000  0.558201  1
19.226667  0.557739  1
19.253333  0.557276  1
19.280000  0.556813  1
19.306667  0.556351  1
19.333333  0.555888  1
19.360000  0.555426  1
19.386667  0.554963  1
19.413333  0.554501  1
19.440000  0.554038  1
19.466667  0.553575  1
19.493333  0.553113  1
