2.693333  0.836261  0
2.720000  0.833983  0
2.746667  0.831706  0
2.773333  0.829428  0
2.800000  0.827150  0
2.826667  0.824872  0
2.853333  0.822595  0
2.880000  0.820317  0
2.906667  0.818039  0
2.933333  0.815761  0
2.960000  0.813484  0
2.986667  0.811206  0
3.013333  0.808928  0
3.040000  0.806650  0
3.066667  0.804373  0
3.093333  0.802095  0
3.120000  0.799817  0
3.146667  0.797539  0
3.173333  0.795262  0
3.200000  0.792984  0
3.226667  0.790706  0
3.253333  0.788428  0
3.280000  0.786150  0
3.306667  0.783873  0
3.333333  0.781595  0
3.360000  0.779317  0
3.386667  0.777039  0
3.413333  0.774762  0
3.440000  0.772484  0
3.466667  0.770206  0
3.493333  0.767928  0
3.520000  0.765651  0
3.546667  0.763373  0
3.573333  0.761095  0
3.600000  0.758817  0
3.626667  0.756540  0
3.653333  0.754262  0
3.680000  0.751984  0
3.706667  0.749706  0
3.733333  0.747429  0
3.760000  0.745151  0
3.786667  0.742873  0
3.813333  0.740595  0
3.840000  0.738420  0
3.866667  0.736758  0
3.893333  0.735095  0
3.920000  0.733433  0
3.946667  0.731770  0
3.973333  0.730108  0
4.000000  0.728446  0
4.026667  0.726783  0
4.053333  0.725121  0
4.080000  0.723459  0
4.106667  0.721796  0
4.133333  0.720134  0
4.160000  0.718471  0
4.186667  0.716809  0
4.213333  0.715147  0
4.240000  0.713484  0
4.266667  0.711822  0
4.293333  0.710160  0
4.320000  0.708497  0
4.346667  0.706835  0
4.373333  0.705173  0
4.400000  0.703510  0
4.426667  0.701848  0
4.453333  0.700185  0
4.480000  0.698523  0
4.506667  0.696861  0
4.533333  0.695198  0
4.560000  0.693536  0
4.586667  0.691874  0
4.613333  0.690211  0
4.640000  0.688549  0
4.666667  0.686886  0
4.693333  0.685224  0
4.720000  0.683562  0
4.746667  0.681899  0
4.773333  0.680237  0
4.800000  0.678575  0
4.826667  0.676912  0
4.853333  0.675250  0
4.880000  0.673588  0
4.906667  0.671925  0
4.933333  0.670263  0
4.960000  0.668600  0
4.986667  0.666938  0
5.013333  0.665276  0
5.040000  0.663613  0
5.066667  0.661951  0
5.093333  0.660289  0
5.120000  0.658626  0
5.146667  0.657380  0
5.173333  0.656433  0
5.200000  0.655485  0
5.226667  0.654538  0
5.253333  0.653590  0
5.280000  0.652643  0
5.306667  0.651695  0
5.333333  0.650748  0
5.360000  0.649800  0
5.386667  0.648852  0
5.413333  0.647905  0
5.440000  0.646957  0
5.466667  0.646010  0
5.493333  0.645062  0
5.520000  0.644115  0
5.546667  0.643167  0
5.573333  0.642220  0
5.600000  0.641272  0
5.626667  0.640324  0
5.653333  0.639377  0
5.680000  0.638429  0
5.706667  0.637482  0
5.733333  0.636534  0
5.760000  0.635587  0
5.786667  0.634639  0
5.813333  0.633692  0
5.840000  0.632744  0
5.866667  0.631797  0
5.893333  0.630849  0
5.920000  0.629901  0
5.946667  0.628954  0
5.973333  0.628006  0
6.000000  0.627059  0
6.026667  0.626111  0
6.053333  0.625164  0
6.080000  0.624216  0
6.106667  0.623269  0
6.133333  0.622321  0
6.160000  0.621373  0
6.186667  0.620426  0
6.213333  0.619478  0
6.240000  0.618531  0
6.266667  0.617583  0
6.293333  0.616636  0
6.320000  0.615688  0
6.346667  0.614741  0
6.373333  0.613793  0
6.400000  0.612846  0
6.426667  0.611898  0
6.453333  0.610950  0
6.480000  0.610003  0
6.506667  0.609055  0
6.533333  0.608108  0
6.560000  0.607160  0
6.586667  0.606213  0
6.613333  0.605265  0
6.640000  0.604318  0
6.666667  0.603370  0
6.693333  0.602422  0
6.720000  0.601475  0
6.746667  0.600527  0
6.773333  0.599580  0
6.800000  0.598632  0
6.826667  0.597685  0
6.853333  0.596737  0
6.880000  0.595790  0
6.906667  0.594842  0
6.933333  0.593895  0
6.960000  0.592947  0
6.986667  0.591999  0
7.013333  0.591052  0
7.040000  0.590104  0
7.066667  0.589178  0
7.093333  0.588388  0
7.120000  0.587599  0
7.146667  0.586809  0
7.173333  0.586019  0
7.200000  0.585230  0
7.226667  0.584440  0
7.253333  0.583650  0
7.280000  0.582861  0
7.306667  0.582071  0
7.333333  0.581282  0
7.360000  0.580492  0
7.386667  0.579702  0
7.413333  0.578913  0
7.440000  0.578123  0
7.466667  0.577333  0
7.493333  0.576544  0
7.520000  0.575754  0
7.546667  0.574965  0
7.573333  0.574175  0
7.600000  0.573385  0
7.626667  0.572596  0
7.653333  0.571806  0
7.680000  0.571016  0
7.706667  0.570227  0
7.733333  0.569437  0
7.760000  0.568648  0
7.786667  0.567858  0
7.813333  0.567068  0
7.840000  0.566279  0
7.866667  0.565489  0
7.893333  0.564699  0
7.920000  0.563910  0
7.946667  0.563120  0
7.973333  0.562331  0
8.000000  0.561541  0
8.026667  0.560751  0
8.053333  0.559962  0
8.080000  0.559172  0
8.106667  0.558382  0
8.133333  0.557593  0
8.160000  0.556803  0
8.186667  0.556014  0
8.213333  0.555224  0
8.240000  0.554434  0
8.266667  0.553645  0
8.293333  0.552855  0
8.320000  0.552065  0
8.346667  0.551276  0
8.373333  0.550878  0
8.400000  0.550479  0
8.426667  0.550081  0
8.453333  0.549682  0
8.480000  0.549284  0
8.506667  0.548886  0
8.533333  0.548487  0
8.560000  0.548089  0
8.586667  0.547690  0
8.613333  0.547292  0
8.640000  0.546893  0
8.666667  0.546495  0
8.693333  0.546097  0
8.720000  0.545698  0
8.746667  0.545300  0
8.773333  0.544901  0
8.800000  0.544503  0
8.826667  0.544105  0
8.853333  0.543706  0
8.880000  0.543308  0
8.906667  0.542909  0
8.933333  0.542511  0
8.960000  0.542112  0
8.986667  0.541714  0
9.013333  0.541316  0
9.040000  0.540917  0
9.066667  0.540519  0
9.093333  0.540120  0
9.120000  0.539722  0
9.146667  0.539324  0
9.173333  0.538925  0
9.200000  0.538527  0
9.226667  0.538128  0
9.253333  0.537730  0
9.280000  0.537331  0
9.306667  0.536933  0
9.333333  0.536535  0
9.360000  0.536136  0
9.386667  0.535738  0
9.413333  0.535339  0
9.440000  0.534941  0
9.466667  0.534543  0
9.493333  0.534144  0
9.520000  0.533746  0
9.546667  0.533347  0
9.573333  0.532949  0
9.600000  0.532610  0
9.626667  0.532331  0
9.653333  0.532053  0
9.680000  0.531774  0
9.706667  0.531496  0
9.733333  0.531217  0
9.760000  0.530939  0
9.786667  0.530660  0
9.813333  0.530382  0
9.840000  0.530103  0
9.866667  0.529825  0
9.893333  0.529546  0
9.920000  0.529268  0
9.946667  0.528989  0
9.973333  0.528711  0
10.000000  0.528432  0
10.026667  0.528154  0
10.053333  0.527875  0
10.080000  0.527597  0
10.106667  0.527318  0
10.133333  0.527040  0
10.160000  0.526761  0
10.186667  0.526483  0
10.213333  0.526204  0
10.240000  0.525926  0
10.266667  0.525647  0
10.293333  0.525369  0
10.320000  0.525090  0
10.346667  0.524812  0
10.373333  0.524533  0
10.400000  0.524255  0
10.426667  0.523976  0
10.453333  0.523698  0
10.480000  0.523419  0
10.506667  0.523141  0
10.533333  0.522862  0
10.560000  0.522584  0
10.586667  0.522305  0
10.613333  0.522027  0
10.640000  0.521748  0
10.666667  0.521470  0
10.693333  0.521191  0
10.720000  0.520913  0
10.746667  0.520634  0
10.773333  0.520356  0
10.800000  0.520077  0
10.826667  0.519799  0
10.853333  0.519520  0
10.880000  0.519242  0
10.906667  0.518963  0
10.933333  0.518685  0
10.960000  0.518406  0
10.986667  0.518128  0
11.013333  0.517849  0
11.040000  0.517571  0
11.066667  0.517292  0
11.093333  0.517014  0
11.120000  0.516735  0
11.146667  0.516457  0
11.173333  0.516178  0
11.200000  0.515900  0
11.226667  0.515621  0
11.253333  0.515343  0
11.280000  0.515064  0
11.306667  0.514786  0
11.333333  0.514507  0
11.360000  0.514229  0
11.386667  0.513950  0
11.413333  0.513672  0
11.440000  0.513393  0
11.466667  0.513115  0
11.493333  0.512836  0
11.520000  0.512558  0
11.546667  0.512279  0
11.573333  0.512001  0
11.600000  0.511722  0
11.626667  0.511444  0
11.653333  0.511165  0
11.680000  0.510887  0
11.706667  0.510608  0
11.733333  0.510330  0
11.760000  0.510051  0
11.786667  0.509773  0
11.813333  0.509494  0
11.840000  0.509216  0
11.866667  0.508937  0
11.893333  0.508659  0
11.920000  0.508464  0
11.946667  0.508353  0
11.973333  0.508242  0
12.000000  0.508131  0
12.026667  0.508020  0
12.053333  0.507909  0
12.080000  0.507798  0
12.106667  0.507687  0
12.133333  0.507576  0
12.160000  0.507465  0
12.186667  0.507354  0
12.213333  0.507243  0
12.240000  0.507132  0
12.266667  0.507021  0
12.293333  0.506910  0
12.320000  0.506799  0
12.346667  0.506688  0
12.373333  0.506577  0
12.400000  0.506466  0
12.426667  0.506355  0
12.453333  0.506244  0
12.480000  0.506133  0
12.506667  0.506022  0
12.533333  0.505911  0
12.560000  0.505800  0
12.586667  0.505689  0
12.613333  0.505578  0
12.640000  0.505467  0
12.666667  0.505356  0
12.693333  0.505246  0
12.720000  0.505135  0
12.746667  0.505024  0
12.773333  0.504913  0
12.800000  0.504802  0
12.826667  0.504691  0
12.853333  0.504580  0
12.880000  0.504469  0
12.906667  0.504358  0
12.933333  0.504247  0
12.960000  0.504136  0
12.986667  0.504025  0
13.013333  0.503914  0
13.040000  0.503803  0
13.066667  0.503692  0
13.093333  0.503581  0
13.120000  0.503470  0
13.146667  0.503359  0
13.173333  0.503248  0
13.200000  0.503137  0
13.226667  0.503026  0
13.253333  0.502915  0
13.280000  0.502804  0
13.306667  0.502693  0
13.333333  0.502582  0
13.360000  0.502471  0
13.386667  0.502360  0
13.413333  0.502249  0
13.440000  0.502138  0
13.466667  0.502027  0
13.493333  0.501917  0
13.520000  0.501806  0
13.546667  0.501695  0
13.573333  0.501584  0
13.600000  0.501473  0
13.626667  0.501362  0
13.653333  0.501251  0
13.680000  0.501140  0
13.706667  0.501029  0
13.733333  0.500918  0
13.760000  0.500807  0
13.786667  0.500696  0
13.813333  0.500585  0
13.840000  0.500474  0
13.866667  0.500363  0
13.893333  0.500252  0
13.920000  0.500141  0
13.946667  0.500030  0
13.973333  0.499919  0
14.000000  0.499808  0
14.026667  0.499697  0
14.053333  0.499586  0
14.080000  0.499475  0
14.106667  0.499364  0
14.133333  0.499253  0
14.160000  0.499142  0
14.186667  0.499031  0
14.213333  0.498920  0
14.240000  0.498809  0
14.266667  0.498698  0
14.293333  0.498587  0
14.320000  0.498477  0
14.346667  0.498366  0
14.373333  0.498255  0
14.400000  0.498144  0
14.426667  0.498033  0
14.453333  0.497922  0
14.480000  0.497811  0
14.506667  0.497700  0
14.533333  0.497589  0
14.560000  0.497478  0
14.586667  0.497367  0
14.613333  0.497256  0
14.640000  0.497145  0
14.666667  0.497034  0
14.693333  0.496923  0
14.720000  0.496812  0
14.746667  0.496701  0
14.773333  0.496590  0
14.800000  0.496479  0
