2.933333  0.797385  0
2.960000  0.795620  0
2.986667  0.793855  0
3.013333  0.792090  0
3.040000  0.790325  0
3.066667  0.788560  0
3.093333  0.786795  0
3.120000  0.785030  0
3.146667  0.783265  0
3.173333  0.781500  0
3.200000  0.779734  0
3.226667  0.777969  0
3.253333  0.776204  0
3.280000  0.774439  0
3.306667  0.772674  0
3.333333  0.770909  0
3.360000  0.769144  0
3.386667  0.767379  0
3.413333  0.765614  0
3.440000  0.763849  0
3.466667  0.762084  0
3.493333  0.760319  0
3.520000  0.758554  0
3.546667  0.756789  0
3.573333  0.755024  0
3.600000  0.753259  0
3.626667  0.751494  0
3.653333  0.749729  0
3.680000  0.747964  0
3.706667  0.746199  0
3.733333  0.744434  0
3.760000  0.742669  0
3.786667  0.740904  0
3.813333  0.739138  0
3.840000  0.737373  0
3.866667  0.735608  0
3.893333  0.734192  0
3.920000  0.733182  0
3.946667  0.732173  0
3.973333  0.731163  0
4.000000  0.730153  0
4.026667  0.729144  0
4.053333  0.728134  0
4.080000  0.727124  0
4.106667  0.726115  0
4.133333  0.725105  0
4.160000  0.724095  0
4.186667  0.723086  0
4.213333  0.722076  0
4.240000  0.721066  0
4.266667  0.720057  0
4.293333  0.719047  0
4.320000  0.718037  0
4.346667  0.717028  0
4.373333  0.716018  0
4.400000  0.715008  0
4.426667  0.713998  0
4.453333  0.712989  0
4.480000  0.711979  0
4.506667  0.710969  0
4.533333  0.709960  0
4.560000  0.708950  0
4.586667  0.707940  0
4.613333  0.706931  0
4.640000  0.705921  0
4.666667  0.704911  0
4.693333  0.703902  0
4.720000  0.702892  0
4.746667  0.701882  0
4.773333  0.700873  0
4.800000  0.699863  0
4.826667  0.698853  0
4.853333  0.697844  0
4.880000  0.696834  0
4.906667  0.695824  0
4.933333  0.694814  0
4.960000  0.693805  0
4.986667  0.692795  0
5.013333  0.691785  0
5.040000  0.690776  0
5.066667  0.689766  0
5.093333  0.688756  0
5.120000  0.687747  0
5.146667  0.686737  0
5.173333  0.685727  0
5.200000  0.684718  0
5.226667  0.683708  0
5.253333  0.682698  0
5.280000  0.681653  0
5.306667  0.680569  0
5.333333  0.679484  0
5.360000  0.678400  0
5.386667  0.677315  0
5.413333  0.676231  0
5.440000  0.675146  0
5.466667  0.674062  0
5.493333  0.672977  0
5.520000  0.671893  0
5.546667  0.670808  0
5.573333  0.669724  0
5.600000  0.668639  0
5.626667  0.667554  0
5.653333  0.666470  0
5.680000  0.665385  0
5.706667  0.664301  0
5.733333  0.663216  0
5.760000  0.662132  0
5.786667  0.661047  0
5.813333  0.659963  0
5.840000  0.658878  0
5.866667  0.657794  0
5.893333  0.656709  0
5.920000  0.655624  0
5.946667  0.654540  0
5.973333  0.653455  0
6.000000  0.652371  0
6.026667  0.651286  0
6.053333  0.650202  0
6.080000  0.649117  0
6.106667  0.648033  0
6.133333  0.646948  0
6.160000  0.645864  0
6.186667  0.644779  0
6.213333  0.643694  0
6.240000  0.642610  0
6.266667  0.641525  0
6.293333  0.640441  0
6.320000  0.639356  0
6.346667  0.638272  0
6.373333  0.637187  0
6.400000  0.636103  0
6.426667  0.635018  0
6.453333  0.633934  0
6.480000  0.632849  0
6.506667  0.631764  0
6.533333  0.630680  0
6.560000  0.629595  0
6.586667  0.628511  0
6.613333  0.627426  0
6.640000  0.626342  0
6.666667  0.625257  0
6.693333  0.624173  0
6.720000  0.623088  0
6.746667  0.622004  0
6.773333  0.620919  0
6.800000  0.619834  0
6.826667  0.618750  0
6.853333  0.617665  0
6.880000  0.616581  0
6.906667  0.615496  0
6.933333  0.614412  0
6.960000  0.613327  0
6.986667  0.612243  0
7.013333  0.611158  0
7.040000  0.610074  0
7.066667  0.608989  0
7.093333  0.607904  0
7.120000  0.606820  0
7.146667  0.605735  0
7.173333  0.604896  0
7.200000  0.604151  0
7.226667  0.603406  0
7.253333  0.602661  0
7.280000  0.601915  0
7.306667  0.601170  0
7.333333  0.600425  0
7.360000  0.599680  0
7.386667  0.598934  0
7.413333  0.598189  0
7.440000  0.597444  0
7.466667  0.596698  0
7.493333  0.595953  0
7.520000  0.595208  0
7.546667  0.594463  0
7.573333  0.593717  0
7.600000  0.592972  0
7.626667  0.592227  0
7.653333  0.591482  0
7.680000  0.590736  0
7.706667  0.589991  0
7.733333  0.589246  0
7.760000  0.588501  0
7.786667  0.587755  0
7.813333  0.587010  0
7.840000  0.586265  0
7.866667  0.585520  0
7.893333  0.584774  0
7.920000  0.584029  0
7.946667  0.583284  0
7.973333  0.582538  0
8.000000  0.581793  0
8.026667  0.581048  0
8.053333  0.580303  0
8.080000  0.579557  0
8.106667  0.578812  0
8.133333  0.578067  0
8.160000  0.577322  0
8.186667  0.576576  0
8.213333  0.575831  0
8.240000  0.575086  0
8.266667  0.574341  0
8.293333  0.573595  0
8.320000  0.572850  0
8.346667  0.572105  0
8.373333  0.571360  0
8.400000  0.570614  0
8.426667  0.569869  0
8.453333  0.569124  0
8.480000  0.568378  0
8.506667  0.567633  0
8.533333  0.566888  0
8.560000  0.566143  0
8.586667  0.565397  0
8.613333  0.564652  0
8.640000  0.563907  0
8.666667  0.563162  0
8.693333  0.562416  0
8.720000  0.561671  0
8.746667  0.560926  0
8.773333  0.560181  0
8.800000  0.559435  0
8.826667  0.558690  0
8.853333  0.557945  0
8.880000  0.557200  0
8.906667  0.556454  0
8.933333  0.555709  0
8.960000  0.554964  0
8.986667  0.554218  0
9.013333  0.553473  0
9.040000  0.552728  0
9.066667  0.551983  0
9.093333  0.551237  0
9.120000  0.550492  0
9.146667  0.549747  0
9.173333  0.549002  0
9.200000  0.548622  0
9.226667  0.548299  0
9.253333  0.547975  0
9.280000  0.547652  0
9.306667  0.547329  0
9.333333  0.547006  0
9.360000  0.546683  0
9.386667  0.546360  0
9.413333  0.546037  0
9.440000  0.545714  0
9.466667  0.545391  0
9.493333  0.545068  0
9.520000  0.544745  0
9.546667  0.544422  0
9.573333  0.544099  0
9.600000  0.543776  0
9.626667  0.543453  0
9.653333  0.543130  0
9.680000  0.542807  0
9.706667  0.542484  0
9.733333  0.542161  0
9.760000  0.541838  0
9.786667  0.541515  0
9.813333  0.541192  0
9.840000  0.540869  0
9.866667  0.540546  0
9.893333  0.540223  0
9.920000  0.539900  0
9.946667  0.539577  0
9.973333  0.539254  0
10.000000  0.538931  0
10.026667  0.538608  0
10.053333  0.538285  0
10.080000  0.537962  0
10.106667  0.537639  0
10.133333  0.537316  0
10.160000  0.536993  0
10.186667  0.536669  0
10.213333  0.536346  0
10.240000  0.536023  0
10.266667  0.535700  0
10.293333  0.535377  0
10.320000  0.535054  0
10.346667  0.534731  0
10.373333  0.534408  0
10.400000  0.534085  0
10.426667  0.533762  0
10.453333  0.533439  0
10.480000  0.533116  0
10.506667  0.532793  0
10.533333  0.532470  0
10.560000  0.532147  0
10.586667  0.531824  0
10.613333  0.531501  0
10.640000  0.531178  0
10.666667  0.530855  0
10.693333  0.530532  0
10.720000  0.530209  0
10.746667  0.529886  0
10.773333  0.529563  0
10.800000  0.529240  0
10.826667  0.528917  0
10.853333  0.528594  0
10.880000  0.528271  0
10.906667  0.527948  0
10.933333  0.527625  0
10.960000  0.527302  0
10.986667  0.526979  0
11.013333  0.526656  0
11.040000  0.526333  0
11.066667  0.526010  0
11.093333  0.525687  0
11.120000  0.525363  0
11.146667  0.525040  0
11.173333  0.524717  0
11.200000  0.524483  0
11.226667  0.524264  0
11.253333  0.524045  0
11.280000  0.523825  0
11.306667  0.523606  0
11.333333  0.523387  0
11.360000  0.523167  0
11.386667  0.522948  0
11.413333  0.522729  0
11.440000  0.522509  0
11.466667  0.522290  0
11.493333  0.522071  0
11.520000  0.521851  0
11.546667  0.521632  0
11.573333  0.521413  0
11.600000  0.521193  0
11.626667  0.520974  0
11.653333  0.520755  0
11.680000  0.520535  0
11.706667  0.520316  0
11.733333  0.520097  0
11.760000  0.519877  0
11.786667  0.519658  0
11.813333  0.519439  0
11.840000  0.519219  0
11.866667  0.519000  0
11.893333  0.518781  0
11.920000  0.518561  0
11.946667  0.518342  0
11.973333  0.518123  0
12.000000  0.517903  0
12.026667  0.517684  0
12.053333  0.517465  0
12.080000  0.517245  0
12.106667  0.517026  0
12.133333  0.516807  0
12.160000  0.516587  0
12.186667  0.516368  0
12.213333  0.516148  0
12.240000  0.515929  0
12.266667  0.515710  0
12.293333  0.515490  0
12.320000  0.515271  0
12.346667  0.515052  0
12.373333  0.514832  0
12.400000  0.514613  0
12.426667  0.514394  0
12.453333  0.514174  0
12.480000  0.513955  0
12.506667  0.513736  0
12.533333  0.513516  0
12.560000  0.513297  0
12.586667  0.513078  0
12.613333  0.512858  0
12.640000  0.512639  0
12.666667  0.512420  0
12.693333  0.512200  0
12.720000  0.511981  0
12.746667  0.511762  0
12.773333  0.511542  0
12.800000  0.511323  0
12.826667  0.511104  0
12.853333  0.510884  0
12.880000  0.510665  0
12.906667  0.510446  0
12.933333  0.510226  0
12.960000  0.510007  0
12.986667  0.509788  0
13.013333  0.509568  0
13.040000  0.509349  0
13.066667  0.509130  0
13.093333  0.508910  0
13.120000  0.508691  0
13.146667  0.508472  0
13.173333  0.508252  0
13.200000  0.508033  0
13.226667  0.507814  0
13.253333  0.507594  0
13.280000  0.507375  0
13.306667  0.507156  0
13.333333  0.506936  0
13.360000  0.506717  0
13.386667  0.506498  0
13.413333  0.506278  0
13.440000  0.506059  0
13.466667  0.505839  0
13.493333  0.505620  0
13.520000  0.505401  0
13.546667  0.505181  0
13.573333  0.504962  0
13.600000  0.504743  0
13.626667  0.504523  0
13.653333  0.504418  0
13.680000  0.504340  0
13.706667  0.504263  0
13.733333  0.504185  0
13.760000  0.504107  0
13.786667  0.504030  0
13.813333  0.503952  0
13.840000  0.503874  0
13.866667  0.503797  0
13.893333  0.503719  0
13.920000  0.503641  0
13.946667  0.503564  0
13.973333  0.503486  0
14.000000  0.503408  0
14.026667  0.503331  0
14.053333  0.503253  0
14.080000  0.503175  0
14.106667  0.503098  0
14.133333  0.503020  0
14.160000  0.502942  0
14.186667  0.502865  0
14.213333  0.502787  0
14.240000  0.502709  0
14.266667  0.502632  0
14.293333  0.502554  0
14.320000  0.502476  0
14.346667  0.502399  0
14.373333  0.502321  0
14.400000  0.502243  0
14.426667  0.502166  0
14.453333  0.502088  0
14.480000  0.502010  0
14.506667  0.501933  0
14.533333  0.501855  0
14.560000  0.501777  0
14.586667  0.501700  0
14.613333  0.501622  0
14.640000  0.501544  0
14.666667  0.501467  0
14.693333  0.501389  0
14.720000  0.501311  0
14.746667  0.501234  0
14.773333  0.501156  0
14.800000  0.501078  0
14.826667  0.501001  0
14.853333  0.500923  0
14.880000  0.500845  0
14.906667  0.500768  0
14.933333  0.500690  0
14.960000  0.500612  0
14.986667  0.500535  0
15.013333  0.500457  0
15.040000  0.500379  0
15.066667  0.500302  0
15.093333  0.500224  0
15.120000  0.500146  0
15.146667  0.500069  0
15.173333  0.499991  0
15.200000  0.499913  0
15.226667  0.499836  0
15.253333  0.499758  0
15.280000  0.499680  0
15.306667  0.499603  0
15.333333  0.499525  0
15.360000  0.499447  0
15.386667  0.499370  0
15.413333  0.499292  0
15.440000  0.499214  0
15.466667  0.499137  0
15.493333  0.499059  0
15.520000  0.498981  0
15.546667  0.498904  0
15.573333  0.498826  0
15.600000  0.498748  0
15.626667  0.498671  0
15.653333  0.498593  0
15.680000  0.498515  0
15.706667  0.498438  0
15.733333  0.498360  0
15.760000  0.498282  0
15.786667  0.498205  0
15.813333  0.498127  0
15.840000  0.498049  0
15.866667  0.497972  0
15.893333  0.497894  0
15.920000  0.497816  0
15.946667  0.497739  0
15.973333  0.497661  0
16.000000  0.497583  0
16.026667  0.497506  0
16.053333  0.497428  0
16.080000  0.497350  0
16.106667  0.497273  0
16.133333  0.497195  0
16.160000  0.497117  0
16.186667  0.497040  0
16.213333  0.496962  0
16.240000  0.496884  0
16.266667  0.496807  0
16.293333  0.496729  0
16.320000  0.496651  0
16.346667  0.496574  0
16.373333  0.496496  0
16.400000  0.496418  0
17.146667  0.661889  1
17.173333  0.661640  1
17.200000  0.661391  1
17.226667  0.661141  1
17.253333  0.660892  1
17.280000  0.660643  1
17.306667  0.660394  1
17.333333  0.660145  1
17.360000  0.659895  1
17.386667  0.659646  1
17.413333  0.659397  1
17.440000  0.659148  1
17.466667  0.658899  1
17.493333  0.658650  1
17.520000  0.658400  1
17.546667  0.658151  1
17.573333  0.657902  1
17.600000  0.657653  1
17.626667  0.657404  1
17.653333  0.657154  1
17.680000  0.656905  1
17.706667  0.656656  1
17.733333  0.656407  1
17.760000  0.656158  1
17.786667  0.655908  1
17.813333  0.655659  1
17.840000  0.655410  1
17.866667  0.655161  1
17.893333  0.654912  1
17.920000  0.654663  1
17.946667  0.654413  1
17.973333  0.654164  1
18.000000  0.653915  1
18.026667  0.653666  1
18.053333  0.653417  1
18.080000  0.653167  1
18.106667  0.652918  1
18.133333  0.652669  1
18.160000  0.652420  1
18.186667  0.652171  1
18.213333  0.651921  1
18.240000  0.651672  1
18.266667  0.651423  1
18.293333  0.651174  1
18.320000  0.650925  1
18.346667  0.650675  1
18.373333  0.650426  1
18.400000  0.650177  1
18.426667  0.649928  1
18.453333  0.649679  1
18.480000  0.649430  1
18.506667  0.649180  1
18.533333  0.648931  1
18.560000  0.648682  1
18.586667  0.648433  1
18.613333  0.648184  1
18.640000  0.647934  1
18.666667  0.647685  1
18.693333  0.647436  1
18.720000  0.647187  1
18.746667  0.646938  1
18.773333  0.646688  1
18.800000  0.646439  1
18.826667  0.646190  1
18.853333  0.645941  1
18.880000  0.645692  1
18.906667  0.645443  1
18.933333  0.645193  1
18.960000  0.644944  1
18.986667  0.644695  1
19.013333  0.644446  1
19.040000  0.644197  1
19.066667  0.643947  1
19.093333  0.643698  1
19.120000  0.643449  1
19.146667  0.643200  1
19.173333  0.642951  1
19.200000  0.642701  1
19.226667  0.642452  1
19.253333  0.642203  1
19.280000  0.641954  1
19.306667  0.641705  1
19.333333  0.641455  1
19.360000  0.641206  1
19.386667  0.640957  1
19.413333  0.640708  1
19.440000  0.640459  1
19.466667  0.640210  1
19.493333  0.639960  1
19.520000  0.639711  1
19.546667  0.639462  1
19.573333  0.639213  1
19.600000  0.638964  1
19.626667  0.638714  1
19.653333  0.638465  1
19.680000  0.638216  1
19.706667  0.637967  1
19.733333  0.637718  1
19.760000  0.637468  1
19.786667  0.637219  1
19.813333  0.636970  1
19.840000  0.636721  1
19.866667  0.636472  1
19.893333  0.636223  1
19.920000  0.635973  1
19.946667  0.635724  1
19.973333  0.635475  1
20.000000  0.635226  1
20.026667  0.634977  1
20.053333  0.634727  1
20.080000  0.634478  1
20.106667  0.634229  1
20.133333  0.633980  1
20.160000  0.633731  1
20.186667  0.633481  1
20.213333  0.633232  1
20.240000  0.632983  1
20.266667  0.632734  1
20.293333  0.632485  1
20.320000  0.632236  1
20.346667  0.631986  1
20.373333  0.631737  1
20.400000  0.631488  1
20.426667  0.631239  1
20.453333  0.630990  1
20.480000  0.630740  1
20.506667  0.630491  1
20.533333  0.630242  1
20.560000  0.629993  1
20.586667  0.629744  1
