2.720000  0.766873  0
2.746667  0.765690  0
2.773333  0.764506  0
2.800000  0.763322  0
2.826667  0.762139  0
2.853333  0.760955  0
2.880000  0.759772  0
2.906667  0.758588  0
2.933333  0.757404  0
2.960000  0.756221  0
2.986667  0.755037  0
3.013333  0.753853  0
3.040000  0.752670  0
3.066667  0.751486  0
3.093333  0.750302  0
3.120000  0.749119  0
3.146667  0.747935  0
3.173333  0.746751  0
3.200000  0.745568  0
3.226667  0.744384  0
3.253333  0.743200  0
3.280000  0.742017  0
3.306667  0.740833  0
3.333333  0.739650  0
3.360000  0.738466  0
3.386667  0.737282  0
3.413333  0.736099  0
3.440000  0.734915  0
3.466667  0.733731  0
3.493333  0.732548  0
3.520000  0.731364  0
3.546667  0.730180  0
3.573333  0.728997  0
3.600000  0.727813  0
3.626667  0.726629  0
3.653333  0.725446  0
3.680000  0.724262  0
3.706667  0.723078  0
3.733333  0.721895  0
3.760000  0.720711  0
3.786667  0.719528  0
3.813333  0.718344  0
3.840000  0.717160  0
3.866667  0.715977  0
3.893333  0.714793  0
3.920000  0.713609  0
3.946667  0.712426  0
3.973333  0.711242  0
4.000000  0.710058  0
4.026667  0.708875  0
4.053333  0.707691  0
4.080000  0.706507  0
4.106667  0.705095  0
4.133333  0.703658  0
4.160000  0.702221  0
4.186667  0.700783  0
4.213333  0.699346  0
4.240000  0.697909  0
4.266667  0.696471  0
4.293333  0.695034  0
4.320000  0.693597  0
4.346667  0.692160  0
4.373333  0.690722  0
4.400000  0.689285  0
4.426667  0.687848  0
4.453333  0.686410  0
4.480000  0.684973  0
4.506667  0.683536  0
4.533333  0.682099  0
4.560000  0.680661  0
4.586667  0.679224  0
4.613333  0.677787  0
4.640000  0.676349  0
4.666667  0.674912  0
4.693333  0.673475  0
4.720000  0.672038  0
4.746667  0.670600  0
4.773333  0.669163  0
4.800000  0.667726  0
4.826667  0.666288  0
4.853333  0.664851  0
4.880000  0.663414  0
4.906667  0.661977  0
4.933333  0.660539  0
4.960000  0.659102  0
4.986667  0.657665  0
5.013333  0.656227  0
5.040000  0.654790  0
5.066667  0.653353  0
5.093333  0.651916  0
5.120000  0.650478  0
5.146667  0.649041  0
5.173333  0.647604  0
5.200000  0.646166  0
5.226667  0.644729  0
5.253333  0.643292  0
5.280000  0.641855  0
5.306667  0.640417  0
5.333333  0.638980  0
5.360000  0.637593  0
5.386667  0.636517  0
5.413333  0.635441  0
5.440000  0.634365  0
5.466667  0.633288  0
5.493333  0.632212  0
5.520000  0.631136  0
5.546667  0.630060  0
5.573333  0.628984  0
5.600000  0.627908  0
5.626667  0.626832  0
5.653333  0.625756  0
5.680000  0.624680  0
5.706667  0.623604  0
5.733333  0.622528  0
5.760000  0.621452  0
5.786667  0.620376  0
5.813333  0.619300  0
5.840000  0.618224  0
5.866667  0.617148  0
5.893333  0.616072  0
5.920000  0.614996  0
5.946667  0.613920  0
5.973333  0.612844  0
6.000000  0.611768  0
6.026667  0.610692  0
6.053333  0.609616  0
6.080000  0.608539  0
6.106667  0.607463  0
6.133333  0.606387  0
6.160000  0.605311  0
6.186667  0.604235  0
6.213333  0.603159  0
6.240000  0.602083  0
6.266667  0.601007  0
6.293333  0.599931  0
6.320000  0.598855  0
6.346667  0.597779  0
6.373333  0.596703  0
6.400000  0.595627  0
6.426667  0.594551  0
6.453333  0.593475  0
6.480000  0.592399  0
6.506667  0.591323  0
6.533333  0.590247  0
6.560000  0.589171  0
6.586667  0.588095  0
6.613333  0.587019  0
6.640000  0.585943  0
6.666667  0.584867  0
6.693333  0.583791  0
6.720000  0.582714  0
6.746667  0.581638  0
6.773333  0.580562  0
6.800000  0.579486  0
6.826667  0.578410  0
6.853333  0.577334  0
6.880000  0.576501  0
6.906667  0.575712  0
6.933333  0.574923  0
6.960000  0.574134  0
6.986667  0.573345  0
7.013333  0.572555  0
7.040000  0.571766  0
7.066667  0.570977  0
7.093333  0.570188  0
7.120000  0.569399  0
7.146667  0.568610  0
7.173333  0.567821  0
7.200000  0.567032  0
7.226667  0.566243  0
7.253333  0.565454  0
7.280000  0.564664  0
7.306667  0.563875  0
7.333333  0.563086  0
7.360000  0.562297  0
7.386667  0.561508  0
7.413333  0.560719  0
7.440000  0.559930  0
7.466667  0.559141  0
7.493333  0.558352  0
7.520000  0.557563  0
7.546667  0.556773  0
7.573333  0.555984  0
7.600000  0.555195  0
7.626667  0.554406  0
7.653333  0.553617  0
7.680000  0.552828  0
7.706667  0.552039  0
7.733333  0.551250  0
7.760000  0.550461  0
7.786667  0.549672  0
7.813333  0.548882  0
7.840000  0.548093  0
7.866667  0.547304  0
7.893333  0.546515  0
7.920000  0.545726  0
7.946667  0.544937  0
7.973333  0.544148  0
8.000000  0.543359  0
8.026667  0.542570  0
8.053333  0.541781  0
8.080000  0.540992  0
8.106667  0.540513  0
8.133333  0.540119  0
8.160000  0.539724  0
8.186667  0.539330  0
8.213333  0.538935  0
8.240000  0.538541  0
8.266667  0.538146  0
8.293333  0.537752  0
8.320000  0.537357  0
8.346667  0.536963  0
8.373333  0.536568  0
8.400000  0.536173  0
8.426667  0.535779  0
8.453333  0.535384  0
8.480000  0.534990  0
8.506667  0.534595  0
8.533333  0.534201  0
8.560000  0.533806  0
8.586667  0.533412  0
8.613333  0.533017  0
8.640000  0.532622  0
8.666667  0.532228  0
8.693333  0.531833  0
8.720000  0.531439  0
8.746667  0.531044  0
8.773333  0.530650  0
8.800000  0.530255  0
8.826667  0.529861  0
8.853333  0.529466  0
8.880000  0.529072  0
8.906667  0.528677  0
8.933333  0.528282  0
8.960000  0.527888  0
8.986667  0.527493  0
9.013333  0.527099  0
9.040000  0.526704  0
9.066667  0.526310  0
9.093333  0.525915  0
9.120000  0.525521  0
9.146667  0.525126  0
9.173333  0.524732  0
9.200000  0.524337  0
9.226667  0.523942  0
9.253333  0.523548  0
9.280000  0.523153  0
9.306667  0.522759  0
9.333333  0.522364  0
9.360000  0.521970  0
9.386667  0.521575  0
9.413333  0.521181  0
9.440000  0.520786  0
9.466667  0.520391  0
9.493333  0.519997  0
9.520000  0.519602  0
9.546667  0.519208  0
9.573333  0.518813  0
9.600000  0.518419  0
9.626667  0.518024  0
9.653333  0.517630  0
9.680000  0.517235  0
9.706667  0.516841  0
9.733333  0.516446  0
9.760000  0.516051  0
9.786667  0.515657  0
9.813333  0.515262  0
9.840000  0.514868  0
9.866667  0.514473  0
9.893333  0.514079  0
9.920000  0.513684  0
9.946667  0.513290  0
9.973333  0.512895  0
10.000000  0.512541  0
10.026667  0.512425  0
10.053333  0.512310  0
10.080000  0.512194  0
10.106667  0.512079  0
10.133333  0.511963  0
10.160000  0.511848  0
10.186667  0.511732  0
10.213333  0.511617  0
10.240000  0.511501  0
10.266667  0.511386  0
10.293333  0.511270  0
10.320000  0.511155  0
10.346667  0.511039  0
10.373333  0.510924  0
10.400000  0.510808  0
10.426667  0.510693  0
10.453333  0.510577  0
10.480000  0.510462  0
10.506667  0.510346  0
10.533333  0.510231  0
10.560000  0.510115  0
10.586667  0.510000  0
10.613333  0.509885  0
10.640000  0.509769  0
10.666667  0.509654  0
10.693333  0.509538  0
10.720000  0.509423  0
10.746667  0.509307  0
10.773333  0.509192  0
10.800000  0.509076  0
10.826667  0.508961  0
10.853333  0.508845  0
10.880000  0.508730  0
10.906667  0.508614  0
10.933333  0.508499  0
10.960000  0.508383  0
10.986667  0.508268  0
11.013333  0.508152  0
11.040000  0.508037  0
11.066667  0.507921  0
11.093333  0.507806  0
11.120000  0.507690  0
11.146667  0.507575  0
11.173333  0.507459  0
11.200000  0.507344  0
11.226667  0.507229  0
11.253333  0.507113  0
11.280000  0.506998  0
11.306667  0.506882  0
11.333333  0.506767  0
11.360000  0.506651  0
11.386667  0.506536  0
11.413333  0.506420  0
11.440000  0.506305  0
11.466667  0.506189  0
11.493333  0.506074  0
11.520000  0.505958  0
11.546667  0.505843  0
11.573333  0.505727  0
11.600000  0.505612  0
11.626667  0.505496  0
11.653333  0.505381  0
11.680000  0.505265  0
11.706667  0.505150  0
11.733333  0.505034  0
11.760000  0.504919  0
11.786667  0.504803  0
11.813333  0.504688  0
11.840000  0.504573  0
11.866667  0.504457  0
11.893333  0.504342  0
11.920000  0.504226  0
11.946667  0.504111  0
11.973333  0.503995  0
12.000000  0.503880  0
12.026667  0.503764  0
12.053333  0.503649  0
12.080000  0.503533  0
12.106667  0.503418  0
12.133333  0.503302  0
12.160000  0.503187  0
12.186667  0.503071  0
12.213333  0.502956  0
12.240000  0.502840  0
12.266667  0.502725  0
12.293333  0.502609  0
12.320000  0.502494  0
12.346667  0.502378  0
12.373333  0.502263  0
12.400000  0.502148  0
12.426667  0.502032  0
12.453333  0.501917  0
12.480000  0.501801  0
12.506667  0.501686  0
12.533333  0.501570  0
12.560000  0.501455  0
12.586667  0.501339  0
12.613333  0.501224  0
12.640000  0.501108  0
12.666667  0.500993  0
12.693333  0.500877  0
12.720000  0.500762  0
12.746667  0.500646  0
12.773333  0.500531  0
12.800000  0.500415  0
12.826667  0.500300  0
12.853333  0.500184  0
12.880000  0.500069  0
12.906667  0.499953  0
12.933333  0.499838  0
12.960000  0.499722  0
12.986667  0.499607  0
13.013333  0.499492  0
13.040000  0.499376  0
13.066667  0.499261  0
13.093333  0.499145  0
13.120000  0.499030  0
13.146667  0.498914  0
13.173333  0.498799  0
13.200000  0.498683  0
13.226667  0.498568  0
13.253333  0.498452  0
13.280000  0.498337  0
13.306667  0.498221  0
13.333333  0.498106  0
13.360000  0.497990  0
13.386667  0.497875  0
13.413333  0.497759  0
13.440000  0.497644  0
13.466667  0.497528  0
13.493333  0.497413  0
13.520000  0.497297  0
13.546667  0.497182  0
13.573333  0.497066  0
13.600000  0.496951  0
13.626667  0.496836  0
13.653333  0.496720  0
13.680000  0.496605  0
13.706667  0.496489  0
13.733333  0.496376  0
13.760000  0.496270  0
13.786667  0.496163  0
13.813333  0.496057  0
13.840000  0.495950  0
13.866667  0.495844  0
13.893333  0.495738  0
13.920000  0.495631  0
13.946667  0.495525  0
13.973333  0.495418  0
14.000000  0.495312  0
14.026667  0.495206  0
14.053333  0.495099  0
14.080000  0.494993  0
14.106667  0.494886  0
14.133333  0.494780  0
14.160000  0.494674  0
14.186667  0.494567  0
14.213333  0.494461  0
14.240000  0.494355  0
14.266667  0.494248  0
14.293333  0.494142  0
14.320000  0.494035  0
14.346667  0.493929  0
14.373333  0.493823  0
14.400000  0.493716  0
14.426667  0.493610  0
14.453333  0.493503  0
14.480000  0.493397  0
14.506667  0.493291  0
14.533333  0.493184  0
14.560000  0.493078  0
14.586667  0.492971  0
14.613333  0.492865  0
14.640000  0.492759  0
14.666667  0.492652  0
14.693333  0.492546  0
14.720000  0.492439  0
14.746667  0.492333  0
14.773333  0.492227  0
14.800000  0.492120  0
14.826667  0.492014  0
14.853333  0.491907  0
14.880000  0.491801  0
14.906667  0.491695  0
14.933333  0.491588  0
14.960000  0.491482  0
14.986667  0.491375  0
15.013333  0.491269  0
15.040000  0.491163  0
15.066667  0.491056  0
15.093333  0.490950  0
15.120000  0.490843  0
15.146667  0.490737  0
15.173333  0.490631  0
15.200000  0.490524  0
15.226667  0.490418  0
15.253333  0.490312  0
15.280000  0.490205  0
15.306667  0.490099  0
15.333333  0.489992  0
15.360000  0.489886  0
15.386667  0.489780  0
15.413333  0.489673  0
15.440000  0.489567  0
15.466667  0.489460  0
15.493333  0.489354  0
15.520000  0.489248  0
15.546667  0.489141  0
15.573333  0.489035  0
15.600000  0.488928  0
15.626667  0.488822  0
15.653333  0.488716  0
15.680000  0.488609  0
15.706667  0.488503  0
15.733333  0.488396  0
15.760000  0.488290  0
15.786667  0.488184  0
15.813333  0.488077  0
15.840000  0.487971  0
15.866667  0.487864  0
15.893333  0.487758  0
15.920000  0.487652  0
15.946667  0.487545  0
15.973333  0.487439  0
16.000000  0.487332  0
16.026667  0.487226  0
16.053333  0.487120  0
16.080000  0.487013  0
16.106667  0.486907  0
16.133333  0.486800  0
16.160000  0.486694  0
16.186667  0.486588  0
16.213333  0.486481  0
16.240000  0.486375  0
16.266667  0.486268  0
16.293333  0.486162  0
16.320000  0.486056  0
16.346667  0.485949  0
16.373333  0.485843  0
16.400000  0.485737  0
16.426667  0.485630  0
16.453333  0.485524  0
16.480000  0.485417  0
16.506667  0.485311  0
16.533333  0.485205  0
16.560000  0.485098  0
16.586667  0.484992  0
16.613333  0.484885  0
16.640000  0.484779  0
16.666667  0.484673  0
16.693333  0.484566  0
16.720000  0.484460  0
16.746667  0.484353  0
16.773333  0.484247  0
16.800000  0.484141  0
16.826667  0.484034  0
16.853333  0.483928  0
16.880000  0.483821  0
16.906667  0.483715  0
16.933333  0.483609  0
16.960000  0.483502  0
16.986667  0.483396  0
17.013333  0.483289  0
17.040000  0.483183  0
17.066667  0.483077  0
17.093333  0.482970  0
17.120000  0.482864  0
17.146667  0.482757  0
17.173333  0.482651  0
17.200000  0.482545  0
17.226667  0.482438  0
17.253333  0.482332  0
17.280000  0.482225  0
17.306667  0.482119  0
17.333333  0.482013  0
17.360000  0.481906  0
17.386667  0.481800  0
17.413333  0.481693  0
17.440000  0.481587  0
17.466667  0.481481  0
17.493333  0.481374  0
17.520000  0.481268  0
17.546667  0.481162  0
17.573333  0.481055  0
17.600000  0.480949  0
17.626667  0.480842  0
17.653333  0.480736  0
17.680000  0.480630  0
17.706667  0.480523  0
17.733333  0.480417  0
17.760000  0.480310  0
18.133333  0.653406  1
18.160000  0.653081  1
18.186667  0.652757  1
18.213333  0.652432  1
18.240000  0.652108  1
18.266667  0.651783  1
18.293333  0.651458  1
18.320000  0.651134  1
18.346667  0.650809  1
18.373333  0.650485  1
18.400000  0.650160  1
18.426667  0.649836  1
18.453333  0.649511  1
18.480000  0.649187  1
18.506667  0.648862  1
18.533333  0.648537  1
18.560000  0.648213  1
18.586667  0.647888  1
18.613333  0.647564  1
18.640000  0.647239  1
18.666667  0.646915  1
18.693333  0.646590  1
18.720000  0.646266  1
18.746667  0.645941  1
18.773333  0.645617  1
18.800000  0.645292  1
18.826667  0.644967  1
18.853333  0.644643  1
18.880000  0.644318  1
18.906667  0.643994  1
18.933333  0.643669  1
18.960000  0.643345  1
18.986667  0.643020  1
19.013333  0.642696  1
19.040000  0.642371  1
19.066667  0.642047  1
19.093333  0.641722  1
19.120000  0.641397  1
19.146667  0.641073  1
19.173333  0.640748  1
19.200000  0.640424  1
19.226667  0.640099  1
19.253333  0.639775  1
19.280000  0.639450  1
19.306667  0.639126  1
19.333333  0.638801  1
19.360000  0.638476  1
19.386667  0.638152  1
19.413333  0.637827  1
19.440000  0.637503  1
19.466667  0.637178  1
19.493333  0.636854  1
19.520000  0.636529  1
19.546667  0.636205  1
19.573333  0.635880  1
19.600000  0.635556  1
19.626667  0.635231  1
19.653333  0.634906  1
19.680000  0.634582  1
19.706667  0.634257  1
19.733333  0.633933  1
19.760000  0.633608  1
19.786667  0.633284  1
19.813333  0.632959  1
19.840000  0.632635  1
19.866667  0.632310  1
19.893333  0.631986  1
19.920000  0.631661  1
19.946667  0.631336  1
19.973333  0.631012  1
20.000000  0.630687  1
20.026667  0.630363  1
20.053333  0.630038  1
20.080000  0.629714  1
20.106667  0.629389  1
20.133333  0.629065  1
20.160000  0.628740  1
20.186667  0.628415  1
20.213333  0.628091  1
20.240000  0.627766  1
20.266667  0.627442  1
20.293333  0.627117  1
20.320000  0.626793  1
20.346667  0.626468  1
20.373333  0.626144  1
20.400000  0.625819  1
20.426667  0.625495  1
20.453333  0.625170  1
20.480000  0.624845  1
20.506667  0.624521  1
20.533333  0.624196  1
20.560000  0.623872  1
20.586667  0.623547  1
20.613333  0.623223  1
20.640000  0.622898  1
20.666667  0.622574  1
20.693333  0.622249  1
20.720000  0.621925  1
20.746667  0.621600  1
20.773333  0.621275  1
20.800000  0.620951  1
20.826667  0.620626  1
20.853333  0.620302  1
20.880000  0.619977  1
20.906667  0.619653  1
20.933333  0.619328  1
20.960000  0.619004  1
20.986667  0.618679  1
21.013333  0.618354  1
21.040000  0.618030  1
21.066667  0.617705  1
21.093333  0.617381  1
21.120000  0.617056  1
21.146667  0.616732  1
21.173333  0.616407  1
21.200000  0.616083  1
21.226667  0.615758  1
21.253333  0.615434  1
21.280000  0.615109  1
21.306667  0.614784  1
21.333333  0.614460  1
21.360000  0.614135  1
21.386667  0.613811  1
21.413333  0.613486  1
21.440000  0.613162  1
21.466667  0.612837  1
21.493333  0.612513  1
21.520000  0.612188  1
21.546667  0.611864  1
21.573333  0.611539  1
21.600000  0.611214  1
21.626667  0.610890  1
21.653333  0.610565  1
21.680000  0.610241  1
21.706667  0.609916  1
21.733333  0.609592  1
21.760000  0.609267  1
21.786667  0.608943  1
21.813333  0.608618  1
21.840000  0.608293  1
21.866667  0.607969  1
21.893333  0.607644  1
21.920000  0.607320  1
21.946667  0.606995  1
21.973333  0.606671  1
22.000000  0.606346  1
22.026667  0.606022  1
22.053333  0.605697  1
22.080000  0.605373  1
22.106667  0.605048  1
22.133333  0.604723  1
22.160000  0.604399  1
22.186667  0.604074  1
22.213333  0.603750  1
22.240000  0.603425  1
22.266667  0.603101  1
22.293333  0.602776  1
22.320000  0.602452  1
22.346667  0.602127  1
22.373333  0.601803  1
22.400000  0.601478  1
22.426667  0.601153  1
22.453333  0.600829  1
22.480000  0.600504  1
22.506667  0.600180  1
22.533333  0.599855  1
22.560000  0.599531  1
22.586667  0.599206  1
22.613333  0.598882  1
22.640000  0.598557  1
22.666667  0.598232  1
22.693333  0.597908  1
22.720000  0.597583  1
22.746667  0.597259  1
22.773333  0.596934  1
22.800000  0.596610  1
22.826667  0.596285  1
22.853333  0.595961  1
22.880000  0.595636  1
22.906667  0.595312  1
22.933333  0.594987  1
22.960000  0.594662  1
22.986667  0.594338  1
23.013333  0.594013  1
23.040000  0.593689  1
23.066667  0.593364  1
23.093333  0.593040  1
23.120000  0.592715  1
23.146667  0.592391  1
23.173333  0.592066  1
23.200000  0.591742  1
23.226667  0.591417  1
23.253333  0.591092  1
23.280000  0.590768  1
23.306667  0.590443  1
23.333333  0.590119  1
23.360000  0.589794  1
23.386667  0.589470  1
23.413333  0.589145  1
23.440000  0.588821  1
23.466667  0.588496  1
23.493333  0.588172  1
23.520000  0.587847  1
23.546667  0.587522  1
23.573333  0.587198  1
23.600000  0.586873  1
23.626667  0.586549  1
23.653333  0.586224  1
23.680000  0.585900  1
23.706667  0.585575  1
