1.973333  0.862642  0
2.000000  0.859650  0
2.026667  0.856657  0
2.053333  0.853665  0
2.080000  0.850673  0
2.106667  0.847681  0
2.133333  0.844688  0
2.160000  0.841696  0
2.186667  0.838704  0
2.213333  0.835712  0
2.240000  0.832719  0
2.266667  0.829727  0
2.293333  0.826735  0
2.320000  0.823743  0
2.346667  0.820750  0
2.373333  0.817758  0
2.400000  0.814766  0
2.426667  0.811774  0
2.453333  0.808781  0
2.480000  0.805789  0
2.506667  0.802797  0
2.533333  0.799805  0
2.560000  0.796812  0
2.586667  0.793820  0
2.613333  0.790828  0
2.640000  0.787835  0
2.666667  0.784843  0
2.693333  0.781851  0
2.720000  0.778859  0
2.746667  0.775866  0
2.773333  0.772874  0
2.800000  0.770438  0
2.826667  0.768930  0
2.853333  0.767423  0
2.880000  0.765915  0
2.906667  0.764408  0
2.933333  0.762900  0
2.960000  0.761393  0
2.986667  0.759886  0
3.013333  0.758378  0
3.040000  0.756871  0
3.066667  0.755363  0
3.093333  0.753856  0
3.120000  0.752348  0
3.146667  0.750841  0
3.173333  0.749333  0
3.200000  0.747826  0
3.226667  0.746318  0
3.253333  0.744811  0
3.280000  0.743303  0
3.306667  0.741796  0
3.333333  0.740288  0
3.360000  0.738781  0
3.386667  0.737274  0
3.413333  0.735766  0
3.440000  0.734259  0
3.466667  0.732751  0
3.493333  0.731244  0
3.520000  0.729736  0
3.546667  0.728229  0
3.573333  0.726721  0
3.600000  0.725214  0
3.626667  0.723706  0
3.653333  0.722199  0
3.680000  0.720691  0
3.706667  0.719184  0
3.733333  0.717677  0
3.760000  0.716169  0
3.786667  0.714662  0
3.813333  0.713542  0
3.840000  0.712480  0
3.866667  0.711418  0
3.893333  0.710357  0
3.920000  0.709295  0
3.946667  0.708233  0
3.973333  0.707171  0
4.000000  0.706109  0
4.026667  0.705047  0
4.053333  0.703985  0
4.080000  0.702923  0
4.106667  0.701861  0
4.133333  0.700799  0
4.160000  0.699737  0
4.186667  0.698676  0
4.213333  0.697614  0
4.240000  0.696552  0
4.266667  0.695490  0
4.293333  0.694428  0
4.320000  0.693366  0
4.346667  0.692304  0
4.373333  0.691242  0
4.400000  0.690180  0
4.426667  0.689118  0
4.453333  0.688056  0
4.480000  0.686995  0
4.506667  0.685933  0
4.533333  0.684871  0
4.560000  0.683809  0
4.586667  0.682747  0
4.613333  0.681685  0
4.640000  0.680623  0
4.666667  0.679561  0
4.693333  0.678499  0
4.720000  0.677437  0
4.746667  0.676375  0
4.773333  0.675314  0
4.800000  0.674252  0
4.826667  0.673190  0
4.853333  0.672128  0
4.880000  0.671066  0
4.906667  0.670004  0
4.933333  0.668942  0
4.960000  0.667880  0
4.986667  0.666818  0
5.013333  0.665756  0
5.040000  0.664694  0
5.066667  0.663633  0
5.093333  0.662571  0
5.120000  0.661562  0
5.146667  0.660624  0
5.173333  0.659685  0
5.200000  0.658747  0
5.226667  0.657808  0
5.253333  0.656869  0
5.280000  0.655931  0
5.306667  0.654992  0
5.333333  0.654053  0
5.360000  0.653115  0
5.386667  0.652176  0
5.413333  0.651238  0
5.440000  0.650299  0
5.466667  0.649360  0
5.493333  0.648422  0
5.520000  0.647483  0
5.546667  0.646545  0
5.573333  0.645606  0
5.600000  0.644667  0
5.626667  0.643729  0
5.653333  0.642790  0
5.680000  0.641852  0
5.706667  0.640913  0
5.733333  0.639974  0
5.760000  0.639036  0
5.786667  0.638097  0
5.813333  0.637158  0
5.840000  0.636220  0
5.866667  0.635281  0
5.893333  0.634343  0
5.920000  0.633404  0
5.946667  0.632465  0
5.973333  0.631527  0
6.000000  0.630588  0
6.026667  0.629650  0
6.053333  0.628711  0
6.080000  0.627772  0
6.106667  0.626834  0
6.133333  0.625895  0
6.160000  0.624957  0
6.186667  0.624018  0
6.213333  0.623079  0
6.240000  0.622141  0
6.266667  0.621202  0
6.293333  0.620264  0
6.320000  0.619325  0
6.346667  0.618386  0
6.373333  0.617448  0
6.400000  0.616509  0
6.426667  0.615570  0
6.453333  0.614632  0
6.480000  0.613693  0
6.506667  0.612755  0
6.533333  0.611816  0
6.560000  0.610877  0
6.586667  0.609939  0
6.613333  0.609000  0
6.640000  0.608062  0
6.666667  0.607123  0
6.693333  0.606184  0
6.720000  0.605246  0
6.746667  0.604307  0
6.773333  0.603369  0
6.800000  0.602430  0
6.826667  0.601491  0
6.853333  0.600553  0
6.880000  0.599614  0
6.906667  0.598675  0
6.933333  0.597737  0
6.960000  0.596798  0
6.986667  0.595860  0
7.013333  0.594921  0
7.040000  0.593982  0
7.066667  0.593044  0
7.093333  0.592105  0
7.120000  0.591167  0
7.146667  0.590228  0
7.173333  0.589289  0
7.200000  0.588351  0
7.226667  0.587412  0
7.253333  0.586474  0
7.280000  0.585535  0
7.306667  0.584596  0
7.333333  0.583658  0
7.360000  0.582719  0
7.386667  0.581780  0
7.413333  0.580842  0
7.440000  0.579903  0
7.466667  0.578965  0
7.493333  0.578026  0
7.520000  0.577140  0
7.546667  0.576815  0
7.573333  0.576490  0
7.600000  0.576165  0
7.626667  0.575840  0
7.653333  0.575515  0
7.680000  0.575189  0
7.706667  0.574864  0
7.733333  0.574539  0
7.760000  0.574214  0
7.786667  0.573889  0
7.813333  0.573564  0
7.840000  0.573239  0
7.866667  0.572913  0
7.893333  0.572588  0
7.920000  0.572263  0
7.946667  0.571938  0
7.973333  0.571613  0
8.000000  0.571288  0
8.026667  0.570963  0
8.053333  0.570638  0
8.080000  0.570312  0
8.106667  0.569987  0
8.133333  0.569662  0
8.160000  0.569337  0
8.186667  0.569012  0
8.213333  0.568687  0
8.240000  0.568362  0
8.266667  0.568036  0
8.293333  0.567711  0
8.320000  0.567386  0
8.346667  0.567061  0
8.373333  0.566736  0
8.400000  0.566411  0
8.426667  0.566086  0
8.453333  0.565760  0
8.480000  0.565435  0
8.506667  0.565110  0
8.533333  0.564785  0
8.560000  0.564460  0
8.586667  0.564135  0
8.613333  0.563810  0
8.640000  0.563484  0
8.666667  0.563159  0
8.693333  0.562834  0
8.720000  0.562509  0
8.746667  0.562184  0
8.773333  0.561859  0
8.800000  0.561534  0
8.826667  0.561208  0
8.853333  0.560883  0
8.880000  0.560558  0
8.906667  0.560233  0
8.933333  0.559908  0
8.960000  0.559583  0
8.986667  0.559258  0
9.013333  0.558933  0
9.040000  0.558607  0
9.066667  0.558282  0
9.093333  0.557957  0
9.120000  0.557632  0
9.146667  0.557307  0
9.173333  0.556982  0
9.200000  0.556657  0
9.226667  0.556331  0
9.253333  0.556006  0
9.280000  0.555681  0
9.306667  0.555356  0
9.333333  0.555031  0
9.360000  0.554706  0
9.386667  0.554381  0
9.413333  0.554055  0
9.440000  0.553730  0
9.466667  0.553405  0
9.493333  0.553080  0
9.520000  0.552755  0
9.546667  0.552430  0
9.573333  0.552105  0
9.600000  0.551779  0
9.626667  0.551454  0
9.653333  0.551129  0
9.680000  0.550804  0
9.706667  0.550479  0
9.733333  0.550154  0
9.760000  0.549829  0
9.786667  0.549503  0
9.813333  0.549178  0
9.840000  0.548865  0
9.866667  0.548619  0
9.893333  0.548374  0
9.920000  0.548128  0
9.946667  0.547882  0
9.973333  0.547637  0
10.000000  0.547391  0
10.026667  0.547145  0
10.053333  0.546900  0
10.080000  0.546654  0
10.106667  0.546408  0
10.133333  0.546163  0
10.160000  0.545917  0
10.186667  0.545671  0
10.213333  0.545426  0
10.240000  0.545180  0
10.266667  0.544934  0
10.293333  0.544689  0
10.320000  0.544443  0
10.346667  0.544197  0
10.373333  0.543952  0
10.400000  0.543706  0
10.426667  0.543460  0
10.453333  0.543215  0
10.480000  0.542969  0
10.506667  0.542723  0
10.533333  0.542478  0
10.560000  0.542232  0
10.586667  0.541986  0
10.613333  0.541741  0
10.640000  0.541495  0
10.666667  0.541249  0
10.693333  0.541004  0
10.720000  0.540758  0
10.746667  0.540512  0
10.773333  0.540267  0
10.800000  0.540021  0
10.826667  0.539775  0
10.853333  0.539530  0
10.880000  0.539284  0
10.906667  0.539038  0
10.933333  0.538793  0
10.960000  0.538547  0
10.986667  0.538301  0
11.013333  0.538056  0
11.040000  0.537810  0
11.066667  0.537564  0
11.093333  0.537319  0
11.120000  0.537073  0
11.146667  0.536827  0
11.173333  0.536582  0
11.200000  0.536336  0
11.226667  0.536090  0
11.253333  0.535845  0
11.280000  0.535599  0
11.306667  0.535353  0
11.333333  0.535108  0
11.360000  0.534862  0
11.386667  0.534617  0
11.413333  0.534371  0
11.440000  0.534125  0
11.466667  0.533880  0
11.493333  0.533634  0
11.520000  0.533388  0
11.546667  0.533143  0
11.573333  0.532897  0
11.600000  0.532651  0
11.626667  0.532406  0
11.653333  0.532160  0
11.680000  0.531914  0
11.706667  0.531669  0
11.733333  0.531423  0
11.760000  0.531177  0
11.786667  0.530932  0
11.813333  0.530686  0
11.840000  0.530440  0
11.866667  0.530195  0
11.893333  0.529949  0
11.920000  0.529703  0
11.946667  0.529458  0
11.973333  0.529212  0
12.000000  0.528966  0
12.026667  0.528721  0
12.053333  0.528475  0
12.080000  0.528229  0
12.106667  0.527984  0
12.133333  0.527738  0
12.160000  0.527492  0
12.186667  0.527247  0
12.213333  0.527001  0
12.240000  0.526755  0
12.266667  0.526510  0
12.293333  0.526264  0
12.320000  0.526018  0
12.346667  0.525773  0
12.373333  0.525527  0
12.400000  0.525281  0
12.426667  0.525036  0
12.453333  0.524790  0
12.480000  0.524544  0
12.506667  0.524299  0
12.533333  0.524053  0
12.560000  0.523807  0
12.586667  0.523562  0
12.613333  0.523316  0
12.640000  0.523070  0
12.666667  0.522825  0
12.693333  0.522579  0
12.720000  0.522333  0
12.746667  0.522088  0
12.773333  0.521842  0
12.800000  0.521596  0
12.826667  0.521351  0
12.853333  0.521105  0
12.880000  0.520859  0
8.773333  0.795183  1
8.800000  0.794940  1
8.826667  0.794697  1
8.853333  0.794454  1
8.880000  0.794211  1
8.906667  0.793969  1
8.933333  0.793726  1
8.960000  0.793483  1
8.986667  0.793240  1
9.013333  0.792997  1
9.040000  0.792755  1
9.066667  0.792512  1
9.093333  0.792269  1
9.120000  0.792026  1
9.146667  0.791783  1
9.173333  0.791541  1
9.200000  0.791298  1
9.226667  0.791055  1
9.253333  0.790812  1
9.280000  0.790569  1
9.306667  0.790327  1
9.333333  0.790084  1
9.360000  0.789841  1
9.386667  0.789598  1
9.413333  0.789355  1
9.440000  0.789113  1
9.466667  0.788870  1
9.493333  0.788627  1
9.520000  0.788384  1
9.546667  0.788141  1
9.573333  0.787899  1
9.600000  0.787656  1
9.626667  0.787413  1
9.653333  0.787170  1
9.680000  0.786927  1
9.706667  0.786685  1
9.733333  0.786442  1
9.760000  0.786199  1
9.786667  0.785956  1
9.813333  0.785713  1
9.840000  0.785471  1
9.866667  0.785228  1
9.893333  0.784985  1
9.920000  0.784742  1
9.946667  0.784499  1
9.973333  0.784257  1
10.000000  0.784014  1
10.026667  0.783771  1
10.053333  0.783528  1
10.080000  0.783285  1
10.106667  0.783043  1
10.133333  0.782800  1
10.160000  0.782557  1
10.186667  0.782314  1
10.213333  0.782071  1
10.240000  0.781829  1
10.266667  0.781586  1
10.293333  0.781343  1
10.320000  0.781100  1
10.346667  0.780857  1
10.373333  0.780615  1
10.400000  0.780372  1
10.426667  0.780129  1
10.453333  0.779886  1
10.480000  0.779643  1
10.506667  0.779401  1
10.533333  0.779158  1
10.560000  0.778915  1
10.586667  0.778672  1
10.613333  0.778429  1
10.640000  0.778187  1
10.666667  0.777944  1
10.693333  0.777701  1
10.720000  0.777458  1
10.746667  0.777215  1
10.773333  0.776973  1
10.800000  0.776730  1
10.826667  0.776487  1
10.853333  0.776244  1
10.880000  0.776001  1
10.906667  0.775759  1
10.933333  0.775516  1
10.960000  0.775273  1
10.986667  0.775030  1
11.013333  0.774787  1
11.040000  0.774545  1
11.066667  0.774302  1
11.093333  0.774059  1
11.120000  0.773816  1
11.146667  0.773574  1
11.173333  0.773331  1
11.200000  0.773088  1
11.226667  0.772845  1
11.253333  0.772602  1
11.280000  0.772360  1
11.306667  0.772117  1
11.333333  0.771874  1
11.360000  0.771631  1
11.386667  0.771388  1
11.413333  0.771146  1
11.440000  0.770903  1
11.466667  0.770660  1
11.493333  0.770417  1
11.520000  0.770174  1
11.546667  0.769932  1
11.573333  0.769689  1
11.600000  0.769446  1
11.626667  0.769203  1
11.653333  0.768960  1
11.680000  0.768718  1
11.706667  0.768475  1
11.733333  0.768232  1
11.760000  0.767989  1
11.786667  0.767746  1
11.813333  0.767504  1
11.840000  0.767261  1
11.866667  0.767018  1
11.893333  0.766775  1
11.920000  0.766532  1
11.946667  0.766290  1
11.973333  0.766047  1
12.000000  0.765804  1
12.026667  0.765561  1
12.053333  0.765318  1
12.080000  0.765076  1
12.106667  0.764833  1
12.133333  0.764590  1
12.160000  0.764347  1
12.186667  0.764104  1
12.213333  0.763862  1
12.240000  0.763619  1
12.266667  0.763376  1
12.293333  0.763133  1
