2.373333  0.721908  0
2.400000  0.721029  0
2.426667  0.720149  0
2.453333  0.719270  0
2.480000  0.718391  0
2.506667  0.717511  0
2.533333  0.716632  0
2.560000  0.715753  0
2.586667  0.714874  0
2.613333  0.713994  0
2.640000  0.713115  0
2.666667  0.712236  0
2.693333  0.711356  0
2.720000  0.710477  0
2.746667  0.709598  0
2.773333  0.708719  0
2.800000  0.707839  0
2.826667  0.706960  0
2.853333  0.706081  0
2.880000  0.705202  0
2.906667  0.704322  0
2.933333  0.703443  0
2.960000  0.702564  0
2.986667  0.701684  0
3.013333  0.700805  0
3.040000  0.699926  0
3.066667  0.699047  0
3.093333  0.698167  0
3.120000  0.697288  0
3.146667  0.696409  0
3.173333  0.695529  0
3.200000  0.694650  0
3.226667  0.693771  0
3.253333  0.692892  0
3.280000  0.692012  0
3.306667  0.691133  0
3.333333  0.690254  0
3.360000  0.689374  0
3.386667  0.688495  0
3.413333  0.687616  0
3.440000  0.686737  0
3.466667  0.685857  0
3.493333  0.684978  0
3.520000  0.684099  0
3.546667  0.683219  0
3.573333  0.682340  0
3.600000  0.681461  0
3.626667  0.680582  0
3.653333  0.679702  0
3.680000  0.678823  0
3.706667  0.677944  0
3.733333  0.677065  0
3.760000  0.676185  0
3.786667  0.675306  0
3.813333  0.674427  0
3.840000  0.673547  0
3.866667  0.672668  0
3.893333  0.671789  0
3.920000  0.670910  0
3.946667  0.670031  0
3.973333  0.669181  0
4.000000  0.668331  0
4.026667  0.667481  0
4.053333  0.666632  0
4.080000  0.665782  0
4.106667  0.664932  0
4.133333  0.664082  0
4.160000  0.663232  0
4.186667  0.662383  0
4.213333  0.661533  0
4.240000  0.660683  0
4.266667  0.659833  0
4.293333  0.658983  0
4.320000  0.658134  0
4.346667  0.657284  0
4.373333  0.656434  0
4.400000  0.655584  0
4.426667  0.654734  0
4.453333  0.653885  0
4.480000  0.653035  0
4.506667  0.652185  0
4.533333  0.651335  0
4.560000  0.650486  0
4.586667  0.649636  0
4.613333  0.648786  0
4.640000  0.647936  0
4.666667  0.647086  0
4.693333  0.646237  0
4.720000  0.645387  0
4.746667  0.644537  0
4.773333  0.643687  0
4.800000  0.642837  0
4.826667  0.641988  0
4.853333  0.641138  0
4.880000  0.640288  0
4.906667  0.639438  0
4.933333  0.638588  0
4.960000  0.637739  0
4.986667  0.636889  0
5.013333  0.636039  0
5.040000  0.635189  0
5.066667  0.634339  0
5.093333  0.633490  0
5.120000  0.632640  0
5.146667  0.631790  0
5.173333  0.630940  0
5.200000  0.630090  0
5.226667  0.629241  0
5.253333  0.628391  0
5.280000  0.627541  0
5.306667  0.626691  0
5.333333  0.625841  0
5.360000  0.624992  0
5.386667  0.624142  0
5.413333  0.623292  0
5.440000  0.622442  0
5.466667  0.621592  0
5.493333  0.620743  0
5.520000  0.619893  0
5.546667  0.619043  0
5.573333  0.618193  0
5.600000  0.617343  0
5.626667  0.616494  0
5.653333  0.615644  0
5.680000  0.614794  0
5.706667  0.613944  0
5.733333  0.613184  0
5.760000  0.612516  0
5.786667  0.611849  0
5.813333  0.611181  0
5.840000  0.610513  0
5.866667  0.609845  0
5.893333  0.609178  0
5.920000  0.608510  0
5.946667  0.607842  0
5.973333  0.607175  0
6.000000  0.606507  0
6.026667  0.605839  0
6.053333  0.605172  0
6.080000  0.604504  0
6.106667  0.603836  0
6.133333  0.603168  0
6.160000  0.602501  0
6.186667  0.601833  0
6.213333  0.601165  0
6.240000  0.600498  0
6.266667  0.599830  0
6.293333  0.599162  0
6.320000  0.598495  0
6.346667  0.597827  0
6.373333  0.597159  0
6.400000  0.596491  0
6.426667  0.595824  0
6.453333  0.595156  0
6.480000  0.594488  0
6.506667  0.593821  0
6.533333  0.593153  0
6.560000  0.592485  0
6.586667  0.591818  0
6.613333  0.591150  0
6.640000  0.590482  0
6.666667  0.589815  0
6.693333  0.589147  0
6.720000  0.588479  0
6.746667  0.587811  0
6.773333  0.587144  0
6.800000  0.586476  0
6.826667  0.585808  0
6.853333  0.585141  0
6.880000  0.584473  0
6.906667  0.583805  0
6.933333  0.583138  0
6.960000  0.582470  0
6.986667  0.581802  0
7.013333  0.581134  0
7.040000  0.580467  0
7.066667  0.579799  0
7.093333  0.579131  0
7.120000  0.578464  0
7.146667  0.577796  0
7.173333  0.577128  0
7.200000  0.576461  0
7.226667  0.575793  0
7.253333  0.575125  0
7.280000  0.574457  0
7.306667  0.573790  0
7.333333  0.573122  0
7.360000  0.572454  0
7.386667  0.571787  0
7.413333  0.571119  0
7.440000  0.570451  0
7.466667  0.569784  0
7.493333  0.569116  0
7.520000  0.568400  0
7.546667  0.567683  0
7.573333  0.566966  0
7.600000  0.566248  0
7.626667  0.565531  0
7.653333  0.564813  0
7.680000  0.564096  0
7.706667  0.563379  0
7.733333  0.562661  0
7.760000  0.561944  0
7.786667  0.561227  0
7.813333  0.560509  0
7.840000  0.559792  0
7.866667  0.559075  0
7.893333  0.558357  0
7.920000  0.557640  0
7.946667  0.556922  0
7.973333  0.556205  0
8.000000  0.555488  0
8.026667  0.554770  0
8.053333  0.554053  0
8.080000  0.553336  0
8.106667  0.552618  0
8.133333  0.551901  0
8.160000  0.551184  0
8.186667  0.550466  0
8.213333  0.549749  0
8.240000  0.549032  0
8.266667  0.548314  0
8.293333  0.547597  0
8.320000  0.546879  0
8.346667  0.546162  0
8.373333  0.545445  0
8.400000  0.544727  0
8.426667  0.544010  0
8.453333  0.543293  0
8.480000  0.542575  0
8.506667  0.541858  0
8.533333  0.541141  0
8.560000  0.540423  0
8.586667  0.539706  0
8.613333  0.538988  0
8.640000  0.538271  0
8.666667  0.537554  0
8.693333  0.536836  0
8.720000  0.536119  0
8.746667  0.535402  0
8.773333  0.534684  0
8.800000  0.533967  0
8.826667  0.533250  0
8.853333  0.532532  0
8.880000  0.531815  0
8.906667  0.531097  0
8.933333  0.530380  0
8.960000  0.529663  0
8.986667  0.528945  0
9.013333  0.528369  0
9.040000  0.527862  0
9.066667  0.527355  0
9.093333  0.526847  0
9.120000  0.526340  0
9.146667  0.525833  0
9.173333  0.525325  0
9.200000  0.524818  0
9.226667  0.524311  0
9.253333  0.523804  0
9.280000  0.523296  0
9.306667  0.522789  0
9.333333  0.522282  0
9.360000  0.521775  0
9.386667  0.521267  0
9.413333  0.520760  0
9.440000  0.520253  0
9.466667  0.519745  0
9.493333  0.519238  0
9.520000  0.518731  0
9.546667  0.518224  0
9.573333  0.517716  0
9.600000  0.517209  0
9.626667  0.516702  0
9.653333  0.516194  0
9.680000  0.515687  0
9.706667  0.515180  0
9.733333  0.514673  0
9.760000  0.514165  0
9.786667  0.513658  0
9.813333  0.513151  0
9.840000  0.512644  0
9.866667  0.512136  0
9.893333  0.511629  0
9.920000  0.511122  0
9.946667  0.510614  0
9.973333  0.510107  0
10.000000  0.509600  0
10.026667  0.509093  0
10.053333  0.508585  0
10.080000  0.508078  0
10.106667  0.507571  0
10.133333  0.507064  0
10.160000  0.506556  0
10.186667  0.506049  0
10.213333  0.505542  0
10.240000  0.505034  0
10.266667  0.504527  0
10.293333  0.504020  0
10.320000  0.503513  0
10.346667  0.503005  0
10.373333  0.502498  0
10.400000  0.501991  0
10.426667  0.501483  0
10.453333  0.500976  0
10.480000  0.500469  0
10.506667  0.499962  0
10.533333  0.499454  0
10.560000  0.498947  0
10.586667  0.498440  0
10.613333  0.497933  0
10.640000  0.497425  0
10.666667  0.496918  0
10.693333  0.496411  0
10.720000  0.495903  0
10.746667  0.495396  0
10.773333  0.494889  0
10.800000  0.494382  0
10.826667  0.493874  0
10.853333  0.493367  0
10.880000  0.492860  0
10.906667  0.492362  0
10.933333  0.492226  0
10.960000  0.492089  0
10.986667  0.491953  0
11.013333  0.491816  0
11.040000  0.491680  0
11.066667  0.491543  0
11.093333  0.491406  0
11.120000  0.491270  0
11.146667  0.491133  0
11.173333  0.490997  0
11.200000  0.490860  0
11.226667  0.490723  0
11.253333  0.490587  0
11.280000  0.490450  0
11.306667  0.490314  0
11.333333  0.490177  0
11.360000  0.490041  0
11.386667  0.489904  0
11.413333  0.489767  0
11.440000  0.489631  0
11.466667  0.489494  0
11.493333  0.489358  0
11.520000  0.489221  0
11.546667  0.489085  0
11.573333  0.488948  0
11.600000  0.488811  0
11.626667  0.488675  0
11.653333  0.488538  0
11.680000  0.488402  0
11.706667  0.488265  0
11.733333  0.488129  0
11.760000  0.487992  0
11.786667  0.487855  0
11.813333  0.487719  0
11.840000  0.487582  0
11.866667  0.487446  0
11.893333  0.487309  0
11.920000  0.487173  0
11.946667  0.487036  0
11.973333  0.486899  0
12.000000  0.486763  0
12.026667  0.486626  0
12.053333  0.486490  0
12.080000  0.486353  0
12.106667  0.486217  0
12.133333  0.486080  0
12.160000  0.485943  0
12.186667  0.485807  0
12.213333  0.485670  0
12.240000  0.485534  0
12.266667  0.485397  0
12.293333  0.485261  0
12.320000  0.485124  0
12.346667  0.484987  0
12.373333  0.484851  0
12.400000  0.484714  0
12.426667  0.484578  0
12.453333  0.484441  0
12.480000  0.484304  0
12.506667  0.484168  0
12.533333  0.484031  0
12.560000  0.483895  0
12.586667  0.483758  0
12.613333  0.483622  0
12.640000  0.483485  0
12.666667  0.483348  0
12.693333  0.483212  0
12.720000  0.483075  0
12.746667  0.482939  0
12.773333  0.482802  0
12.800000  0.482666  0
12.826667  0.482529  0
12.853333  0.482392  0
12.880000  0.482256  0
12.906667  0.482119  0
12.933333  0.481983  0
12.960000  0.481846  0
12.986667  0.481710  0
13.013333  0.481573  0
13.040000  0.481436  0
13.066667  0.481300  0
13.093333  0.481163  0
13.120000  0.481027  0
13.146667  0.480890  0
13.173333  0.480754  0
13.200000  0.480617  0
13.226667  0.480480  0
19.413333  0.617540  1
19.440000  0.617253  1
19.466667  0.616966  1
19.493333  0.616679  1
19.520000  0.616392  1
19.546667  0.616105  1
19.573333  0.615818  1
19.600000  0.615531  1
19.626667  0.615244  1
19.653333  0.614958  1
19.680000  0.614671  1
19.706667  0.614384  1
19.733333  0.614097  1
19.760000  0.613810  1
19.786667  0.613523  1
19.813333  0.613236  1
19.840000  0.612949  1
19.866667  0.612662  1
19.893333  0.612375  1
19.920000  0.612088  1
19.946667  0.611801  1
19.973333  0.611514  1
20.000000  0.611227  1
20.026667  0.610940  1
20.053333  0.610653  1
20.080000  0.610366  1
20.106667  0.610079  1
20.133333  0.609793  1
20.160000  0.609506  1
20.186667  0.609219  1
20.213333  0.608932  1
20.240000  0.608645  1
20.266667  0.608358  1
20.293333  0.608071  1
20.320000  0.607784  1
20.346667  0.607497  1
20.373333  0.607210  1
20.400000  0.606923  1
20.426667  0.606636  1
20.453333  0.606349  1
20.480000  0.606062  1
20.506667  0.605775  1
20.533333  0.605488  1
20.560000  0.605201  1
20.586667  0.604914  1
20.613333  0.604628  1
20.640000  0.604341  1
20.666667  0.604054  1
20.693333  0.603767  1
20.720000  0.603480  1
20.746667  0.603193  1
20.773333  0.602906  1
20.800000  0.602619  1
20.826667  0.602332  1
20.853333  0.602045  1
20.880000  0.601758  1
20.906667  0.601471  1
20.933333  0.601184  1
20.960000  0.600897  1
20.986667  0.600610  1
21.013333  0.600323  1
21.040000  0.600036  1
21.066667  0.599749  1
21.093333  0.599463  1
21.120000  0.599176  1
21.146667  0.598889  1
21.173333  0.598602  1
21.200000  0.598315  1
21.226667  0.598028  1
21.253333  0.597741  1
21.280000  0.597454  1
21.306667  0.597167  1
21.333333  0.596880  1
21.360000  0.596593  1
21.386667  0.596306  1
21.413333  0.596019  1
21.440000  0.595732  1
21.466667  0.595445  1
21.493333  0.595158  1
21.520000  0.594871  1
21.546667  0.594584  1
21.573333  0.594298  1
21.600000  0.594011  1
21.626667  0.593724  1
21.653333  0.593437  1
21.680000  0.593150  1
21.706667  0.592863  1
21.733333  0.592576  1
21.760000  0.592289  1
21.786667  0.592002  1
21.813333  0.591715  1
21.840000  0.591428  1
21.866667  0.591141  1
21.893333  0.590854  1
21.920000  0.590567  1
21.946667  0.590280  1
21.973333  0.589993  1
22.000000  0.589706  1
22.026667  0.589419  1
22.053333  0.589133  1
22.080000  0.588846  1
22.106667  0.588559  1
22.133333  0.588272  1
22.160000  0.587985  1
22.186667  0.587698  1
22.213333  0.587411  1
22.240000  0.587124  1
22.266667  0.586837  1
22.293333  0.586550  1
22.320000  0.586263  1
22.346667  0.585976  1
22.373333  0.585689  1
22.400000  0.585402  1
22.426667  0.585115  1
22.453333  0.584828  1
22.480000  0.584541  1
22.506667  0.584254  1
22.533333  0.583967  1
22.560000  0.583681  1
22.586667  0.583394  1
22.613333  0.583107  1
22.640000  0.582820  1
22.666667  0.582533  1
22.693333  0.582246  1
22.720000  0.581959  1
22.746667  0.581672  1
22.773333  0.581385  1
22.800000  0.581098  1
22.826667  0.580811  1
22.853333  0.580524  1
22.880000  0.580237  1
22.906667  0.579950  1
22.933333  0.579663  1
22.960000  0.579376  1
22.986667  0.579089  1
23.013333  0.578802  1
23.040000  0.578516  1
23.066667  0.578229  1
23.093333  0.577942  1
23.120000  0.577655  1
23.146667  0.577368  1
23.173333  0.577081  1
23.200000  0.576794  1
23.226667  0.576507  1
23.253333  0.576220  1
23.280000  0.575933  1
23.306667  0.575646  1
23.333333  0.575359  1
23.360000  0.575072  1
23.386667  0.574785  1
23.413333  0.574498  1
23.440000  0.574211  1
23.466667  0.573924  1
23.493333  0.573637  1
23.520000  0.573351  1
23.546667  0.573064  1
23.573333  0.572777  1
23.600000  0.572490  1
23.626667  0.572203  1
23.653333  0.571916  1
23.680000  0.571629  1
23.706667  0.571342  1
23.733333  0.571055  1
23.760000  0.570768  1
23.786667  0.570481  1
23.813333  0.570194  1
23.840000  0.569907  1
23.866667  0.569620  1
23.893333  0.569333  1
