2.373333  0.709644  0
2.400000  0.708559  0
2.426667  0.707474  0
2.453333  0.706389  0
2.480000  0.705304  0
2.506667  0.704219  0
2.533333  0.703134  0
2.560000  0.702049  0
2.586667  0.700964  0
2.613333  0.699879  0
2.640000  0.698794  0
2.666667  0.697709  0
2.693333  0.696624  0
2.720000  0.695539  0
2.746667  0.694454  0
2.773333  0.693369  0
2.800000  0.692284  0
2.826667  0.691199  0
2.853333  0.690114  0
2.880000  0.689029  0
2.906667  0.687944  0
2.933333  0.686859  0
2.960000  0.685774  0
2.986667  0.684689  0
3.013333  0.683604  0
3.040000  0.682519  0
3.066667  0.681434  0
3.093333  0.680349  0
3.120000  0.679264  0
3.146667  0.678179  0
3.173333  0.677094  0
3.200000  0.676009  0
3.226667  0.674924  0
3.253333  0.673839  0
3.280000  0.672754  0
3.306667  0.671669  0
3.333333  0.670584  0
3.360000  0.669499  0
3.386667  0.668414  0
3.413333  0.667329  0
3.440000  0.666244  0
3.466667  0.665391  0
3.493333  0.664602  0
3.520000  0.663813  0
3.546667  0.663024  0
3.573333  0.662234  0
3.600000  0.661445  0
3.626667  0.660656  0
3.653333  0.659867  0
3.680000  0.659078  0
3.706667  0.658289  0
3.733333  0.657500  0
3.760000  0.656711  0
3.786667  0.655922  0
3.813333  0.655133  0
3.840000  0.654343  0
3.866667  0.653554  0
3.893333  0.652765  0
3.920000  0.651976  0
3.946667  0.651187  0
3.973333  0.650398  0
4.000000  0.649609  0
4.026667  0.648820  0
4.053333  0.648031  0
4.080000  0.647242  0
4.106667  0.646452  0
4.133333  0.645663  0
4.160000  0.644874  0
4.186667  0.644085  0
4.213333  0.643296  0
4.240000  0.642507  0
4.266667  0.641718  0
4.293333  0.640929  0
4.320000  0.640140  0
4.346667  0.639351  0
4.373333  0.638561  0
4.400000  0.637772  0
4.426667  0.636983  0
4.453333  0.636194  0
4.480000  0.635405  0
4.506667  0.634616  0
4.533333  0.633827  0
4.560000  0.633038  0
4.586667  0.632249  0
4.613333  0.631460  0
4.640000  0.630671  0
4.666667  0.629881  0
4.693333  0.629092  0
4.720000  0.628303  0
4.746667  0.627514  0
4.773333  0.626725  0
4.800000  0.625936  0
4.826667  0.625147  0
4.853333  0.624358  0
4.880000  0.623569  0
4.906667  0.622780  0
4.933333  0.621990  0
4.960000  0.621201  0
4.986667  0.620412  0
5.013333  0.619623  0
5.040000  0.618834  0
5.066667  0.618045  0
5.093333  0.617182  0
5.120000  0.616196  0
5.146667  0.615209  0
5.173333  0.614223  0
5.200000  0.613237  0
5.226667  0.612250  0
5.253333  0.611264  0
5.280000  0.610278  0
5.306667  0.609291  0
5.333333  0.608305  0
5.360000  0.607318  0
5.386667  0.606332  0
5.413333  0.605346  0
5.440000  0.604359  0
5.466667  0.603373  0
5.493333  0.602387  0
5.520000  0.601400  0
5.546667  0.600414  0
5.573333  0.599428  0
5.600000  0.598441  0
5.626667  0.597455  0
5.653333  0.596468  0
5.680000  0.595482  0
5.706667  0.594496  0
5.733333  0.593509  0
5.760000  0.592523  0
5.786667  0.591537  0
5.813333  0.590550  0
5.840000  0.589564  0
5.866667  0.588577  0
5.893333  0.587591  0
5.920000  0.586605  0
5.946667  0.585618  0
5.973333  0.584632  0
6.000000  0.583646  0
6.026667  0.582659  0
6.053333  0.581673  0
6.080000  0.580686  0
6.106667  0.579700  0
6.133333  0.578714  0
6.160000  0.577727  0
6.186667  0.576741  0
6.213333  0.575755  0
6.240000  0.574768  0
6.266667  0.573782  0
6.293333  0.572795  0
6.320000  0.571809  0
6.346667  0.570823  0
6.373333  0.569836  0
6.400000  0.568850  0
6.426667  0.567864  0
6.453333  0.566877  0
6.480000  0.565891  0
6.506667  0.564904  0
6.533333  0.563918  0
6.560000  0.562932  0
6.586667  0.561945  0
6.613333  0.560959  0
6.640000  0.559973  0
6.666667  0.558986  0
6.693333  0.558000  0
6.720000  0.557014  0
6.746667  0.556203  0
6.773333  0.555399  0
6.800000  0.554595  0
6.826667  0.553791  0
6.853333  0.552987  0
6.880000  0.552183  0
6.906667  0.551379  0
6.933333  0.550575  0
6.960000  0.549771  0
6.986667  0.548967  0
7.013333  0.548163  0
7.040000  0.547359  0
7.066667  0.546555  0
7.093333  0.545751  0
7.120000  0.544947  0
7.146667  0.544143  0
7.173333  0.543339  0
7.200000  0.542535  0
7.226667  0.541731  0
7.253333  0.540927  0
7.280000  0.540123  0
7.306667  0.539319  0
7.333333  0.538515  0
7.360000  0.537711  0
7.386667  0.536907  0
7.413333  0.536103  0
7.440000  0.535299  0
7.466667  0.534495  0
7.493333  0.533691  0
7.520000  0.532887  0
7.546667  0.532083  0
7.573333  0.531279  0
7.600000  0.530475  0
7.626667  0.529671  0
7.653333  0.528867  0
7.680000  0.528063  0
7.706667  0.527259  0
7.733333  0.526455  0
7.760000  0.525651  0
7.786667  0.524847  0
7.813333  0.524043  0
7.840000  0.523239  0
7.866667  0.522435  0
7.893333  0.521631  0
7.920000  0.520827  0
7.946667  0.520023  0
7.973333  0.519219  0
8.000000  0.518415  0
8.026667  0.517611  0
8.053333  0.516808  0
8.080000  0.516004  0
8.106667  0.515200  0
8.133333  0.514396  0
8.160000  0.513592  0
8.186667  0.512788  0
8.213333  0.511984  0
8.240000  0.511180  0
8.266667  0.510376  0
8.293333  0.509572  0
8.320000  0.508768  0
8.346667  0.507964  0
8.373333  0.507160  0
8.400000  0.506356  0
8.426667  0.505552  0
8.453333  0.504748  0
8.480000  0.503944  0
8.506667  0.503140  0
8.533333  0.502336  0
8.560000  0.501532  0
8.586667  0.500728  0
8.613333  0.499924  0
8.640000  0.499120  0
8.666667  0.498316  0
8.693333  0.497512  0
8.720000  0.496708  0
8.746667  0.495904  0
8.773333  0.495100  0
8.800000  0.494296  0
8.826667  0.493492  0
8.853333  0.492688  0
8.880000  0.491884  0
8.906667  0.491080  0
8.933333  0.490276  0
8.960000  0.489472  0
8.986667  0.488668  0
9.013333  0.487864  0
9.040000  0.487060  0
9.066667  0.486256  0
9.093333  0.485452  0
9.120000  0.484648  0
8.453333  0.714368  1
8.480000  0.713664  1
8.506667  0.712960  1
8.533333  0.712256  1
8.560000  0.711552  1
8.586667  0.710849  1
8.613333  0.710145  1
8.640000  0.709441  1
8.666667  0.708737  1
8.693333  0.708033  1
8.720000  0.707330  1
8.746667  0.706626  1
8.773333  0.705922  1
8.800000  0.705218  1
8.826667  0.704515  1
8.853333  0.703811  1
8.880000  0.703107  1
8.906667  0.702403  1
8.933333  0.701699  1
8.960000  0.700996  1
8.986667  0.700292  1
9.013333  0.699588  1
9.040000  0.698884  1
9.066667  0.698180  1
9.093333  0.697477  1
9.120000  0.696773  1
9.146667  0.696069  1
9.173333  0.695365  1
9.200000  0.694661  1
9.226667  0.693958  1
9.253333  0.693254  1
9.280000  0.692550  1
9.306667  0.691846  1
9.333333  0.691143  1
9.360000  0.690439  1
9.386667  0.689735  1
9.413333  0.689031  1
9.440000  0.688327  1
9.466667  0.687624  1
9.493333  0.686920  1
9.520000  0.686216  1
9.546667  0.685512  1
9.573333  0.684808  1
9.600000  0.684105  1
9.626667  0.683401  1
9.653333  0.682697  1
9.680000  0.681993  1
9.706667  0.681289  1
9.733333  0.680586  1
9.760000  0.679882  1
9.786667  0.679178  1
9.813333  0.678474  1
9.840000  0.677771  1
9.866667  0.677067  1
9.893333  0.676363  1
9.920000  0.675659  1
9.946667  0.674955  1
9.973333  0.674252  1
10.000000  0.673548  1
10.026667  0.672844  1
10.053333  0.672140  1
10.080000  0.671436  1
10.106667  0.670733  1
