1.733333  0.768997  0
1.760000  0.767440  0
1.786667  0.765882  0
1.813333  0.764325  0
1.840000  0.762767  0
1.866667  0.761209  0
1.893333  0.759652  0
1.920000  0.758094  0
1.946667  0.756537  0
1.973333  0.754979  0
2.000000  0.753421  0
2.026667  0.751864  0
2.053333  0.750306  0
2.080000  0.748748  0
2.106667  0.747191  0
2.133333  0.745633  0
2.160000  0.744076  0
2.186667  0.742518  0
2.213333  0.740960  0
2.240000  0.739403  0
2.266667  0.737845  0
2.293333  0.736288  0
2.320000  0.734730  0
2.346667  0.733172  0
2.373333  0.731615  0
2.400000  0.730057  0
2.426667  0.728499  0
2.453333  0.726942  0
2.480000  0.725384  0
2.506667  0.723827  0
2.533333  0.722269  0
2.560000  0.720711  0
2.586667  0.719154  0
2.613333  0.717596  0
2.640000  0.716039  0
2.666667  0.714481  0
2.693333  0.712923  0
2.720000  0.711366  0
2.746667  0.709808  0
2.773333  0.708250  0
2.800000  0.706693  0
2.826667  0.705135  0
2.853333  0.703578  0
2.880000  0.702020  0
2.906667  0.700462  0
2.933333  0.698905  0
2.960000  0.697347  0
2.986667  0.695790  0
3.013333  0.694232  0
3.040000  0.692674  0
3.066667  0.691117  0
3.093333  0.689559  0
3.120000  0.688001  0
3.146667  0.686444  0
3.173333  0.684886  0
3.200000  0.683329  0
3.226667  0.681771  0
3.253333  0.680213  0
3.280000  0.678656  0
3.306667  0.677098  0
3.333333  0.675541  0
3.360000  0.673997  0
3.386667  0.672652  0
3.413333  0.671306  0
3.440000  0.669961  0
3.466667  0.668616  0
3.493333  0.667270  0
3.520000  0.665925  0
3.546667  0.664580  0
3.573333  0.663235  0
3.600000  0.661889  0
3.626667  0.660544  0
3.653333  0.659199  0
3.680000  0.657853  0
3.706667  0.656508  0
3.733333  0.655163  0
3.760000  0.653818  0
3.786667  0.652472  0
3.813333  0.651127  0
3.840000  0.649782  0
3.866667  0.648436  0
3.893333  0.647091  0
3.920000  0.645746  0
3.946667  0.644401  0
3.973333  0.643055  0
4.000000  0.641710  0
4.026667  0.640365  0
4.053333  0.639019  0
4.080000  0.637674  0
4.106667  0.636329  0
4.133333  0.634984  0
4.160000  0.633638  0
4.186667  0.632293  0
4.213333  0.630948  0
4.240000  0.629602  0
4.266667  0.628257  0
4.293333  0.626912  0
4.320000  0.625567  0
4.346667  0.624221  0
4.373333  0.622876  0
4.400000  0.621531  0
4.426667  0.620185  0
4.453333  0.618840  0
4.480000  0.617495  0
4.506667  0.616150  0
4.533333  0.614804  0
4.560000  0.613459  0
4.586667  0.612114  0
4.613333  0.610768  0
4.640000  0.609423  0
4.666667  0.608078  0
4.693333  0.606733  0
4.720000  0.605387  0
4.746667  0.604042  0
4.773333  0.602697  0
4.800000  0.601351  0
4.826667  0.600006  0
4.853333  0.598661  0
4.880000  0.597316  0
4.906667  0.595970  0
4.933333  0.594625  0
4.960000  0.593280  0
4.986667  0.591934  0
5.013333  0.590589  0
5.040000  0.589244  0
5.066667  0.587899  0
5.093333  0.586553  0
5.120000  0.585208  0
5.146667  0.583863  0
5.173333  0.582517  0
5.200000  0.581178  0
5.226667  0.580057  0
5.253333  0.578936  0
5.280000  0.577816  0
5.306667  0.576695  0
5.333333  0.575574  0
5.360000  0.574453  0
5.386667  0.573333  0
5.413333  0.572212  0
5.440000  0.571091  0
5.466667  0.569970  0
5.493333  0.568850  0
5.520000  0.567729  0
5.546667  0.566608  0
5.573333  0.565487  0
5.600000  0.564366  0
5.626667  0.563246  0
5.653333  0.562125  0
5.680000  0.561004  0
5.706667  0.559883  0
5.733333  0.558763  0
5.760000  0.557642  0
5.786667  0.556521  0
5.813333  0.555400  0
5.840000  0.554280  0
5.866667  0.553159  0
5.893333  0.552038  0
5.920000  0.550917  0
5.946667  0.549797  0
5.973333  0.548676  0
6.000000  0.547555  0
6.026667  0.546434  0
6.053333  0.545314  0
6.080000  0.544193  0
6.106667  0.543072  0
6.133333  0.541951  0
6.160000  0.540831  0
6.186667  0.539710  0
6.213333  0.538589  0
6.240000  0.537468  0
6.266667  0.536348  0
6.293333  0.535227  0
6.320000  0.534106  0
6.346667  0.532985  0
6.373333  0.531865  0
6.400000  0.530744  0
6.426667  0.529623  0
6.453333  0.528502  0
6.480000  0.527381  0
6.506667  0.526261  0
6.533333  0.525140  0
6.560000  0.524019  0
6.586667  0.522898  0
6.613333  0.521778  0
6.640000  0.520657  0
6.666667  0.519536  0
6.693333  0.518415  0
6.720000  0.517295  0
6.746667  0.516174  0
6.773333  0.515053  0
6.800000  0.513932  0
6.826667  0.512812  0
6.853333  0.511691  0
6.880000  0.510570  0
6.906667  0.509449  0
6.933333  0.508329  0
6.960000  0.507208  0
6.986667  0.506087  0
7.013333  0.504966  0
7.040000  0.503846  0
7.066667  0.502725  0
7.093333  0.501604  0
7.120000  0.500483  0
7.146667  0.499363  0
7.173333  0.498242  0
7.200000  0.497121  0
7.226667  0.496000  0
7.253333  0.494880  0
7.280000  0.493759  0
7.306667  0.492638  0
7.333333  0.491768  0
7.360000  0.490978  0
7.386667  0.490189  0
7.413333  0.489399  0
7.440000  0.488610  0
7.466667  0.487820  0
7.493333  0.487030  0
7.520000  0.486241  0
7.546667  0.485451  0
7.573333  0.484661  0
7.600000  0.483872  0
7.626667  0.483082  0
7.653333  0.482293  0
7.680000  0.481503  0
7.706667  0.480713  0
7.733333  0.479924  0
7.760000  0.479134  0
7.786667  0.478344  0
7.813333  0.477555  0
7.840000  0.476765  0
7.866667  0.475976  0
7.893333  0.475186  0
7.920000  0.474396  0
7.946667  0.473607  0
7.973333  0.472817  0
8.000000  0.472027  0
8.026667  0.471238  0
8.053333  0.470448  0
8.080000  0.469659  0
8.106667  0.468869  0
8.133333  0.468079  0
8.160000  0.467290  0
8.186667  0.466500  0
8.213333  0.465710  0
8.240000  0.464921  0
8.266667  0.464131  0
8.293333  0.463342  0
8.320000  0.462552  0
8.346667  0.461762  0
8.373333  0.460973  0
8.400000  0.460183  0
8.426667  0.459393  0
8.453333  0.458604  0
8.480000  0.457814  0
8.506667  0.457025  0
8.533333  0.456235  0
8.560000  0.455445  0
8.586667  0.454656  0
8.613333  0.453866  0
8.640000  0.453076  0
8.666667  0.452287  0
8.693333  0.451798  0
8.720000  0.451495  0
8.746667  0.451193  0
8.773333  0.450890  0
8.800000  0.450588  0
8.826667  0.450286  0
8.853333  0.449983  0
8.880000  0.449681  0
8.906667  0.449378  0
8.933333  0.449076  0
8.960000  0.448773  0
8.986667  0.448471  0
9.013333  0.448169  0
9.040000  0.447866  0
9.066667  0.447564  0
9.093333  0.447261  0
9.120000  0.446959  0
9.146667  0.446657  0
9.173333  0.446354  0
9.200000  0.446052  0
9.226667  0.445749  0
9.253333  0.445447  0
9.280000  0.445145  0
9.306667  0.444842  0
9.333333  0.444540  0
9.360000  0.444237  0
9.386667  0.443935  0
9.413333  0.443632  0
9.440000  0.443330  0
9.466667  0.443028  0
9.493333  0.442725  0
9.520000  0.442423  0
9.546667  0.442120  0
9.573333  0.441818  0
9.600000  0.441516  0
9.626667  0.441213  0
9.653333  0.440911  0
9.680000  0.440608  0
9.706667  0.440306  0
9.733333  0.440004  0
9.760000  0.439701  0
9.786667  0.439399  0
9.813333  0.439096  0
9.840000  0.438794  0
9.866667  0.438492  0
9.893333  0.438189  0
9.920000  0.437887  0
9.946667  0.437584  0
9.973333  0.437282  0
10.000000  0.436979  0
10.026667  0.436677  0
10.053333  0.436375  0
10.080000  0.436072  0
10.106667  0.435770  0
10.133333  0.435467  0
10.160000  0.435165  0
10.186667  0.434863  0
10.213333  0.434560  0
10.240000  0.434258  0
10.266667  0.433955  0
10.293333  0.433653  0
10.320000  0.433351  0
10.346667  0.433048  0
10.373333  0.432746  0
10.400000  0.432443  0
10.426667  0.432141  0
10.453333  0.431839  0
10.480000  0.431536  0
10.506667  0.431234  0
10.533333  0.430931  0
10.560000  0.430629  0
10.586667  0.430326  0
10.613333  0.430024  0
10.640000  0.429722  0
10.666667  0.429419  0
10.693333  0.429117  0
10.720000  0.428814  0
10.746667  0.428512  0
10.773333  0.428210  0
10.800000  0.427907  0
10.826667  0.427693  0
10.853333  0.427568  0
10.880000  0.427444  0
10.906667  0.427319  0
10.933333  0.427194  0
10.960000  0.427070  0
10.986667  0.426945  0
11.013333  0.426820  0
11.040000  0.426696  0
11.066667  0.426571  0
11.093333  0.426446  0
11.120000  0.426321  0
11.146667  0.426197  0
11.173333  0.426072  0
11.200000  0.425947  0
11.226667  0.425823  0
11.253333  0.425698  0
11.280000  0.425573  0
11.306667  0.425449  0
11.333333  0.425324  0
11.360000  0.425199  0
11.386667  0.425075  0
11.413333  0.424950  0
11.440000  0.424825  0
11.466667  0.424701  0
11.493333  0.424576  0
11.520000  0.424451  0
11.546667  0.424327  0
11.573333  0.424202  0
11.600000  0.424077  0
11.626667  0.423953  0
11.653333  0.423828  0
11.680000  0.423703  0
11.706667  0.423579  0
11.733333  0.423454  0
11.760000  0.423329  0
11.786667  0.423205  0
11.813333  0.423080  0
11.840000  0.422955  0
11.866667  0.422831  0
11.893333  0.422706  0
11.920000  0.422581  0
11.946667  0.422456  0
11.973333  0.422332  0
12.000000  0.422207  0
12.026667  0.422082  0
12.053333  0.421958  0
12.080000  0.421833  0
12.106667  0.421708  0
12.133333  0.421584  0
12.160000  0.421459  0
12.186667  0.421334  0
12.213333  0.421210  0
12.240000  0.421085  0
12.266667  0.420960  0
12.293333  0.420836  0
12.320000  0.420711  0
12.346667  0.420586  0
12.373333  0.420462  0
12.400000  0.420337  0
12.426667  0.420212  0
12.453333  0.420088  0
12.480000  0.419963  0
12.506667  0.419838  0
12.533333  0.419714  0
12.560000  0.419589  0
12.586667  0.419464  0
12.613333  0.419340  0
12.640000  0.419215  0
12.666667  0.419090  0
12.693333  0.418966  0
12.720000  0.418841  0
12.746667  0.418716  0
12.773333  0.418591  0
12.800000  0.418467  0
12.826667  0.418342  0
12.853333  0.418217  0
12.880000  0.418093  0
12.906667  0.417968  0
12.933333  0.417843  0
12.960000  0.417719  0
12.986667  0.417594  0
13.013333  0.417469  0
13.040000  0.417345  0
13.066667  0.417220  0
13.093333  0.417095  0
13.120000  0.416971  0
13.146667  0.416846  0
13.173333  0.416721  0
13.200000  0.416597  0
13.226667  0.416472  0
13.253333  0.416347  0
13.280000  0.416223  0
13.306667  0.416098  0
13.333333  0.415973  0
13.360000  0.415849  0
13.386667  0.415724  0
11.973333  0.621177  1
12.000000  0.620657  1
12.026667  0.620137  1
12.053333  0.619618  1
12.080000  0.619098  1
12.106667  0.618578  1
12.133333  0.618059  1
12.160000  0.617539  1
12.186667  0.617020  1
12.213333  0.616500  1
12.240000  0.615980  1
12.266667  0.615461  1
12.293333  0.614941  1
12.320000  0.614421  1
12.346667  0.613902  1
12.373333  0.613382  1
12.400000  0.612862  1
12.426667  0.612343  1
12.453333  0.611823  1
12.480000  0.611303  1
12.506667  0.610784  1
12.533333  0.610264  1
12.560000  0.609744  1
12.586667  0.609225  1
12.613333  0.608705  1
12.640000  0.608185  1
12.666667  0.607666  1
12.693333  0.607146  1
12.720000  0.606627  1
12.746667  0.606107  1
12.773333  0.605587  1
12.800000  0.605068  1
12.826667  0.604548  1
12.853333  0.604028  1
12.880000  0.603509  1
12.906667  0.602989  1
12.933333  0.602469  1
12.960000  0.601950  1
12.986667  0.601430  1
13.013333  0.600910  1
13.040000  0.600391  1
13.066667  0.599871  1
13.093333  0.599351  1
13.120000  0.598832  1
13.146667  0.598312  1
13.173333  0.597792  1
13.200000  0.597273  1
13.226667  0.596753  1
13.253333  0.596234  1
13.280000  0.595714  1
13.306667  0.595194  1
13.333333  0.594675  1
13.360000  0.594155  1
13.386667  0.593635  1
13.413333  0.593116  1
13.440000  0.592596  1
13.466667  0.592076  1
13.493333  0.591557  1
13.520000  0.591037  1
13.546667  0.590517  1
13.573333  0.589998  1
13.600000  0.589478  1
13.626667  0.588958  1
13.653333  0.588439  1
13.680000  0.587919  1
13.706667  0.587399  1
13.733333  0.586880  1
13.760000  0.586360  1
13.786667  0.585841  1
13.813333  0.585321  1
