1.573333  0.746139  0
1.600000  0.744560  0
1.626667  0.742981  0
1.653333  0.741402  0
1.680000  0.739822  0
1.706667  0.738243  0
1.733333  0.736664  0
1.760000  0.735085  0
1.786667  0.733505  0
1.813333  0.731926  0
1.840000  0.730347  0
1.866667  0.728768  0
1.893333  0.727188  0
1.920000  0.725609  0
1.946667  0.724030  0
1.973333  0.722451  0
2.000000  0.720871  0
2.026667  0.719292  0
2.053333  0.717713  0
2.080000  0.716134  0
2.106667  0.714554  0
2.133333  0.712975  0
2.160000  0.711396  0
2.186667  0.709817  0
2.213333  0.708237  0
2.240000  0.706658  0
2.266667  0.705079  0
2.293333  0.703500  0
2.320000  0.701920  0
2.346667  0.700341  0
2.373333  0.698762  0
2.400000  0.697183  0
2.426667  0.695603  0
2.453333  0.694024  0
2.480000  0.692445  0
2.506667  0.690866  0
2.533333  0.689286  0
2.560000  0.687707  0
2.586667  0.686128  0
2.613333  0.684549  0
2.640000  0.682969  0
2.666667  0.681419  0
2.693333  0.679900  0
2.720000  0.678380  0
2.746667  0.676860  0
2.773333  0.675341  0
2.800000  0.673821  0
2.826667  0.672301  0
2.853333  0.670782  0
2.880000  0.669262  0
2.906667  0.667742  0
2.933333  0.666223  0
2.960000  0.664703  0
2.986667  0.663183  0
3.013333  0.661664  0
3.040000  0.660144  0
3.066667  0.658625  0
3.093333  0.657105  0
3.120000  0.655585  0
3.146667  0.654066  0
3.173333  0.652546  0
3.200000  0.651026  0
3.226667  0.649507  0
3.253333  0.647987  0
3.280000  0.646467  0
3.306667  0.644948  0
3.333333  0.643428  0
3.360000  0.641908  0
3.386667  0.640389  0
3.413333  0.638869  0
3.440000  0.637349  0
3.466667  0.635830  0
3.493333  0.634310  0
3.520000  0.632790  0
3.546667  0.631271  0
3.573333  0.629751  0
3.600000  0.628231  0
3.626667  0.626712  0
3.653333  0.625192  0
3.680000  0.623672  0
3.706667  0.622153  0
3.733333  0.620633  0
3.760000  0.619114  0
3.786667  0.617594  0
3.813333  0.616074  0
3.840000  0.614555  0
3.866667  0.613156  0
3.893333  0.612022  0
3.920000  0.610887  0
3.946667  0.609753  0
3.973333  0.608618  0
4.000000  0.607484  0
4.026667  0.606350  0
4.053333  0.605215  0
4.080000  0.604081  0
4.106667  0.602946  0
4.133333  0.601812  0
4.160000  0.600678  0
4.186667  0.599543  0
4.213333  0.598409  0
4.240000  0.597274  0
4.266667  0.596140  0
4.293333  0.595006  0
4.320000  0.593871  0
4.346667  0.592737  0
4.373333  0.591602  0
4.400000  0.590468  0
4.426667  0.589334  0
4.453333  0.588199  0
4.480000  0.587065  0
4.506667  0.585931  0
4.533333  0.584796  0
4.560000  0.583662  0
4.586667  0.582527  0
4.613333  0.581393  0
4.640000  0.580259  0
4.666667  0.579124  0
4.693333  0.577990  0
4.720000  0.576855  0
4.746667  0.575721  0
4.773333  0.574587  0
4.800000  0.573452  0
4.826667  0.572318  0
4.853333  0.571183  0
4.880000  0.570049  0
4.906667  0.568915  0
4.933333  0.567780  0
4.960000  0.566646  0
4.986667  0.565512  0
5.013333  0.564377  0
5.040000  0.563243  0
5.066667  0.562108  0
5.093333  0.560974  0
5.120000  0.559840  0
5.146667  0.558705  0
5.173333  0.557571  0
5.200000  0.556436  0
5.226667  0.555302  0
5.253333  0.554168  0
5.280000  0.553033  0
5.306667  0.551899  0
5.333333  0.550764  0
5.360000  0.549630  0
5.386667  0.548496  0
5.413333  0.547361  0
5.440000  0.546227  0
5.466667  0.545092  0
5.493333  0.543951  0
5.520000  0.542807  0
5.546667  0.541664  0
5.573333  0.540520  0
5.600000  0.539376  0
5.626667  0.538233  0
5.653333  0.537089  0
5.680000  0.535946  0
5.706667  0.534802  0
5.733333  0.533658  0
5.760000  0.532515  0
5.786667  0.531371  0
5.813333  0.530228  0
5.840000  0.529084  0
5.866667  0.527940  0
5.893333  0.526797  0
5.920000  0.525653  0
5.946667  0.524510  0
5.973333  0.523366  0
6.000000  0.522222  0
6.026667  0.521079  0
6.053333  0.519935  0
6.080000  0.518792  0
6.106667  0.517648  0
6.133333  0.516504  0
6.160000  0.515361  0
6.186667  0.514217  0
6.213333  0.513074  0
6.240000  0.511930  0
6.266667  0.510787  0
6.293333  0.509643  0
6.320000  0.508499  0
6.346667  0.507356  0
6.373333  0.506212  0
6.400000  0.505069  0
6.426667  0.503925  0
6.453333  0.502781  0
6.480000  0.501638  0
6.506667  0.500494  0
6.533333  0.499351  0
6.560000  0.498207  0
6.586667  0.497063  0
6.613333  0.495920  0
6.640000  0.494776  0
6.666667  0.493633  0
6.693333  0.492489  0
6.720000  0.491345  0
6.746667  0.490202  0
6.773333  0.489058  0
6.800000  0.488015  0
6.826667  0.487148  0
6.853333  0.486281  0
6.880000  0.485415  0
6.906667  0.484548  0
6.933333  0.483681  0
6.960000  0.482815  0
6.986667  0.481948  0
7.013333  0.481081  0
7.040000  0.480215  0
7.066667  0.479348  0
7.093333  0.478481  0
7.120000  0.477615  0
7.146667  0.476748  0
7.173333  0.475881  0
7.200000  0.475015  0
7.226667  0.474148  0
7.253333  0.473281  0
7.280000  0.472415  0
7.306667  0.471548  0
7.333333  0.470681  0
7.360000  0.469815  0
7.386667  0.468948  0
7.413333  0.468081  0
7.440000  0.467215  0
7.466667  0.466348  0
7.493333  0.465482  0
7.520000  0.464615  0
7.546667  0.463748  0
7.573333  0.462882  0
7.600000  0.462015  0
7.626667  0.461148  0
7.653333  0.460282  0
7.680000  0.459415  0
7.706667  0.458548  0
7.733333  0.457682  0
7.760000  0.456815  0
7.786667  0.455948  0
7.813333  0.455082  0
7.840000  0.454215  0
7.866667  0.453348  0
7.893333  0.452482  0
7.920000  0.451615  0
7.946667  0.450748  0
7.973333  0.449882  0
8.000000  0.449015  0
8.026667  0.448148  0
8.053333  0.447282  0
8.080000  0.446415  0
8.106667  0.445548  0
8.133333  0.444682  0
8.160000  0.443815  0
8.186667  0.442948  0
8.213333  0.442082  0
8.240000  0.441215  0
8.266667  0.440348  0
8.293333  0.439482  0
8.320000  0.438615  0
8.346667  0.437748  0
8.373333  0.436882  0
8.400000  0.436015  0
8.426667  0.435148  0
8.453333  0.434282  0
8.480000  0.433415  0
8.506667  0.432548  0
8.533333  0.431682  0
8.560000  0.430815  0
8.586667  0.429948  0
8.613333  0.429082  0
8.640000  0.428215  0
8.666667  0.427643  0
8.693333  0.427404  0
8.720000  0.427165  0
8.746667  0.426926  0
8.773333  0.426687  0
8.800000  0.426448  0
8.826667  0.426209  0
8.853333  0.425971  0
8.880000  0.425732  0
8.906667  0.425493  0
8.933333  0.425254  0
8.960000  0.425015  0
8.986667  0.424776  0
9.013333  0.424537  0
9.040000  0.424298  0
9.066667  0.424060  0
9.093333  0.423821  0
9.120000  0.423582  0
9.146667  0.423343  0
9.173333  0.423104  0
9.200000  0.422865  0
9.226667  0.422626  0
9.253333  0.422387  0
9.280000  0.422149  0
9.306667  0.421910  0
9.333333  0.421671  0
9.360000  0.421432  0
9.386667  0.421193  0
9.413333  0.420954  0
9.440000  0.420715  0
9.466667  0.420476  0
9.493333  0.420238  0
9.520000  0.419999  0
9.546667  0.419760  0
9.573333  0.419521  0
9.600000  0.419282  0
9.626667  0.419043  0
9.653333  0.418804  0
9.680000  0.418565  0
9.706667  0.418327  0
9.733333  0.418088  0
9.760000  0.417849  0
9.786667  0.417610  0
9.813333  0.417371  0
9.840000  0.417132  0
9.866667  0.416893  0
9.893333  0.416654  0
9.920000  0.416415  0
9.946667  0.416177  0
9.973333  0.415938  0
10.000000  0.415699  0
10.026667  0.415460  0
10.053333  0.415221  0
10.080000  0.414982  0
10.106667  0.414743  0
10.133333  0.414504  0
10.160000  0.414266  0
10.186667  0.414027  0
10.213333  0.413788  0
10.240000  0.413549  0
10.266667  0.413310  0
10.293333  0.413071  0
10.320000  0.412832  0
10.346667  0.412593  0
10.373333  0.412355  0
10.400000  0.412116  0
10.426667  0.411877  0
10.453333  0.411638  0
10.480000  0.411399  0
10.506667  0.411160  0
10.533333  0.410921  0
10.560000  0.410682  0
10.586667  0.410444  0
10.613333  0.410205  0
10.640000  0.409966  0
10.666667  0.409727  0
10.693333  0.409488  0
10.720000  0.409249  0
10.746667  0.409010  0
10.773333  0.408771  0
10.800000  0.408533  0
10.826667  0.408294  0
10.853333  0.408055  0
10.880000  0.407816  0
10.906667  0.407577  0
10.933333  0.407338  0
10.960000  0.407099  0
10.986667  0.406860  0
11.013333  0.406621  0
11.040000  0.406383  0
11.066667  0.406144  0
11.093333  0.405905  0
11.120000  0.405666  0
11.146667  0.405427  0
11.173333  0.405188  0
11.200000  0.404949  0
11.226667  0.404710  0
11.253333  0.404472  0
11.280000  0.404233  0
11.306667  0.403994  0
11.333333  0.403755  0
11.360000  0.403520  0
11.386667  0.403373  0
11.413333  0.403225  0
11.440000  0.403078  0
11.466667  0.402931  0
11.493333  0.402784  0
11.520000  0.402637  0
11.546667  0.402490  0
11.573333  0.402343  0
11.600000  0.402195  0
11.626667  0.402048  0
11.653333  0.401901  0
11.680000  0.401754  0
11.706667  0.401607  0
11.733333  0.401460  0
11.760000  0.401313  0
11.786667  0.401166  0
11.813333  0.401018  0
11.840000  0.400871  0
11.866667  0.400724  0
11.893333  0.400577  0
11.920000  0.400430  0
11.946667  0.400283  0
11.973333  0.400136  0
12.000000  0.399988  0
12.026667  0.399841  0
12.053333  0.399694  0
12.080000  0.399547  0
12.106667  0.399400  0
12.133333  0.399253  0
12.160000  0.399106  0
12.186667  0.398959  0
12.213333  0.398811  0
12.240000  0.398664  0
12.266667  0.398517  0
12.293333  0.398370  0
12.320000  0.398223  0
12.346667  0.398076  0
12.373333  0.397929  0
12.400000  0.397781  0
12.426667  0.397634  0
12.453333  0.397487  0
12.480000  0.397340  0
12.506667  0.397193  0
12.533333  0.397046  0
12.560000  0.396899  0
12.586667  0.396751  0
12.613333  0.396604  0
12.640000  0.396457  0
12.666667  0.396310  0
12.693333  0.396163  0
12.720000  0.396016  0
12.746667  0.395869  0
12.773333  0.395722  0
12.800000  0.395574  0
12.826667  0.395427  0
12.853333  0.395280  0
12.880000  0.395133  0
12.906667  0.394986  0
12.933333  0.394839  0
12.960000  0.394692  0
12.986667  0.394544  0
13.013333  0.394397  0
13.040000  0.394250  0
13.066667  0.394103  0
13.093333  0.393956  0
13.120000  0.393809  0
13.146667  0.393662  0
13.173333  0.393515  0
13.200000  0.393367  0
13.226667  0.393220  0
13.253333  0.393073  0
13.280000  0.392926  0
13.306667  0.392779  0
13.333333  0.392632  0
13.360000  0.392485  0
13.386667  0.392337  0
13.413333  0.392190  0
13.440000  0.392043  0
13.466667  0.391896  0
13.493333  0.391749  0
13.520000  0.391602  0
13.546667  0.391455  0
13.573333  0.391308  0
13.600000  0.391160  0
13.626667  0.391013  0
13.653333  0.390866  0
13.680000  0.390719  0
13.706667  0.390572  0
13.733333  0.390425  0
13.760000  0.390278  0
13.786667  0.390130  0
13.813333  0.389983  0
13.840000  0.389836  0
13.866667  0.389689  0
13.893333  0.389542  0
13.920000  0.389395  0
13.946667  0.389248  0
13.973333  0.389100  0
14.000000  0.388953  0
14.026667  0.388806  0
14.053333  0.388659  0
14.080000  0.388512  0
14.106667  0.388365  0
14.133333  0.388218  0
14.160000  0.388071  0
14.186667  0.387923  0
14.213333  0.387776  0
14.240000  0.387629  0
14.266667  0.387482  0
14.293333  0.387335  0
14.320000  0.387188  0
14.346667  0.387041  0
14.373333  0.386893  0
14.400000  0.386746  0
14.426667  0.386599  0
14.453333  0.386452  0
14.480000  0.386305  0
14.506667  0.386158  0
14.533333  0.386011  0
14.560000  0.385864  0
14.586667  0.385716  0
14.613333  0.385569  0
14.640000  0.385422  0
14.666667  0.385275  0
14.693333  0.385128  0
14.720000  0.384981  0
14.746667  0.384834  0
14.773333  0.384686  0
14.800000  0.384539  0
14.826667  0.384392  0
14.853333  0.384245  0
14.880000  0.384098  0
14.906667  0.383951  0
14.933333  0.383804  0
14.960000  0.383656  0
14.986667  0.383509  0
14.693333  0.552723  1
14.720000  0.552234  1
14.746667  0.551746  1
14.773333  0.551257  1
14.800000  0.550769  1
14.826667  0.550280  1
14.853333  0.549792  1
14.880000  0.549303  1
14.906667  0.548815  1
14.933333  0.548326  1
14.960000  0.547838  1
14.986667  0.547349  1
15.013333  0.546861  1
15.040000  0.546373  1
15.066667  0.545884  1
15.093333  0.545396  1
15.120000  0.544907  1
15.146667  0.544419  1
15.173333  0.543930  1
15.200000  0.543442  1
15.226667  0.542953  1
15.253333  0.542465  1
15.280000  0.541976  1
15.306667  0.541488  1
15.333333  0.540999  1
15.360000  0.540511  1
15.386667  0.540022  1
15.413333  0.539534  1
15.440000  0.539045  1
15.466667  0.538557  1
15.493333  0.538068  1
15.520000  0.537580  1
15.546667  0.537091  1
15.573333  0.536603  1
15.600000  0.536114  1
15.626667  0.535626  1
15.653333  0.535137  1
15.680000  0.534649  1
15.706667  0.534160  1
15.733333  0.533672  1
15.760000  0.533183  1
15.786667  0.532695  1
15.813333  0.532206  1
15.840000  0.531718  1
15.866667  0.531229  1
15.893333  0.530741  1
15.920000  0.530252  1
15.946667  0.529764  1
15.973333  0.529275  1
16.000000  0.528787  1
16.026667  0.528298  1
16.053333  0.527810  1
16.080000  0.527321  1
16.106667  0.526833  1
16.133333  0.526344  1
16.160000  0.525856  1
16.186667  0.525367  1
16.213333  0.524879  1
16.240000  0.524391  1
16.266667  0.523902  1
16.293333  0.523414  1
16.320000  0.522925  1
16.346667  0.522437  1
16.373333  0.521948  1
16.400000  0.521460  1
16.426667  0.520971  1
16.453333  0.520483  1
16.480000  0.519994  1
16.506667  0.519506  1
16.533333  0.519017  1
16.560000  0.518529  1
16.586667  0.518040  1
16.613333  0.517552  1
16.640000  0.517063  1
16.666667  0.516575  1
16.693333  0.516086  1
16.720000  0.515598  1
16.746667  0.515109  1
16.773333  0.514621  1
16.800000  0.514132  1
16.826667  0.513644  1
16.853333  0.513155  1
16.880000  0.512667  1
16.906667  0.512178  1
16.933333  0.511690  1
16.960000  0.511201  1
16.986667  0.510713  1
17.013333  0.510224  1
17.040000  0.509736  1
17.066667  0.509247  1
17.093333  0.508759  1
17.120000  0.508270  1
17.146667  0.507782  1
17.173333  0.507293  1
17.200000  0.506805  1
17.226667  0.506316  1
17.253333  0.505828  1
17.280000  0.505339  1
17.306667  0.504851  1
17.333333  0.504362  1
17.360000  0.503874  1
17.386667  0.503385  1
17.413333  0.502897  1
17.440000  0.502408  1
17.466667  0.501920  1
17.493333  0.501432  1
17.520000  0.500943  1
17.546667  0.500455  1
14.773333  0.645801  2
14.800000  0.645258  2
14.826667  0.644716  2
14.853333  0.644173  2
14.880000  0.643631  2
14.906667  0.643088  2
14.933333  0.642546  2
14.960000  0.642003  2
14.986667  0.641461  2
15.013333  0.640918  2
15.040000  0.640376  2
15.066667  0.639833  2
15.093333  0.639291  2
15.120000  0.638748  2
15.146667  0.638206  2
15.173333  0.637663  2
15.200000  0.637121  2
15.226667  0.636578  2
15.253333  0.636036  2
15.280000  0.635493  2
15.306667  0.634951  2
15.333333  0.634408  2
15.360000  0.633866  2
15.386667  0.633323  2
15.413333  0.632781  2
15.440000  0.632238  2
15.466667  0.631696  2
15.493333  0.631153  2
15.520000  0.630611  2
15.546667  0.630068  2
15.573333  0.629526  2
15.600000  0.628983  2
15.626667  0.628441  2
15.653333  0.627898  2
15.680000  0.627356  2
15.706667  0.626813  2
15.733333  0.626271  2
15.760000  0.625728  2
15.786667  0.625186  2
15.813333  0.624643  2
15.840000  0.624101  2
15.866667  0.623558  2
15.893333  0.623016  2
15.920000  0.622473  2
15.946667  0.621931  2
15.973333  0.621388  2
16.000000  0.620846  2
16.026667  0.620303  2
16.053333  0.619761  2
16.080000  0.619218  2
16.106667  0.618676  2
16.133333  0.618133  2
16.160000  0.617591  2
16.186667  0.617048  2
16.213333  0.616506  2
16.240000  0.615963  2
16.266667  0.615421  2
16.293333  0.614878  2
16.320000  0.614336  2
16.346667  0.613793  2
16.373333  0.613251  2
16.400000  0.612708  2
16.426667  0.612166  2
16.453333  0.611623  2
16.480000  0.611081  2
16.506667  0.610538  2
16.533333  0.609996  2
16.560000  0.609453  2
16.586667  0.608911  2
16.613333  0.608368  2
16.640000  0.607826  2
16.666667  0.607283  2
16.693333  0.606741  2
16.720000  0.606198  2
16.746667  0.605656  2
16.773333  0.605113  2
16.800000  0.604571  2
16.826667  0.604028  2
16.853333  0.603486  2
16.880000  0.602943  2
16.906667  0.602401  2
