1.493333  0.800189  0
1.520000  0.798314  0
1.546667  0.796439  0
1.573333  0.794563  0
1.600000  0.792688  0
1.626667  0.790813  0
1.653333  0.788937  0
1.680000  0.787062  0
1.706667  0.785186  0
1.733333  0.783311  0
1.760000  0.781436  0
1.786667  0.779560  0
1.813333  0.777685  0
1.840000  0.775810  0
1.866667  0.773934  0
1.893333  0.772059  0
1.920000  0.770184  0
1.946667  0.768308  0
1.973333  0.766433  0
2.000000  0.764558  0
2.026667  0.762682  0
2.053333  0.760807  0
2.080000  0.758931  0
2.106667  0.757056  0
2.133333  0.755181  0
2.160000  0.753305  0
2.186667  0.751430  0
2.213333  0.749555  0
2.240000  0.747679  0
2.266667  0.745804  0
2.293333  0.743929  0
2.320000  0.742053  0
2.346667  0.740178  0
2.373333  0.738303  0
2.400000  0.736427  0
2.426667  0.734552  0
2.453333  0.732676  0
2.480000  0.730801  0
2.506667  0.728926  0
2.533333  0.727050  0
2.560000  0.725451  0
2.586667  0.723944  0
2.613333  0.722436  0
2.640000  0.720929  0
2.666667  0.719421  0
2.693333  0.717914  0
2.720000  0.716406  0
2.746667  0.714899  0
2.773333  0.713391  0
2.800000  0.711884  0
2.826667  0.710376  0
2.853333  0.708869  0
2.880000  0.707361  0
2.906667  0.705854  0
2.933333  0.704346  0
2.960000  0.702839  0
2.986667  0.701332  0
3.013333  0.699824  0
3.040000  0.698317  0
3.066667  0.696809  0
3.093333  0.695302  0
3.120000  0.693794  0
3.146667  0.692287  0
3.173333  0.690779  0
3.200000  0.689272  0
3.226667  0.687764  0
3.253333  0.686257  0
3.280000  0.684749  0
3.306667  0.683242  0
3.333333  0.681735  0
3.360000  0.680227  0
3.386667  0.678720  0
3.413333  0.677212  0
3.440000  0.675705  0
3.466667  0.674197  0
3.493333  0.672690  0
3.520000  0.671182  0
3.546667  0.669675  0
3.573333  0.668167  0
3.600000  0.666660  0
3.626667  0.665152  0
3.653333  0.663645  0
3.680000  0.662137  0
3.706667  0.660630  0
3.733333  0.659123  0
3.760000  0.657615  0
3.786667  0.656108  0
3.813333  0.654600  0
3.840000  0.653093  0
3.866667  0.651585  0
3.893333  0.650078  0
3.920000  0.648570  0
3.946667  0.647063  0
3.973333  0.645555  0
4.000000  0.644048  0
4.026667  0.642540  0
4.053333  0.641126  0
4.080000  0.639805  0
4.106667  0.638485  0
4.133333  0.637165  0
4.160000  0.635844  0
4.186667  0.634524  0
4.213333  0.633204  0
4.240000  0.631883  0
4.266667  0.630563  0
4.293333  0.629242  0
4.320000  0.627922  0
4.346667  0.626602  0
4.373333  0.625281  0
4.400000  0.623961  0
4.426667  0.622641  0
4.453333  0.621320  0
4.480000  0.620000  0
4.506667  0.618680  0
4.533333  0.617359  0
4.560000  0.616039  0
4.586667  0.614719  0
4.613333  0.613398  0
4.640000  0.612078  0
4.666667  0.610757  0
4.693333  0.609437  0
4.720000  0.608117  0
4.746667  0.606796  0
4.773333  0.605476  0
4.800000  0.604156  0
4.826667  0.602835  0
4.853333  0.601515  0
4.880000  0.600195  0
4.906667  0.598874  0
4.933333  0.597554  0
4.960000  0.596234  0
4.986667  0.594913  0
5.013333  0.593593  0
5.040000  0.592272  0
5.066667  0.590952  0
5.093333  0.589632  0
5.120000  0.588311  0
5.146667  0.586991  0
5.173333  0.585671  0
5.200000  0.584350  0
5.226667  0.583030  0
5.253333  0.581710  0
5.280000  0.580389  0
5.306667  0.579069  0
5.333333  0.577749  0
5.360000  0.576428  0
5.386667  0.575108  0
5.413333  0.573787  0
5.440000  0.572496  0
5.466667  0.571232  0
5.493333  0.569969  0
5.520000  0.568706  0
5.546667  0.567442  0
5.573333  0.566179  0
5.600000  0.564915  0
5.626667  0.563652  0
5.653333  0.562389  0
5.680000  0.561125  0
5.706667  0.559862  0
5.733333  0.558598  0
5.760000  0.557335  0
5.786667  0.556072  0
5.813333  0.554808  0
5.840000  0.553545  0
5.866667  0.552281  0
5.893333  0.551018  0
5.920000  0.549755  0
5.946667  0.548491  0
5.973333  0.547228  0
6.000000  0.545964  0
6.026667  0.544701  0
6.053333  0.543438  0
6.080000  0.542174  0
6.106667  0.540911  0
6.133333  0.539647  0
6.160000  0.538384  0
6.186667  0.537121  0
6.213333  0.535857  0
6.240000  0.534594  0
6.266667  0.533330  0
6.293333  0.532067  0
6.320000  0.530804  0
6.346667  0.529540  0
6.373333  0.528277  0
6.400000  0.527013  0
6.426667  0.525750  0
6.453333  0.524487  0
6.480000  0.523223  0
6.506667  0.521960  0
6.533333  0.520696  0
6.560000  0.519433  0
6.586667  0.518170  0
6.613333  0.516906  0
6.640000  0.515643  0
6.666667  0.514379  0
6.693333  0.513116  0
6.720000  0.511853  0
6.746667  0.510589  0
6.773333  0.509326  0
6.800000  0.508253  0
6.826667  0.507516  0
6.853333  0.506779  0
6.880000  0.506042  0
6.906667  0.505305  0
6.933333  0.504568  0
6.960000  0.503831  0
6.986667  0.503094  0
7.013333  0.502357  0
7.040000  0.501620  0
7.066667  0.500883  0
7.093333  0.500146  0
7.120000  0.499409  0
7.146667  0.498672  0
7.173333  0.497935  0
7.200000  0.497198  0
7.226667  0.496461  0
7.253333  0.495724  0
7.280000  0.494987  0
7.306667  0.494250  0
7.333333  0.493513  0
7.360000  0.492776  0
7.386667  0.492039  0
7.413333  0.491302  0
7.440000  0.490565  0
7.466667  0.489828  0
7.493333  0.489091  0
7.520000  0.488354  0
7.546667  0.487617  0
7.573333  0.486880  0
7.600000  0.486143  0
7.626667  0.485406  0
7.653333  0.484669  0
7.680000  0.483932  0
7.706667  0.483195  0
7.733333  0.482458  0
7.760000  0.481721  0
7.786667  0.480984  0
7.813333  0.480247  0
7.840000  0.479396  0
7.866667  0.478546  0
7.893333  0.477695  0
7.920000  0.476845  0
7.946667  0.475995  0
7.973333  0.475144  0
8.000000  0.474294  0
8.026667  0.473444  0
8.053333  0.472593  0
8.080000  0.471743  0
8.106667  0.470893  0
8.133333  0.470042  0
8.160000  0.469192  0
8.186667  0.468341  0
8.213333  0.467491  0
8.240000  0.466641  0
8.266667  0.465790  0
8.293333  0.464940  0
8.320000  0.464090  0
8.346667  0.463239  0
8.373333  0.462389  0
8.400000  0.461539  0
8.426667  0.460688  0
8.453333  0.459838  0
8.480000  0.458987  0
8.506667  0.458137  0
8.533333  0.457287  0
8.560000  0.456436  0
8.586667  0.455586  0
8.613333  0.454736  0
8.640000  0.453885  0
8.666667  0.453035  0
8.693333  0.452185  0
8.720000  0.451628  0
8.746667  0.451162  0
8.773333  0.450696  0
8.800000  0.450230  0
8.826667  0.449764  0
8.853333  0.449298  0
8.880000  0.448832  0
8.906667  0.448366  0
8.933333  0.447900  0
8.960000  0.447434  0
8.986667  0.446968  0
9.013333  0.446502  0
9.040000  0.446036  0
9.066667  0.445570  0
9.093333  0.445104  0
9.120000  0.444638  0
9.146667  0.444172  0
9.173333  0.443706  0
9.200000  0.443240  0
9.226667  0.442774  0
9.253333  0.442308  0
9.280000  0.441842  0
9.306667  0.441376  0
9.333333  0.440910  0
9.360000  0.440444  0
9.386667  0.439978  0
9.413333  0.439512  0
9.440000  0.439046  0
9.466667  0.438580  0
9.493333  0.438114  0
9.520000  0.437648  0
9.546667  0.437182  0
9.573333  0.436716  0
9.600000  0.436250  0
9.626667  0.435784  0
9.653333  0.435318  0
9.680000  0.434852  0
9.706667  0.434386  0
9.733333  0.433920  0
9.760000  0.433454  0
9.786667  0.432988  0
9.813333  0.432522  0
9.840000  0.432056  0
9.866667  0.431590  0
9.893333  0.431124  0
9.920000  0.430658  0
9.946667  0.430192  0
9.973333  0.429726  0
10.000000  0.429260  0
10.026667  0.428793  0
10.053333  0.428327  0
10.080000  0.427861  0
10.106667  0.427658  0
10.133333  0.427532  0
10.160000  0.427406  0
10.186667  0.427280  0
10.213333  0.427154  0
10.240000  0.427028  0
10.266667  0.426902  0
10.293333  0.426776  0
10.320000  0.426650  0
10.346667  0.426524  0
10.373333  0.426398  0
10.400000  0.426272  0
10.426667  0.426146  0
10.453333  0.426020  0
10.480000  0.425894  0
10.506667  0.425768  0
10.533333  0.425642  0
10.560000  0.425516  0
10.586667  0.425390  0
10.613333  0.425264  0
10.640000  0.425138  0
10.666667  0.425012  0
10.693333  0.424886  0
10.720000  0.424760  0
10.746667  0.424634  0
10.773333  0.424508  0
10.800000  0.424382  0
10.826667  0.424256  0
10.853333  0.424130  0
10.880000  0.424003  0
10.906667  0.423877  0
10.933333  0.423751  0
10.960000  0.423625  0
10.986667  0.423499  0
11.013333  0.423373  0
11.040000  0.423247  0
11.066667  0.423121  0
11.093333  0.422995  0
11.120000  0.422869  0
11.146667  0.422743  0
11.173333  0.422617  0
11.200000  0.422491  0
11.226667  0.422365  0
11.253333  0.422239  0
11.280000  0.422113  0
11.306667  0.421987  0
11.333333  0.421861  0
11.360000  0.421735  0
11.386667  0.421609  0
11.413333  0.421483  0
11.440000  0.421357  0
11.466667  0.421231  0
11.493333  0.421105  0
11.520000  0.420979  0
11.546667  0.420853  0
11.573333  0.420727  0
11.600000  0.420601  0
11.626667  0.420475  0
11.653333  0.420349  0
11.680000  0.420223  0
11.706667  0.420097  0
11.733333  0.419971  0
11.760000  0.419845  0
11.786667  0.419719  0
11.813333  0.419593  0
11.840000  0.419467  0
11.866667  0.419341  0
11.893333  0.419215  0
11.920000  0.419089  0
11.946667  0.418963  0
11.973333  0.418837  0
12.000000  0.418711  0
12.026667  0.418585  0
12.053333  0.418459  0
12.080000  0.418333  0
12.106667  0.418207  0
12.133333  0.418081  0
12.160000  0.417955  0
12.186667  0.417829  0
12.213333  0.417703  0
12.240000  0.417577  0
12.266667  0.417451  0
12.293333  0.417325  0
12.320000  0.417199  0
12.346667  0.417073  0
12.373333  0.416947  0
12.400000  0.416821  0
12.426667  0.416695  0
12.453333  0.416569  0
12.480000  0.416443  0
12.506667  0.416317  0
12.533333  0.416191  0
12.560000  0.416065  0
12.586667  0.415939  0
12.613333  0.415813  0
12.640000  0.415687  0
12.666667  0.415561  0
12.693333  0.415435  0
12.720000  0.415309  0
12.746667  0.415183  0
12.773333  0.415057  0
12.800000  0.414931  0
12.826667  0.414805  0
12.853333  0.414679  0
12.880000  0.414553  0
12.906667  0.414427  0
12.933333  0.414301  0
12.960000  0.414175  0
12.986667  0.414049  0
13.013333  0.413923  0
13.040000  0.413797  0
13.066667  0.413671  0
13.093333  0.413545  0
13.120000  0.413419  0
13.146667  0.413293  0
13.173333  0.413167  0
13.200000  0.413041  0
13.226667  0.412915  0
13.253333  0.412789  0
13.280000  0.412663  0
13.306667  0.412537  0
13.333333  0.412411  0
13.360000  0.412285  0
13.386667  0.412159  0
13.413333  0.412033  0
13.440000  0.411907  0
13.466667  0.411781  0
13.493333  0.411655  0
13.520000  0.411529  0
13.546667  0.411403  0
13.573333  0.411277  0
13.600000  0.411151  0
13.626667  0.411025  0
13.653333  0.410899  0
13.680000  0.410773  0
13.706667  0.410647  0
13.733333  0.410521  0
13.760000  0.410395  0
13.786667  0.410269  0
13.813333  0.410143  0
13.840000  0.410017  0
13.866667  0.409891  0
13.893333  0.409765  0
13.920000  0.409639  0
13.946667  0.409513  0
13.973333  0.409387  0
14.000000  0.409261  0
14.026667  0.409135  0
14.053333  0.409009  0
14.080000  0.408883  0
14.106667  0.408757  0
14.133333  0.408631  0
14.160000  0.408505  0
14.186667  0.408379  0
14.213333  0.408253  0
14.240000  0.408127  0
14.266667  0.408001  0
14.293333  0.407875  0
14.320000  0.407749  0
14.346667  0.407623  0
14.373333  0.407564  0
14.400000  0.407564  0
14.426667  0.407564  0
14.453333  0.407564  0
14.480000  0.407564  0
14.506667  0.407564  0
14.533333  0.407564  0
14.560000  0.407564  0
14.586667  0.407564  0
14.613333  0.407564  0
14.640000  0.407564  0
14.666667  0.407564  0
14.693333  0.407564  0
14.720000  0.407564  0
14.746667  0.407564  0
14.773333  0.407564  0
14.800000  0.407564  0
14.826667  0.407564  0
14.853333  0.407564  0
14.880000  0.407564  0
14.906667  0.407564  0
14.933333  0.407564  0
14.960000  0.407564  0
14.986667  0.407564  0
15.013333  0.407564  0
15.040000  0.407564  0
15.066667  0.407564  0
15.093333  0.407564  0
15.120000  0.407564  0
15.146667  0.407564  0
15.173333  0.407564  0
15.200000  0.407564  0
15.226667  0.407564  0
15.253333  0.407564  0
15.280000  0.407564  0
15.306667  0.407564  0
15.333333  0.407564  0
15.360000  0.407564  0
15.386667  0.407564  0
15.413333  0.407564  0
15.440000  0.407564  0
15.466667  0.407564  0
15.493333  0.407564  0
15.520000  0.407564  0
15.546667  0.407564  0
15.573333  0.407564  0
15.600000  0.407564  0
15.626667  0.407564  0
15.653333  0.407564  0
15.680000  0.407564  0
15.706667  0.407564  0
15.733333  0.407564  0
15.760000  0.407564  0
15.786667  0.407564  0
15.813333  0.407564  0
15.840000  0.407564  0
15.866667  0.407564  0
15.893333  0.407564  0
15.920000  0.407564  0
15.946667  0.407564  0
15.973333  0.407564  0
16.000000  0.407564  0
16.026667  0.407564  0
16.053333  0.407564  0
16.080000  0.407564  0
16.106667  0.407564  0
16.133333  0.407564  0
16.160000  0.407564  0
16.186667  0.407564  0
16.213333  0.407564  0
16.240000  0.407564  0
16.266667  0.407564  0
16.293333  0.407564  0
16.320000  0.407564  0
16.346667  0.407564  0
16.373333  0.407564  0
16.400000  0.407564  0
16.426667  0.407564  0
16.453333  0.407564  0
16.480000  0.407564  0
16.506667  0.407564  0
16.533333  0.407564  0
16.560000  0.407564  0
16.586667  0.407564  0
16.613333  0.407564  0
16.640000  0.407564  0
16.666667  0.407564  0
16.693333  0.407564  0
16.720000  0.407564  0
16.746667  0.407564  0
16.773333  0.407564  0
16.800000  0.407564  0
16.826667  0.407564  0
16.853333  0.407564  0
16.880000  0.407564  0
16.906667  0.407564  0
16.933333  0.407564  0
16.960000  0.407564  0
16.986667  0.407564  0
17.013333  0.407564  0
17.040000  0.407564  0
17.066667  0.407564  0
17.093333  0.407564  0
17.120000  0.407564  0
17.146667  0.407564  0
17.173333  0.407564  0
17.200000  0.407564  0
12.240000  0.621414  1
12.266667  0.621100  1
12.293333  0.620787  1
12.320000  0.620473  1
12.346667  0.620160  1
12.373333  0.619846  1
12.400000  0.619532  1
12.426667  0.619219  1
12.453333  0.618905  1
12.480000  0.618592  1
12.506667  0.618278  1
12.533333  0.617965  1
12.560000  0.617651  1
12.586667  0.617338  1
12.613333  0.617024  1
12.640000  0.616711  1
12.666667  0.616397  1
12.693333  0.616083  1
12.720000  0.615770  1
12.746667  0.615456  1
12.773333  0.615143  1
12.800000  0.614829  1
12.826667  0.614516  1
12.853333  0.614202  1
12.880000  0.613889  1
12.906667  0.613575  1
12.933333  0.613261  1
12.960000  0.612948  1
12.986667  0.612634  1
13.013333  0.612321  1
13.040000  0.612007  1
13.066667  0.611694  1
13.093333  0.611380  1
13.120000  0.611067  1
13.146667  0.610753  1
13.173333  0.610440  1
13.200000  0.610126  1
13.226667  0.609812  1
13.253333  0.609499  1
13.280000  0.609185  1
13.306667  0.608872  1
13.333333  0.608558  1
13.360000  0.608245  1
13.386667  0.607931  1
13.413333  0.607618  1
13.440000  0.607304  1
13.466667  0.606991  1
13.493333  0.606677  1
13.520000  0.606363  1
13.546667  0.606050  1
13.573333  0.605736  1
13.600000  0.605423  1
13.626667  0.605109  1
13.653333  0.604796  1
13.680000  0.604482  1
13.706667  0.604169  1
13.733333  0.603855  1
13.760000  0.603541  1
13.786667  0.603228  1
13.813333  0.602914  1
13.840000  0.602601  1
13.866667  0.602287  1
13.893333  0.601974  1
13.920000  0.601660  1
13.946667  0.601347  1
13.973333  0.601033  1
14.000000  0.600720  1
14.026667  0.600406  1
14.053333  0.600092  1
14.080000  0.599779  1
14.106667  0.599465  1
14.133333  0.599152  1
14.160000  0.598838  1
14.186667  0.598525  1
14.213333  0.598211  1
14.240000  0.597898  1
14.266667  0.597584  1
14.293333  0.597271  1
14.320000  0.596957  1
14.346667  0.596643  1
14.373333  0.596330  1
14.400000  0.596016  1
14.426667  0.595703  1
14.453333  0.595389  1
14.480000  0.595076  1
14.506667  0.594762  1
14.533333  0.594449  1
14.560000  0.594135  1
14.586667  0.593821  1
14.613333  0.593508  1
14.640000  0.593194  1
14.666667  0.592881  1
14.693333  0.592567  1
14.720000  0.592254  1
14.746667  0.591940  1
14.773333  0.591627  1
14.800000  0.591313  1
14.826667  0.591000  1
14.853333  0.590686  1
14.880000  0.590372  1
14.906667  0.590059  1
14.933333  0.589745  1
14.960000  0.589432  1
14.986667  0.589118  1
15.013333  0.588805  1
15.040000  0.588491  1
15.066667  0.588178  1
15.093333  0.587864  1
15.120000  0.587550  1
15.146667  0.587237  1
15.173333  0.586923  1
15.200000  0.586610  1
15.226667  0.586296  1
15.253333  0.585983  1
15.280000  0.585669  1
15.306667  0.585356  1
15.333333  0.585042  1
15.360000  0.584729  1
15.386667  0.584415  1
15.413333  0.584101  1
15.440000  0.583788  1
15.466667  0.583474  1
15.493333  0.583161  1
15.520000  0.582847  1
15.546667  0.582534  1
15.573333  0.582220  1
15.600000  0.581907  1
15.626667  0.581593  1
15.653333  0.581280  1
15.680000  0.580966  1
15.706667  0.580652  1
15.733333  0.580339  1
15.760000  0.580025  1
15.786667  0.579712  1
15.813333  0.579398  1
15.840000  0.579085  1
15.866667  0.578771  1
15.893333  0.578458  1
15.920000  0.578144  1
15.946667  0.577830  1
15.973333  0.577517  1
16.000000  0.577203  1
16.026667  0.576890  1
16.053333  0.576576  1
16.080000  0.576263  1
16.106667  0.575949  1
16.133333  0.575636  1
16.160000  0.575322  1
16.186667  0.575009  1
16.213333  0.574695  1
16.240000  0.574381  1
16.266667  0.574068  1
16.293333  0.573754  1
16.320000  0.573441  1
16.346667  0.573127  1
16.373333  0.572814  1
16.400000  0.572500  1
16.426667  0.572187  1
16.453333  0.571873  1
16.480000  0.571560  1
16.506667  0.571246  1
16.533333  0.570932  1
16.560000  0.570619  1
16.586667  0.570305  1
16.613333  0.569992  1
16.640000  0.569678  1
16.666667  0.569365  1
16.693333  0.569051  1
16.720000  0.568738  1
16.746667  0.568424  1
16.773333  0.568110  1
16.800000  0.567797  1
16.826667  0.567483  1
16.853333  0.567170  1
16.880000  0.566856  1
16.906667  0.566543  1
16.933333  0.566229  1
16.960000  0.565916  1
16.986667  0.565602  1
17.013333  0.565289  1
17.040000  0.564975  1
17.066667  0.564661  1
17.093333  0.564348  1
17.120000  0.564034  1
17.146667  0.563721  1
17.173333  0.563407  1
17.200000  0.563094  1
17.226667  0.562780  1
17.253333  0.562467  1
17.280000  0.562153  1
17.306667  0.561839  1
17.333333  0.561526  1
17.360000  0.561212  1
17.386667  0.560899  1
17.413333  0.560585  1
17.440000  0.560272  1
17.466667  0.559958  1
17.493333  0.559645  1
17.520000  0.559331  1
17.546667  0.559018  1
17.573333  0.558704  1
17.600000  0.558390  1
17.626667  0.558077  1
17.653333  0.557763  1
17.680000  0.557450  1
17.706667  0.557136  1
17.733333  0.556823  1
17.760000  0.556509  1
17.786667  0.556196  1
17.813333  0.555882  1
17.840000  0.555569  1
17.866667  0.555255  1
17.893333  0.554941  1
17.920000  0.554628  1
17.946667  0.554314  1
17.973333  0.554001  1
18.000000  0.553687  1
18.026667  0.553374  1
18.053333  0.553060  1
18.080000  0.552747  1
18.106667  0.552433  1
18.133333  0.552119  1
18.160000  0.551806  1
18.186667  0.551492  1
18.213333  0.551179  1
18.240000  0.550865  1
18.266667  0.550552  1
18.293333  0.550238  1
18.320000  0.549925  1
18.346667  0.549611  1
18.373333  0.549298  1
18.400000  0.548984  1
18.426667  0.548670  1
18.453333  0.548357  1
18.480000  0.548043  1
18.506667  0.547730  1
18.533333  0.547416  1
18.560000  0.547103  1
18.586667  0.546789  1
18.613333  0.546476  1
18.640000  0.546162  1
18.666667  0.545849  1
18.693333  0.545535  1
18.720000  0.545221  1
18.746667  0.544908  1
18.773333  0.544594  1
18.800000  0.544281  1
18.826667  0.543967  1
18.853333  0.543654  1
18.880000  0.543340  1
18.906667  0.543027  1
18.933333  0.542713  1
18.960000  0.542399  1
18.986667  0.542086  1
19.013333  0.541772  1
19.040000  0.541459  1
19.066667  0.541145  1
19.093333  0.540832  1
