1.333333  0.789799  0
1.360000  0.788004  0
1.386667  0.786210  0
1.413333  0.784415  0
1.440000  0.782620  0
1.466667  0.780826  0
1.493333  0.779031  0
1.520000  0.777237  0
1.546667  0.775442  0
1.573333  0.773647  0
1.600000  0.771853  0
1.626667  0.770058  0
1.653333  0.768264  0
1.680000  0.766469  0
1.706667  0.764674  0
1.733333  0.762880  0
1.760000  0.761085  0
1.786667  0.759291  0
1.813333  0.757496  0
1.840000  0.755701  0
1.866667  0.753907  0
1.893333  0.752112  0
1.920000  0.750318  0
1.946667  0.748523  0
1.973333  0.746728  0
2.000000  0.744934  0
2.026667  0.743139  0
2.053333  0.741345  0
2.080000  0.739550  0
2.106667  0.737755  0
2.133333  0.735961  0
2.160000  0.734166  0
2.186667  0.732372  0
2.213333  0.730577  0
2.240000  0.728782  0
2.266667  0.726988  0
2.293333  0.725193  0
2.320000  0.723399  0
2.346667  0.721604  0
2.373333  0.719809  0
2.400000  0.718015  0
2.426667  0.716220  0
2.453333  0.714426  0
2.480000  0.712631  0
2.506667  0.710836  0
2.533333  0.709042  0
2.560000  0.707247  0
2.586667  0.705453  0
2.613333  0.703658  0
2.640000  0.701863  0
2.666667  0.700069  0
2.693333  0.698274  0
2.720000  0.696480  0
2.746667  0.694685  0
2.773333  0.692890  0
2.800000  0.691096  0
2.826667  0.689682  0
2.853333  0.688618  0
2.880000  0.687553  0
2.906667  0.686488  0
2.933333  0.685424  0
2.960000  0.684359  0
2.986667  0.683294  0
3.013333  0.682230  0
3.040000  0.681165  0
3.066667  0.680100  0
3.093333  0.679036  0
3.120000  0.677971  0
3.146667  0.676906  0
3.173333  0.675842  0
3.200000  0.674777  0
3.226667  0.673712  0
3.253333  0.672648  0
3.280000  0.671583  0
3.306667  0.670518  0
3.333333  0.669454  0
3.360000  0.668389  0
3.386667  0.667324  0
3.413333  0.666260  0
3.440000  0.665195  0
3.466667  0.664130  0
3.493333  0.663066  0
3.520000  0.662001  0
3.546667  0.660936  0
3.573333  0.659872  0
3.600000  0.658807  0
3.626667  0.657742  0
3.653333  0.656678  0
3.680000  0.655613  0
3.706667  0.654548  0
3.733333  0.653484  0
3.760000  0.652419  0
3.786667  0.651354  0
3.813333  0.650290  0
3.840000  0.649225  0
3.866667  0.648160  0
3.893333  0.647096  0
3.920000  0.646031  0
3.946667  0.644966  0
3.973333  0.643902  0
4.000000  0.642837  0
4.026667  0.641772  0
4.053333  0.640708  0
4.080000  0.639643  0
4.106667  0.638578  0
4.133333  0.637514  0
4.160000  0.636449  0
4.186667  0.635384  0
4.213333  0.634320  0
4.240000  0.633255  0
4.266667  0.632191  0
4.293333  0.631126  0
4.320000  0.630061  0
4.346667  0.628997  0
4.373333  0.627932  0
4.400000  0.626867  0
4.426667  0.625803  0
4.453333  0.624738  0
4.480000  0.623673  0
4.506667  0.622609  0
4.533333  0.621544  0
4.560000  0.620479  0
4.586667  0.619415  0
4.613333  0.618350  0
4.640000  0.617285  0
4.666667  0.616221  0
4.693333  0.615156  0
4.720000  0.614091  0
4.746667  0.613027  0
4.773333  0.611962  0
4.800000  0.610897  0
4.826667  0.609833  0
4.853333  0.608876  0
4.880000  0.607973  0
4.906667  0.607071  0
4.933333  0.606168  0
4.960000  0.605266  0
4.986667  0.604363  0
5.013333  0.603461  0
5.040000  0.602559  0
5.066667  0.601656  0
5.093333  0.600754  0
5.120000  0.599851  0
5.146667  0.598949  0
5.173333  0.598046  0
5.200000  0.597144  0
5.226667  0.596242  0
5.253333  0.595339  0
5.280000  0.594437  0
5.306667  0.593534  0
5.333333  0.592632  0
5.360000  0.591729  0
5.386667  0.590827  0
5.413333  0.589925  0
5.440000  0.589022  0
5.466667  0.588120  0
5.493333  0.587217  0
5.520000  0.586315  0
5.546667  0.585412  0
5.573333  0.584510  0
5.600000  0.583608  0
5.626667  0.582705  0
5.653333  0.581803  0
5.680000  0.580900  0
5.706667  0.579998  0
5.733333  0.579095  0
5.760000  0.578193  0
5.786667  0.577291  0
5.813333  0.576388  0
5.840000  0.575486  0
5.866667  0.574583  0
5.893333  0.573681  0
5.920000  0.572778  0
5.946667  0.571876  0
5.973333  0.570974  0
6.000000  0.570071  0
6.026667  0.569169  0
6.053333  0.568266  0
6.080000  0.567364  0
6.106667  0.566461  0
6.133333  0.565559  0
6.160000  0.564657  0
6.186667  0.563754  0
6.213333  0.562852  0
6.240000  0.561949  0
6.266667  0.561047  0
6.293333  0.560144  0
6.320000  0.559242  0
6.346667  0.558340  0
6.373333  0.557437  0
6.400000  0.556535  0
6.426667  0.555632  0
6.453333  0.554730  0
6.480000  0.553827  0
6.506667  0.552925  0
6.533333  0.552023  0
6.560000  0.551120  0
6.586667  0.550218  0
6.613333  0.549315  0
6.640000  0.548413  0
6.666667  0.547510  0
6.693333  0.546608  0
6.720000  0.545706  0
6.746667  0.544777  0
6.773333  0.543485  0
6.800000  0.542193  0
6.826667  0.540901  0
6.853333  0.539609  0
6.880000  0.538317  0
6.906667  0.537025  0
6.933333  0.535733  0
6.960000  0.534441  0
6.986667  0.533148  0
7.013333  0.531856  0
7.040000  0.530564  0
7.066667  0.529272  0
7.093333  0.527980  0
7.120000  0.526688  0
7.146667  0.525396  0
7.173333  0.524104  0
7.200000  0.522811  0
7.226667  0.521519  0
7.253333  0.520227  0
7.280000  0.518935  0
7.306667  0.517643  0
7.333333  0.516351  0
7.360000  0.515059  0
7.386667  0.513767  0
7.413333  0.512475  0
7.440000  0.511182  0
7.466667  0.509890  0
7.493333  0.508598  0
7.520000  0.507306  0
7.546667  0.506014  0
7.573333  0.504722  0
7.600000  0.503430  0
7.626667  0.502138  0
7.653333  0.500846  0
7.680000  0.499553  0
7.706667  0.498261  0
7.733333  0.496969  0
7.760000  0.495677  0
7.786667  0.494385  0
7.813333  0.493093  0
7.840000  0.491801  0
7.866667  0.490509  0
7.893333  0.489217  0
7.920000  0.487924  0
7.946667  0.486632  0
7.973333  0.485340  0
8.000000  0.484048  0
8.026667  0.482756  0
8.053333  0.481464  0
8.080000  0.480172  0
8.106667  0.478880  0
8.133333  0.477588  0
8.160000  0.476295  0
8.186667  0.475003  0
8.213333  0.473711  0
8.240000  0.472419  0
8.266667  0.471773  0
8.293333  0.471277  0
8.320000  0.470781  0
8.346667  0.470285  0
8.373333  0.469790  0
8.400000  0.469294  0
8.426667  0.468798  0
8.453333  0.468302  0
8.480000  0.467806  0
8.506667  0.467311  0
8.533333  0.466815  0
8.560000  0.466319  0
8.586667  0.465823  0
8.613333  0.465327  0
8.640000  0.464832  0
8.666667  0.464336  0
8.693333  0.463840  0
8.720000  0.463344  0
8.746667  0.462848  0
8.773333  0.462352  0
8.800000  0.461857  0
8.826667  0.461361  0
8.853333  0.460865  0
8.880000  0.460369  0
8.906667  0.459873  0
8.933333  0.459378  0
8.960000  0.458882  0
8.986667  0.458386  0
9.013333  0.457890  0
9.040000  0.457394  0
9.066667  0.456899  0
9.093333  0.456403  0
9.120000  0.455907  0
9.146667  0.455411  0
9.173333  0.454915  0
9.200000  0.454419  0
9.226667  0.453924  0
9.253333  0.453428  0
9.280000  0.452932  0
9.306667  0.452436  0
9.333333  0.451940  0
9.360000  0.451445  0
9.386667  0.450949  0
9.413333  0.450453  0
9.440000  0.449957  0
9.466667  0.449461  0
9.493333  0.448966  0
9.520000  0.448470  0
9.546667  0.447974  0
9.573333  0.447478  0
9.600000  0.446982  0
9.626667  0.446487  0
9.653333  0.445991  0
9.680000  0.445495  0
9.706667  0.444999  0
9.733333  0.444503  0
9.760000  0.444007  0
9.786667  0.443512  0
9.813333  0.443016  0
9.840000  0.442520  0
9.866667  0.442024  0
9.893333  0.441528  0
9.920000  0.441033  0
9.946667  0.440537  0
9.973333  0.440041  0
10.000000  0.439545  0
10.026667  0.439049  0
10.053333  0.438554  0
10.080000  0.438058  0
10.106667  0.437562  0
10.133333  0.437066  0
10.160000  0.436570  0
10.186667  0.436074  0
10.213333  0.435751  0
10.240000  0.435593  0
10.266667  0.435435  0
10.293333  0.435277  0
10.320000  0.435119  0
10.346667  0.434961  0
10.373333  0.434803  0
10.400000  0.434645  0
10.426667  0.434487  0
10.453333  0.434329  0
10.480000  0.434171  0
10.506667  0.434014  0
10.533333  0.433856  0
10.560000  0.433698  0
10.586667  0.433540  0
10.613333  0.433382  0
10.640000  0.433224  0
10.666667  0.433066  0
10.693333  0.432908  0
10.720000  0.432750  0
10.746667  0.432592  0
10.773333  0.432434  0
10.800000  0.432276  0
10.826667  0.432118  0
10.853333  0.431961  0
10.880000  0.431803  0
10.906667  0.431645  0
10.933333  0.431487  0
10.960000  0.431329  0
10.986667  0.431171  0
11.013333  0.431013  0
11.040000  0.430855  0
11.066667  0.430697  0
11.093333  0.430539  0
11.120000  0.430381  0
11.146667  0.430223  0
11.173333  0.430065  0
11.200000  0.429908  0
11.226667  0.429750  0
11.253333  0.429592  0
11.280000  0.429434  0
11.306667  0.429276  0
11.333333  0.429118  0
11.360000  0.428960  0
11.386667  0.428802  0
11.413333  0.428644  0
11.440000  0.428486  0
11.466667  0.428328  0
11.493333  0.428170  0
11.520000  0.428012  0
11.546667  0.427855  0
11.573333  0.427697  0
11.600000  0.427539  0
11.626667  0.427381  0
11.653333  0.427223  0
11.680000  0.427065  0
11.706667  0.426907  0
11.733333  0.426749  0
11.760000  0.426591  0
11.786667  0.426433  0
11.813333  0.426275  0
11.840000  0.426117  0
11.866667  0.425959  0
11.893333  0.425801  0
11.920000  0.425644  0
11.946667  0.425486  0
11.973333  0.425328  0
12.000000  0.425170  0
12.026667  0.425012  0
12.053333  0.424854  0
12.080000  0.424696  0
12.106667  0.424538  0
12.133333  0.424380  0
12.160000  0.424222  0
12.186667  0.424064  0
12.213333  0.423906  0
12.240000  0.423748  0
12.266667  0.423579  0
12.293333  0.423406  0
12.320000  0.423233  0
12.346667  0.423060  0
12.373333  0.422887  0
12.400000  0.422714  0
12.426667  0.422541  0
12.453333  0.422368  0
12.480000  0.422195  0
12.506667  0.422022  0
12.533333  0.421849  0
12.560000  0.421677  0
12.586667  0.421504  0
12.613333  0.421331  0
12.640000  0.421158  0
12.666667  0.420985  0
12.693333  0.420812  0
12.720000  0.420639  0
12.746667  0.420466  0
12.773333  0.420293  0
12.800000  0.420120  0
12.826667  0.419947  0
12.853333  0.419775  0
12.880000  0.419602  0
12.906667  0.419429  0
12.933333  0.419256  0
12.960000  0.419083  0
12.986667  0.418910  0
13.013333  0.418737  0
13.040000  0.418564  0
13.066667  0.418391  0
13.093333  0.418218  0
13.120000  0.418045  0
13.146667  0.417873  0
13.173333  0.417700  0
13.200000  0.417527  0
13.226667  0.417354  0
13.253333  0.417181  0
13.280000  0.417008  0
13.306667  0.416835  0
13.333333  0.416662  0
13.360000  0.416489  0
13.386667  0.416316  0
13.413333  0.416143  0
13.440000  0.415971  0
13.466667  0.415798  0
13.493333  0.415625  0
13.520000  0.415452  0
13.546667  0.415279  0
13.573333  0.415106  0
13.600000  0.414933  0
13.626667  0.414760  0
13.653333  0.414587  0
13.680000  0.414414  0
13.706667  0.414241  0
13.733333  0.414068  0
13.760000  0.413896  0
13.786667  0.413723  0
13.813333  0.413550  0
13.840000  0.413377  0
13.866667  0.413204  0
13.893333  0.413031  0
13.920000  0.412858  0
13.946667  0.412685  0
13.973333  0.412512  0
14.000000  0.412339  0
14.026667  0.412166  0
14.053333  0.411994  0
14.080000  0.411821  0
14.106667  0.411648  0
14.133333  0.411475  0
14.160000  0.411302  0
14.186667  0.411129  0
14.213333  0.410956  0
14.240000  0.410783  0
14.266667  0.410610  0
14.293333  0.410437  0
14.320000  0.410264  0
14.346667  0.410092  0
14.373333  0.409919  0
14.400000  0.409746  0
14.426667  0.409573  0
14.453333  0.409400  0
14.480000  0.409227  0
14.506667  0.409054  0
14.533333  0.408881  0
14.560000  0.408708  0
14.586667  0.408535  0
14.613333  0.408362  0
14.640000  0.408190  0
14.666667  0.408017  0
14.693333  0.407844  0
14.720000  0.407671  0
14.746667  0.407498  0
14.773333  0.407325  0
14.800000  0.407152  0
14.826667  0.406979  0
14.853333  0.406806  0
14.880000  0.406633  0
14.906667  0.406460  0
14.933333  0.406288  0
14.960000  0.406115  0
14.986667  0.405942  0
15.013333  0.405769  0
15.040000  0.405596  0
15.066667  0.405423  0
15.093333  0.405250  0
15.120000  0.405077  0
15.146667  0.404904  0
15.173333  0.404731  0
15.200000  0.404558  0
15.226667  0.404386  0
15.253333  0.404213  0
15.280000  0.404040  0
15.306667  0.403867  0
13.920000  0.625506  1
13.946667  0.625233  1
13.973333  0.624960  1
14.000000  0.624687  1
14.026667  0.624414  1
14.053333  0.624140  1
14.080000  0.623867  1
14.106667  0.623594  1
14.133333  0.623321  1
14.160000  0.623048  1
14.186667  0.622775  1
14.213333  0.622501  1
14.240000  0.622228  1
14.266667  0.621955  1
14.293333  0.621682  1
14.320000  0.621409  1
14.346667  0.621136  1
14.373333  0.620863  1
14.400000  0.620589  1
14.426667  0.620316  1
14.453333  0.620043  1
14.480000  0.619770  1
14.506667  0.619497  1
14.533333  0.619224  1
14.560000  0.618951  1
14.586667  0.618677  1
14.613333  0.618404  1
14.640000  0.618131  1
14.666667  0.617858  1
14.693333  0.617585  1
14.720000  0.617312  1
14.746667  0.617038  1
14.773333  0.616765  1
14.800000  0.616492  1
14.826667  0.616219  1
14.853333  0.615946  1
14.880000  0.615673  1
14.906667  0.615400  1
14.933333  0.615126  1
14.960000  0.614853  1
14.986667  0.614580  1
15.013333  0.614307  1
15.040000  0.614034  1
15.066667  0.613761  1
15.093333  0.613488  1
15.120000  0.613214  1
15.146667  0.612941  1
15.173333  0.612668  1
15.200000  0.612395  1
15.226667  0.612122  1
15.253333  0.611849  1
15.280000  0.611576  1
15.306667  0.611302  1
15.333333  0.611029  1
15.360000  0.610756  1
15.386667  0.610483  1
15.413333  0.610210  1
15.440000  0.609937  1
15.466667  0.609663  1
15.493333  0.609390  1
15.520000  0.609117  1
15.546667  0.608844  1
15.573333  0.608571  1
15.600000  0.608298  1
15.626667  0.608025  1
15.653333  0.607751  1
15.680000  0.607478  1
15.706667  0.607205  1
15.733333  0.606932  1
15.760000  0.606659  1
15.786667  0.606386  1
15.813333  0.606113  1
15.840000  0.605839  1
15.866667  0.605566  1
15.893333  0.605293  1
15.920000  0.605020  1
15.946667  0.604747  1
15.973333  0.604474  1
16.000000  0.604200  1
16.026667  0.603927  1
16.053333  0.603654  1
16.080000  0.603381  1
16.106667  0.603108  1
16.133333  0.602835  1
16.160000  0.602562  1
16.186667  0.602288  1
16.213333  0.602015  1
16.240000  0.601742  1
16.266667  0.601469  1
