2.133333  0.786558  0
2.160000  0.784190  0
2.186667  0.781823  0
2.213333  0.779456  0
2.240000  0.777088  0
2.266667  0.774721  0
2.293333  0.772354  0
2.320000  0.769987  0
2.346667  0.767619  0
2.373333  0.765252  0
2.400000  0.762885  0
2.426667  0.760517  0
2.453333  0.758150  0
2.480000  0.755783  0
2.506667  0.753416  0
2.533333  0.751048  0
2.560000  0.748681  0
2.586667  0.746314  0
2.613333  0.743946  0
2.640000  0.741579  0
2.666667  0.739212  0
2.693333  0.736844  0
2.720000  0.734477  0
2.746667  0.732110  0
2.773333  0.729743  0
2.800000  0.727375  0
2.826667  0.725008  0
2.853333  0.722641  0
2.880000  0.720273  0
2.906667  0.717906  0
2.933333  0.715539  0
2.960000  0.713172  0
2.986667  0.710804  0
3.013333  0.708437  0
3.040000  0.706146  0
3.066667  0.704342  0
3.093333  0.702539  0
3.120000  0.700735  0
3.146667  0.698932  0
3.173333  0.697128  0
3.200000  0.695324  0
3.226667  0.693521  0
3.253333  0.691717  0
3.280000  0.689913  0
3.306667  0.688110  0
3.333333  0.686306  0
3.360000  0.684502  0
3.386667  0.682699  0
3.413333  0.680895  0
3.440000  0.679091  0
3.466667  0.677288  0
3.493333  0.675484  0
3.520000  0.673680  0
3.546667  0.671877  0
3.573333  0.670073  0
3.600000  0.668269  0
3.626667  0.666466  0
3.653333  0.664662  0
3.680000  0.662858  0
3.706667  0.661055  0
3.733333  0.659251  0
3.760000  0.657448  0
3.786667  0.655644  0
3.813333  0.653840  0
3.840000  0.652037  0
3.866667  0.650233  0
3.893333  0.648429  0
3.920000  0.646626  0
3.946667  0.644822  0
3.973333  0.643018  0
4.000000  0.641371  0
4.026667  0.640064  0
4.053333  0.638758  0
4.080000  0.637452  0
4.106667  0.636146  0
4.133333  0.634840  0
4.160000  0.633534  0
4.186667  0.632228  0
4.213333  0.630922  0
4.240000  0.629616  0
4.266667  0.628310  0
4.293333  0.627003  0
4.320000  0.625697  0
4.346667  0.624391  0
4.373333  0.623085  0
4.400000  0.621779  0
4.426667  0.620473  0
4.453333  0.619167  0
4.480000  0.617861  0
4.506667  0.616555  0
4.533333  0.615249  0
4.560000  0.613943  0
4.586667  0.612636  0
4.613333  0.611330  0
4.640000  0.610024  0
4.666667  0.608718  0
4.693333  0.607412  0
4.720000  0.606106  0
4.746667  0.604800  0
4.773333  0.603494  0
4.800000  0.602188  0
4.826667  0.600882  0
4.853333  0.599576  0
4.880000  0.598269  0
4.906667  0.596963  0
4.933333  0.595657  0
4.960000  0.594351  0
4.986667  0.593045  0
5.013333  0.591739  0
5.040000  0.590433  0
5.066667  0.589127  0
5.093333  0.587821  0
5.120000  0.586515  0
5.146667  0.585209  0
5.173333  0.583902  0
5.200000  0.582596  0
5.226667  0.581290  0
5.253333  0.579984  0
5.280000  0.578678  0
5.306667  0.577372  0
5.333333  0.576576  0
5.360000  0.575875  0
5.386667  0.575173  0
5.413333  0.574472  0
5.440000  0.573771  0
5.466667  0.573069  0
5.493333  0.572368  0
5.520000  0.571666  0
5.546667  0.570965  0
5.573333  0.570263  0
5.600000  0.569562  0
5.626667  0.568861  0
5.653333  0.568159  0
5.680000  0.567458  0
5.706667  0.566756  0
5.733333  0.566055  0
5.760000  0.565354  0
5.786667  0.564652  0
5.813333  0.563951  0
5.840000  0.563249  0
5.866667  0.562548  0
5.893333  0.561846  0
5.920000  0.561145  0
5.946667  0.560444  0
5.973333  0.559742  0
6.000000  0.559041  0
6.026667  0.558339  0
6.053333  0.557638  0
6.080000  0.556937  0
6.106667  0.556235  0
6.133333  0.555534  0
6.160000  0.554832  0
6.186667  0.554131  0
6.213333  0.553429  0
6.240000  0.552728  0
6.266667  0.552027  0
6.293333  0.551325  0
6.320000  0.550624  0
6.346667  0.549922  0
6.373333  0.549221  0
6.400000  0.548519  0
6.426667  0.547818  0
6.453333  0.547117  0
6.480000  0.546415  0
6.506667  0.545714  0
6.533333  0.545012  0
6.560000  0.544425  0
6.586667  0.543868  0
6.613333  0.543311  0
6.640000  0.542754  0
6.666667  0.542197  0
6.693333  0.541639  0
6.720000  0.541082  0
6.746667  0.540525  0
6.773333  0.539968  0
6.800000  0.539411  0
6.826667  0.538854  0
6.853333  0.538297  0
6.880000  0.537740  0
6.906667  0.537183  0
6.933333  0.536626  0
6.960000  0.536069  0
6.986667  0.535512  0
7.013333  0.534955  0
7.040000  0.534398  0
7.066667  0.533841  0
7.093333  0.533284  0
7.120000  0.532727  0
7.146667  0.532170  0
7.173333  0.531613  0
7.200000  0.531056  0
7.226667  0.530499  0
7.253333  0.529942  0
7.280000  0.529385  0
7.306667  0.528828  0
7.333333  0.528271  0
7.360000  0.527714  0
7.386667  0.527157  0
7.413333  0.526600  0
7.440000  0.526043  0
7.466667  0.525486  0
7.493333  0.524929  0
7.520000  0.524372  0
7.546667  0.523815  0
7.573333  0.523258  0
7.600000  0.522701  0
7.626667  0.522144  0
7.653333  0.521587  0
7.680000  0.521030  0
7.706667  0.520473  0
7.733333  0.519916  0
7.760000  0.519359  0
7.786667  0.518802  0
7.813333  0.518245  0
7.840000  0.517688  0
7.866667  0.517131  0
7.893333  0.516574  0
7.920000  0.516017  0
7.946667  0.515460  0
7.973333  0.514903  0
8.000000  0.514346  0
8.026667  0.513789  0
8.053333  0.513232  0
8.080000  0.512675  0
16.880000  0.649654  1
16.906667  0.649296  1
16.933333  0.648937  1
16.960000  0.648578  1
16.986667  0.648219  1
17.013333  0.647861  1
17.040000  0.647502  1
17.066667  0.647143  1
17.093333  0.646785  1
17.120000  0.646426  1
17.146667  0.646067  1
17.173333  0.645709  1
17.200000  0.645350  1
17.226667  0.644991  1
17.253333  0.644633  1
17.280000  0.644274  1
17.306667  0.643915  1
17.333333  0.643557  1
17.360000  0.643198  1
17.386667  0.642839  1
17.413333  0.642481  1
17.440000  0.642122  1
17.466667  0.641763  1
17.493333  0.641405  1
17.520000  0.641046  1
17.546667  0.640687  1
17.573333  0.640328  1
17.600000  0.639970  1
17.626667  0.639611  1
17.653333  0.639252  1
17.680000  0.638894  1
17.706667  0.638535  1
17.733333  0.638176  1
17.760000  0.637818  1
17.786667  0.637459  1
17.813333  0.637100  1
17.840000  0.636742  1
17.866667  0.636383  1
17.893333  0.636024  1
17.920000  0.635666  1
17.946667  0.635307  1
17.973333  0.634948  1
18.000000  0.634590  1
18.026667  0.634231  1
18.053333  0.633872  1
18.080000  0.633514  1
18.106667  0.633155  1
18.133333  0.632796  1
18.160000  0.632438  1
18.186667  0.632079  1
18.213333  0.631720  1
18.240000  0.631361  1
18.266667  0.631003  1
18.293333  0.630644  1
18.320000  0.630285  1
18.346667  0.629927  1
18.373333  0.629568  1
18.400000  0.629209  1
18.426667  0.628851  1
18.453333  0.628492  1
18.480000  0.628133  1
18.506667  0.627775  1
18.533333  0.627416  1
18.560000  0.627057  1
18.586667  0.626699  1
18.613333  0.626340  1
18.640000  0.625981  1
18.666667  0.625623  1
18.693333  0.625264  1
18.720000  0.624905  1
18.746667  0.624547  1
18.773333  0.624188  1
18.800000  0.623829  1
18.826667  0.623470  1
18.853333  0.623112  1
18.880000  0.622753  1
18.906667  0.622394  1
18.933333  0.622036  1
18.960000  0.621677  1
18.986667  0.621318  1
19.013333  0.620960  1
19.040000  0.620601  1
19.066667  0.620242  1
19.093333  0.619884  1
19.120000  0.619525  1
19.146667  0.619166  1
19.173333  0.618808  1
19.200000  0.618449  1
19.226667  0.618090  1
19.253333  0.617732  1
19.280000  0.617373  1
19.306667  0.617014  1
19.333333  0.616656  1
19.360000  0.616297  1
19.386667  0.615938  1
19.413333  0.615580  1
19.440000  0.615221  1
19.466667  0.614862  1
19.493333  0.614503  1
19.520000  0.614145  1
19.546667  0.613786  1
19.573333  0.613427  1
19.600000  0.613069  1
19.626667  0.612710  1
19.653333  0.612351  1
19.680000  0.611993  1
19.706667  0.611634  1
19.733333  0.611275  1
19.760000  0.610917  1
19.786667  0.610558  1
19.813333  0.610199  1
19.840000  0.609841  1
19.866667  0.609482  1
19.893333  0.609123  1
19.920000  0.608765  1
19.946667  0.608406  1
19.973333  0.608047  1
20.000000  0.607689  1
20.026667  0.607330  1
20.053333  0.606971  1
20.080000  0.606612  1
20.106667  0.606254  1
20.133333  0.605895  1
20.160000  0.605536  1
20.186667  0.605178  1
20.213333  0.604819  1
20.240000  0.604460  1
20.266667  0.604102  1
20.293333  0.603743  1
20.320000  0.603384  1
20.346667  0.603026  1
20.373333  0.602667  1
20.400000  0.602308  1
20.426667  0.601950  1
20.453333  0.601591  1
20.480000  0.601232  1
20.506667  0.600874  1
20.533333  0.600515  1
20.560000  0.600156  1
20.586667  0.599798  1
20.613333  0.599439  1
20.640000  0.599080  1
20.666667  0.598722  1
20.693333  0.598363  1
20.720000  0.598004  1
20.746667  0.597645  1
20.773333  0.597287  1
20.800000  0.596928  1
20.826667  0.596569  1
20.853333  0.596211  1
20.880000  0.595852  1
20.906667  0.595493  1
20.933333  0.595135  1
20.960000  0.594776  1
20.986667  0.594417  1
21.013333  0.594059  1
21.040000  0.593700  1
21.066667  0.593341  1
21.093333  0.592983  1
21.120000  0.592624  1
21.146667  0.592265  1
21.173333  0.591907  1
21.200000  0.591548  1
21.226667  0.591189  1
21.253333  0.590831  1
21.280000  0.590472  1
21.306667  0.590113  1
21.333333  0.589754  1
21.360000  0.589396  1
