1.920000  0.753131  0
1.946667  0.750933  0
1.973333  0.748735  0
2.000000  0.746537  0
2.026667  0.744339  0
2.053333  0.742140  0
2.080000  0.739942  0
2.106667  0.737744  0
2.133333  0.735546  0
2.160000  0.733348  0
2.186667  0.731149  0
2.213333  0.728951  0
2.240000  0.726753  0
2.266667  0.724555  0
2.293333  0.722357  0
2.320000  0.720158  0
2.346667  0.717960  0
2.373333  0.715762  0
2.400000  0.713564  0
2.426667  0.711366  0
2.453333  0.709167  0
2.480000  0.706969  0
2.506667  0.704771  0
2.533333  0.702573  0
2.560000  0.700375  0
2.586667  0.698176  0
2.613333  0.695978  0
2.640000  0.693780  0
2.666667  0.691582  0
2.693333  0.689384  0
2.720000  0.687185  0
2.746667  0.684987  0
2.773333  0.682789  0
2.800000  0.680591  0
2.826667  0.678393  0
2.853333  0.676194  0
2.880000  0.673996  0
2.906667  0.671798  0
2.933333  0.669600  0
2.960000  0.667402  0
2.986667  0.665203  0
3.013333  0.663005  0
3.040000  0.660807  0
3.066667  0.658609  0
3.093333  0.656411  0
3.120000  0.654212  0
3.146667  0.652014  0
3.173333  0.649828  0
3.200000  0.648316  0
3.226667  0.646804  0
3.253333  0.645291  0
3.280000  0.643779  0
3.306667  0.642266  0
3.333333  0.640754  0
3.360000  0.639241  0
3.386667  0.637729  0
3.413333  0.636217  0
3.440000  0.634704  0
3.466667  0.633192  0
3.493333  0.631679  0
3.520000  0.630167  0
3.546667  0.628654  0
3.573333  0.627142  0
3.600000  0.625629  0
3.626667  0.624117  0
3.653333  0.622605  0
3.680000  0.621092  0
3.706667  0.619580  0
3.733333  0.618067  0
3.760000  0.616555  0
3.786667  0.615042  0
3.813333  0.613530  0
3.840000  0.612018  0
3.866667  0.610505  0
3.893333  0.608993  0
3.920000  0.607480  0
3.946667  0.605968  0
3.973333  0.604455  0
4.000000  0.602943  0
4.026667  0.601430  0
4.053333  0.599918  0
4.080000  0.598406  0
4.106667  0.596893  0
4.133333  0.595381  0
4.160000  0.593868  0
4.186667  0.592356  0
4.213333  0.590843  0
4.240000  0.589331  0
4.266667  0.587819  0
4.293333  0.586306  0
4.320000  0.584794  0
4.346667  0.583281  0
4.373333  0.581769  0
4.400000  0.580256  0
4.426667  0.578744  0
4.453333  0.577231  0
4.480000  0.575719  0
4.506667  0.574207  0
4.533333  0.572694  0
4.560000  0.571182  0
4.586667  0.569669  0
4.613333  0.568157  0
4.640000  0.566644  0
4.666667  0.565132  0
4.693333  0.563620  0
4.720000  0.562107  0
4.746667  0.560595  0
4.773333  0.559082  0
4.800000  0.557570  0
4.826667  0.556276  0
4.853333  0.555123  0
4.880000  0.553969  0
4.906667  0.552816  0
4.933333  0.551663  0
4.960000  0.550509  0
4.986667  0.549356  0
5.013333  0.548203  0
5.040000  0.547049  0
5.066667  0.545896  0
5.093333  0.544743  0
5.120000  0.543590  0
5.146667  0.542436  0
5.173333  0.541283  0
5.200000  0.540130  0
5.226667  0.538976  0
5.253333  0.537823  0
5.280000  0.536670  0
5.306667  0.535516  0
5.333333  0.534363  0
5.360000  0.533210  0
5.386667  0.532057  0
5.413333  0.530903  0
5.440000  0.529750  0
5.466667  0.528597  0
5.493333  0.527443  0
5.520000  0.526290  0
5.546667  0.525137  0
5.573333  0.523984  0
5.600000  0.522830  0
5.626667  0.521677  0
5.653333  0.520524  0
5.680000  0.519370  0
5.706667  0.518217  0
5.733333  0.517064  0
5.760000  0.515910  0
5.786667  0.514757  0
5.813333  0.513604  0
5.840000  0.512451  0
5.866667  0.511297  0
5.893333  0.510144  0
5.920000  0.508991  0
5.946667  0.507837  0
5.973333  0.506684  0
6.000000  0.505531  0
6.026667  0.504377  0
6.053333  0.503224  0
6.080000  0.502071  0
6.106667  0.500918  0
6.133333  0.499764  0
6.160000  0.498611  0
6.186667  0.497458  0
6.213333  0.496304  0
6.240000  0.495151  0
6.266667  0.493998  0
6.293333  0.492845  0
6.320000  0.491691  0
6.346667  0.490538  0
6.373333  0.489385  0
6.400000  0.488231  0
6.426667  0.487078  0
6.453333  0.485925  0
6.480000  0.484771  0
6.506667  0.483618  0
6.533333  0.482465  0
6.560000  0.481312  0
6.586667  0.480197  0
6.613333  0.479528  0
6.640000  0.478859  0
6.666667  0.478190  0
6.693333  0.477521  0
6.720000  0.476852  0
6.746667  0.476183  0
6.773333  0.475514  0
6.800000  0.474845  0
6.826667  0.474176  0
6.853333  0.473507  0
6.880000  0.472838  0
6.906667  0.472169  0
6.933333  0.471500  0
6.960000  0.470831  0
6.986667  0.470162  0
7.013333  0.469493  0
7.040000  0.468824  0
7.066667  0.468155  0
7.093333  0.467486  0
7.120000  0.466817  0
7.146667  0.466148  0
7.173333  0.465479  0
7.200000  0.464810  0
7.226667  0.464141  0
7.253333  0.463472  0
7.280000  0.462803  0
7.306667  0.462134  0
7.333333  0.461465  0
7.360000  0.460796  0
7.386667  0.460127  0
7.413333  0.459458  0
7.440000  0.458789  0
7.466667  0.458120  0
7.493333  0.457451  0
7.520000  0.456782  0
7.546667  0.456113  0
7.573333  0.455444  0
7.600000  0.454775  0
7.626667  0.454106  0
7.653333  0.453437  0
7.680000  0.452768  0
7.706667  0.452099  0
7.733333  0.451430  0
7.760000  0.450761  0
7.786667  0.450092  0
7.813333  0.449423  0
7.840000  0.448754  0
7.866667  0.448085  0
7.893333  0.447416  0
7.920000  0.446746  0
7.946667  0.446077  0
7.973333  0.445408  0
8.000000  0.444739  0
8.026667  0.444070  0
8.053333  0.443401  0
8.080000  0.442732  0
8.106667  0.442063  0
8.133333  0.441394  0
8.160000  0.440725  0
8.186667  0.440056  0
8.213333  0.439387  0
8.240000  0.438718  0
8.266667  0.438049  0
8.293333  0.437380  0
8.320000  0.436711  0
8.346667  0.436042  0
8.373333  0.435373  0
8.400000  0.434704  0
8.426667  0.434035  0
8.453333  0.433366  0
8.480000  0.432697  0
8.506667  0.432028  0
8.533333  0.431359  0
8.560000  0.430690  0
8.586667  0.430021  0
8.613333  0.429352  0
8.640000  0.428683  0
8.666667  0.428014  0
8.693333  0.427591  0
8.720000  0.427323  0
8.746667  0.427055  0
8.773333  0.426787  0
8.800000  0.426519  0
8.826667  0.426251  0
8.853333  0.425983  0
8.880000  0.425715  0
8.906667  0.425447  0
8.933333  0.425179  0
8.960000  0.424911  0
8.986667  0.424643  0
9.013333  0.424375  0
9.040000  0.424107  0
9.066667  0.423839  0
9.093333  0.423571  0
9.120000  0.423303  0
9.146667  0.423035  0
9.173333  0.422767  0
9.200000  0.422499  0
9.226667  0.422231  0
9.253333  0.421963  0
9.280000  0.421695  0
9.306667  0.421427  0
9.333333  0.421159  0
9.360000  0.420891  0
9.386667  0.420623  0
9.413333  0.420355  0
9.440000  0.420087  0
9.466667  0.419819  0
9.493333  0.419551  0
9.520000  0.419283  0
9.546667  0.419015  0
9.573333  0.418747  0
9.600000  0.418479  0
9.626667  0.418211  0
9.653333  0.417943  0
9.680000  0.417675  0
9.706667  0.417407  0
9.733333  0.417139  0
9.760000  0.416871  0
9.786667  0.416603  0
9.813333  0.416335  0
9.840000  0.416067  0
9.866667  0.415799  0
9.893333  0.415531  0
9.920000  0.415263  0
9.946667  0.414995  0
9.973333  0.414727  0
10.000000  0.414459  0
10.026667  0.414191  0
10.053333  0.413923  0
10.080000  0.413655  0
10.106667  0.413387  0
10.133333  0.413119  0
10.160000  0.412851  0
10.186667  0.412583  0
10.213333  0.412315  0
10.240000  0.412047  0
10.266667  0.411779  0
10.293333  0.411511  0
10.320000  0.411243  0
10.346667  0.410975  0
10.373333  0.410707  0
10.400000  0.410439  0
10.426667  0.410171  0
10.453333  0.409903  0
10.480000  0.409635  0
10.506667  0.409367  0
10.533333  0.409099  0
10.560000  0.408831  0
10.586667  0.408563  0
10.613333  0.408295  0
10.640000  0.408027  0
10.666667  0.407759  0
10.693333  0.407491  0
10.720000  0.407223  0
10.746667  0.406955  0
10.773333  0.406687  0
10.800000  0.406419  0
10.826667  0.406151  0
10.853333  0.405883  0
10.880000  0.405615  0
10.906667  0.405347  0
10.933333  0.405079  0
10.960000  0.404811  0
10.986667  0.404543  0
11.013333  0.404275  0
11.040000  0.404007  0
11.066667  0.403739  0
11.093333  0.403485  0
11.120000  0.403288  0
11.146667  0.403091  0
11.173333  0.402894  0
11.200000  0.402696  0
11.226667  0.402499  0
11.253333  0.402302  0
11.280000  0.402104  0
11.306667  0.401907  0
11.333333  0.401710  0
11.360000  0.401513  0
11.386667  0.401315  0
11.413333  0.401118  0
11.440000  0.400921  0
11.466667  0.400724  0
11.493333  0.400526  0
11.520000  0.400329  0
11.546667  0.400132  0
11.573333  0.399934  0
11.600000  0.399737  0
11.626667  0.399540  0
11.653333  0.399343  0
11.680000  0.399145  0
11.706667  0.398948  0
11.733333  0.398751  0
11.760000  0.398554  0
11.786667  0.398356  0
11.813333  0.398159  0
11.840000  0.397962  0
11.866667  0.397764  0
11.893333  0.397567  0
11.920000  0.397370  0
11.946667  0.397173  0
11.973333  0.396975  0
12.000000  0.396778  0
12.026667  0.396581  0
12.053333  0.396384  0
12.080000  0.396186  0
12.106667  0.395989  0
12.133333  0.395792  0
12.160000  0.395594  0
12.186667  0.395397  0
12.213333  0.395200  0
12.240000  0.395003  0
12.266667  0.394805  0
12.293333  0.394608  0
12.320000  0.394411  0
12.346667  0.394214  0
12.373333  0.394016  0
12.400000  0.393819  0
12.426667  0.393622  0
12.453333  0.393424  0
12.480000  0.393227  0
12.506667  0.393030  0
12.533333  0.392833  0
12.560000  0.392635  0
12.586667  0.392438  0
12.613333  0.392241  0
12.640000  0.392043  0
12.666667  0.391846  0
12.693333  0.391649  0
12.720000  0.391452  0
12.746667  0.391254  0
12.773333  0.391057  0
12.800000  0.390860  0
12.826667  0.390663  0
12.853333  0.390465  0
12.880000  0.390268  0
12.906667  0.390071  0
12.933333  0.389873  0
12.960000  0.389676  0
12.986667  0.389479  0
13.013333  0.389282  0
13.040000  0.389084  0
13.066667  0.388887  0
13.093333  0.388690  0
13.120000  0.388493  0
13.146667  0.388295  0
13.173333  0.388098  0
13.200000  0.387901  0
13.226667  0.387703  0
13.253333  0.387506  0
13.280000  0.387309  0
13.306667  0.387112  0
13.333333  0.386914  0
13.360000  0.386717  0
13.386667  0.386520  0
13.413333  0.386323  0
13.440000  0.386125  0
13.466667  0.385928  0
13.493333  0.385731  0
13.520000  0.385533  0
13.546667  0.385336  0
13.573333  0.385139  0
13.600000  0.384942  0
13.626667  0.384744  0
13.653333  0.384547  0
13.680000  0.384350  0
13.706667  0.384153  0
13.733333  0.383955  0
13.760000  0.383758  0
13.786667  0.383561  0
13.813333  0.383363  0
13.840000  0.383166  0
13.866667  0.382969  0
13.893333  0.382772  0
13.920000  0.382574  0
13.946667  0.382377  0
13.973333  0.382180  0
14.000000  0.381982  0
14.026667  0.381785  0
14.053333  0.381588  0
14.080000  0.381391  0
14.106667  0.381193  0
14.133333  0.380996  0
14.160000  0.380799  0
14.186667  0.380602  0
14.213333  0.380404  0
14.240000  0.380207  0
14.266667  0.380010  0
14.293333  0.379812  0
14.320000  0.379615  0
14.346667  0.379418  0
14.373333  0.379228  0
14.400000  0.379049  0
14.426667  0.378870  0
14.453333  0.378691  0
14.480000  0.378511  0
14.506667  0.378332  0
14.533333  0.378153  0
14.560000  0.377974  0
14.586667  0.377795  0
14.613333  0.377616  0
14.640000  0.377437  0
14.666667  0.377258  0
14.693333  0.377079  0
14.720000  0.376900  0
14.746667  0.376721  0
14.773333  0.376542  0
14.800000  0.376363  0
14.826667  0.376184  0
14.853333  0.376005  0
14.880000  0.375826  0
14.906667  0.375647  0
14.933333  0.375468  0
14.960000  0.375289  0
14.986667  0.375110  0
15.013333  0.374931  0
15.040000  0.374752  0
15.066667  0.374573  0
15.093333  0.374394  0
15.120000  0.374215  0
15.146667  0.374036  0
15.173333  0.373856  0
15.200000  0.373677  0
15.226667  0.373498  0
15.253333  0.373319  0
15.280000  0.373140  0
15.306667  0.372961  0
15.333333  0.372782  0
15.360000  0.372603  0
15.386667  0.372424  0
15.413333  0.372245  0
15.440000  0.372066  0
15.466667  0.371887  0
15.493333  0.371708  0
15.520000  0.371529  0
15.546667  0.371350  0
15.573333  0.371171  0
15.600000  0.370992  0
15.626667  0.370813  0
15.653333  0.370634  0
15.680000  0.370455  0
15.706667  0.370276  0
15.733333  0.370097  0
15.760000  0.369918  0
15.786667  0.369739  0
15.813333  0.369560  0
15.840000  0.369380  0
15.866667  0.369201  0
15.893333  0.369022  0
15.920000  0.368843  0
15.946667  0.368664  0
15.973333  0.368485  0
16.000000  0.368306  0
16.026667  0.368127  0
16.053333  0.367948  0
16.080000  0.367769  0
16.106667  0.367590  0
16.133333  0.367411  0
16.160000  0.367232  0
16.186667  0.367053  0
16.213333  0.366874  0
16.240000  0.366695  0
16.266667  0.366516  0
16.293333  0.366337  0
16.320000  0.366158  0
16.346667  0.365979  0
16.373333  0.365800  0
16.400000  0.365621  0
16.426667  0.365442  0
16.453333  0.365263  0
16.480000  0.365084  0
16.506667  0.364905  0
16.533333  0.364725  0
16.560000  0.364546  0
16.586667  0.364367  0
16.613333  0.364188  0
16.640000  0.364009  0
16.666667  0.363830  0
16.693333  0.363651  0
16.720000  0.363472  0
16.746667  0.363293  0
16.773333  0.363114  0
16.800000  0.362935  0
16.826667  0.362756  0
16.853333  0.362577  0
16.880000  0.362398  0
16.906667  0.362219  0
16.933333  0.362040  0
16.960000  0.361861  0
16.986667  0.361682  0
17.013333  0.361503  0
17.040000  0.361324  0
17.066667  0.361145  0
17.093333  0.360966  0
17.120000  0.360787  0
17.146667  0.360608  0
17.173333  0.360429  0
17.200000  0.360250  0
17.226667  0.360070  0
17.253333  0.359891  0
17.280000  0.359712  0
17.306667  0.359533  0
17.333333  0.359354  0
17.360000  0.359175  0
17.386667  0.358996  0
17.413333  0.358817  0
17.440000  0.358638  0
17.466667  0.358459  0
17.493333  0.358280  0
17.520000  0.358101  0
17.546667  0.357922  0
17.573333  0.357743  0
17.600000  0.357564  0
17.626667  0.357385  0
17.653333  0.357206  0
17.680000  0.357027  0
17.706667  0.356848  0
17.733333  0.356669  0
17.760000  0.356490  0
17.786667  0.356311  0
17.813333  0.356132  0
17.840000  0.355953  0
17.866667  0.355774  0
17.893333  0.355594  0
17.920000  0.355415  0
17.946667  0.355236  0
17.973333  0.355057  0
18.000000  0.354878  0
18.026667  0.354699  0
18.053333  0.354520  0
18.080000  0.354341  0
18.106667  0.354162  0
18.133333  0.353983  0
18.160000  0.353804  0
18.186667  0.353625  0
18.213333  0.353446  0
18.240000  0.353267  0
18.266667  0.353088  0
18.293333  0.352909  0
18.320000  0.352730  0
18.346667  0.352551  0
18.373333  0.352372  0
18.400000  0.352193  0
18.426667  0.352014  0
18.453333  0.351835  0
18.480000  0.351656  0
18.506667  0.351477  0
18.533333  0.351298  0
18.560000  0.351119  0
18.586667  0.350939  0
18.613333  0.350760  0
18.640000  0.350581  0
18.666667  0.350402  0
18.693333  0.350223  0
18.720000  0.350044  0
18.746667  0.349865  0
18.773333  0.349686  0
18.800000  0.349507  0
18.826667  0.349328  0
18.853333  0.349149  0
18.880000  0.348970  0
18.906667  0.348791  0
18.933333  0.348612  0
18.960000  0.348433  0
18.986667  0.348254  0
19.013333  0.348075  0
19.040000  0.347896  0
19.066667  0.347717  0
19.093333  0.347538  0
19.120000  0.347359  0
19.146667  0.347180  0
19.173333  0.347001  0
19.200000  0.346822  0
19.226667  0.346643  0
19.253333  0.346464  0
19.280000  0.346284  0
19.306667  0.346105  0
19.333333  0.345926  0
19.360000  0.345747  0
19.386667  0.345568  0
19.413333  0.345389  0
19.440000  0.345210  0
19.466667  0.345031  0
19.493333  0.344852  0
19.520000  0.344673  0
19.546667  0.344494  0
19.573333  0.344315  0
19.600000  0.344136  0
19.626667  0.343957  0
19.653333  0.343778  0
19.680000  0.343599  0
19.706667  0.343420  0
19.733333  0.343241  0
19.760000  0.343062  0
