1.760000  0.757874  0
1.786667  0.756134  0
1.813333  0.754393  0
1.840000  0.752653  0
1.866667  0.750912  0
1.893333  0.749172  0
1.920000  0.747432  0
1.946667  0.745691  0
1.973333  0.743951  0
2.000000  0.742210  0
2.026667  0.740470  0
2.053333  0.738730  0
2.080000  0.736989  0
2.106667  0.735249  0
2.133333  0.733508  0
2.160000  0.731768  0
2.186667  0.730028  0
2.213333  0.728287  0
2.240000  0.726547  0
2.266667  0.724806  0
2.293333  0.723066  0
2.320000  0.721326  0
2.346667  0.719585  0
2.373333  0.717845  0
2.400000  0.716104  0
2.426667  0.714364  0
2.453333  0.712624  0
2.480000  0.710883  0
2.506667  0.709143  0
2.533333  0.707403  0
2.560000  0.705662  0
2.586667  0.703922  0
2.613333  0.702181  0
2.640000  0.700441  0
2.666667  0.698701  0
2.693333  0.696960  0
2.720000  0.695220  0
2.746667  0.693479  0
2.773333  0.691739  0
2.800000  0.689999  0
2.826667  0.688258  0
2.853333  0.686518  0
2.880000  0.685289  0
2.906667  0.684174  0
2.933333  0.683059  0
2.960000  0.681944  0
2.986667  0.680830  0
3.013333  0.679715  0
3.040000  0.678600  0
3.066667  0.677485  0
3.093333  0.676371  0
3.120000  0.675256  0
3.146667  0.674141  0
3.173333  0.673026  0
3.200000  0.671912  0
3.226667  0.670797  0
3.253333  0.669682  0
3.280000  0.668567  0
3.306667  0.667452  0
3.333333  0.666338  0
3.360000  0.665223  0
3.386667  0.664108  0
3.413333  0.662993  0
3.440000  0.661879  0
3.466667  0.660764  0
3.493333  0.659649  0
3.520000  0.658534  0
3.546667  0.657420  0
3.573333  0.656305  0
3.600000  0.655190  0
3.626667  0.654075  0
3.653333  0.652961  0
3.680000  0.651846  0
3.706667  0.650731  0
3.733333  0.649616  0
3.760000  0.648502  0
3.786667  0.647387  0
3.813333  0.646272  0
3.840000  0.645157  0
3.866667  0.644042  0
3.893333  0.642928  0
3.920000  0.641813  0
3.946667  0.640698  0
3.973333  0.639583  0
4.000000  0.638469  0
4.026667  0.637354  0
4.053333  0.636239  0
4.080000  0.635124  0
4.106667  0.634010  0
4.133333  0.632895  0
4.160000  0.631780  0
4.186667  0.630665  0
4.213333  0.629551  0
4.240000  0.628436  0
4.266667  0.627321  0
4.293333  0.626206  0
4.320000  0.625091  0
4.346667  0.623977  0
4.373333  0.622862  0
4.400000  0.621747  0
4.426667  0.620234  0
4.453333  0.618655  0
4.480000  0.617075  0
4.506667  0.615496  0
4.533333  0.613917  0
4.560000  0.612338  0
4.586667  0.610758  0
4.613333  0.609179  0
4.640000  0.607600  0
4.666667  0.606021  0
4.693333  0.604441  0
4.720000  0.602862  0
4.746667  0.601283  0
4.773333  0.599704  0
4.800000  0.598125  0
4.826667  0.596545  0
4.853333  0.594966  0
4.880000  0.593387  0
4.906667  0.591808  0
4.933333  0.590228  0
4.960000  0.588649  0
4.986667  0.587070  0
5.013333  0.585491  0
5.040000  0.583911  0
5.066667  0.582332  0
5.093333  0.580753  0
5.120000  0.579174  0
5.146667  0.577594  0
5.173333  0.576015  0
5.200000  0.574436  0
5.226667  0.572857  0
5.253333  0.571277  0
5.280000  0.569698  0
5.306667  0.568119  0
5.333333  0.566540  0
5.360000  0.564960  0
5.386667  0.563381  0
5.413333  0.561802  0
5.440000  0.560223  0
5.466667  0.558643  0
5.493333  0.557064  0
5.520000  0.555975  0
5.546667  0.554914  0
5.573333  0.553853  0
5.600000  0.552793  0
5.626667  0.551732  0
5.653333  0.550671  0
5.680000  0.549611  0
5.706667  0.548550  0
5.733333  0.547489  0
5.760000  0.546429  0
5.786667  0.545368  0
5.813333  0.544307  0
5.840000  0.543247  0
5.866667  0.542186  0
5.893333  0.541125  0
5.920000  0.540065  0
5.946667  0.539004  0
5.973333  0.537943  0
6.000000  0.536882  0
6.026667  0.535822  0
6.053333  0.534761  0
6.080000  0.533700  0
6.106667  0.532640  0
6.133333  0.531579  0
6.160000  0.530518  0
6.186667  0.529458  0
6.213333  0.528397  0
6.240000  0.527336  0
6.266667  0.526276  0
6.293333  0.525215  0
6.320000  0.524154  0
6.346667  0.523093  0
6.373333  0.522033  0
6.400000  0.520972  0
6.426667  0.519911  0
6.453333  0.518851  0
6.480000  0.517790  0
6.506667  0.516729  0
6.533333  0.515669  0
6.560000  0.514608  0
6.586667  0.513547  0
6.613333  0.512487  0
6.640000  0.511426  0
6.666667  0.510365  0
6.693333  0.509305  0
6.720000  0.508244  0
6.746667  0.507183  0
6.773333  0.506122  0
6.800000  0.505062  0
6.826667  0.504001  0
6.853333  0.502940  0
6.880000  0.501880  0
6.906667  0.500819  0
6.933333  0.499758  0
6.960000  0.498698  0
6.986667  0.497637  0
7.013333  0.496576  0
7.040000  0.495610  0
7.066667  0.494663  0
7.093333  0.493715  0
7.120000  0.492768  0
7.146667  0.491820  0
7.173333  0.490873  0
7.200000  0.489925  0
7.226667  0.488978  0
7.253333  0.488030  0
7.280000  0.487082  0
7.306667  0.486135  0
7.333333  0.485187  0
7.360000  0.484240  0
7.386667  0.483292  0
7.413333  0.482345  0
7.440000  0.481397  0
7.466667  0.480450  0
7.493333  0.479502  0
7.520000  0.478554  0
7.546667  0.477607  0
7.573333  0.476659  0
7.600000  0.475712  0
7.626667  0.474764  0
7.653333  0.473817  0
7.680000  0.472869  0
7.706667  0.471922  0
7.733333  0.470974  0
7.760000  0.470027  0
7.786667  0.469079  0
7.813333  0.468131  0
7.840000  0.467184  0
7.866667  0.466236  0
7.893333  0.465289  0
7.920000  0.464341  0
7.946667  0.463394  0
7.973333  0.462446  0
8.000000  0.461499  0
8.026667  0.460551  0
8.053333  0.459603  0
8.080000  0.458656  0
8.106667  0.457708  0
8.133333  0.456761  0
8.160000  0.455881  0
8.186667  0.455241  0
8.213333  0.454601  0
8.240000  0.453960  0
8.266667  0.453320  0
8.293333  0.452680  0
8.320000  0.452040  0
8.346667  0.451399  0
8.373333  0.450759  0
8.400000  0.450119  0
8.426667  0.449479  0
8.453333  0.448838  0
8.480000  0.448198  0
8.506667  0.447558  0
8.533333  0.446918  0
8.560000  0.446277  0
8.586667  0.445637  0
8.613333  0.444997  0
8.640000  0.444357  0
8.666667  0.443717  0
8.693333  0.443076  0
8.720000  0.442436  0
8.746667  0.441796  0
8.773333  0.441156  0
8.800000  0.440515  0
8.826667  0.439875  0
8.853333  0.439235  0
8.880000  0.438595  0
8.906667  0.437954  0
8.933333  0.437314  0
8.960000  0.436674  0
8.986667  0.436034  0
9.013333  0.435393  0
9.040000  0.434753  0
9.066667  0.434113  0
9.093333  0.433473  0
9.120000  0.432833  0
9.146667  0.432192  0
9.173333  0.431552  0
9.200000  0.430912  0
9.226667  0.430272  0
9.253333  0.429631  0
9.280000  0.428991  0
9.306667  0.428351  0
9.333333  0.427711  0
9.360000  0.427070  0
9.386667  0.426430  0
9.413333  0.425790  0
9.440000  0.425150  0
9.466667  0.424509  0
9.493333  0.423869  0
9.520000  0.423229  0
9.546667  0.422589  0
9.573333  0.421949  0
9.600000  0.421308  0
9.626667  0.420668  0
9.653333  0.420028  0
9.680000  0.419388  0
9.706667  0.418747  0
9.733333  0.418107  0
9.760000  0.417467  0
9.786667  0.416827  0
9.813333  0.416186  0
9.840000  0.415603  0
9.866667  0.415351  0
9.893333  0.415099  0
9.920000  0.414847  0
9.946667  0.414595  0
9.973333  0.414343  0
10.000000  0.414091  0
10.026667  0.413839  0
10.053333  0.413587  0
10.080000  0.413335  0
10.106667  0.413083  0
10.133333  0.412831  0
10.160000  0.412579  0
10.186667  0.412327  0
10.213333  0.412075  0
10.240000  0.411823  0
10.266667  0.411571  0
10.293333  0.411319  0
10.320000  0.411067  0
10.346667  0.410815  0
10.373333  0.410563  0
10.400000  0.410311  0
10.426667  0.410059  0
10.453333  0.409807  0
10.480000  0.409555  0
10.506667  0.409303  0
10.533333  0.409051  0
10.560000  0.408799  0
10.586667  0.408547  0
10.613333  0.408295  0
10.640000  0.408043  0
10.666667  0.407791  0
10.693333  0.407539  0
10.720000  0.407287  0
10.746667  0.407035  0
10.773333  0.406783  0
10.800000  0.406531  0
10.826667  0.406279  0
10.853333  0.406027  0
10.880000  0.405775  0
10.906667  0.405523  0
10.933333  0.405271  0
10.960000  0.405019  0
10.986667  0.404767  0
11.013333  0.404515  0
11.040000  0.404263  0
11.066667  0.404011  0
11.093333  0.403759  0
11.120000  0.403507  0
11.146667  0.403255  0
11.173333  0.403003  0
11.200000  0.402751  0
11.226667  0.402499  0
11.253333  0.402247  0
11.280000  0.401995  0
11.306667  0.401743  0
11.333333  0.401491  0
11.360000  0.401239  0
11.386667  0.400987  0
11.413333  0.400735  0
11.440000  0.400483  0
11.466667  0.400231  0
11.493333  0.399979  0
11.520000  0.399727  0
11.546667  0.399475  0
11.573333  0.399223  0
11.600000  0.398971  0
11.626667  0.398719  0
11.653333  0.398467  0
11.680000  0.398215  0
11.706667  0.397963  0
11.733333  0.397711  0
11.760000  0.397459  0
11.786667  0.397207  0
11.813333  0.396955  0
11.840000  0.396703  0
11.866667  0.396451  0
11.893333  0.396199  0
11.920000  0.395947  0
11.946667  0.395695  0
11.973333  0.395446  0
12.000000  0.395317  0
12.026667  0.395187  0
12.053333  0.395058  0
12.080000  0.394929  0
12.106667  0.394800  0
12.133333  0.394670  0
12.160000  0.394541  0
12.186667  0.394412  0
12.213333  0.394283  0
12.240000  0.394154  0
12.266667  0.394024  0
12.293333  0.393895  0
12.320000  0.393766  0
12.346667  0.393637  0
12.373333  0.393508  0
12.400000  0.393378  0
12.426667  0.393249  0
12.453333  0.393120  0
12.480000  0.392991  0
12.506667  0.392862  0
12.533333  0.392732  0
12.560000  0.392603  0
12.586667  0.392474  0
12.613333  0.392345  0
12.640000  0.392215  0
12.666667  0.392086  0
12.693333  0.391957  0
12.720000  0.391828  0
12.746667  0.391699  0
12.773333  0.391569  0
12.800000  0.391440  0
12.826667  0.391311  0
12.853333  0.391182  0
12.880000  0.391053  0
12.906667  0.390923  0
12.933333  0.390794  0
12.960000  0.390665  0
12.986667  0.390536  0
13.013333  0.390406  0
13.040000  0.390277  0
13.066667  0.390148  0
13.093333  0.390019  0
13.120000  0.389890  0
13.146667  0.389760  0
13.173333  0.389631  0
13.200000  0.389502  0
13.226667  0.389373  0
13.253333  0.389244  0
13.280000  0.389114  0
13.306667  0.388985  0
13.333333  0.388856  0
13.360000  0.388727  0
13.386667  0.388598  0
13.413333  0.388468  0
13.440000  0.388339  0
13.466667  0.388210  0
13.493333  0.388081  0
13.520000  0.387951  0
13.546667  0.387822  0
13.573333  0.387693  0
13.600000  0.387564  0
13.626667  0.387435  0
13.653333  0.387305  0
13.680000  0.387176  0
13.706667  0.387047  0
13.733333  0.386918  0
13.760000  0.386789  0
13.786667  0.386659  0
13.813333  0.386530  0
13.840000  0.386401  0
13.866667  0.386272  0
13.893333  0.386143  0
13.920000  0.386013  0
13.946667  0.385884  0
13.973333  0.385755  0
14.000000  0.385626  0
14.026667  0.385496  0
14.053333  0.385367  0
14.080000  0.385238  0
14.106667  0.385109  0
14.133333  0.384980  0
14.160000  0.384850  0
14.186667  0.384721  0
14.213333  0.384592  0
14.240000  0.384463  0
14.266667  0.384334  0
14.293333  0.384204  0
14.320000  0.384075  0
14.346667  0.383946  0
14.373333  0.383817  0
14.400000  0.383688  0
14.426667  0.383558  0
12.106667  0.609259  1
12.133333  0.608941  1
12.160000  0.608623  1
12.186667  0.608304  1
12.213333  0.607986  1
12.240000  0.607668  1
12.266667  0.607349  1
12.293333  0.607031  1
12.320000  0.606713  1
12.346667  0.606394  1
12.373333  0.606076  1
12.400000  0.605758  1
12.426667  0.605440  1
12.453333  0.605121  1
12.480000  0.604803  1
12.506667  0.604485  1
12.533333  0.604166  1
12.560000  0.603848  1
12.586667  0.603530  1
12.613333  0.603212  1
12.640000  0.602893  1
12.666667  0.602575  1
12.693333  0.602257  1
12.720000  0.601938  1
12.746667  0.601620  1
12.773333  0.601302  1
12.800000  0.600984  1
12.826667  0.600665  1
12.853333  0.600347  1
12.880000  0.600029  1
12.906667  0.599710  1
12.933333  0.599392  1
12.960000  0.599074  1
12.986667  0.598755  1
13.013333  0.598437  1
13.040000  0.598119  1
13.066667  0.597801  1
13.093333  0.597482  1
13.120000  0.597164  1
13.146667  0.596846  1
13.173333  0.596527  1
13.200000  0.596209  1
13.226667  0.595891  1
13.253333  0.595573  1
13.280000  0.595254  1
13.306667  0.594936  1
13.333333  0.594618  1
13.360000  0.594299  1
13.386667  0.593981  1
13.413333  0.593663  1
13.440000  0.593345  1
13.466667  0.593026  1
13.493333  0.592708  1
13.520000  0.592390  1
13.546667  0.592071  1
13.573333  0.591753  1
13.600000  0.591435  1
13.626667  0.591116  1
13.653333  0.590798  1
13.680000  0.590480  1
13.706667  0.590162  1
13.733333  0.589843  1
13.760000  0.589525  1
13.786667  0.589207  1
13.813333  0.588888  1
13.840000  0.588570  1
13.866667  0.588252  1
13.893333  0.587934  1
13.920000  0.587615  1
13.946667  0.587297  1
13.973333  0.586979  1
14.000000  0.586660  1
14.026667  0.586342  1
14.053333  0.586024  1
14.080000  0.585706  1
14.106667  0.585387  1
14.133333  0.585069  1
14.160000  0.584751  1
14.186667  0.584432  1
14.213333  0.584114  1
14.240000  0.583796  1
14.266667  0.583477  1
14.293333  0.583159  1
14.320000  0.582841  1
14.346667  0.582523  1
14.373333  0.582204  1
14.400000  0.581886  1
14.426667  0.581568  1
14.453333  0.581249  1
14.480000  0.580931  1
14.506667  0.580613  1
14.533333  0.580295  1
14.560000  0.579976  1
14.586667  0.579658  1
14.613333  0.579340  1
14.640000  0.579021  1
14.666667  0.578703  1
14.693333  0.578385  1
14.720000  0.578067  1
14.746667  0.577748  1
14.773333  0.577430  1
14.800000  0.577112  1
14.826667  0.576793  1
14.853333  0.576475  1
14.880000  0.576157  1
14.906667  0.575838  1
14.933333  0.575520  1
14.960000  0.575202  1
14.986667  0.574884  1
15.013333  0.574565  1
15.040000  0.574247  1
15.066667  0.573929  1
15.093333  0.573610  1
15.120000  0.573292  1
15.146667  0.572974  1
15.173333  0.572656  1
15.200000  0.572337  1
15.226667  0.572019  1
15.253333  0.571701  1
15.280000  0.571382  1
15.306667  0.571064  1
15.333333  0.570746  1
15.360000  0.570428  1
15.386667  0.570109  1
15.413333  0.569791  1
15.440000  0.569473  1
15.466667  0.569154  1
15.493333  0.568836  1
15.520000  0.568518  1
15.546667  0.568199  1
15.573333  0.567881  1
15.600000  0.567563  1
15.626667  0.567245  1
15.653333  0.566926  1
15.680000  0.566608  1
15.706667  0.566290  1
15.733333  0.565971  1
15.760000  0.565653  1
15.786667  0.565335  1
15.813333  0.565017  1
15.840000  0.564698  1
15.866667  0.564380  1
15.893333  0.564062  1
15.920000  0.563743  1
15.946667  0.563425  1
15.973333  0.563107  1
16.000000  0.562789  1
16.026667  0.562470  1
16.053333  0.562152  1
16.080000  0.561834  1
16.106667  0.561515  1
16.133333  0.561197  1
16.160000  0.560879  1
16.186667  0.560560  1
16.213333  0.560242  1
16.240000  0.559924  1
16.266667  0.559606  1
16.293333  0.559287  1
16.320000  0.558969  1
16.346667  0.558651  1
16.373333  0.558332  1
16.400000  0.558014  1
16.426667  0.557696  1
16.453333  0.557378  1
16.480000  0.557059  1
16.506667  0.556741  1
16.533333  0.556423  1
16.560000  0.556104  1
16.586667  0.555786  1
16.613333  0.555468  1
16.640000  0.555150  1
16.666667  0.554831  1
16.693333  0.554513  1
16.720000  0.554195  1
16.746667  0.553876  1
16.773333  0.553558  1
16.800000  0.553240  1
16.826667  0.552921  1
16.853333  0.552603  1
16.880000  0.552285  1
16.906667  0.551967  1
16.933333  0.551648  1
16.960000  0.551330  1
16.986667  0.551012  1
17.013333  0.550693  1
17.040000  0.550375  1
17.066667  0.550057  1
17.093333  0.549739  1
17.120000  0.549420  1
17.146667  0.549102  1
17.173333  0.548784  1
17.200000  0.548465  1
17.226667  0.548147  1
17.253333  0.547829  1
17.280000  0.547511  1
17.306667  0.547192  1
17.333333  0.546874  1
17.360000  0.546556  1
17.386667  0.546237  1
17.413333  0.545919  1
17.440000  0.545601  1
17.466667  0.545283  1
17.493333  0.544964  1
