3.306667  0.686119  0
3.333333  0.684625  0
3.360000  0.683140  0
3.386667  0.681685  0
3.413333  0.680304  0
3.440000  0.679051  0
3.466667  0.677966  0
3.493333  0.677040  0
3.520000  0.676225  0
3.546667  0.675467  0
3.573333  0.674731  0
3.600000  0.674001  0
3.626667  0.673272  0
3.653333  0.672542  0
3.680000  0.671811  0
3.706667  0.671070  0
3.733333  0.670298  0
3.760000  0.669455  0
3.786667  0.668496  0
3.813333  0.667399  0
3.840000  0.666185  0
3.866667  0.664900  0
3.893333  0.663585  0
3.920000  0.662260  0
3.946667  0.660933  0
3.973333  0.659605  0
4.000000  0.658278  0
4.026667  0.656950  0
4.053333  0.655622  0
4.080000  0.654295  0
4.106667  0.652967  0
4.133333  0.651640  0
4.160000  0.650312  0
4.186667  0.648985  0
4.213333  0.647657  0
4.240000  0.646330  0
4.266667  0.645002  0
4.293333  0.643674  0
4.320000  0.642347  0
4.346667  0.641019  0
4.373333  0.639692  0
4.400000  0.638364  0
4.426667  0.637037  0
4.453333  0.635709  0
4.480000  0.634382  0
4.506667  0.633054  0
4.533333  0.631726  0
4.560000  0.630399  0
4.586667  0.629071  0
4.613333  0.627744  0
4.640000  0.626416  0
4.666667  0.625089  0
4.693333  0.623761  0
4.720000  0.622434  0
4.746667  0.621106  0
4.773333  0.619778  0
4.800000  0.618451  0
4.826667  0.617123  0
4.853333  0.615796  0
4.880000  0.614468  0
4.906667  0.613141  0
4.933333  0.611813  0
4.960000  0.610486  0
4.986667  0.609158  0
5.013333  0.607831  0
5.040000  0.606503  0
5.066667  0.605175  0
5.093333  0.603848  0
5.120000  0.602520  0
5.146667  0.601193  0
5.173333  0.599865  0
5.200000  0.598538  0
5.226667  0.597210  0
5.253333  0.595883  0
5.280000  0.594555  0
5.306667  0.593227  0
5.333333  0.591900  0
5.360000  0.590572  0
5.386667  0.589245  0
5.413333  0.587917  0
5.440000  0.586590  0
5.466667  0.585262  0
5.493333  0.583934  0
5.520000  0.582606  0
5.546667  0.581275  0
5.573333  0.579933  0
5.600000  0.578568  0
5.626667  0.577163  0
5.653333  0.575710  0
5.680000  0.574215  0
5.706667  0.572694  0
5.733333  0.571161  0
5.760000  0.569623  0
5.786667  0.568085  0
5.813333  0.566546  0
5.840000  0.565007  0
5.866667  0.563469  0
5.893333  0.561930  0
5.920000  0.560391  0
5.946667  0.558852  0
5.973333  0.557314  0
6.000000  0.555775  0
6.026667  0.554236  0
6.053333  0.552697  0
6.080000  0.551159  0
6.106667  0.549620  0
6.133333  0.548081  0
6.160000  0.546542  0
6.186667  0.545004  0
6.213333  0.543465  0
6.240000  0.541926  0
6.266667  0.540387  0
6.293333  0.538849  0
6.320000  0.537310  0
6.346667  0.535771  0
6.373333  0.534232  0
6.400000  0.532694  0
6.426667  0.531158  0
6.453333  0.529630  0
6.480000  0.528132  0
6.506667  0.526704  0
6.533333  0.525395  0
6.560000  0.524236  0
6.586667  0.523213  0
6.613333  0.522280  0
6.640000  0.521391  0
6.666667  0.520518  0
6.693333  0.519649  0
6.720000  0.518781  0
6.746667  0.517913  0
6.773333  0.517045  0
6.800000  0.516177  0
6.826667  0.515309  0
6.853333  0.514441  0
6.880000  0.513573  0
6.906667  0.512705  0
6.933333  0.511837  0
6.960000  0.510969  0
6.986667  0.510101  0
7.013333  0.509233  0
7.040000  0.508365  0
7.066667  0.507497  0
7.093333  0.506629  0
7.120000  0.505761  0
7.146667  0.504893  0
7.173333  0.504025  0
7.200000  0.503157  0
7.226667  0.502289  0
7.253333  0.501421  0
7.280000  0.500553  0
7.306667  0.499685  0
7.333333  0.498817  0
7.360000  0.497949  0
7.386667  0.497081  0
7.413333  0.496213  0
7.440000  0.495345  0
7.466667  0.494477  0
7.493333  0.493609  0
7.520000  0.492741  0
7.546667  0.491873  0
7.573333  0.491005  0
7.600000  0.490137  0
7.626667  0.489269  0
7.653333  0.488401  0
7.680000  0.487533  0
7.706667  0.486665  0
7.733333  0.485797  0
7.760000  0.484929  0
7.786667  0.484061  0
7.813333  0.483193  0
7.840000  0.482327  0
7.866667  0.481465  0
7.893333  0.480609  0
7.920000  0.479762  0
7.946667  0.478923  0
7.973333  0.478089  0
8.000000  0.477259  0
8.026667  0.476430  0
8.053333  0.475601  0
8.080000  0.474772  0
8.106667  0.473944  0
8.133333  0.473115  0
8.160000  0.472286  0
8.186667  0.471457  0
8.213333  0.470629  0
8.240000  0.469800  0
8.266667  0.468971  0
8.293333  0.468143  0
8.320000  0.467314  0
8.346667  0.466485  0
8.373333  0.465656  0
8.400000  0.464828  0
8.426667  0.463999  0
8.453333  0.463170  0
8.480000  0.462342  0
8.506667  0.461513  0
8.533333  0.460684  0
8.560000  0.459855  0
8.586667  0.459027  0
8.613333  0.458198  0
8.640000  0.457369  0
8.666667  0.456541  0
8.693333  0.455712  0
8.720000  0.454883  0
8.746667  0.454054  0
8.773333  0.453226  0
8.800000  0.452397  0
8.826667  0.451568  0
8.853333  0.450740  0
8.880000  0.449913  0
8.906667  0.449092  0
8.933333  0.448291  0
8.960000  0.447537  0
8.986667  0.446859  0
9.013333  0.446272  0
9.040000  0.445761  0
9.066667  0.445297  0
9.093333  0.444853  0
9.120000  0.444414  0
9.146667  0.443978  0
9.173333  0.443541  0
9.200000  0.443105  0
9.226667  0.442669  0
9.253333  0.442232  0
9.280000  0.441796  0
9.306667  0.441360  0
9.333333  0.440923  0
9.360000  0.440487  0
9.386667  0.440051  0
9.413333  0.439614  0
9.440000  0.439178  0
9.466667  0.438741  0
9.493333  0.438305  0
9.520000  0.437869  0
9.546667  0.437432  0
9.573333  0.436996  0
9.600000  0.436560  0
9.626667  0.436123  0
9.653333  0.435687  0
9.680000  0.435250  0
9.706667  0.434814  0
9.733333  0.434378  0
9.760000  0.433941  0
9.786667  0.433505  0
9.813333  0.433069  0
9.840000  0.432632  0
9.866667  0.432196  0
9.893333  0.431759  0
9.920000  0.431323  0
9.946667  0.430887  0
9.973333  0.430450  0
10.000000  0.430014  0
10.026667  0.429578  0
10.053333  0.429141  0
10.080000  0.428705  0
10.106667  0.428268  0
10.133333  0.427832  0
10.160000  0.427396  0
10.186667  0.426959  0
10.213333  0.426523  0
10.240000  0.426087  0
10.266667  0.425650  0
10.293333  0.425214  0
10.320000  0.424778  0
10.346667  0.424341  0
10.373333  0.423905  0
10.400000  0.423468  0
10.426667  0.423032  0
10.453333  0.422596  0
10.480000  0.422159  0
10.506667  0.421724  0
10.533333  0.421290  0
10.560000  0.420863  0
10.586667  0.420456  0
10.613333  0.420088  0
10.640000  0.419776  0
10.666667  0.419523  0
10.693333  0.419317  0
10.720000  0.419137  0
10.746667  0.418968  0
10.773333  0.418803  0
10.800000  0.418638  0
10.826667  0.418473  0
10.853333  0.418308  0
10.880000  0.418143  0
10.906667  0.417979  0
10.933333  0.417814  0
10.960000  0.417649  0
10.986667  0.417484  0
11.013333  0.417319  0
11.040000  0.417155  0
11.066667  0.416990  0
11.093333  0.416825  0
11.120000  0.416660  0
11.146667  0.416495  0
11.173333  0.416331  0
11.200000  0.416166  0
11.226667  0.416001  0
11.253333  0.415836  0
11.280000  0.415672  0
11.306667  0.415507  0
11.333333  0.415342  0
11.360000  0.415177  0
11.386667  0.415012  0
11.413333  0.414848  0
11.440000  0.414683  0
11.466667  0.414518  0
11.493333  0.414353  0
11.520000  0.414188  0
11.546667  0.414024  0
11.573333  0.413859  0
11.600000  0.413694  0
11.626667  0.413529  0
11.653333  0.413364  0
11.680000  0.413200  0
11.706667  0.413035  0
11.733333  0.412870  0
11.760000  0.412705  0
11.786667  0.412540  0
11.813333  0.412376  0
11.840000  0.412211  0
11.866667  0.412046  0
11.893333  0.411881  0
11.920000  0.411717  0
11.946667  0.411552  0
11.973333  0.411387  0
12.000000  0.411222  0
12.026667  0.411057  0
12.053333  0.410893  0
12.080000  0.410728  0
12.106667  0.410563  0
12.133333  0.410398  0
12.160000  0.410233  0
12.186667  0.410069  0
12.213333  0.409904  0
12.240000  0.409739  0
12.266667  0.409574  0
12.293333  0.409409  0
12.320000  0.409245  0
12.346667  0.409080  0
12.373333  0.408915  0
12.400000  0.408750  0
12.426667  0.408585  0
12.453333  0.408421  0
12.480000  0.408256  0
12.506667  0.408091  0
12.533333  0.407926  0
12.560000  0.407762  0
12.586667  0.407597  0
12.613333  0.407432  0
12.640000  0.407267  0
12.666667  0.407102  0
12.693333  0.406938  0
12.720000  0.406773  0
12.746667  0.406608  0
12.773333  0.406443  0
12.800000  0.406278  0
12.826667  0.406114  0
12.853333  0.405949  0
12.880000  0.405784  0
12.906667  0.405619  0
12.933333  0.405454  0
12.960000  0.405290  0
12.986667  0.405125  0
13.013333  0.404960  0
13.040000  0.404795  0
13.066667  0.404630  0
13.093333  0.404466  0
13.120000  0.404301  0
13.146667  0.404137  0
13.173333  0.403976  0
13.200000  0.403821  0
13.226667  0.403678  0
13.253333  0.403555  0
13.280000  0.403451  0
13.306667  0.403363  0
13.333333  0.403284  0
13.360000  0.403208  0
13.386667  0.403134  0
13.413333  0.403060  0
13.440000  0.402986  0
13.466667  0.402911  0
13.493333  0.402837  0
13.520000  0.402763  0
13.546667  0.402689  0
13.573333  0.402615  0
13.600000  0.402541  0
13.626667  0.402467  0
13.653333  0.402393  0
13.680000  0.402319  0
13.706667  0.402245  0
13.733333  0.402171  0
13.760000  0.402097  0
13.786667  0.402023  0
13.813333  0.401949  0
13.840000  0.401875  0
13.866667  0.401801  0
13.893333  0.401727  0
13.920000  0.401653  0
13.946667  0.401579  0
13.973333  0.401505  0
14.000000  0.401431  0
14.026667  0.401357  0
14.053333  0.401283  0
14.080000  0.401209  0
14.106667  0.401135  0
14.133333  0.401061  0
14.160000  0.400987  0
14.186667  0.400913  0
14.213333  0.400839  0
14.240000  0.400765  0
14.266667  0.400691  0
14.293333  0.400617  0
14.320000  0.400543  0
14.346667  0.400469  0
14.373333  0.400395  0
14.400000  0.400321  0
14.426667  0.400247  0
14.453333  0.400172  0
14.480000  0.400098  0
14.506667  0.400024  0
14.533333  0.399950  0
14.560000  0.399876  0
14.586667  0.399802  0
14.613333  0.399728  0
14.640000  0.399654  0
14.666667  0.399580  0
14.693333  0.399506  0
14.720000  0.399432  0
14.746667  0.399358  0
14.773333  0.399284  0
14.800000  0.399210  0
14.826667  0.399136  0
14.853333  0.399062  0
14.880000  0.398988  0
14.906667  0.398914  0
14.933333  0.398840  0
14.960000  0.398766  0
14.986667  0.398692  0
15.013333  0.398618  0
15.040000  0.398544  0
15.066667  0.398470  0
15.093333  0.398396  0
15.120000  0.398322  0
15.146667  0.398248  0
15.173333  0.398174  0
15.200000  0.398100  0
15.226667  0.398026  0
15.253333  0.397952  0
15.280000  0.397878  0
15.306667  0.397804  0
15.333333  0.397730  0
15.360000  0.397656  0
15.386667  0.397582  0
15.413333  0.397507  0
15.440000  0.397433  0
15.466667  0.397359  0
15.493333  0.397285  0
15.520000  0.397211  0
15.546667  0.397137  0
15.573333  0.397063  0
15.600000  0.396989  0
15.626667  0.396915  0
15.653333  0.396841  0
15.680000  0.396767  0
15.706667  0.396693  0
15.733333  0.396619  0
15.760000  0.396545  0
15.786667  0.396471  0
15.813333  0.396397  0
15.840000  0.396323  0
15.866667  0.396249  0
15.893333  0.396175  0
15.920000  0.396101  0
15.946667  0.396027  0
15.973333  0.395953  0
16.000000  0.395879  0
16.026667  0.395807  0
16.053333  0.395740  0
16.080000  0.395685  0
16.106667  0.395654  0
11.866667  0.617442  1
11.893333  0.616909  1
11.920000  0.616376  1
11.946667  0.615844  1
11.973333  0.615311  1
12.000000  0.614778  1
12.026667  0.614246  1
12.053333  0.613713  1
12.080000  0.613180  1
12.106667  0.612648  1
12.133333  0.612115  1
12.160000  0.611583  1
12.186667  0.611050  1
12.213333  0.610517  1
12.240000  0.609985  1
12.266667  0.609452  1
12.293333  0.608919  1
12.320000  0.608387  1
12.346667  0.607854  1
12.373333  0.607321  1
12.400000  0.606789  1
12.426667  0.606256  1
12.453333  0.605723  1
12.480000  0.605191  1
12.506667  0.604658  1
12.533333  0.604126  1
12.560000  0.603593  1
12.586667  0.603060  1
12.613333  0.602528  1
12.640000  0.601995  1
12.666667  0.601462  1
12.693333  0.600930  1
12.720000  0.600397  1
12.746667  0.599864  1
12.773333  0.599332  1
12.800000  0.598799  1
12.826667  0.598267  1
12.853333  0.597734  1
12.880000  0.597201  1
12.906667  0.596669  1
12.933333  0.596136  1
12.960000  0.595603  1
12.986667  0.595071  1
13.013333  0.594538  1
13.040000  0.594005  1
13.066667  0.593473  1
13.093333  0.592940  1
13.120000  0.592407  1
13.146667  0.591875  1
13.173333  0.591342  1
13.200000  0.590810  1
13.226667  0.590277  1
13.253333  0.589744  1
13.280000  0.589212  1
13.306667  0.588679  1
13.333333  0.588146  1
13.360000  0.587614  1
13.386667  0.587081  1
13.413333  0.586548  1
13.440000  0.586016  1
13.466667  0.585483  1
13.493333  0.584950  1
13.520000  0.584418  1
13.546667  0.583885  1
13.573333  0.583353  1
13.600000  0.582820  1
13.626667  0.582287  1
13.653333  0.581755  1
13.680000  0.581222  1
