2.560000  0.689556  0
2.586667  0.688799  0
2.613333  0.688041  0
2.640000  0.687284  0
2.666667  0.686526  0
2.693333  0.685769  0
2.720000  0.685011  0
2.746667  0.684254  0
2.773333  0.683496  0
2.800000  0.682739  0
2.826667  0.681981  0
2.853333  0.681224  0
2.880000  0.680466  0
2.906667  0.679708  0
2.933333  0.678951  0
2.960000  0.678193  0
2.986667  0.677436  0
3.013333  0.676678  0
3.040000  0.675921  0
3.066667  0.675163  0
3.093333  0.674406  0
3.120000  0.673648  0
3.146667  0.672891  0
3.173333  0.672133  0
3.200000  0.671376  0
3.226667  0.670618  0
3.253333  0.669861  0
3.280000  0.669103  0
3.306667  0.668345  0
3.333333  0.667588  0
3.360000  0.666830  0
3.386667  0.666073  0
3.413333  0.665315  0
3.440000  0.664558  0
3.466667  0.663800  0
3.493333  0.663043  0
3.520000  0.662285  0
3.546667  0.661528  0
3.573333  0.660770  0
3.600000  0.660013  0
3.626667  0.659255  0
3.653333  0.658498  0
3.680000  0.657740  0
3.706667  0.656982  0
3.733333  0.656225  0
3.760000  0.655467  0
3.786667  0.654710  0
3.813333  0.653952  0
3.840000  0.653195  0
3.866667  0.652437  0
3.893333  0.651680  0
3.920000  0.650922  0
3.946667  0.650165  0
3.973333  0.649407  0
4.000000  0.648650  0
4.026667  0.647892  0
4.053333  0.647135  0
4.080000  0.646377  0
4.106667  0.645619  0
4.133333  0.644862  0
4.160000  0.644104  0
4.186667  0.643347  0
4.213333  0.642589  0
4.240000  0.641832  0
4.266667  0.641074  0
4.293333  0.640317  0
4.320000  0.639559  0
4.346667  0.638802  0
4.373333  0.638044  0
4.400000  0.637287  0
4.426667  0.636529  0
4.453333  0.635772  0
4.480000  0.635014  0
4.506667  0.634256  0
4.533333  0.633499  0
4.560000  0.632741  0
4.586667  0.631984  0
4.613333  0.631226  0
4.640000  0.630469  0
4.666667  0.629711  0
4.693333  0.628954  0
4.720000  0.628196  0
4.746667  0.627439  0
4.773333  0.626681  0
4.800000  0.625924  0
4.826667  0.625166  0
4.853333  0.624408  0
4.880000  0.623651  0
4.906667  0.622893  0
4.933333  0.622136  0
4.960000  0.621378  0
4.986667  0.620621  0
5.013333  0.619863  0
5.040000  0.619106  0
5.066667  0.618348  0
5.093333  0.617591  0
5.120000  0.616833  0
5.146667  0.616076  0
5.173333  0.615318  0
5.200000  0.614561  0
5.226667  0.613803  0
5.253333  0.613045  0
5.280000  0.612288  0
5.306667  0.611530  0
5.333333  0.610773  0
5.360000  0.610015  0
5.386667  0.609258  0
5.413333  0.608500  0
5.440000  0.607743  0
5.466667  0.606985  0
5.493333  0.606228  0
5.520000  0.605470  0
5.546667  0.604713  0
5.573333  0.603955  0
5.600000  0.603198  0
5.626667  0.602440  0
5.653333  0.601682  0
5.680000  0.600925  0
5.706667  0.600167  0
5.733333  0.599410  0
5.760000  0.598652  0
5.786667  0.597895  0
5.813333  0.597137  0
5.840000  0.596380  0
5.866667  0.595622  0
5.893333  0.594865  0
5.920000  0.594107  0
5.946667  0.593350  0
5.973333  0.592771  0
6.000000  0.592200  0
6.026667  0.591628  0
6.053333  0.591057  0
6.080000  0.590486  0
6.106667  0.589914  0
6.133333  0.589343  0
6.160000  0.588771  0
6.186667  0.588200  0
6.213333  0.587628  0
6.240000  0.587057  0
6.266667  0.586486  0
6.293333  0.585914  0
6.320000  0.585343  0
6.346667  0.584771  0
6.373333  0.584200  0
6.400000  0.583629  0
6.426667  0.583057  0
6.453333  0.582486  0
6.480000  0.581914  0
6.506667  0.581343  0
6.533333  0.580771  0
6.560000  0.580200  0
6.586667  0.579629  0
6.613333  0.579057  0
6.640000  0.578486  0
6.666667  0.577914  0
6.693333  0.577343  0
6.720000  0.576772  0
6.746667  0.576200  0
6.773333  0.575629  0
6.800000  0.575057  0
6.826667  0.574486  0
6.853333  0.573914  0
6.880000  0.573343  0
6.906667  0.572772  0
6.933333  0.572200  0
6.960000  0.571629  0
6.986667  0.571057  0
7.013333  0.570486  0
7.040000  0.569915  0
7.066667  0.569343  0
7.093333  0.568772  0
7.120000  0.568200  0
7.146667  0.567629  0
7.173333  0.567058  0
7.200000  0.566486  0
7.226667  0.565915  0
7.253333  0.565343  0
7.280000  0.564772  0
7.306667  0.564200  0
7.333333  0.563629  0
7.360000  0.563058  0
7.386667  0.562486  0
7.413333  0.561915  0
7.440000  0.561343  0
7.466667  0.560772  0
7.493333  0.560201  0
7.520000  0.559629  0
7.546667  0.559058  0
7.573333  0.558486  0
7.600000  0.557915  0
7.626667  0.557343  0
7.653333  0.556772  0
7.680000  0.556201  0
7.706667  0.555629  0
7.733333  0.555058  0
7.760000  0.554486  0
7.786667  0.553915  0
7.813333  0.553344  0
7.840000  0.552772  0
7.866667  0.552201  0
7.893333  0.551629  0
7.920000  0.551058  0
7.946667  0.550486  0
7.973333  0.549915  0
8.000000  0.549344  0
8.026667  0.548772  0
8.053333  0.548201  0
8.080000  0.547629  0
8.106667  0.547058  0
8.133333  0.546487  0
8.160000  0.545915  0
8.186667  0.545344  0
8.213333  0.544772  0
8.240000  0.544201  0
8.266667  0.543629  0
8.293333  0.543058  0
8.320000  0.542487  0
8.346667  0.541915  0
8.373333  0.541344  0
8.400000  0.540772  0
8.426667  0.540201  0
8.453333  0.539630  0
8.480000  0.539058  0
8.506667  0.538487  0
8.533333  0.537915  0
8.560000  0.537344  0
8.586667  0.536772  0
8.613333  0.536201  0
8.640000  0.535630  0
8.666667  0.535058  0
8.693333  0.534487  0
8.720000  0.533915  0
8.746667  0.533344  0
8.773333  0.532773  0
8.800000  0.532201  0
8.826667  0.531630  0
8.853333  0.531058  0
8.880000  0.530487  0
8.906667  0.529915  0
8.933333  0.529344  0
8.960000  0.528773  0
8.986667  0.528201  0
9.013333  0.527630  0
9.040000  0.527058  0
9.066667  0.526487  0
9.093333  0.525916  0
9.120000  0.525344  0
9.146667  0.524773  0
9.173333  0.524201  0
9.200000  0.523630  0
9.226667  0.523058  0
9.253333  0.522487  0
9.280000  0.521916  0
9.306667  0.521344  0
9.333333  0.520773  0
9.360000  0.520201  0
9.386667  0.519630  0
9.413333  0.519059  0
9.440000  0.518487  0
9.466667  0.517916  0
9.493333  0.517344  0
9.520000  0.516773  0
9.546667  0.516202  0
9.573333  0.515630  0
9.600000  0.515059  0
9.626667  0.514487  0
9.653333  0.513916  0
9.680000  0.513344  0
9.706667  0.512773  0
9.733333  0.512202  0
9.760000  0.511630  0
9.786667  0.511059  0
9.813333  0.510487  0
9.840000  0.509916  0
9.866667  0.509345  0
9.893333  0.508773  0
9.920000  0.508202  0
9.946667  0.507630  0
9.973333  0.507059  0
10.000000  0.506487  0
10.026667  0.505916  0
10.053333  0.505345  0
10.080000  0.504773  0
10.106667  0.504202  0
10.133333  0.503630  0
10.160000  0.503059  0
10.186667  0.502488  0
10.213333  0.501916  0
10.240000  0.501345  0
10.266667  0.500773  0
10.293333  0.500202  0
10.320000  0.499630  0
10.346667  0.499059  0
10.373333  0.498488  0
10.400000  0.497916  0
10.426667  0.497345  0
10.453333  0.496773  0
10.480000  0.496202  0
10.506667  0.495631  0
10.533333  0.495059  0
10.560000  0.494488  0
10.586667  0.493916  0
10.613333  0.493345  0
10.640000  0.492773  0
10.666667  0.492202  0
10.693333  0.491631  0
10.720000  0.491059  0
10.746667  0.490488  0
10.773333  0.489916  0
10.800000  0.489345  0
10.826667  0.488774  0
10.853333  0.488202  0
10.880000  0.487631  0
10.906667  0.487059  0
10.933333  0.486488  0
10.960000  0.485916  0
10.986667  0.485345  0
11.013333  0.484774  0
11.040000  0.484202  0
11.066667  0.483631  0
11.093333  0.483059  0
11.120000  0.482488  0
11.146667  0.481917  0
11.173333  0.481345  0
11.200000  0.480774  0
