2.773333  0.712835  0
2.800000  0.711384  0
2.826667  0.709932  0
2.853333  0.708480  0
2.880000  0.707028  0
2.906667  0.705576  0
2.933333  0.704124  0
2.960000  0.702672  0
2.986667  0.701220  0
3.013333  0.699768  0
3.040000  0.698317  0
3.066667  0.697032  0
3.093333  0.695747  0
3.120000  0.694462  0
3.146667  0.693177  0
3.173333  0.691892  0
3.200000  0.690607  0
3.226667  0.689323  0
3.253333  0.688038  0
3.280000  0.686753  0
3.306667  0.685468  0
3.333333  0.684183  0
3.360000  0.682899  0
3.386667  0.681614  0
3.413333  0.680329  0
3.440000  0.679044  0
3.466667  0.677759  0
3.493333  0.676474  0
3.520000  0.675190  0
3.546667  0.673905  0
3.573333  0.672620  0
3.600000  0.671335  0
3.626667  0.670050  0
3.653333  0.668766  0
3.680000  0.667481  0
3.706667  0.666196  0
3.733333  0.664911  0
3.760000  0.663626  0
3.786667  0.662342  0
3.813333  0.661057  0
3.840000  0.659772  0
3.866667  0.658487  0
3.893333  0.657202  0
3.920000  0.655917  0
3.946667  0.654633  0
3.973333  0.653348  0
4.000000  0.652063  0
4.026667  0.650778  0
4.053333  0.649493  0
4.080000  0.648209  0
4.106667  0.646924  0
4.133333  0.645639  0
4.160000  0.644354  0
4.186667  0.643069  0
4.213333  0.641785  0
4.240000  0.640500  0
4.266667  0.639215  0
4.293333  0.637930  0
4.320000  0.636645  0
4.346667  0.635360  0
4.373333  0.634076  0
4.400000  0.632962  0
4.426667  0.631918  0
4.453333  0.630874  0
4.480000  0.629830  0
4.506667  0.628786  0
4.533333  0.627742  0
4.560000  0.626698  0
4.586667  0.625655  0
4.613333  0.624611  0
4.640000  0.623567  0
4.666667  0.622523  0
4.693333  0.621479  0
4.720000  0.620435  0
4.746667  0.619391  0
4.773333  0.618347  0
4.800000  0.617303  0
4.826667  0.616259  0
4.853333  0.615215  0
4.880000  0.614172  0
4.906667  0.613128  0
4.933333  0.612084  0
4.960000  0.611040  0
4.986667  0.609996  0
5.013333  0.608952  0
5.040000  0.607908  0
5.066667  0.606864  0
5.093333  0.605820  0
5.120000  0.604776  0
5.146667  0.603732  0
5.173333  0.602689  0
5.200000  0.601645  0
5.226667  0.600601  0
5.253333  0.599557  0
5.280000  0.598513  0
5.306667  0.597469  0
5.333333  0.596425  0
5.360000  0.595381  0
5.386667  0.594337  0
5.413333  0.593293  0
5.440000  0.592249  0
5.466667  0.591206  0
5.493333  0.590162  0
5.520000  0.589118  0
5.546667  0.588074  0
5.573333  0.587030  0
5.600000  0.585986  0
5.626667  0.584942  0
5.653333  0.583898  0
5.680000  0.582854  0
5.706667  0.581810  0
5.733333  0.580883  0
5.760000  0.580117  0
5.786667  0.579351  0
5.813333  0.578584  0
5.840000  0.577818  0
5.866667  0.577051  0
5.893333  0.576285  0
5.920000  0.575519  0
5.946667  0.574752  0
5.973333  0.573986  0
6.000000  0.573219  0
6.026667  0.572453  0
6.053333  0.571687  0
6.080000  0.570920  0
6.106667  0.570154  0
6.133333  0.569387  0
6.160000  0.568621  0
6.186667  0.567855  0
6.213333  0.567088  0
6.240000  0.566322  0
6.266667  0.565555  0
6.293333  0.564789  0
6.320000  0.564023  0
6.346667  0.563256  0
6.373333  0.562490  0
6.400000  0.561723  0
6.426667  0.560957  0
6.453333  0.560191  0
6.480000  0.559424  0
6.506667  0.558658  0
6.533333  0.557891  0
6.560000  0.557125  0
6.586667  0.556359  0
6.613333  0.555592  0
6.640000  0.554826  0
6.666667  0.554059  0
6.693333  0.553293  0
6.720000  0.552527  0
6.746667  0.551760  0
6.773333  0.550994  0
6.800000  0.550227  0
6.826667  0.549461  0
6.853333  0.548695  0
6.880000  0.547928  0
6.906667  0.547162  0
6.933333  0.546395  0
6.960000  0.545629  0
6.986667  0.544863  0
7.013333  0.544096  0
7.040000  0.543330  0
7.066667  0.542563  0
7.093333  0.541797  0
7.120000  0.541031  0
7.146667  0.540264  0
7.173333  0.539498  0
7.200000  0.538731  0
7.226667  0.537965  0
7.253333  0.537199  0
7.280000  0.536443  0
7.306667  0.535701  0
7.333333  0.534959  0
7.360000  0.534217  0
7.386667  0.533475  0
7.413333  0.532733  0
7.440000  0.531991  0
7.466667  0.531249  0
7.493333  0.530507  0
7.520000  0.529765  0
7.546667  0.529023  0
7.573333  0.528281  0
7.600000  0.527539  0
7.626667  0.526797  0
7.653333  0.526055  0
7.680000  0.525313  0
7.706667  0.524571  0
7.733333  0.523828  0
7.760000  0.523086  0
7.786667  0.522344  0
7.813333  0.521602  0
7.840000  0.520860  0
7.866667  0.520118  0
7.893333  0.519376  0
7.920000  0.518634  0
7.946667  0.517892  0
7.973333  0.517150  0
8.000000  0.516408  0
8.026667  0.515666  0
8.053333  0.514924  0
8.080000  0.514182  0
8.106667  0.513440  0
8.133333  0.512698  0
8.160000  0.511956  0
8.186667  0.511214  0
8.213333  0.510471  0
8.240000  0.509729  0
8.266667  0.508987  0
8.293333  0.508245  0
8.320000  0.507503  0
8.346667  0.506761  0
8.373333  0.506019  0
8.400000  0.505277  0
8.426667  0.504535  0
8.453333  0.503793  0
8.480000  0.503051  0
8.506667  0.502309  0
8.533333  0.501567  0
8.560000  0.500825  0
8.586667  0.500083  0
8.613333  0.499341  0
8.640000  0.498599  0
8.666667  0.497856  0
8.693333  0.497114  0
8.720000  0.496372  0
8.746667  0.495630  0
8.773333  0.494888  0
8.800000  0.494146  0
8.826667  0.493404  0
8.853333  0.492662  0
8.880000  0.491920  0
8.906667  0.491178  0
8.933333  0.490436  0
8.960000  0.489694  0
8.986667  0.488952  0
9.013333  0.488210  0
9.040000  0.487468  0
9.066667  0.486726  0
9.093333  0.485984  0
9.120000  0.485242  0
9.146667  0.484499  0
9.173333  0.483843  0
9.200000  0.483219  0
9.226667  0.482596  0
9.253333  0.481972  0
9.280000  0.481349  0
9.306667  0.480726  0
9.333333  0.480102  0
9.360000  0.479479  0
9.386667  0.478855  0
9.413333  0.478232  0
9.440000  0.477609  0
9.466667  0.476985  0
9.493333  0.476362  0
9.520000  0.475738  0
9.546667  0.475115  0
9.573333  0.474492  0
9.600000  0.473868  0
9.626667  0.473245  0
9.653333  0.472622  0
9.680000  0.471998  0
9.706667  0.471375  0
9.733333  0.470751  0
9.760000  0.470128  0
9.786667  0.469505  0
9.813333  0.468881  0
9.840000  0.468258  0
9.866667  0.467634  0
9.893333  0.467011  0
9.920000  0.466388  0
9.946667  0.465764  0
9.973333  0.465141  0
10.000000  0.464518  0
10.026667  0.463894  0
10.053333  0.463271  0
10.080000  0.462647  0
10.106667  0.462024  0
10.133333  0.461401  0
10.160000  0.460777  0
10.186667  0.460154  0
10.213333  0.459530  0
10.240000  0.458907  0
10.266667  0.458284  0
10.293333  0.457660  0
10.320000  0.457037  0
10.346667  0.456413  0
10.373333  0.455790  0
10.400000  0.455167  0
10.426667  0.454543  0
10.453333  0.453920  0
10.480000  0.453297  0
10.506667  0.452673  0
10.533333  0.452050  0
10.560000  0.451426  0
10.586667  0.450803  0
10.613333  0.450180  0
10.640000  0.449556  0
10.666667  0.448933  0
10.693333  0.448309  0
10.720000  0.447686  0
10.746667  0.447063  0
10.773333  0.446439  0
10.800000  0.445816  0
10.826667  0.445192  0
10.853333  0.444569  0
10.880000  0.443946  0
10.906667  0.443643  0
10.933333  0.443362  0
10.960000  0.443080  0
10.986667  0.442799  0
11.013333  0.442518  0
11.040000  0.442236  0
11.066667  0.441955  0
11.093333  0.441673  0
11.120000  0.441392  0
11.146667  0.441110  0
11.173333  0.440829  0
11.200000  0.440547  0
11.226667  0.440266  0
11.253333  0.439984  0
11.280000  0.439703  0
11.306667  0.439422  0
11.333333  0.439140  0
11.360000  0.438859  0
11.386667  0.438577  0
11.413333  0.438296  0
11.440000  0.438014  0
11.466667  0.437733  0
11.493333  0.437451  0
11.520000  0.437170  0
11.546667  0.436889  0
11.573333  0.436607  0
11.600000  0.436326  0
11.626667  0.436044  0
11.653333  0.435763  0
11.680000  0.435481  0
11.706667  0.435200  0
11.733333  0.434918  0
11.760000  0.434637  0
11.786667  0.434355  0
11.813333  0.434074  0
11.840000  0.433793  0
11.866667  0.433511  0
11.893333  0.433230  0
11.920000  0.432948  0
11.946667  0.432667  0
11.973333  0.432385  0
12.000000  0.432104  0
12.026667  0.431822  0
12.053333  0.431541  0
12.080000  0.431260  0
12.106667  0.430978  0
12.133333  0.430697  0
12.160000  0.430415  0
12.186667  0.430134  0
12.213333  0.429852  0
12.240000  0.429571  0
12.266667  0.429289  0
12.293333  0.429008  0
12.320000  0.428726  0
12.346667  0.428445  0
12.373333  0.428164  0
12.400000  0.427882  0
12.426667  0.427601  0
12.453333  0.427319  0
12.480000  0.427038  0
12.506667  0.426756  0
12.533333  0.426475  0
12.560000  0.426193  0
12.586667  0.425912  0
12.613333  0.425631  0
12.640000  0.425349  0
12.666667  0.425068  0
12.693333  0.424786  0
12.720000  0.424505  0
12.746667  0.424223  0
12.773333  0.423942  0
12.800000  0.423660  0
12.826667  0.423379  0
12.853333  0.423097  0
12.880000  0.422816  0
12.906667  0.422535  0
12.933333  0.422253  0
12.960000  0.421972  0
12.986667  0.421690  0
13.013333  0.421409  0
13.040000  0.421127  0
13.066667  0.420846  0
13.093333  0.420564  0
13.120000  0.420283  0
13.146667  0.420002  0
13.173333  0.419720  0
13.200000  0.419479  0
13.226667  0.419244  0
13.253333  0.419009  0
13.280000  0.418775  0
13.306667  0.418540  0
13.333333  0.418306  0
13.360000  0.418071  0
13.386667  0.417837  0
13.413333  0.417602  0
13.440000  0.417368  0
13.466667  0.417133  0
13.493333  0.416899  0
13.520000  0.416664  0
13.546667  0.416430  0
13.573333  0.416195  0
13.600000  0.415960  0
13.626667  0.415726  0
13.653333  0.415491  0
13.680000  0.415257  0
13.706667  0.415022  0
13.733333  0.414788  0
13.760000  0.414553  0
13.786667  0.414319  0
13.813333  0.414084  0
13.840000  0.413850  0
13.866667  0.413615  0
13.893333  0.413380  0
13.920000  0.413146  0
13.946667  0.412911  0
13.973333  0.412677  0
14.000000  0.412442  0
14.026667  0.412208  0
14.053333  0.411973  0
14.080000  0.411739  0
14.106667  0.411504  0
14.133333  0.411270  0
14.160000  0.411035  0
14.186667  0.410801  0
14.213333  0.410566  0
14.240000  0.410331  0
14.266667  0.410097  0
14.293333  0.409862  0
14.320000  0.409628  0
14.346667  0.409393  0
14.373333  0.409159  0
14.400000  0.408924  0
14.426667  0.408690  0
14.453333  0.408455  0
14.480000  0.408221  0
14.506667  0.407986  0
14.533333  0.407751  0
14.560000  0.407517  0
14.586667  0.407282  0
14.613333  0.407048  0
14.640000  0.406813  0
14.666667  0.406579  0
14.693333  0.406344  0
14.720000  0.406110  0
14.746667  0.405875  0
14.773333  0.405641  0
14.800000  0.405406  0
14.826667  0.405172  0
14.853333  0.404937  0
14.880000  0.404702  0
14.906667  0.404468  0
14.933333  0.404233  0
14.960000  0.403999  0
14.986667  0.403764  0
15.013333  0.403530  0
15.040000  0.403295  0
15.066667  0.403061  0
15.093333  0.402826  0
15.120000  0.402592  0
15.146667  0.402357  0
15.173333  0.402122  0
15.200000  0.401888  0
15.226667  0.401653  0
15.253333  0.401419  0
15.280000  0.401184  0
15.306667  0.400950  0
15.333333  0.400715  0
15.360000  0.400481  0
15.386667  0.400246  0
15.413333  0.400012  0
15.440000  0.399777  0
15.466667  0.399543  0
13.466667  0.633572  1
13.493333  0.633309  1
13.520000  0.633046  1
13.546667  0.632783  1
13.573333  0.632520  1
13.600000  0.632256  1
13.626667  0.631993  1
13.653333  0.631730  1
13.680000  0.631467  1
13.706667  0.631204  1
13.733333  0.630941  1
13.760000  0.630678  1
13.786667  0.630415  1
13.813333  0.630152  1
13.840000  0.629889  1
13.866667  0.629626  1
13.893333  0.629363  1
13.920000  0.629100  1
13.946667  0.628837  1
13.973333  0.628574  1
14.000000  0.628311  1
14.026667  0.628048  1
14.053333  0.627785  1
14.080000  0.627522  1
14.106667  0.627259  1
14.133333  0.626996  1
14.160000  0.626733  1
14.186667  0.626470  1
14.213333  0.626207  1
14.240000  0.625944  1
14.266667  0.625681  1
14.293333  0.625418  1
14.320000  0.625155  1
14.346667  0.624892  1
14.373333  0.624629  1
14.400000  0.624366  1
14.426667  0.624102  1
14.453333  0.623839  1
14.480000  0.623576  1
14.506667  0.623313  1
14.533333  0.623050  1
14.560000  0.622787  1
14.586667  0.622524  1
14.613333  0.622261  1
14.640000  0.621998  1
14.666667  0.621735  1
14.693333  0.621472  1
14.720000  0.621209  1
14.746667  0.620946  1
14.773333  0.620683  1
14.800000  0.620420  1
14.826667  0.620157  1
14.853333  0.619894  1
14.880000  0.619631  1
14.906667  0.619368  1
14.933333  0.619105  1
14.960000  0.618842  1
14.986667  0.618579  1
15.013333  0.618316  1
15.040000  0.618053  1
15.066667  0.617790  1
15.093333  0.617527  1
15.120000  0.617264  1
15.146667  0.617001  1
15.173333  0.616738  1
15.200000  0.616475  1
15.226667  0.616212  1
15.253333  0.615948  1
15.280000  0.615685  1
15.306667  0.615422  1
15.333333  0.615159  1
15.360000  0.614896  1
15.386667  0.614633  1
15.413333  0.614370  1
15.440000  0.614107  1
15.466667  0.613844  1
15.493333  0.613581  1
15.520000  0.613318  1
15.546667  0.613055  1
15.573333  0.612792  1
15.600000  0.612529  1
15.626667  0.612266  1
15.653333  0.612003  1
15.680000  0.611740  1
15.706667  0.611477  1
15.733333  0.611214  1
15.760000  0.610951  1
15.786667  0.610688  1
15.813333  0.610425  1
15.840000  0.610162  1
15.866667  0.609899  1
15.893333  0.609636  1
