2.240000  0.737804  0
2.266667  0.736743  0
2.293333  0.735682  0
2.320000  0.734621  0
2.346667  0.733560  0
2.373333  0.732498  0
2.400000  0.731437  0
2.426667  0.730376  0
2.453333  0.729315  0
2.480000  0.728254  0
2.506667  0.727192  0
2.533333  0.726131  0
2.560000  0.725070  0
2.586667  0.724009  0
2.613333  0.722948  0
2.640000  0.721886  0
2.666667  0.720825  0
2.693333  0.719764  0
2.720000  0.718703  0
2.746667  0.717642  0
2.773333  0.716580  0
2.800000  0.715519  0
2.826667  0.714458  0
2.853333  0.713397  0
2.880000  0.712336  0
2.906667  0.711274  0
2.933333  0.710213  0
2.960000  0.709152  0
2.986667  0.708091  0
3.013333  0.707030  0
3.040000  0.705968  0
3.066667  0.704907  0
3.093333  0.703846  0
3.120000  0.702785  0
3.146667  0.701724  0
3.173333  0.700662  0
3.200000  0.699601  0
3.226667  0.698540  0
3.253333  0.697479  0
3.280000  0.696418  0
3.306667  0.695356  0
3.333333  0.694295  0
3.360000  0.693234  0
3.386667  0.692173  0
3.413333  0.691112  0
3.440000  0.690050  0
3.466667  0.688989  0
3.493333  0.687928  0
3.520000  0.686867  0
3.546667  0.685832  0
3.573333  0.684841  0
3.600000  0.683850  0
3.626667  0.682859  0
3.653333  0.681868  0
3.680000  0.680877  0
3.706667  0.679886  0
3.733333  0.678895  0
3.760000  0.677904  0
3.786667  0.676913  0
3.813333  0.675922  0
3.840000  0.674931  0
3.866667  0.673940  0
3.893333  0.672949  0
3.920000  0.671958  0
3.946667  0.670967  0
3.973333  0.669976  0
4.000000  0.668985  0
4.026667  0.667994  0
4.053333  0.667003  0
4.080000  0.666012  0
4.106667  0.665022  0
4.133333  0.664031  0
4.160000  0.663040  0
4.186667  0.662049  0
4.213333  0.661058  0
4.240000  0.660067  0
4.266667  0.659076  0
4.293333  0.658085  0
4.320000  0.657094  0
4.346667  0.656103  0
4.373333  0.655112  0
4.400000  0.654121  0
4.426667  0.653130  0
4.453333  0.652139  0
4.480000  0.651148  0
4.506667  0.650157  0
4.533333  0.649166  0
4.560000  0.648175  0
4.586667  0.647184  0
4.613333  0.646193  0
4.640000  0.645202  0
4.666667  0.644211  0
4.693333  0.643220  0
4.720000  0.642229  0
4.746667  0.641238  0
4.773333  0.640248  0
4.800000  0.639257  0
4.826667  0.638266  0
4.853333  0.637275  0
4.880000  0.636284  0
4.906667  0.635293  0
4.933333  0.634302  0
4.960000  0.633311  0
4.986667  0.632320  0
5.013333  0.631329  0
5.040000  0.630338  0
5.066667  0.629347  0
5.093333  0.628356  0
5.120000  0.627365  0
5.146667  0.626374  0
5.173333  0.625383  0
5.200000  0.624392  0
5.226667  0.623401  0
5.253333  0.622410  0
5.280000  0.621419  0
5.306667  0.620428  0
5.333333  0.619437  0
5.360000  0.618446  0
5.386667  0.617455  0
5.413333  0.616464  0
5.440000  0.615474  0
5.466667  0.614483  0
5.493333  0.613492  0
5.520000  0.612534  0
5.546667  0.611576  0
5.573333  0.610618  0
5.600000  0.609660  0
5.626667  0.608701  0
5.653333  0.607743  0
5.680000  0.606785  0
5.706667  0.605827  0
5.733333  0.604869  0
5.760000  0.603910  0
5.786667  0.602952  0
5.813333  0.601994  0
5.840000  0.601036  0
5.866667  0.600078  0
5.893333  0.599119  0
5.920000  0.598161  0
5.946667  0.597203  0
5.973333  0.596245  0
6.000000  0.595287  0
6.026667  0.594328  0
6.053333  0.593370  0
6.080000  0.592412  0
6.106667  0.591454  0
6.133333  0.590496  0
6.160000  0.589538  0
6.186667  0.588579  0
6.213333  0.587621  0
6.240000  0.586663  0
6.266667  0.585705  0
6.293333  0.584747  0
6.320000  0.583788  0
6.346667  0.582830  0
6.373333  0.581872  0
6.400000  0.580914  0
6.426667  0.579956  0
6.453333  0.578997  0
6.480000  0.578039  0
6.506667  0.577081  0
6.533333  0.576123  0
6.560000  0.575165  0
6.586667  0.574206  0
6.613333  0.573248  0
6.640000  0.572290  0
6.666667  0.571332  0
6.693333  0.570374  0
6.720000  0.569416  0
6.746667  0.568457  0
6.773333  0.567499  0
6.800000  0.566541  0
6.826667  0.565583  0
6.853333  0.564625  0
6.880000  0.563666  0
6.906667  0.562708  0
6.933333  0.561750  0
6.960000  0.560792  0
6.986667  0.559834  0
7.013333  0.558875  0
7.040000  0.557917  0
7.066667  0.556959  0
7.093333  0.556001  0
7.120000  0.555043  0
7.146667  0.554084  0
7.173333  0.553126  0
7.200000  0.552168  0
7.226667  0.551210  0
7.253333  0.550252  0
7.280000  0.549294  0
7.306667  0.548335  0
7.333333  0.547377  0
7.360000  0.546419  0
7.386667  0.545461  0
13.573333  0.641192  1
13.600000  0.640944  1
13.626667  0.640580  1
13.653333  0.640194  1
13.680000  0.639807  1
13.706667  0.639419  1
13.733333  0.639031  1
13.760000  0.638643  1
13.786667  0.638256  1
13.813333  0.637868  1
13.840000  0.637480  1
13.866667  0.637092  1
13.893333  0.636705  1
13.920000  0.636317  1
13.946667  0.635929  1
13.973333  0.635541  1
14.000000  0.635154  1
14.026667  0.634766  1
14.053333  0.634378  1
14.080000  0.633990  1
14.106667  0.633603  1
14.133333  0.633215  1
14.160000  0.632827  1
14.186667  0.632439  1
14.213333  0.632052  1
14.240000  0.631664  1
14.266667  0.631276  1
14.293333  0.630888  1
14.320000  0.630501  1
14.346667  0.630113  1
14.373333  0.629725  1
14.400000  0.629337  1
14.426667  0.628950  1
14.453333  0.628562  1
14.480000  0.628174  1
14.506667  0.627786  1
14.533333  0.627399  1
14.560000  0.627011  1
14.586667  0.626623  1
14.613333  0.626235  1
14.640000  0.625848  1
14.666667  0.625460  1
14.693333  0.625072  1
14.720000  0.624684  1
14.746667  0.624297  1
14.773333  0.623909  1
14.800000  0.623521  1
14.826667  0.623133  1
14.853333  0.622746  1
14.880000  0.622358  1
14.906667  0.621970  1
14.933333  0.621583  1
14.960000  0.621195  1
14.986667  0.620807  1
15.013333  0.620419  1
15.040000  0.620032  1
15.066667  0.619644  1
15.093333  0.619256  1
15.120000  0.618868  1
15.146667  0.618481  1
15.173333  0.618093  1
15.200000  0.617705  1
15.226667  0.617317  1
15.253333  0.616930  1
15.280000  0.616542  1
15.306667  0.616154  1
15.333333  0.615766  1
15.360000  0.615379  1
15.386667  0.614991  1
15.413333  0.614603  1
15.440000  0.614215  1
15.466667  0.613828  1
15.493333  0.613440  1
15.520000  0.613052  1
15.546667  0.612664  1
15.573333  0.612277  1
15.600000  0.611889  1
15.626667  0.611501  1
15.653333  0.611113  1
15.680000  0.610726  1
15.706667  0.610338  1
15.733333  0.609950  1
15.760000  0.609562  1
15.786667  0.609175  1
15.813333  0.608787  1
15.840000  0.608399  1
15.866667  0.608011  1
15.893333  0.607624  1
15.920000  0.607236  1
15.946667  0.606848  1
15.973333  0.606460  1
16.000000  0.606073  1
16.026667  0.605685  1
16.053333  0.605297  1
16.080000  0.604909  1
16.106667  0.604522  1
16.133333  0.604134  1
16.160000  0.603746  1
16.186667  0.603358  1
16.213333  0.602971  1
16.240000  0.602583  1
16.266667  0.602195  1
16.293333  0.601807  1
16.320000  0.601420  1
16.346667  0.601032  1
16.373333  0.600644  1
16.400000  0.600256  1
16.426667  0.599869  1
16.453333  0.599481  1
16.480000  0.599093  1
16.506667  0.598705  1
16.533333  0.598318  1
16.560000  0.597930  1
16.586667  0.597542  1
16.613333  0.597154  1
16.640000  0.596767  1
16.666667  0.596379  1
16.693333  0.595991  1
16.720000  0.595604  1
16.746667  0.595216  1
16.773333  0.594828  1
16.800000  0.594440  1
16.826667  0.594053  1
16.853333  0.593665  1
16.880000  0.593277  1
16.906667  0.592889  1
16.933333  0.592502  1
16.960000  0.592114  1
16.986667  0.591726  1
17.013333  0.591338  1
17.040000  0.590951  1
17.066667  0.590563  1
17.093333  0.590175  1
17.120000  0.589787  1
17.146667  0.589400  1
17.173333  0.589012  1
17.200000  0.588624  1
17.226667  0.588236  1
17.253333  0.587849  1
17.280000  0.587461  1
17.306667  0.587073  1
17.333333  0.586685  1
17.360000  0.586298  1
17.386667  0.585910  1
17.413333  0.585522  1
17.440000  0.585134  1
17.466667  0.584747  1
17.493333  0.584359  1
17.520000  0.583971  1
17.546667  0.583583  1
17.573333  0.583196  1
17.600000  0.582808  1
17.626667  0.582420  1
17.653333  0.582032  1
17.680000  0.581645  1
17.706667  0.581257  1
17.733333  0.580869  1
17.760000  0.580481  1
17.786667  0.580094  1
17.813333  0.579706  1
17.840000  0.579318  1
17.866667  0.578930  1
17.893333  0.578543  1
17.920000  0.578155  1
17.946667  0.577767  1
17.973333  0.577379  1
18.000000  0.576992  1
18.026667  0.576604  1
18.053333  0.576216  1
18.080000  0.575828  1
18.106667  0.575441  1
18.133333  0.575053  1
18.160000  0.574665  1
18.186667  0.574277  1
18.213333  0.573890  1
18.240000  0.573502  1
18.266667  0.573114  1
18.293333  0.572726  1
18.320000  0.572339  1
18.346667  0.571951  1
18.373333  0.571563  1
18.400000  0.571175  1
18.426667  0.570788  1
18.453333  0.570400  1
18.480000  0.570012  1
18.506667  0.569624  1
18.533333  0.569237  1
18.560000  0.568849  1
18.586667  0.568461  1
18.613333  0.568074  1
18.640000  0.567686  1
18.666667  0.567298  1
18.693333  0.566910  1
18.720000  0.566523  1
18.746667  0.566137  1
18.773333  0.565773  1
18.800000  0.565525  1
