1.520000  0.825709  0
1.546667  0.823802  0
1.573333  0.821895  0
1.600000  0.819987  0
1.626667  0.818080  0
1.653333  0.816172  0
1.680000  0.814265  0
1.706667  0.812358  0
1.733333  0.810450  0
1.760000  0.808543  0
1.786667  0.806635  0
1.813333  0.804728  0
1.840000  0.802821  0
1.866667  0.800913  0
1.893333  0.799006  0
1.920000  0.797098  0
1.946667  0.795191  0
1.973333  0.793284  0
2.000000  0.791376  0
2.026667  0.789469  0
2.053333  0.787561  0
2.080000  0.785654  0
2.106667  0.783747  0
2.133333  0.781839  0
2.160000  0.779932  0
2.186667  0.778024  0
2.213333  0.776117  0
2.240000  0.774209  0
2.266667  0.772302  0
2.293333  0.770395  0
2.320000  0.768487  0
2.346667  0.766580  0
2.373333  0.764672  0
2.400000  0.762765  0
2.426667  0.760858  0
2.453333  0.758950  0
2.480000  0.757043  0
2.506667  0.755135  0
2.533333  0.753228  0
2.560000  0.751321  0
2.586667  0.749413  0
2.613333  0.747506  0
2.640000  0.745598  0
2.666667  0.743691  0
2.693333  0.741784  0
2.720000  0.739876  0
2.746667  0.737969  0
2.773333  0.736061  0
2.800000  0.734154  0
2.826667  0.732247  0
2.853333  0.730339  0
2.880000  0.728432  0
2.906667  0.726524  0
2.933333  0.724617  0
2.960000  0.722710  0
2.986667  0.720802  0
3.013333  0.718895  0
3.040000  0.716987  0
3.066667  0.715080  0
3.093333  0.713173  0
3.120000  0.711265  0
3.146667  0.709358  0
3.173333  0.707450  0
3.200000  0.705543  0
3.226667  0.703636  0
3.253333  0.701924  0
3.280000  0.700613  0
3.306667  0.699303  0
3.333333  0.697992  0
3.360000  0.696682  0
3.386667  0.695371  0
3.413333  0.694061  0
3.440000  0.692750  0
3.466667  0.691440  0
3.493333  0.690130  0
3.520000  0.688819  0
3.546667  0.687509  0
3.573333  0.686198  0
3.600000  0.684888  0
3.626667  0.683577  0
3.653333  0.682267  0
3.680000  0.680957  0
3.706667  0.679646  0
3.733333  0.678336  0
3.760000  0.677025  0
3.786667  0.675715  0
3.813333  0.674404  0
3.840000  0.673094  0
3.866667  0.671783  0
3.893333  0.670473  0
3.920000  0.669163  0
3.946667  0.667852  0
3.973333  0.666542  0
4.000000  0.665231  0
4.026667  0.663921  0
4.053333  0.662610  0
4.080000  0.661300  0
4.106667  0.659989  0
4.133333  0.658679  0
4.160000  0.657369  0
4.186667  0.656058  0
4.213333  0.654748  0
4.240000  0.653437  0
4.266667  0.652127  0
4.293333  0.650816  0
4.320000  0.649506  0
4.346667  0.648196  0
4.373333  0.646885  0
4.400000  0.645575  0
4.426667  0.644264  0
4.453333  0.642954  0
4.480000  0.641643  0
4.506667  0.640333  0
4.533333  0.639022  0
4.560000  0.637712  0
4.586667  0.636402  0
4.613333  0.635091  0
4.640000  0.633781  0
4.666667  0.632470  0
4.693333  0.631160  0
4.720000  0.629849  0
4.746667  0.628539  0
4.773333  0.627228  0
4.800000  0.625918  0
4.826667  0.624608  0
4.853333  0.623297  0
4.880000  0.621987  0
4.906667  0.620676  0
4.933333  0.619366  0
4.960000  0.618055  0
4.986667  0.616745  0
5.013333  0.615434  0
5.040000  0.614124  0
5.066667  0.612814  0
5.093333  0.611503  0
5.120000  0.610193  0
5.146667  0.608882  0
5.173333  0.607572  0
5.200000  0.606261  0
5.226667  0.604951  0
5.253333  0.603641  0
5.280000  0.602330  0
5.306667  0.601020  0
5.333333  0.599709  0
5.360000  0.598399  0
5.386667  0.597174  0
5.413333  0.596275  0
5.440000  0.595376  0
5.466667  0.594478  0
5.493333  0.593579  0
5.520000  0.592681  0
5.546667  0.591782  0
5.573333  0.590884  0
5.600000  0.589985  0
5.626667  0.589087  0
5.653333  0.588188  0
5.680000  0.587290  0
5.706667  0.586391  0
5.733333  0.585493  0
5.760000  0.584594  0
5.786667  0.583695  0
5.813333  0.582797  0
5.840000  0.581898  0
5.866667  0.581000  0
5.893333  0.580101  0
5.920000  0.579203  0
5.946667  0.578304  0
5.973333  0.577406  0
6.000000  0.576507  0
6.026667  0.575609  0
6.053333  0.574710  0
6.080000  0.573812  0
6.106667  0.572913  0
6.133333  0.572014  0
6.160000  0.571116  0
6.186667  0.570217  0
6.213333  0.569319  0
6.240000  0.568420  0
6.266667  0.567522  0
6.293333  0.566623  0
6.320000  0.565725  0
6.346667  0.564826  0
6.373333  0.563928  0
6.400000  0.563029  0
6.426667  0.562131  0
6.453333  0.561232  0
6.480000  0.560333  0
6.506667  0.559435  0
6.533333  0.558536  0
6.560000  0.557638  0
6.586667  0.556739  0
6.613333  0.555841  0
6.640000  0.554942  0
6.666667  0.554044  0
6.693333  0.553145  0
6.720000  0.552247  0
6.746667  0.551348  0
6.773333  0.550450  0
6.800000  0.549551  0
6.826667  0.548652  0
6.853333  0.547754  0
6.880000  0.546855  0
6.906667  0.545957  0
6.933333  0.545058  0
6.960000  0.544160  0
6.986667  0.543261  0
7.013333  0.542363  0
7.040000  0.541464  0
7.066667  0.540566  0
7.093333  0.539667  0
7.120000  0.538769  0
7.146667  0.537870  0
7.173333  0.536971  0
7.200000  0.536073  0
7.226667  0.535174  0
7.253333  0.534276  0
7.280000  0.533377  0
7.306667  0.532479  0
7.333333  0.531580  0
7.360000  0.530682  0
7.386667  0.529783  0
7.413333  0.528885  0
7.440000  0.527986  0
7.466667  0.527088  0
7.493333  0.526189  0
7.520000  0.525290  0
7.546667  0.524392  0
7.573333  0.523493  0
7.600000  0.522595  0
7.626667  0.521696  0
7.653333  0.520798  0
7.680000  0.519899  0
7.706667  0.519001  0
7.733333  0.518102  0
7.760000  0.517204  0
7.786667  0.516305  0
7.813333  0.515407  0
7.840000  0.514508  0
7.866667  0.513609  0
7.893333  0.512711  0
7.920000  0.511812  0
7.946667  0.510914  0
7.973333  0.510015  0
8.000000  0.509117  0
8.026667  0.508309  0
8.053333  0.507681  0
8.080000  0.507053  0
8.106667  0.506425  0
8.133333  0.505797  0
8.160000  0.505169  0
8.186667  0.504541  0
8.213333  0.503914  0
8.240000  0.503286  0
8.266667  0.502658  0
8.293333  0.502030  0
8.320000  0.501402  0
8.346667  0.500774  0
8.373333  0.500146  0
8.400000  0.499518  0
8.426667  0.498890  0
8.453333  0.498262  0
8.480000  0.497635  0
8.506667  0.497007  0
8.533333  0.496379  0
8.560000  0.495751  0
8.586667  0.495123  0
8.613333  0.494495  0
8.640000  0.493867  0
8.666667  0.493239  0
8.693333  0.492611  0
8.720000  0.491984  0
8.746667  0.491356  0
8.773333  0.490728  0
8.800000  0.490100  0
8.826667  0.489472  0
8.853333  0.488844  0
8.880000  0.488216  0
8.906667  0.487588  0
8.933333  0.486960  0
8.960000  0.486332  0
8.986667  0.485705  0
9.013333  0.485077  0
9.040000  0.484449  0
9.066667  0.483821  0
9.093333  0.483193  0
9.120000  0.482565  0
9.146667  0.481937  0
9.173333  0.481309  0
9.200000  0.480681  0
9.226667  0.480054  0
9.253333  0.479426  0
9.280000  0.478798  0
9.306667  0.478170  0
9.333333  0.477542  0
9.360000  0.476914  0
9.386667  0.476286  0
9.413333  0.475658  0
9.440000  0.475030  0
9.466667  0.474402  0
9.493333  0.473775  0
9.520000  0.473147  0
9.546667  0.472519  0
9.573333  0.471891  0
9.600000  0.471263  0
9.626667  0.470635  0
9.653333  0.470007  0
9.680000  0.469379  0
9.706667  0.468751  0
9.733333  0.468124  0
9.760000  0.467496  0
9.786667  0.466868  0
9.813333  0.466240  0
9.840000  0.465612  0
9.866667  0.464984  0
9.893333  0.464356  0
9.920000  0.463887  0
9.946667  0.463529  0
9.973333  0.463170  0
10.000000  0.462812  0
10.026667  0.462453  0
10.053333  0.462094  0
10.080000  0.461736  0
10.106667  0.461377  0
10.133333  0.461019  0
10.160000  0.460660  0
10.186667  0.460302  0
10.213333  0.459943  0
10.240000  0.459585  0
10.266667  0.459226  0
10.293333  0.458868  0
10.320000  0.458509  0
10.346667  0.458151  0
10.373333  0.457792  0
10.400000  0.457434  0
10.426667  0.457075  0
10.453333  0.456717  0
10.480000  0.456358  0
10.506667  0.455999  0
10.533333  0.455641  0
10.560000  0.455282  0
10.586667  0.454924  0
10.613333  0.454565  0
10.640000  0.454207  0
10.666667  0.453848  0
10.693333  0.453490  0
10.720000  0.453131  0
10.746667  0.452773  0
10.773333  0.452414  0
10.800000  0.452056  0
10.826667  0.451697  0
10.853333  0.451339  0
10.880000  0.450980  0
10.906667  0.450621  0
10.933333  0.450263  0
10.960000  0.449904  0
10.986667  0.449546  0
11.013333  0.449187  0
11.040000  0.448829  0
11.066667  0.448470  0
11.093333  0.448112  0
11.120000  0.447753  0
11.146667  0.447395  0
11.173333  0.447036  0
11.200000  0.446678  0
11.226667  0.446319  0
11.253333  0.445961  0
11.280000  0.445602  0
11.306667  0.445243  0
11.333333  0.444885  0
11.360000  0.444526  0
11.386667  0.444168  0
11.413333  0.443809  0
11.440000  0.443451  0
11.466667  0.443092  0
11.493333  0.442734  0
11.520000  0.442375  0
11.546667  0.442017  0
11.573333  0.441658  0
11.600000  0.441300  0
11.626667  0.440941  0
11.653333  0.440583  0
11.680000  0.440224  0
11.706667  0.439865  0
11.733333  0.439507  0
11.760000  0.439148  0
11.786667  0.438790  0
11.813333  0.438431  0
11.840000  0.438073  0
11.866667  0.437714  0
11.893333  0.437356  0
11.920000  0.436997  0
11.946667  0.436639  0
11.973333  0.436280  0
12.000000  0.435922  0
12.026667  0.435563  0
12.053333  0.435205  0
12.080000  0.434846  0
12.106667  0.434488  0
12.133333  0.434129  0
12.160000  0.433770  0
12.186667  0.433412  0
12.213333  0.433053  0
12.240000  0.432695  0
12.266667  0.432336  0
12.293333  0.431978  0
12.320000  0.431619  0
12.346667  0.431261  0
12.373333  0.430902  0
12.400000  0.430544  0
12.426667  0.430185  0
12.453333  0.429827  0
12.480000  0.429468  0
12.506667  0.429110  0
12.533333  0.428751  0
12.560000  0.428392  0
12.586667  0.428034  0
12.613333  0.427675  0
12.640000  0.427317  0
12.666667  0.426958  0
12.693333  0.426600  0
12.720000  0.426241  0
12.746667  0.425883  0
12.773333  0.425524  0
12.800000  0.425166  0
12.826667  0.424807  0
12.853333  0.424449  0
12.880000  0.424090  0
12.906667  0.423732  0
12.933333  0.423373  0
12.960000  0.423014  0
12.986667  0.422656  0
13.013333  0.422297  0
13.040000  0.421939  0
13.066667  0.421580  0
13.093333  0.421222  0
13.120000  0.420863  0
13.146667  0.420505  0
13.173333  0.420146  0
13.200000  0.419788  0
13.226667  0.419429  0
13.253333  0.419071  0
13.280000  0.418712  0
13.306667  0.418354  0
13.333333  0.417995  0
13.360000  0.417636  0
13.386667  0.417278  0
13.413333  0.416919  0
13.440000  0.416561  0
13.466667  0.416202  0
13.493333  0.415844  0
13.520000  0.415485  0
13.546667  0.415127  0
13.573333  0.414768  0
13.600000  0.414410  0
13.626667  0.414051  0
13.653333  0.413693  0
13.680000  0.413334  0
13.706667  0.412976  0
13.733333  0.412617  0
13.760000  0.412259  0
13.786667  0.411900  0
13.813333  0.411541  0
13.840000  0.411183  0
13.866667  0.410824  0
13.893333  0.410466  0
13.920000  0.410107  0
13.946667  0.409749  0
13.973333  0.409390  0
14.000000  0.409032  0
14.026667  0.408673  0
14.053333  0.408315  0
14.080000  0.407956  0
14.106667  0.407598  0
13.013333  0.629528  1
13.040000  0.629283  1
13.066667  0.629038  1
13.093333  0.628794  1
13.120000  0.628549  1
13.146667  0.628304  1
13.173333  0.628059  1
13.200000  0.627814  1
13.226667  0.627569  1
13.253333  0.627324  1
13.280000  0.627079  1
13.306667  0.626834  1
13.333333  0.626590  1
13.360000  0.626345  1
13.386667  0.626100  1
13.413333  0.625855  1
13.440000  0.625610  1
13.466667  0.625365  1
13.493333  0.625120  1
13.520000  0.624875  1
13.546667  0.624630  1
13.573333  0.624386  1
13.600000  0.624141  1
13.626667  0.623896  1
13.653333  0.623651  1
13.680000  0.623406  1
13.706667  0.623161  1
13.733333  0.622916  1
13.760000  0.622671  1
13.786667  0.622426  1
13.813333  0.622181  1
13.840000  0.621937  1
13.866667  0.621692  1
13.893333  0.621447  1
13.920000  0.621202  1
13.946667  0.620957  1
13.973333  0.620712  1
14.000000  0.620467  1
14.026667  0.620222  1
14.053333  0.619977  1
14.080000  0.619733  1
14.106667  0.619488  1
14.133333  0.619243  1
14.160000  0.618998  1
14.186667  0.618753  1
14.213333  0.618508  1
14.240000  0.618263  1
14.266667  0.618018  1
14.293333  0.617773  1
14.320000  0.617529  1
14.346667  0.617284  1
14.373333  0.617039  1
14.400000  0.616794  1
14.426667  0.616549  1
14.453333  0.616304  1
14.480000  0.616059  1
14.506667  0.615814  1
14.533333  0.615569  1
14.560000  0.615324  1
14.586667  0.615080  1
14.613333  0.614835  1
14.640000  0.614590  1
14.666667  0.614345  1
14.693333  0.614100  1
14.720000  0.613855  1
14.746667  0.613610  1
14.773333  0.613365  1
14.800000  0.613120  1
14.826667  0.612876  1
14.853333  0.612631  1
14.880000  0.612386  1
14.906667  0.612141  1
14.933333  0.611896  1
14.960000  0.611651  1
14.986667  0.611406  1
15.013333  0.611161  1
15.040000  0.610916  1
15.066667  0.610672  1
15.093333  0.610427  1
15.120000  0.610182  1
15.146667  0.609937  1
15.173333  0.609692  1
15.200000  0.609447  1
15.226667  0.609202  1
15.253333  0.608957  1
15.280000  0.608712  1
15.306667  0.608467  1
15.333333  0.608223  1
15.360000  0.607978  1
15.386667  0.607733  1
15.413333  0.607488  1
15.440000  0.607243  1
15.466667  0.606998  1
15.493333  0.606753  1
15.520000  0.606508  1
15.546667  0.606263  1
15.573333  0.606019  1
15.600000  0.605774  1
15.626667  0.605529  1
