2.320000  0.709970  0
2.346667  0.708901  0
2.373333  0.707832  0
2.400000  0.706763  0
2.426667  0.705694  0
2.453333  0.704625  0
2.480000  0.703556  0
2.506667  0.702487  0
2.533333  0.701418  0
2.560000  0.700349  0
2.586667  0.699279  0
2.613333  0.698210  0
2.640000  0.697141  0
2.666667  0.696072  0
2.693333  0.695003  0
2.720000  0.693934  0
2.746667  0.692865  0
2.773333  0.691796  0
2.800000  0.690727  0
2.826667  0.689658  0
2.853333  0.688588  0
2.880000  0.687519  0
2.906667  0.686450  0
2.933333  0.685381  0
2.960000  0.684312  0
2.986667  0.683243  0
3.013333  0.682174  0
3.040000  0.681105  0
3.066667  0.680036  0
3.093333  0.678967  0
3.120000  0.677897  0
3.146667  0.676828  0
3.173333  0.675759  0
3.200000  0.674690  0
3.226667  0.673621  0
3.253333  0.672552  0
3.280000  0.671483  0
3.306667  0.670414  0
3.333333  0.669345  0
3.360000  0.668276  0
3.386667  0.667206  0
3.413333  0.666137  0
3.440000  0.665068  0
3.466667  0.663999  0
3.493333  0.662930  0
3.520000  0.661861  0
3.546667  0.660792  0
3.573333  0.659723  0
3.600000  0.658654  0
3.626667  0.657585  0
3.653333  0.656515  0
3.680000  0.655446  0
3.706667  0.654377  0
3.733333  0.653317  0
3.760000  0.652265  0
3.786667  0.651213  0
3.813333  0.650161  0
3.840000  0.649109  0
3.866667  0.648057  0
3.893333  0.647005  0
3.920000  0.645953  0
3.946667  0.644900  0
3.973333  0.643848  0
4.000000  0.642796  0
4.026667  0.641744  0
4.053333  0.640692  0
4.080000  0.639640  0
4.106667  0.638588  0
4.133333  0.637535  0
4.160000  0.636483  0
4.186667  0.635431  0
4.213333  0.634379  0
4.240000  0.633327  0
4.266667  0.632275  0
4.293333  0.631223  0
4.320000  0.630171  0
4.346667  0.629118  0
4.373333  0.628066  0
4.400000  0.627014  0
4.426667  0.625962  0
4.453333  0.624910  0
4.480000  0.623858  0
4.506667  0.622806  0
4.533333  0.621754  0
4.560000  0.620701  0
4.586667  0.619649  0
4.613333  0.618597  0
4.640000  0.617545  0
4.666667  0.616493  0
4.693333  0.615441  0
4.720000  0.614389  0
4.746667  0.613336  0
4.773333  0.612284  0
4.800000  0.611232  0
4.826667  0.610180  0
4.853333  0.609128  0
4.880000  0.608076  0
4.906667  0.607024  0
4.933333  0.605972  0
4.960000  0.604523  0
4.986667  0.602663  0
5.013333  0.600803  0
5.040000  0.598943  0
5.066667  0.597083  0
5.093333  0.595223  0
5.120000  0.593363  0
5.146667  0.591503  0
5.173333  0.589643  0
5.200000  0.587783  0
5.226667  0.585923  0
5.253333  0.584063  0
5.280000  0.582203  0
5.306667  0.580343  0
5.333333  0.578483  0
5.360000  0.576623  0
5.386667  0.574763  0
5.413333  0.572903  0
5.440000  0.571043  0
5.466667  0.569183  0
5.493333  0.567323  0
5.520000  0.565463  0
5.546667  0.563603  0
5.573333  0.561743  0
5.600000  0.560035  0
5.626667  0.558425  0
5.653333  0.556815  0
5.680000  0.555206  0
5.706667  0.553596  0
5.733333  0.551986  0
5.760000  0.550376  0
5.786667  0.548767  0
5.813333  0.547157  0
5.840000  0.545547  0
5.866667  0.543937  0
5.893333  0.542328  0
5.920000  0.540718  0
5.946667  0.539108  0
5.973333  0.537498  0
6.000000  0.535889  0
6.026667  0.534279  0
6.053333  0.532669  0
6.080000  0.531059  0
6.106667  0.529450  0
6.133333  0.527840  0
6.160000  0.526230  0
6.186667  0.524620  0
6.213333  0.523011  0
6.240000  0.521401  0
6.266667  0.519791  0
6.293333  0.518181  0
6.320000  0.516572  0
6.346667  0.514962  0
6.373333  0.513352  0
6.400000  0.511742  0
6.426667  0.510132  0
6.453333  0.508523  0
6.480000  0.506913  0
6.506667  0.505303  0
6.533333  0.503693  0
6.560000  0.502084  0
6.586667  0.500474  0
6.613333  0.498864  0
6.640000  0.497254  0
6.666667  0.495645  0
6.693333  0.494035  0
6.720000  0.492425  0
6.746667  0.491416  0
6.773333  0.490429  0
6.800000  0.489443  0
6.826667  0.488457  0
6.853333  0.487470  0
6.880000  0.486484  0
6.906667  0.485498  0
6.933333  0.484511  0
6.960000  0.483525  0
6.986667  0.482539  0
7.013333  0.481552  0
7.040000  0.480566  0
7.066667  0.479579  0
7.093333  0.478593  0
7.120000  0.477607  0
7.146667  0.476620  0
7.173333  0.475634  0
7.200000  0.474648  0
7.226667  0.473661  0
7.253333  0.472675  0
7.280000  0.471688  0
7.306667  0.470702  0
7.333333  0.469716  0
7.360000  0.468729  0
7.386667  0.467743  0
7.413333  0.466757  0
7.440000  0.465770  0
7.466667  0.464784  0
7.493333  0.463797  0
7.520000  0.462811  0
7.546667  0.461825  0
7.573333  0.460838  0
7.600000  0.459852  0
7.626667  0.458866  0
7.653333  0.457879  0
7.680000  0.456893  0
7.706667  0.455906  0
7.733333  0.454920  0
7.760000  0.453934  0
7.786667  0.452947  0
7.813333  0.451968  0
7.840000  0.451271  0
7.866667  0.450575  0
7.893333  0.449879  0
7.920000  0.449183  0
7.946667  0.448486  0
7.973333  0.447790  0
8.000000  0.447094  0
8.026667  0.446398  0
8.053333  0.445701  0
8.080000  0.445005  0
8.106667  0.444309  0
8.133333  0.443613  0
8.160000  0.442916  0
8.186667  0.442220  0
8.213333  0.441524  0
8.240000  0.440828  0
8.266667  0.440131  0
8.293333  0.439435  0
8.320000  0.438739  0
8.346667  0.438042  0
8.373333  0.437346  0
8.400000  0.436650  0
8.426667  0.435954  0
8.453333  0.435257  0
8.480000  0.434561  0
8.506667  0.433865  0
8.533333  0.433169  0
8.560000  0.432472  0
8.586667  0.431788  0
8.613333  0.431602  0
8.640000  0.431415  0
8.666667  0.431228  0
8.693333  0.431041  0
8.720000  0.430854  0
8.746667  0.430667  0
8.773333  0.430480  0
8.800000  0.430293  0
8.826667  0.430106  0
8.853333  0.429920  0
8.880000  0.429733  0
8.906667  0.429546  0
8.933333  0.429359  0
8.960000  0.429172  0
8.986667  0.428985  0
9.013333  0.428798  0
9.040000  0.428611  0
9.066667  0.428424  0
9.093333  0.428238  0
9.120000  0.428051  0
9.146667  0.427864  0
9.173333  0.427677  0
9.200000  0.427490  0
9.226667  0.427303  0
9.253333  0.427116  0
9.280000  0.426929  0
9.306667  0.426742  0
9.333333  0.426555  0
9.360000  0.426369  0
9.386667  0.426182  0
9.413333  0.425995  0
9.440000  0.425808  0
9.466667  0.425621  0
9.493333  0.425434  0
9.520000  0.425247  0
9.546667  0.425060  0
9.573333  0.424873  0
9.600000  0.424687  0
9.626667  0.424500  0
9.653333  0.424313  0
9.680000  0.424126  0
9.706667  0.423939  0
9.733333  0.423752  0
9.760000  0.423565  0
9.786667  0.423378  0
9.813333  0.423191  0
9.840000  0.423005  0
9.866667  0.422818  0
9.893333  0.422631  0
9.920000  0.422444  0
9.946667  0.422257  0
9.973333  0.422070  0
10.000000  0.421883  0
10.026667  0.421696  0
10.053333  0.421509  0
10.080000  0.421323  0
10.106667  0.421136  0
10.133333  0.420949  0
10.160000  0.420762  0
10.186667  0.420575  0
10.213333  0.420388  0
10.240000  0.420201  0
10.266667  0.420014  0
10.293333  0.419827  0
10.320000  0.419638  0
10.346667  0.419441  0
10.373333  0.419244  0
10.400000  0.419047  0
10.426667  0.418849  0
10.453333  0.418652  0
10.480000  0.418455  0
10.506667  0.418257  0
10.533333  0.418060  0
10.560000  0.417863  0
10.586667  0.417666  0
10.613333  0.417468  0
10.640000  0.417271  0
10.666667  0.417074  0
10.693333  0.416877  0
10.720000  0.416679  0
10.746667  0.416482  0
10.773333  0.416285  0
10.800000  0.416087  0
10.826667  0.415890  0
10.853333  0.415693  0
10.880000  0.415496  0
10.906667  0.415298  0
10.933333  0.415101  0
10.960000  0.414904  0
10.986667  0.414707  0
11.013333  0.414509  0
11.040000  0.414312  0
11.066667  0.414115  0
11.093333  0.413917  0
11.120000  0.413720  0
11.146667  0.413523  0
11.173333  0.413326  0
11.200000  0.413128  0
11.226667  0.412931  0
11.253333  0.412734  0
11.280000  0.412537  0
11.306667  0.412339  0
11.333333  0.412142  0
11.360000  0.411945  0
11.386667  0.411747  0
11.413333  0.411550  0
11.440000  0.411353  0
11.466667  0.411156  0
11.493333  0.410958  0
11.520000  0.410761  0
11.546667  0.410564  0
11.573333  0.410366  0
11.600000  0.410169  0
11.626667  0.409972  0
11.653333  0.409775  0
11.680000  0.409577  0
11.706667  0.409380  0
11.733333  0.409183  0
11.760000  0.408986  0
11.786667  0.408788  0
11.813333  0.408591  0
11.840000  0.408394  0
11.866667  0.408196  0
11.893333  0.407999  0
11.920000  0.407802  0
11.946667  0.407605  0
11.973333  0.407407  0
12.000000  0.407210  0
12.026667  0.407013  0
12.053333  0.406816  0
12.080000  0.406618  0
12.106667  0.406421  0
12.133333  0.406224  0
12.160000  0.406026  0
12.186667  0.405829  0
12.213333  0.405632  0
12.240000  0.405435  0
12.266667  0.405237  0
12.293333  0.405040  0
12.320000  0.404843  0
12.346667  0.404646  0
12.373333  0.404448  0
12.400000  0.404251  0
12.426667  0.404054  0
12.453333  0.403856  0
12.480000  0.403659  0
12.506667  0.403462  0
12.533333  0.403265  0
12.560000  0.403067  0
12.586667  0.402870  0
12.613333  0.402673  0
12.640000  0.402476  0
12.666667  0.402278  0
12.693333  0.402081  0
12.720000  0.401884  0
12.746667  0.401686  0
12.773333  0.401489  0
12.800000  0.401292  0
12.826667  0.401095  0
12.853333  0.400897  0
12.880000  0.400700  0
12.906667  0.400503  0
12.933333  0.400305  0
12.960000  0.400108  0
12.986667  0.399911  0
13.013333  0.399714  0
13.040000  0.399516  0
13.066667  0.399319  0
13.093333  0.399122  0
13.120000  0.398925  0
13.146667  0.398727  0
13.173333  0.398530  0
13.200000  0.398333  0
13.226667  0.398135  0
13.253333  0.397938  0
13.280000  0.397741  0
13.306667  0.397544  0
13.333333  0.397346  0
13.360000  0.397149  0
13.386667  0.396952  0
13.413333  0.396755  0
13.440000  0.396557  0
13.466667  0.396360  0
13.493333  0.396163  0
13.520000  0.395965  0
13.546667  0.395768  0
13.573333  0.395571  0
13.600000  0.395374  0
13.626667  0.395176  0
13.653333  0.394979  0
13.680000  0.394782  0
13.706667  0.394585  0
13.733333  0.394387  0
13.760000  0.394190  0
13.786667  0.393993  0
13.813333  0.393795  0
13.840000  0.393598  0
13.866667  0.393401  0
13.893333  0.393204  0
13.920000  0.393006  0
13.946667  0.392809  0
13.973333  0.392612  0
14.000000  0.392415  0
14.026667  0.392217  0
14.053333  0.392020  0
14.080000  0.391823  0
14.106667  0.391625  0
14.133333  0.391428  0
14.160000  0.391231  0
14.186667  0.391034  0
14.213333  0.390836  0
14.240000  0.390639  0
14.266667  0.390442  0
14.293333  0.390244  0
14.320000  0.390047  0
14.346667  0.389850  0
14.373333  0.389653  0
14.400000  0.389455  0
14.426667  0.389258  0
14.453333  0.389061  0
14.480000  0.388864  0
14.506667  0.388666  0
14.533333  0.388469  0
14.560000  0.388272  0
14.586667  0.388074  0
14.613333  0.387877  0
14.640000  0.387680  0
14.666667  0.387483  0
14.693333  0.387285  0
14.720000  0.387088  0
14.746667  0.386891  0
14.773333  0.386694  0
14.800000  0.386496  0
14.826667  0.386299  0
14.853333  0.386102  0
14.880000  0.385904  0
14.906667  0.385707  0
14.933333  0.385510  0
14.960000  0.385313  0
14.986667  0.385115  0
15.013333  0.384918  0
15.040000  0.384721  0
15.066667  0.384524  0
15.093333  0.384326  0
15.120000  0.384129  0
15.146667  0.383932  0
15.173333  0.383734  0
15.200000  0.383537  0
15.226667  0.383340  0
11.520000  0.621095  1
11.546667  0.620516  1
11.573333  0.619936  1
11.600000  0.619356  1
11.626667  0.618776  1
11.653333  0.618197  1
11.680000  0.617617  1
11.706667  0.617037  1
11.733333  0.616457  1
11.760000  0.615878  1
11.786667  0.615298  1
11.813333  0.614718  1
11.840000  0.614138  1
11.866667  0.613559  1
11.893333  0.612979  1
11.920000  0.612399  1
11.946667  0.611819  1
11.973333  0.611240  1
12.000000  0.610660  1
12.026667  0.610080  1
12.053333  0.609500  1
12.080000  0.608921  1
12.106667  0.608341  1
12.133333  0.607761  1
12.160000  0.607181  1
12.186667  0.606602  1
12.213333  0.606022  1
12.240000  0.605442  1
12.266667  0.604862  1
12.293333  0.604283  1
12.320000  0.603703  1
12.346667  0.603123  1
12.373333  0.602543  1
12.400000  0.601964  1
12.426667  0.601384  1
12.453333  0.600804  1
12.480000  0.600224  1
12.506667  0.599645  1
12.533333  0.599065  1
12.560000  0.598485  1
12.586667  0.597905  1
12.613333  0.597326  1
12.640000  0.596746  1
12.666667  0.596166  1
12.693333  0.595586  1
12.720000  0.595007  1
12.746667  0.594427  1
12.773333  0.593847  1
12.800000  0.593268  1
12.826667  0.592688  1
12.853333  0.592108  1
12.880000  0.591528  1
12.906667  0.590949  1
12.933333  0.590369  1
12.960000  0.589789  1
12.986667  0.589209  1
13.013333  0.588630  1
13.040000  0.588050  1
13.066667  0.587470  1
13.093333  0.586890  1
13.120000  0.586311  1
13.146667  0.585731  1
13.173333  0.585151  1
13.200000  0.584571  1
13.226667  0.583992  1
13.253333  0.583412  1
13.280000  0.582832  1
13.306667  0.582252  1
13.333333  0.581673  1
13.360000  0.581093  1
13.386667  0.580513  1
13.413333  0.579933  1
13.440000  0.579354  1
13.466667  0.578774  1
13.493333  0.578194  1
13.520000  0.577614  1
13.546667  0.577035  1
13.573333  0.576455  1
13.600000  0.575875  1
13.626667  0.575295  1
13.653333  0.574716  1
13.680000  0.574136  1
13.706667  0.573556  1
13.733333  0.572976  1
13.760000  0.572397  1
13.786667  0.571817  1
13.813333  0.571237  1
13.840000  0.570657  1
13.866667  0.570078  1
13.893333  0.569498  1
13.920000  0.568918  1
13.946667  0.568338  1
13.973333  0.567759  1
14.000000  0.567179  1
14.026667  0.566599  1
14.053333  0.566019  1
14.080000  0.565440  1
14.106667  0.564860  1
14.133333  0.564280  1
14.160000  0.563700  1
14.186667  0.563121  1
14.213333  0.562541  1
14.240000  0.561961  1
14.266667  0.561382  1
14.293333  0.560802  1
14.320000  0.560222  1
14.346667  0.559642  1
14.373333  0.559063  1
14.400000  0.558483  1
14.426667  0.557903  1
14.453333  0.557323  1
14.480000  0.556744  1
14.506667  0.556164  1
14.533333  0.555584  1
14.560000  0.555004  1
14.586667  0.554425  1
14.613333  0.553845  1
14.640000  0.553265  1
14.666667  0.552685  1
14.693333  0.552106  1
14.720000  0.551526  1
14.746667  0.550946  1
14.773333  0.550366  1
14.800000  0.549787  1
14.826667  0.549207  1
14.853333  0.548627  1
14.880000  0.548047  1
14.906667  0.547468  1
14.933333  0.546888  1
14.960000  0.546308  1
14.986667  0.545728  1
15.013333  0.545149  1
15.040000  0.544569  1
15.066667  0.543989  1
15.093333  0.543409  1
15.120000  0.542830  1
15.146667  0.542250  1
15.173333  0.541670  1
15.200000  0.541090  1
15.226667  0.540511  1
15.253333  0.539931  1
15.280000  0.539351  1
15.306667  0.538771  1
15.333333  0.538192  1
15.360000  0.537612  1
15.386667  0.537032  1
15.413333  0.536452  1
15.440000  0.535873  1
15.466667  0.535293  1
15.493333  0.534713  1
15.520000  0.534133  1
15.546667  0.533554  1
15.573333  0.532974  1
15.600000  0.532394  1
15.626667  0.531815  1
15.653333  0.531235  1
15.680000  0.530655  1
15.706667  0.530075  1
15.733333  0.529496  1
15.760000  0.528916  1
15.786667  0.528336  1
15.813333  0.527756  1
15.840000  0.527177  1
15.866667  0.526597  1
15.893333  0.526017  1
15.920000  0.525437  1
15.946667  0.524858  1
