2.693333  0.747647  0
2.720000  0.746591  0
2.746667  0.744855  0
2.773333  0.742837  0
2.800000  0.740746  0
2.826667  0.738643  0
2.853333  0.736539  0
2.880000  0.734435  0
2.906667  0.732331  0
2.933333  0.730227  0
2.960000  0.728122  0
2.986667  0.726018  0
3.013333  0.723914  0
3.040000  0.721809  0
3.066667  0.719705  0
3.093333  0.717601  0
3.120000  0.715497  0
3.146667  0.713392  0
3.173333  0.711288  0
3.200000  0.709184  0
3.226667  0.707080  0
3.253333  0.704975  0
3.280000  0.702871  0
3.306667  0.700767  0
3.333333  0.698663  0
3.360000  0.696558  0
3.386667  0.694454  0
3.413333  0.692350  0
3.440000  0.690246  0
3.466667  0.688141  0
3.493333  0.686037  0
3.520000  0.683933  0
3.546667  0.681829  0
3.573333  0.679724  0
3.600000  0.677620  0
3.626667  0.675516  0
3.653333  0.673411  0
3.680000  0.671307  0
3.706667  0.669203  0
3.733333  0.667099  0
3.760000  0.664994  0
3.786667  0.662891  0
3.813333  0.660789  0
3.840000  0.658705  0
3.866667  0.656681  0
3.893333  0.654794  0
3.920000  0.653100  0
3.946667  0.651579  0
3.973333  0.650156  0
4.000000  0.648769  0
4.026667  0.647391  0
4.053333  0.646015  0
4.080000  0.644639  0
4.106667  0.643262  0
4.133333  0.641886  0
4.160000  0.640510  0
4.186667  0.639133  0
4.213333  0.637757  0
4.240000  0.636381  0
4.266667  0.635004  0
4.293333  0.633628  0
4.320000  0.632252  0
4.346667  0.630875  0
4.373333  0.629499  0
4.400000  0.628123  0
4.426667  0.626746  0
4.453333  0.625370  0
4.480000  0.623994  0
4.506667  0.622617  0
4.533333  0.621241  0
4.560000  0.619865  0
4.586667  0.618488  0
4.613333  0.617112  0
4.640000  0.615736  0
4.666667  0.614359  0
4.693333  0.612983  0
4.720000  0.611607  0
4.746667  0.610230  0
4.773333  0.608854  0
4.800000  0.607478  0
4.826667  0.606101  0
4.853333  0.604725  0
4.880000  0.603349  0
4.906667  0.601972  0
4.933333  0.600596  0
4.960000  0.599220  0
4.986667  0.597843  0
5.013333  0.596467  0
5.040000  0.595091  0
5.066667  0.593714  0
5.093333  0.592338  0
5.120000  0.590962  0
5.146667  0.589585  0
5.173333  0.588209  0
5.200000  0.586833  0
5.226667  0.585456  0
5.253333  0.584080  0
5.280000  0.582704  0
5.306667  0.581327  0
5.333333  0.579951  0
5.360000  0.578575  0
5.386667  0.577198  0
5.413333  0.575822  0
5.440000  0.574446  0
5.466667  0.573069  0
5.493333  0.571693  0
5.520000  0.570317  0
5.546667  0.568940  0
5.573333  0.567564  0
5.600000  0.566188  0
5.626667  0.564811  0
5.653333  0.563435  0
5.680000  0.562059  0
5.706667  0.560682  0
5.733333  0.559306  0
5.760000  0.557929  0
5.786667  0.556552  0
5.813333  0.555172  0
5.840000  0.553783  0
5.866667  0.552380  0
5.893333  0.550963  0
5.920000  0.549536  0
5.946667  0.548104  0
5.973333  0.546672  0
6.000000  0.545239  0
6.026667  0.543806  0
6.053333  0.542373  0
6.080000  0.540940  0
6.106667  0.539508  0
6.133333  0.538075  0
6.160000  0.536642  0
6.186667  0.535209  0
6.213333  0.533776  0
6.240000  0.532343  0
6.266667  0.530911  0
6.293333  0.529478  0
6.320000  0.528045  0
6.346667  0.526612  0
6.373333  0.525179  0
6.400000  0.523746  0
6.426667  0.522314  0
6.453333  0.520881  0
6.480000  0.519448  0
6.506667  0.518015  0
6.533333  0.516582  0
6.560000  0.515149  0
6.586667  0.513717  0
6.613333  0.512284  0
6.640000  0.510851  0
6.666667  0.509418  0
6.693333  0.507985  0
6.720000  0.506552  0
6.746667  0.505120  0
6.773333  0.503687  0
6.800000  0.502254  0
6.826667  0.500821  0
6.853333  0.499388  0
6.880000  0.497955  0
6.906667  0.496522  0
6.933333  0.495090  0
6.960000  0.493657  0
6.986667  0.492224  0
7.013333  0.490791  0
7.040000  0.489358  0
7.066667  0.487925  0
7.093333  0.486493  0
7.120000  0.485060  0
7.146667  0.483627  0
7.173333  0.482194  0
7.200000  0.480761  0
7.226667  0.479328  0
7.253333  0.477896  0
7.280000  0.476463  0
7.306667  0.475030  0
7.333333  0.473597  0
7.360000  0.472164  0
7.386667  0.470731  0
7.413333  0.469299  0
7.440000  0.467866  0
7.466667  0.466433  0
7.493333  0.465003  0
7.520000  0.463589  0
7.546667  0.462234  0
7.573333  0.461021  0
7.600000  0.460021  0
7.626667  0.459229  0
7.653333  0.458568  0
7.680000  0.457961  0
7.706667  0.457366  0
7.733333  0.456774  0
7.760000  0.456182  0
7.786667  0.455591  0
7.813333  0.454999  0
7.840000  0.454407  0
7.866667  0.453815  0
7.893333  0.453223  0
7.920000  0.452632  0
7.946667  0.452040  0
7.973333  0.451448  0
8.000000  0.450856  0
8.026667  0.450264  0
8.053333  0.449672  0
8.080000  0.449081  0
8.106667  0.448489  0
8.133333  0.447897  0
8.160000  0.447305  0
8.186667  0.446713  0
8.213333  0.446121  0
8.240000  0.445530  0
8.266667  0.444938  0
8.293333  0.444346  0
8.320000  0.443754  0
8.346667  0.443162  0
8.373333  0.442571  0
8.400000  0.441979  0
8.426667  0.441387  0
8.453333  0.440795  0
8.480000  0.440203  0
8.506667  0.439611  0
8.533333  0.439020  0
8.560000  0.438428  0
8.586667  0.437836  0
8.613333  0.437244  0
8.640000  0.436652  0
8.666667  0.436060  0
8.693333  0.435469  0
8.720000  0.434877  0
8.746667  0.434285  0
8.773333  0.433693  0
8.800000  0.433101  0
8.826667  0.432510  0
8.853333  0.431918  0
8.880000  0.431326  0
8.906667  0.430734  0
8.933333  0.430142  0
8.960000  0.429550  0
8.986667  0.428959  0
9.013333  0.428367  0
9.040000  0.427775  0
9.066667  0.427183  0
9.093333  0.426591  0
9.120000  0.425999  0
9.146667  0.425408  0
9.173333  0.424816  0
9.200000  0.424224  0
9.226667  0.423632  0
9.253333  0.423040  0
9.280000  0.422449  0
9.306667  0.421858  0
9.333333  0.421271  0
9.360000  0.420701  0
9.386667  0.420178  0
9.413333  0.419734  0
9.440000  0.419376  0
9.466667  0.419078  0
9.493333  0.418807  0
9.520000  0.418542  0
9.546667  0.418279  0
9.573333  0.418016  0
9.600000  0.417753  0
9.626667  0.417490  0
9.653333  0.417227  0
9.680000  0.416964  0
9.706667  0.416701  0
9.733333  0.416438  0
9.760000  0.416175  0
9.786667  0.415912  0
9.813333  0.415649  0
9.840000  0.415386  0
9.866667  0.415123  0
9.893333  0.414860  0
9.920000  0.414597  0
9.946667  0.414334  0
9.973333  0.414071  0
10.000000  0.413808  0
10.026667  0.413545  0
10.053333  0.413282  0
10.080000  0.413019  0
10.106667  0.412756  0
10.133333  0.412493  0
10.160000  0.412229  0
10.186667  0.411966  0
10.213333  0.411703  0
10.240000  0.411440  0
10.266667  0.411177  0
10.293333  0.410914  0
10.320000  0.410651  0
10.346667  0.410388  0
10.373333  0.410125  0
10.400000  0.409862  0
10.426667  0.409599  0
10.453333  0.409336  0
10.480000  0.409073  0
10.506667  0.408810  0
10.533333  0.408547  0
10.560000  0.408284  0
10.586667  0.408021  0
10.613333  0.407758  0
10.640000  0.407495  0
10.666667  0.407232  0
10.693333  0.406969  0
10.720000  0.406706  0
10.746667  0.406443  0
10.773333  0.406180  0
10.800000  0.405917  0
10.826667  0.405654  0
10.853333  0.405391  0
10.880000  0.405128  0
10.906667  0.404865  0
10.933333  0.404602  0
10.960000  0.404338  0
10.986667  0.404075  0
11.013333  0.403812  0
11.040000  0.403549  0
11.066667  0.403286  0
11.093333  0.403023  0
11.120000  0.402760  0
11.146667  0.402497  0
11.173333  0.402234  0
11.200000  0.401971  0
11.226667  0.401708  0
11.253333  0.401445  0
11.280000  0.401182  0
11.306667  0.400919  0
11.333333  0.400656  0
11.360000  0.400393  0
11.386667  0.400130  0
11.413333  0.399867  0
11.440000  0.399604  0
11.466667  0.399341  0
11.493333  0.399078  0
11.520000  0.398815  0
11.546667  0.398552  0
11.573333  0.398289  0
11.600000  0.398026  0
11.626667  0.397763  0
11.653333  0.397500  0
11.680000  0.397237  0
11.706667  0.396974  0
11.733333  0.396711  0
11.760000  0.396448  0
11.786667  0.396186  0
11.813333  0.395930  0
11.840000  0.395689  0
11.866667  0.395477  0
11.893333  0.395298  0
11.920000  0.395143  0
11.946667  0.394998  0
11.973333  0.394857  0
12.000000  0.394716  0
12.026667  0.394575  0
12.053333  0.394434  0
12.080000  0.394293  0
12.106667  0.394152  0
12.133333  0.394011  0
12.160000  0.393870  0
12.186667  0.393729  0
12.213333  0.393589  0
12.240000  0.393448  0
12.266667  0.393307  0
12.293333  0.393166  0
12.320000  0.393025  0
12.346667  0.392884  0
12.373333  0.392743  0
12.400000  0.392602  0
12.426667  0.392461  0
12.453333  0.392320  0
12.480000  0.392179  0
12.506667  0.392038  0
12.533333  0.391898  0
12.560000  0.391757  0
12.586667  0.391616  0
12.613333  0.391475  0
12.640000  0.391334  0
12.666667  0.391193  0
12.693333  0.391052  0
12.720000  0.390911  0
12.746667  0.390770  0
12.773333  0.390629  0
12.800000  0.390488  0
12.826667  0.390348  0
12.853333  0.390207  0
12.880000  0.390066  0
12.906667  0.389925  0
12.933333  0.389784  0
12.960000  0.389643  0
12.986667  0.389502  0
13.013333  0.389361  0
13.040000  0.389220  0
13.066667  0.389079  0
13.093333  0.388938  0
13.120000  0.388798  0
13.146667  0.388657  0
13.173333  0.388516  0
13.200000  0.388375  0
13.226667  0.388234  0
13.253333  0.388093  0
13.280000  0.387952  0
13.306667  0.387811  0
13.333333  0.387670  0
13.360000  0.387529  0
13.386667  0.387388  0
13.413333  0.387248  0
13.440000  0.387107  0
13.466667  0.386966  0
13.493333  0.386825  0
13.520000  0.386684  0
13.546667  0.386543  0
13.573333  0.386402  0
13.600000  0.386261  0
13.626667  0.386120  0
13.653333  0.385979  0
13.680000  0.385838  0
13.706667  0.385698  0
13.733333  0.385557  0
13.760000  0.385416  0
13.786667  0.385275  0
13.813333  0.385134  0
13.840000  0.384993  0
13.866667  0.384852  0
13.893333  0.384711  0
13.920000  0.384570  0
13.946667  0.384429  0
13.973333  0.384288  0
14.000000  0.384148  0
14.026667  0.384007  0
14.053333  0.383866  0
14.080000  0.383725  0
14.106667  0.383584  0
14.133333  0.383443  0
14.160000  0.383302  0
14.186667  0.383161  0
14.213333  0.383020  0
14.240000  0.382879  0
14.266667  0.382738  0
14.293333  0.382597  0
14.320000  0.382457  0
14.346667  0.382316  0
14.373333  0.382175  0
14.400000  0.382034  0
14.426667  0.381893  0
14.453333  0.381752  0
14.480000  0.381611  0
14.506667  0.381470  0
14.533333  0.381329  0
14.560000  0.381188  0
14.586667  0.381047  0
14.613333  0.380907  0
14.640000  0.380766  0
14.666667  0.380625  0
14.693333  0.380484  0
14.720000  0.380343  0
14.746667  0.380202  0
14.773333  0.380061  0
14.800000  0.379920  0
14.826667  0.379779  0
14.853333  0.379638  0
14.880000  0.379497  0
14.906667  0.379357  0
14.933333  0.379216  0
14.960000  0.379075  0
14.986667  0.378934  0
15.013333  0.378793  0
15.040000  0.378652  0
15.066667  0.378511  0
15.093333  0.378370  0
15.120000  0.378229  0
15.146667  0.378088  0
15.173333  0.377947  0
15.200000  0.377807  0
15.226667  0.377666  0
15.253333  0.377525  0
15.280000  0.377384  0
15.306667  0.377243  0
15.333333  0.377102  0
15.360000  0.376961  0
15.386667  0.376820  0
15.413333  0.376679  0
15.440000  0.376538  0
15.466667  0.376397  0
15.493333  0.376257  0
15.520000  0.376116  0
15.546667  0.375975  0
15.573333  0.375834  0
15.600000  0.375694  0
15.626667  0.375559  0
15.653333  0.375442  0
15.680000  0.375372  0
16.240000  0.540719  1
16.266667  0.540483  1
16.293333  0.540246  1
16.320000  0.540009  1
16.346667  0.539772  1
16.373333  0.539536  1
16.400000  0.539299  1
16.426667  0.539062  1
16.453333  0.538825  1
16.480000  0.538589  1
16.506667  0.538352  1
16.533333  0.538115  1
16.560000  0.537879  1
16.586667  0.537642  1
16.613333  0.537405  1
16.640000  0.537168  1
16.666667  0.536932  1
16.693333  0.536695  1
16.720000  0.536458  1
16.746667  0.536221  1
16.773333  0.535985  1
16.800000  0.535748  1
16.826667  0.535511  1
16.853333  0.535275  1
16.880000  0.535038  1
16.906667  0.534801  1
16.933333  0.534564  1
16.960000  0.534328  1
16.986667  0.534091  1
17.013333  0.533854  1
17.040000  0.533617  1
17.066667  0.533381  1
17.093333  0.533144  1
17.120000  0.532907  1
17.146667  0.532671  1
17.173333  0.532434  1
17.200000  0.532197  1
17.226667  0.531960  1
17.253333  0.531724  1
17.280000  0.531487  1
17.306667  0.531250  1
17.333333  0.531013  1
17.360000  0.530777  1
17.386667  0.530540  1
17.413333  0.530303  1
17.440000  0.530066  1
17.466667  0.529830  1
17.493333  0.529593  1
17.520000  0.529356  1
17.546667  0.529120  1
17.573333  0.528883  1
17.600000  0.528646  1
17.626667  0.528409  1
17.653333  0.528173  1
17.680000  0.527936  1
17.706667  0.527699  1
17.733333  0.527462  1
17.760000  0.527226  1
17.786667  0.526989  1
17.813333  0.526752  1
17.840000  0.526516  1
17.866667  0.526279  1
17.893333  0.526042  1
17.920000  0.525805  1
17.946667  0.525569  1
17.973333  0.525332  1
18.000000  0.525095  1
18.026667  0.524858  1
18.053333  0.524622  1
18.080000  0.524385  1
18.106667  0.524148  1
18.133333  0.523912  1
18.160000  0.523675  1
18.186667  0.523438  1
18.213333  0.523201  1
18.240000  0.522965  1
18.266667  0.522728  1
18.293333  0.522491  1
18.320000  0.522254  1
18.346667  0.522018  1
18.373333  0.521781  1
18.400000  0.521544  1
18.426667  0.521307  1
18.453333  0.521071  1
18.480000  0.520834  1
18.506667  0.520597  1
18.533333  0.520361  1
18.560000  0.520124  1
18.586667  0.519887  1
18.613333  0.519650  1
18.640000  0.519414  1
18.666667  0.519177  1
18.693333  0.518940  1
18.720000  0.518703  1
18.746667  0.518467  1
18.773333  0.518230  1
18.800000  0.517993  1
18.826667  0.517757  1
18.853333  0.517520  1
18.880000  0.517283  1
18.906667  0.517046  1
18.933333  0.516810  1
