2.453333  0.710131  0
2.480000  0.709172  0
2.506667  0.708214  0
2.533333  0.707256  0
2.560000  0.706298  0
2.586667  0.705340  0
2.613333  0.704381  0
2.640000  0.703423  0
2.666667  0.702465  0
2.693333  0.701507  0
2.720000  0.700549  0
2.746667  0.699591  0
2.773333  0.698632  0
2.800000  0.697674  0
2.826667  0.696716  0
2.853333  0.695758  0
2.880000  0.694800  0
2.906667  0.693841  0
2.933333  0.692883  0
2.960000  0.691925  0
2.986667  0.690967  0
3.013333  0.690009  0
3.040000  0.689050  0
3.066667  0.688092  0
3.093333  0.687134  0
3.120000  0.686176  0
3.146667  0.685218  0
3.173333  0.684259  0
3.200000  0.683301  0
3.226667  0.682343  0
3.253333  0.681385  0
3.280000  0.680427  0
3.306667  0.679469  0
3.333333  0.678510  0
3.360000  0.677552  0
3.386667  0.676594  0
3.413333  0.675636  0
3.440000  0.674678  0
3.466667  0.673719  0
3.493333  0.672761  0
3.520000  0.671803  0
3.546667  0.670845  0
3.573333  0.669887  0
3.600000  0.668928  0
3.626667  0.667970  0
3.653333  0.667012  0
3.680000  0.666054  0
3.706667  0.665096  0
3.733333  0.664137  0
3.760000  0.663179  0
3.786667  0.662221  0
3.813333  0.661263  0
3.840000  0.660305  0
3.866667  0.659347  0
3.893333  0.658388  0
3.920000  0.657430  0
3.946667  0.656472  0
3.973333  0.655514  0
4.000000  0.654556  0
4.026667  0.653597  0
4.053333  0.652639  0
4.080000  0.651681  0
4.106667  0.650723  0
4.133333  0.649765  0
4.160000  0.648806  0
4.186667  0.647848  0
4.213333  0.646890  0
4.240000  0.645932  0
4.266667  0.644974  0
4.293333  0.644015  0
4.320000  0.643057  0
4.346667  0.642099  0
4.373333  0.641175  0
4.400000  0.640269  0
4.426667  0.639362  0
4.453333  0.638455  0
4.480000  0.637549  0
4.506667  0.636642  0
4.533333  0.635736  0
4.560000  0.634829  0
4.586667  0.633922  0
4.613333  0.633016  0
4.640000  0.632109  0
4.666667  0.631202  0
4.693333  0.630296  0
4.720000  0.629389  0
4.746667  0.628483  0
4.773333  0.627576  0
4.800000  0.626669  0
4.826667  0.625763  0
4.853333  0.624856  0
4.880000  0.623949  0
4.906667  0.623043  0
4.933333  0.622136  0
4.960000  0.621230  0
4.986667  0.620323  0
5.013333  0.619416  0
5.040000  0.618510  0
5.066667  0.617603  0
5.093333  0.616696  0
5.120000  0.615790  0
5.146667  0.614883  0
5.173333  0.613977  0
5.200000  0.613070  0
5.226667  0.612163  0
5.253333  0.611257  0
5.280000  0.610350  0
5.306667  0.609443  0
5.333333  0.608537  0
5.360000  0.607630  0
5.386667  0.606724  0
5.413333  0.605817  0
5.440000  0.604910  0
5.466667  0.604004  0
5.493333  0.603097  0
5.520000  0.602191  0
5.546667  0.601284  0
5.573333  0.600377  0
5.600000  0.599471  0
5.626667  0.598564  0
5.653333  0.597657  0
5.680000  0.596751  0
5.706667  0.595844  0
5.733333  0.594938  0
5.760000  0.594031  0
5.786667  0.593124  0
5.813333  0.592218  0
5.840000  0.591311  0
5.866667  0.590404  0
5.893333  0.589498  0
5.920000  0.588591  0
5.946667  0.587685  0
5.973333  0.586778  0
6.000000  0.585871  0
6.026667  0.584965  0
6.053333  0.584058  0
6.080000  0.583151  0
6.106667  0.582245  0
6.133333  0.581338  0
6.160000  0.580432  0
6.186667  0.579525  0
6.213333  0.578618  0
6.240000  0.577712  0
6.266667  0.576805  0
6.293333  0.575898  0
6.320000  0.574992  0
6.346667  0.574085  0
6.373333  0.573179  0
6.400000  0.572272  0
6.426667  0.571365  0
6.453333  0.570459  0
6.480000  0.569552  0
6.506667  0.568537  0
6.533333  0.567410  0
6.560000  0.566282  0
6.586667  0.565155  0
6.613333  0.564028  0
6.640000  0.562900  0
6.666667  0.561773  0
6.693333  0.560646  0
6.720000  0.559519  0
6.746667  0.558391  0
6.773333  0.557264  0
6.800000  0.556137  0
6.826667  0.555009  0
6.853333  0.553882  0
6.880000  0.552755  0
6.906667  0.551628  0
6.933333  0.550500  0
6.960000  0.549373  0
6.986667  0.548246  0
7.013333  0.547118  0
7.040000  0.545991  0
7.066667  0.544864  0
7.093333  0.543737  0
7.120000  0.542609  0
7.146667  0.541482  0
7.173333  0.540355  0
7.200000  0.539227  0
7.226667  0.538100  0
7.253333  0.536973  0
7.280000  0.535846  0
7.306667  0.534718  0
7.333333  0.533591  0
7.360000  0.532464  0
7.386667  0.531336  0
7.413333  0.530209  0
7.440000  0.529082  0
7.466667  0.527955  0
7.493333  0.526827  0
7.520000  0.525700  0
7.546667  0.524573  0
7.573333  0.523445  0
7.600000  0.522318  0
7.626667  0.521191  0
7.653333  0.520064  0
7.680000  0.518936  0
7.706667  0.517809  0
7.733333  0.516682  0
7.760000  0.515555  0
7.786667  0.514427  0
7.813333  0.513300  0
7.840000  0.512173  0
7.866667  0.511045  0
7.893333  0.509918  0
7.920000  0.508791  0
7.946667  0.507664  0
7.973333  0.506536  0
8.000000  0.505409  0
8.026667  0.504282  0
8.053333  0.503154  0
8.080000  0.502027  0
8.106667  0.500900  0
8.133333  0.499773  0
8.160000  0.498645  0
8.186667  0.497518  0
8.213333  0.496391  0
8.240000  0.495263  0
8.266667  0.494136  0
8.293333  0.493009  0
8.320000  0.491882  0
8.346667  0.490754  0
8.373333  0.489627  0
8.400000  0.488500  0
8.426667  0.488151  0
8.453333  0.487942  0
8.480000  0.487733  0
8.506667  0.487524  0
8.533333  0.487315  0
8.560000  0.487106  0
8.586667  0.486898  0
8.613333  0.486689  0
8.640000  0.486480  0
8.666667  0.486271  0
8.693333  0.486062  0
8.720000  0.485853  0
8.746667  0.485644  0
8.773333  0.485435  0
8.800000  0.485227  0
8.826667  0.485018  0
8.853333  0.484809  0
8.880000  0.484600  0
8.906667  0.484391  0
8.933333  0.484182  0
8.960000  0.483973  0
8.986667  0.483764  0
9.013333  0.483555  0
9.040000  0.483347  0
9.066667  0.483138  0
9.093333  0.482929  0
9.120000  0.482720  0
9.146667  0.482511  0
9.173333  0.482302  0
9.200000  0.482093  0
9.226667  0.481884  0
9.253333  0.481676  0
9.280000  0.481467  0
9.306667  0.481258  0
9.333333  0.481049  0
9.360000  0.480840  0
9.386667  0.480631  0
9.413333  0.480422  0
9.440000  0.480213  0
9.466667  0.480005  0
9.493333  0.479796  0
9.520000  0.479587  0
9.546667  0.479378  0
9.573333  0.479169  0
9.600000  0.478960  0
9.626667  0.478751  0
9.653333  0.478542  0
9.680000  0.478334  0
9.706667  0.478125  0
9.733333  0.477916  0
9.760000  0.477707  0
9.786667  0.477498  0
9.813333  0.477289  0
9.840000  0.477080  0
9.866667  0.476871  0
9.893333  0.476662  0
9.920000  0.476454  0
9.946667  0.476245  0
9.973333  0.476036  0
10.000000  0.475827  0
10.026667  0.475618  0
10.053333  0.475409  0
10.080000  0.475200  0
10.106667  0.474991  0
10.133333  0.474783  0
10.160000  0.474574  0
10.186667  0.474365  0
10.213333  0.474156  0
10.240000  0.473947  0
10.266667  0.473738  0
10.293333  0.473529  0
10.320000  0.473320  0
10.346667  0.473112  0
10.373333  0.472903  0
10.400000  0.472694  0
10.426667  0.472485  0
10.453333  0.472276  0
10.480000  0.472067  0
10.506667  0.471858  0
10.533333  0.471649  0
10.560000  0.471440  0
10.586667  0.471232  0
10.613333  0.471023  0
10.640000  0.470814  0
10.666667  0.470605  0
10.693333  0.470396  0
10.720000  0.470187  0
10.746667  0.469978  0
10.773333  0.469769  0
10.800000  0.469561  0
10.826667  0.469352  0
10.853333  0.469143  0
10.880000  0.468934  0
10.906667  0.468725  0
10.933333  0.468516  0
10.960000  0.468307  0
10.986667  0.468098  0
11.013333  0.467890  0
11.040000  0.467681  0
11.066667  0.467472  0
11.093333  0.467263  0
11.120000  0.467054  0
11.146667  0.466845  0
11.173333  0.466636  0
11.200000  0.466427  0
11.226667  0.466219  0
11.253333  0.466010  0
11.280000  0.465801  0
11.306667  0.465592  0
11.333333  0.465383  0
11.360000  0.465174  0
11.386667  0.464965  0
11.413333  0.464756  0
11.440000  0.464547  0
11.466667  0.464339  0
11.493333  0.464130  0
11.520000  0.463921  0
11.546667  0.463712  0
11.573333  0.463503  0
11.600000  0.463294  0
11.626667  0.463085  0
11.653333  0.462876  0
11.680000  0.462668  0
11.706667  0.462459  0
11.733333  0.462250  0
11.760000  0.462041  0
11.786667  0.461832  0
11.813333  0.461623  0
11.840000  0.461414  0
11.866667  0.461205  0
11.893333  0.460997  0
11.920000  0.460788  0
11.946667  0.460579  0
11.973333  0.460370  0
12.000000  0.460161  0
12.026667  0.459952  0
12.053333  0.459743  0
12.080000  0.459534  0
12.106667  0.459326  0
12.133333  0.459117  0
12.160000  0.458908  0
12.186667  0.458699  0
12.213333  0.458490  0
12.240000  0.458281  0
12.266667  0.458072  0
12.293333  0.457863  0
12.320000  0.457654  0
12.346667  0.457446  0
12.373333  0.457237  0
12.400000  0.457028  0
12.426667  0.456819  0
12.453333  0.456610  0
12.480000  0.456401  0
12.506667  0.456192  0
12.533333  0.455983  0
12.560000  0.455775  0
12.586667  0.455566  0
12.613333  0.455357  0
12.640000  0.455148  0
12.666667  0.454939  0
12.693333  0.454730  0
12.720000  0.454521  0
12.746667  0.454312  0
12.773333  0.454104  0
12.800000  0.453895  0
12.826667  0.453686  0
12.853333  0.453477  0
12.880000  0.453268  0
12.906667  0.453059  0
12.933333  0.452850  0
12.960000  0.452641  0
12.986667  0.452433  0
13.013333  0.452224  0
13.040000  0.452015  0
13.066667  0.451806  0
13.093333  0.451597  0
13.120000  0.451388  0
13.146667  0.451179  0
13.173333  0.450970  0
13.200000  0.450761  0
13.226667  0.450553  0
13.253333  0.450344  0
13.280000  0.450135  0
13.306667  0.449926  0
13.333333  0.449717  0
13.360000  0.449508  0
13.386667  0.449299  0
13.413333  0.449090  0
13.440000  0.448882  0
13.466667  0.448673  0
13.493333  0.448464  0
13.520000  0.448255  0
13.546667  0.448046  0
13.573333  0.447837  0
13.600000  0.447628  0
13.626667  0.447419  0
13.653333  0.447211  0
13.680000  0.447002  0
13.706667  0.446793  0
13.733333  0.446584  0
13.760000  0.446375  0
13.786667  0.446166  0
13.813333  0.445957  0
13.840000  0.445748  0
13.866667  0.445540  0
13.893333  0.445331  0
13.920000  0.445122  0
13.946667  0.444913  0
13.973333  0.444704  0
14.000000  0.444495  0
14.026667  0.444286  0
14.053333  0.444077  0
14.080000  0.443868  0
14.106667  0.443660  0
14.133333  0.443451  0
14.160000  0.443242  0
14.186667  0.443033  0
14.213333  0.442824  0
14.240000  0.442615  0
14.266667  0.442406  0
14.293333  0.442197  0
14.320000  0.441989  0
14.346667  0.441780  0
14.373333  0.441571  0
14.400000  0.441362  0
14.426667  0.441153  0
14.453333  0.440944  0
14.480000  0.440735  0
14.506667  0.440526  0
14.533333  0.440318  0
14.560000  0.440109  0
14.586667  0.439900  0
14.613333  0.439691  0
14.640000  0.439482  0
14.666667  0.439273  0
14.693333  0.439064  0
14.720000  0.438855  0
14.746667  0.438647  0
14.773333  0.438438  0
14.800000  0.438229  0
14.826667  0.438020  0
14.853333  0.437811  0
14.880000  0.437602  0
14.906667  0.437393  0
14.933333  0.437184  0
14.960000  0.436975  0
14.986667  0.436767  0
15.013333  0.436558  0
15.040000  0.436349  0
15.066667  0.436140  0
15.093333  0.435931  0
15.120000  0.435722  0
15.146667  0.435513  0
15.173333  0.435304  0
15.200000  0.435096  0
15.226667  0.434887  0
15.253333  0.434678  0
15.280000  0.434469  0
15.306667  0.434260  0
15.333333  0.434051  0
15.360000  0.433842  0
15.386667  0.433633  0
15.413333  0.433425  0
15.440000  0.433216  0
15.466667  0.433007  0
15.493333  0.432798  0
15.520000  0.432589  0
15.546667  0.432380  0
15.573333  0.432171  0
15.600000  0.431962  0
15.626667  0.431754  0
15.653333  0.431545  0
15.680000  0.431336  0
15.706667  0.431127  0
15.733333  0.430918  0
15.760000  0.430709  0
15.786667  0.430500  0
15.813333  0.430291  0
15.840000  0.430082  0
15.866667  0.429874  0
15.893333  0.429665  0
15.920000  0.429456  0
15.946667  0.429247  0
15.973333  0.429038  0
16.000000  0.428829  0
16.026667  0.428620  0
16.053333  0.428411  0
16.080000  0.428203  0
16.106667  0.427994  0
16.133333  0.427785  0
16.160000  0.427576  0
16.186667  0.427367  0
16.213333  0.427158  0
16.240000  0.426949  0
16.266667  0.426740  0
16.293333  0.426532  0
16.320000  0.426323  0
16.346667  0.426114  0
16.373333  0.425905  0
16.400000  0.425696  0
16.426667  0.425487  0
16.453333  0.425278  0
16.480000  0.425069  0
16.506667  0.424861  0
16.533333  0.424652  0
16.560000  0.424443  0
16.586667  0.424234  0
16.613333  0.424025  0
16.640000  0.423816  0
16.666667  0.423607  0
16.693333  0.423398  0
16.720000  0.423189  0
16.746667  0.422981  0
16.773333  0.422772  0
16.800000  0.422563  0
16.826667  0.422354  0
16.853333  0.422145  0
16.880000  0.421936  0
16.906667  0.421727  0
16.933333  0.421518  0
16.960000  0.421310  0
16.986667  0.421101  0
17.013333  0.420892  0
17.040000  0.420683  0
17.066667  0.420474  0
17.093333  0.420265  0
17.120000  0.420056  0
17.146667  0.419847  0
17.173333  0.419639  0
17.200000  0.419430  0
17.226667  0.419221  0
17.253333  0.419012  0
17.280000  0.418803  0
17.306667  0.418594  0
17.333333  0.418385  0
17.360000  0.418176  0
17.386667  0.417968  0
17.413333  0.417759  0
17.440000  0.417550  0
17.466667  0.417341  0
17.493333  0.417132  0
17.520000  0.416923  0
17.546667  0.416714  0
17.573333  0.416505  0
17.600000  0.416296  0
17.626667  0.416088  0
17.653333  0.415879  0
17.680000  0.415670  0
17.706667  0.415530  0
17.733333  0.415402  0
17.760000  0.415274  0
17.786667  0.415146  0
17.813333  0.415019  0
17.840000  0.414891  0
17.866667  0.414763  0
17.893333  0.414635  0
17.920000  0.414507  0
17.946667  0.414379  0
17.973333  0.414251  0
18.000000  0.414123  0
18.026667  0.413995  0
18.053333  0.413867  0
18.080000  0.413739  0
18.106667  0.413611  0
18.133333  0.413483  0
18.160000  0.413355  0
18.186667  0.413227  0
18.213333  0.413099  0
18.240000  0.412971  0
18.266667  0.412843  0
18.293333  0.412715  0
18.320000  0.412587  0
18.346667  0.412459  0
18.373333  0.412331  0
18.400000  0.412203  0
18.426667  0.412075  0
18.453333  0.411947  0
18.480000  0.411819  0
18.506667  0.411692  0
18.533333  0.411564  0
18.560000  0.411436  0
18.586667  0.411308  0
18.613333  0.411180  0
18.640000  0.411052  0
18.666667  0.410924  0
18.693333  0.410796  0
18.720000  0.410668  0
18.746667  0.410540  0
18.773333  0.410412  0
18.800000  0.410284  0
18.826667  0.410156  0
18.853333  0.410028  0
18.880000  0.409900  0
18.906667  0.409772  0
18.933333  0.409644  0
18.960000  0.409516  0
18.986667  0.409388  0
19.013333  0.409260  0
19.040000  0.409132  0
19.066667  0.409004  0
19.093333  0.408876  0
19.120000  0.408748  0
19.146667  0.408620  0
19.173333  0.408492  0
19.200000  0.408365  0
19.226667  0.408237  0
19.253333  0.408109  0
19.280000  0.407981  0
19.306667  0.407853  0
19.333333  0.407725  0
19.360000  0.407597  0
19.386667  0.407469  0
19.413333  0.407341  0
19.440000  0.407213  0
19.466667  0.407085  0
19.493333  0.406957  0
19.520000  0.406829  0
19.546667  0.406701  0
19.573333  0.406573  0
19.600000  0.406445  0
19.626667  0.406317  0
19.653333  0.406189  0
19.680000  0.406061  0
19.706667  0.405933  0
19.733333  0.405805  0
19.760000  0.405677  0
19.786667  0.405549  0
19.813333  0.405421  0
19.840000  0.405293  0
19.866667  0.405165  0
19.893333  0.405038  0
19.920000  0.404910  0
19.946667  0.404782  0
19.973333  0.404654  0
20.000000  0.404526  0
20.026667  0.404398  0
20.053333  0.404270  0
20.080000  0.404142  0
20.106667  0.404014  0
20.133333  0.403886  0
20.160000  0.403758  0
20.186667  0.403630  0
20.213333  0.403502  0
20.240000  0.403374  0
20.266667  0.403246  0
20.293333  0.403118  0
20.320000  0.402990  0
20.346667  0.402862  0
20.373333  0.402734  0
20.400000  0.402606  0
20.426667  0.402478  0
20.453333  0.402350  0
20.480000  0.402222  0
20.506667  0.402094  0
20.533333  0.401966  0
20.560000  0.401838  0
20.586667  0.401711  0
20.613333  0.401583  0
20.640000  0.401455  0
20.666667  0.401327  0
20.693333  0.401199  0
20.720000  0.401071  0
20.746667  0.400943  0
20.773333  0.400815  0
20.800000  0.400687  0
20.826667  0.400559  0
20.853333  0.400431  0
20.880000  0.400303  0
20.906667  0.400175  0
20.933333  0.400047  0
20.960000  0.399919  0
20.986667  0.399791  0
21.013333  0.399663  0
21.040000  0.399535  0
21.066667  0.399407  0
21.093333  0.399279  0
21.120000  0.399151  0
21.146667  0.399023  0
21.173333  0.398895  0
21.200000  0.398767  0
21.226667  0.398639  0
21.253333  0.398511  0
21.280000  0.398384  0
21.306667  0.398256  0
21.333333  0.398128  0
21.360000  0.398000  0
21.386667  0.397872  0
21.413333  0.397744  0
21.440000  0.397616  0
21.466667  0.397488  0
21.493333  0.397360  0
21.520000  0.397232  0
21.546667  0.397104  0
21.573333  0.396976  0
21.600000  0.396848  0
21.626667  0.396720  0
21.653333  0.396592  0
21.680000  0.396464  0
21.706667  0.396336  0
21.733333  0.396208  0
21.760000  0.396080  0
21.786667  0.395952  0
21.813333  0.395824  0
21.840000  0.395696  0
21.866667  0.395568  0
21.893333  0.395440  0
21.920000  0.395312  0
21.946667  0.395184  0
21.973333  0.395056  0
22.000000  0.394929  0
22.026667  0.394801  0
22.053333  0.394673  0
22.080000  0.394545  0
22.106667  0.394417  0
22.133333  0.394289  0
22.160000  0.394161  0
22.186667  0.394033  0
22.213333  0.393905  0
22.240000  0.393777  0
22.266667  0.393649  0
22.293333  0.393521  0
22.320000  0.393393  0
22.346667  0.393265  0
22.373333  0.393137  0
22.400000  0.393009  0
22.426667  0.392881  0
22.453333  0.392753  0
22.480000  0.392625  0
22.506667  0.392497  0
22.533333  0.392369  0
22.560000  0.392241  0
22.586667  0.392113  0
22.613333  0.391985  0
22.640000  0.391857  0
22.666667  0.391729  0
22.693333  0.391602  0
22.720000  0.391474  0
15.466667  0.613396  1
15.493333  0.613132  1
15.520000  0.612869  1
15.546667  0.612606  1
15.573333  0.612343  1
15.600000  0.612080  1
15.626667  0.611817  1
15.653333  0.611554  1
15.680000  0.611291  1
15.706667  0.611028  1
15.733333  0.610765  1
15.760000  0.610502  1
15.786667  0.610239  1
15.813333  0.609976  1
15.840000  0.609713  1
15.866667  0.609450  1
15.893333  0.609187  1
15.920000  0.608924  1
15.946667  0.608661  1
15.973333  0.608398  1
16.000000  0.608135  1
16.026667  0.607872  1
16.053333  0.607609  1
16.080000  0.607346  1
16.106667  0.607083  1
16.133333  0.606820  1
16.160000  0.606557  1
16.186667  0.606294  1
16.213333  0.606031  1
16.240000  0.605768  1
16.266667  0.605505  1
16.293333  0.605242  1
16.320000  0.604978  1
16.346667  0.604715  1
16.373333  0.604452  1
16.400000  0.604189  1
16.426667  0.603926  1
16.453333  0.603663  1
16.480000  0.603400  1
16.506667  0.603137  1
16.533333  0.602874  1
16.560000  0.602611  1
16.586667  0.602348  1
16.613333  0.602085  1
16.640000  0.601822  1
16.666667  0.601559  1
16.693333  0.601296  1
16.720000  0.601033  1
16.746667  0.600770  1
16.773333  0.600507  1
16.800000  0.600244  1
16.826667  0.599981  1
16.853333  0.599718  1
16.880000  0.599455  1
16.906667  0.599192  1
16.933333  0.598929  1
16.960000  0.598666  1
16.986667  0.598403  1
17.013333  0.598140  1
17.040000  0.597877  1
17.066667  0.597614  1
17.093333  0.597351  1
17.120000  0.597088  1
17.146667  0.596824  1
17.173333  0.596561  1
17.200000  0.596298  1
17.226667  0.596035  1
17.253333  0.595772  1
17.280000  0.595509  1
17.306667  0.595246  1
17.333333  0.594983  1
17.360000  0.594720  1
17.386667  0.594457  1
17.413333  0.594194  1
17.440000  0.593931  1
17.466667  0.593668  1
17.493333  0.593405  1
17.520000  0.593142  1
17.546667  0.592879  1
17.573333  0.592616  1
17.600000  0.592353  1
17.626667  0.592090  1
17.653333  0.591827  1
17.680000  0.591564  1
17.706667  0.591301  1
17.733333  0.591038  1
17.760000  0.590775  1
17.786667  0.590512  1
17.813333  0.590249  1
17.840000  0.589986  1
17.866667  0.589723  1
17.893333  0.589460  1
17.920000  0.589197  1
17.946667  0.588933  1
17.973333  0.588670  1
18.000000  0.588407  1
18.026667  0.588144  1
18.053333  0.587881  1
18.080000  0.587618  1
18.106667  0.587355  1
18.133333  0.587092  1
18.160000  0.586829  1
18.186667  0.586566  1
18.213333  0.586303  1
18.240000  0.586040  1
18.266667  0.585777  1
18.293333  0.585514  1
18.320000  0.585251  1
18.346667  0.584988  1
18.373333  0.584725  1
18.400000  0.584462  1
18.426667  0.584199  1
18.453333  0.583936  1
18.480000  0.583673  1
18.506667  0.583410  1
18.533333  0.583147  1
18.560000  0.582884  1
18.586667  0.582621  1
18.613333  0.582358  1
18.640000  0.582095  1
18.666667  0.581832  1
18.693333  0.581569  1
18.720000  0.581306  1
18.746667  0.581043  1
18.773333  0.580779  1
18.800000  0.580516  1
18.826667  0.580253  1
18.853333  0.579990  1
18.880000  0.579727  1
18.906667  0.579464  1
18.933333  0.579201  1
18.960000  0.578938  1
18.986667  0.578675  1
19.013333  0.578412  1
19.040000  0.578149  1
19.066667  0.577886  1
19.093333  0.577623  1
19.120000  0.577360  1
19.146667  0.577097  1
19.173333  0.576834  1
19.200000  0.576571  1
19.226667  0.576308  1
19.253333  0.576045  1
19.280000  0.575782  1
19.306667  0.575519  1
19.333333  0.575256  1
19.360000  0.574993  1
19.386667  0.574730  1
19.413333  0.574467  1
19.440000  0.574204  1
19.466667  0.573941  1
19.493333  0.573678  1
19.520000  0.573415  1
19.546667  0.573152  1
19.573333  0.572889  1
19.600000  0.572625  1
19.626667  0.572362  1
19.653333  0.572099  1
19.680000  0.571836  1
19.706667  0.571573  1
19.733333  0.571310  1
19.760000  0.571047  1
19.786667  0.570784  1
19.813333  0.570521  1
19.840000  0.570258  1
19.866667  0.569995  1
19.893333  0.569732  1
19.920000  0.569469  1
19.946667  0.569206  1
19.973333  0.568943  1
20.000000  0.568680  1
20.026667  0.568417  1
20.053333  0.568154  1
20.080000  0.567891  1
20.106667  0.567628  1
20.133333  0.567365  1
20.160000  0.567102  1
20.186667  0.566839  1
20.213333  0.566576  1
20.240000  0.566313  1
20.266667  0.566050  1
20.293333  0.565787  1
20.320000  0.565524  1
20.346667  0.565261  1
20.373333  0.564998  1
20.400000  0.564734  1
20.426667  0.564471  1
20.453333  0.564208  1
20.480000  0.563945  1
20.506667  0.563682  1
20.533333  0.563419  1
20.560000  0.563156  1
20.586667  0.562893  1
20.613333  0.562630  1
20.640000  0.562367  1
20.666667  0.562104  1
20.693333  0.561841  1
20.720000  0.561578  1
20.746667  0.561315  1
20.773333  0.561052  1
20.800000  0.560789  1
20.826667  0.560526  1
20.853333  0.560263  1
20.880000  0.560000  1
20.906667  0.559737  1
20.933333  0.559474  1
20.960000  0.559211  1
20.986667  0.558948  1
21.013333  0.558685  1
21.040000  0.558422  1
21.066667  0.558159  1
21.093333  0.557896  1
21.120000  0.557633  1
21.146667  0.557370  1
21.173333  0.557107  1
