2.693333  0.678592  0
2.720000  0.677979  0
2.746667  0.677365  0
2.773333  0.676752  0
2.800000  0.676139  0
2.826667  0.675526  0
2.853333  0.674913  0
2.880000  0.674300  0
2.906667  0.673686  0
2.933333  0.673073  0
2.960000  0.672460  0
2.986667  0.671847  0
3.013333  0.671234  0
3.040000  0.670621  0
3.066667  0.670008  0
3.093333  0.669394  0
3.120000  0.668781  0
3.146667  0.668168  0
3.173333  0.667555  0
3.200000  0.666942  0
3.226667  0.666329  0
3.253333  0.665716  0
3.280000  0.665102  0
3.306667  0.664489  0
3.333333  0.663876  0
3.360000  0.663263  0
3.386667  0.662650  0
3.413333  0.662037  0
3.440000  0.661423  0
3.466667  0.660810  0
3.493333  0.660197  0
3.520000  0.659584  0
3.546667  0.658971  0
3.573333  0.658358  0
3.600000  0.657745  0
3.626667  0.657131  0
3.653333  0.656518  0
3.680000  0.655905  0
3.706667  0.655292  0
3.733333  0.654679  0
3.760000  0.654066  0
3.786667  0.653453  0
3.813333  0.652839  0
3.840000  0.652226  0
3.866667  0.651613  0
3.893333  0.651000  0
3.920000  0.650387  0
3.946667  0.649774  0
3.973333  0.649161  0
4.000000  0.648547  0
4.026667  0.647934  0
4.053333  0.647321  0
4.080000  0.646708  0
4.106667  0.646095  0
4.133333  0.645482  0
4.160000  0.644868  0
4.186667  0.644255  0
4.213333  0.643642  0
4.240000  0.643029  0
4.266667  0.642416  0
4.293333  0.641803  0
4.320000  0.641190  0
4.346667  0.640576  0
4.373333  0.639963  0
4.400000  0.639350  0
4.426667  0.638737  0
4.453333  0.638124  0
4.480000  0.637511  0
4.506667  0.636898  0
4.533333  0.636284  0
4.560000  0.635671  0
4.586667  0.635058  0
4.613333  0.634445  0
4.640000  0.633832  0
4.666667  0.633219  0
4.693333  0.632606  0
4.720000  0.631992  0
4.746667  0.631379  0
4.773333  0.630766  0
4.800000  0.630153  0
4.826667  0.629540  0
4.853333  0.628927  0
4.880000  0.628313  0
4.906667  0.627700  0
4.933333  0.627087  0
4.960000  0.626474  0
4.986667  0.625861  0
5.013333  0.625248  0
5.040000  0.624635  0
5.066667  0.624021  0
5.093333  0.623408  0
5.120000  0.622795  0
5.146667  0.622182  0
5.173333  0.621569  0
5.200000  0.620956  0
5.226667  0.620343  0
5.253333  0.619729  0
5.280000  0.619116  0
5.306667  0.618503  0
5.333333  0.617890  0
5.360000  0.617277  0
5.386667  0.616664  0
5.413333  0.615594  0
5.440000  0.613737  0
5.466667  0.611911  0
5.493333  0.610160  0
5.520000  0.608435  0
5.546667  0.606799  0
5.573333  0.605183  0
5.600000  0.603662  0
5.626667  0.602153  0
5.653333  0.600743  0
5.680000  0.599337  0
5.706667  0.598031  0
5.733333  0.596726  0
5.760000  0.595517  0
5.786667  0.594311  0
5.813333  0.593192  0
5.840000  0.592082  0
5.866667  0.591052  0
5.893333  0.590036  0
5.920000  0.589093  0
5.946667  0.588169  0
5.973333  0.587311  0
6.000000  0.586479  0
6.026667  0.585706  0
6.053333  0.584964  0
6.080000  0.584274  0
6.106667  0.583622  0
6.133333  0.583013  0
6.160000  0.582445  0
6.186667  0.581911  0
6.213333  0.581417  0
6.240000  0.580945  0
6.266667  0.580507  0
6.293333  0.580077  0
6.320000  0.579664  0
6.346667  0.579248  0
6.373333  0.578823  0
6.400000  0.578389  0
6.426667  0.577913  0
6.453333  0.577428  0
6.480000  0.576873  0
6.506667  0.576312  0
6.533333  0.575667  0
6.560000  0.575021  0
6.586667  0.574298  0
6.613333  0.573574  0
6.640000  0.572805  0
6.666667  0.572034  0
6.693333  0.571253  0
6.720000  0.570472  0
6.746667  0.569708  0
6.773333  0.568950  0
6.800000  0.568219  0
6.826667  0.567498  0
6.853333  0.566800  0
6.880000  0.566113  0
6.906667  0.565436  0
6.933333  0.564764  0
6.960000  0.564088  0
6.986667  0.563409  0
7.013333  0.562717  0
7.040000  0.562013  0
7.066667  0.561297  0
7.093333  0.560562  0
7.120000  0.559819  0
7.146667  0.559059  0
7.173333  0.558294  0
7.200000  0.557517  0
7.226667  0.556737  0
7.253333  0.555948  0
7.280000  0.555158  0
7.306667  0.554360  0
7.333333  0.553561  0
7.360000  0.552752  0
7.386667  0.551943  0
7.413333  0.551123  0
7.440000  0.550303  0
7.466667  0.549475  0
7.493333  0.548647  0
7.520000  0.547818  0
7.546667  0.546988  0
7.573333  0.546163  0
7.600000  0.545338  0
7.626667  0.544520  0
7.653333  0.543703  0
7.680000  0.542888  0
7.706667  0.542073  0
7.733333  0.541254  0
7.760000  0.540431  0
7.786667  0.539595  0
7.813333  0.538749  0
7.840000  0.537887  0
7.866667  0.537008  0
7.893333  0.536112  0
7.920000  0.535194  0
7.946667  0.534263  0
7.973333  0.533309  0
8.000000  0.532347  0
8.026667  0.531366  0
8.053333  0.530380  0
8.080000  0.529379  0
8.106667  0.528377  0
8.133333  0.527364  0
8.160000  0.526350  0
8.186667  0.525326  0
8.213333  0.524301  0
8.240000  0.523265  0
8.266667  0.522228  0
8.293333  0.521175  0
8.320000  0.520122  0
8.346667  0.519053  0
8.373333  0.517981  0
8.400000  0.516894  0
8.426667  0.515803  0
8.453333  0.514697  0
8.480000  0.513587  0
8.506667  0.512460  0
8.533333  0.511326  0
8.560000  0.510170  0
8.586667  0.509002  0
8.613333  0.507804  0
8.640000  0.506585  0
8.666667  0.505331  0
8.693333  0.504043  0
8.720000  0.502718  0
8.746667  0.501349  0
8.773333  0.499946  0
8.800000  0.498490  0
8.826667  0.497009  0
8.853333  0.495474  0
8.880000  0.493922  0
8.906667  0.492318  0
8.933333  0.490701  0
8.960000  0.489028  0
8.986667  0.487344  0
9.013333  0.485581  0
9.040000  0.483809  0
9.066667  0.481904  0
9.093333  0.479999  0
9.120000  0.477882  0
9.146667  0.475762  0
9.173333  0.473372  0
9.200000  0.470961  0
9.226667  0.468255  0
9.253333  0.465502  0
9.280000  0.462479  0
9.306667  0.459387  0
9.333333  0.456102  0
9.360000  0.452745  0
9.386667  0.449306  0
9.413333  0.445824  0
9.440000  0.442377  0
9.466667  0.438951  0
9.493333  0.435654  0
9.520000  0.432469  0
9.546667  0.429467  0
9.573333  0.426672  0
9.600000  0.424069  0
9.626667  0.421753  0
9.653333  0.419604  0
9.680000  0.417786  0
9.706667  0.416093  0
9.733333  0.414735  0
9.760000  0.413457  0
9.786667  0.412486  0
9.813333  0.411556  0
9.840000  0.410882  0
9.866667  0.410224  0
9.893333  0.409764  0
9.920000  0.409305  0
9.946667  0.408989  0
9.973333  0.408673  0
10.000000  0.408445  0
10.026667  0.408222  0
10.053333  0.408052  0
10.080000  0.407889  0
10.106667  0.407758  0
10.133333  0.407634  0
10.160000  0.407531  0
10.186667  0.407436  0
10.213333  0.407356  0
10.240000  0.407283  0
10.266667  0.407221  0
10.293333  0.407167  0
10.320000  0.407122  0
10.346667  0.407083  0
10.373333  0.407051  0
10.400000  0.407025  0
10.426667  0.407003  0
10.453333  0.406987  0
10.480000  0.406975  0
10.506667  0.406968  0
10.533333  0.406965  0
10.560000  0.406969  0
10.586667  0.406977  0
10.613333  0.406994  0
10.640000  0.407013  0
10.666667  0.407043  0
10.693333  0.407074  0
10.720000  0.407114  0
10.746667  0.407154  0
10.773333  0.407198  0
10.800000  0.407241  0
10.826667  0.407279  0
10.853333  0.407317  0
10.880000  0.407341  0
10.906667  0.407364  0
10.933333  0.407369  0
10.960000  0.407370  0
10.986667  0.407351  0
11.013333  0.407326  0
11.040000  0.407282  0
11.066667  0.407231  0
11.093333  0.407162  0
11.120000  0.407083  0
11.146667  0.406989  0
11.173333  0.406883  0
11.200000  0.406764  0
11.226667  0.406631  0
11.253333  0.406486  0
11.280000  0.406325  0
11.306667  0.406155  0
11.333333  0.405967  0
11.360000  0.405774  0
11.386667  0.405564  0
11.413333  0.405351  0
11.440000  0.405127  0
11.466667  0.404902  0
11.493333  0.404672  0
11.520000  0.404443  0
11.546667  0.404218  0
11.573333  0.403993  0
11.600000  0.403780  0
11.626667  0.403567  0
11.653333  0.403369  0
11.680000  0.403172  0
11.706667  0.402990  0
11.733333  0.402808  0
11.760000  0.402637  0
11.786667  0.402468  0
11.813333  0.402302  0
11.840000  0.402138  0
11.866667  0.401972  0
11.893333  0.401807  0
11.920000  0.401639  0
11.946667  0.401469  0
11.973333  0.401299  0
12.000000  0.401127  0
12.026667  0.400957  0
12.053333  0.400789  0
12.080000  0.400628  0
12.106667  0.400475  0
12.133333  0.400331  0
12.160000  0.400202  0
12.186667  0.400083  0
12.213333  0.399986  0
12.240000  0.399897  0
12.266667  0.399833  0
12.293333  0.399776  0
12.320000  0.399745  0
12.346667  0.399717  0
12.373333  0.399714  0
12.400000  0.399713  0
12.426667  0.399735  0
12.453333  0.399758  0
12.480000  0.399808  0
12.506667  0.399858  0
12.533333  0.399936  0
12.560000  0.400017  0
12.586667  0.400131  0
12.613333  0.400249  0
12.640000  0.400403  0
12.666667  0.400565  0
12.693333  0.400762  0
12.720000  0.400970  0
12.746667  0.401210  0
12.773333  0.401465  0
12.800000  0.401745  0
12.826667  0.402040  0
12.853333  0.402354  0
12.880000  0.402682  0
12.906667  0.403020  0
12.933333  0.403368  0
12.960000  0.403718  0
12.986667  0.404072  0
13.013333  0.404421  0
13.040000  0.404761  0
13.066667  0.405093  0
13.093333  0.405404  0
13.120000  0.405705  0
13.146667  0.405972  0
13.173333  0.406230  0
13.200000  0.406444  0
13.226667  0.406654  0
13.253333  0.406818  0
13.280000  0.406980  0
13.306667  0.407102  0
13.333333  0.407223  0
13.360000  0.407318  0
13.386667  0.407412  0
13.413333  0.407493  0
13.440000  0.407573  0
13.466667  0.407649  0
13.493333  0.407725  0
13.520000  0.407802  0
13.546667  0.407879  0
13.573333  0.407955  0
13.600000  0.408031  0
13.626667  0.408104  0
13.653333  0.408175  0
13.680000  0.408240  0
13.706667  0.408300  0
13.733333  0.408352  0
13.760000  0.408397  0
13.786667  0.408432  0
13.813333  0.408457  0
13.840000  0.408473  0
13.866667  0.408476  0
13.893333  0.408471  0
13.920000  0.408450  0
13.946667  0.408423  0
13.973333  0.408378  0
14.000000  0.408330  0
14.026667  0.408265  0
14.053333  0.408198  0
14.080000  0.408117  0
14.106667  0.408035  0
14.133333  0.407945  0
14.160000  0.407855  0
14.186667  0.407764  0
14.213333  0.407672  0
14.240000  0.407585  0
14.266667  0.407497  0
14.293333  0.407418  0
14.320000  0.407340  0
14.346667  0.407271  0
14.373333  0.407204  0
14.400000  0.407146  0
14.426667  0.407091  0
14.453333  0.407043  0
14.480000  0.406999  0
14.506667  0.406960  0
14.533333  0.406925  0
14.560000  0.406893  0
14.586667  0.406864  0
14.613333  0.406836  0
14.640000  0.406810  0
14.666667  0.406785  0
14.693333  0.406761  0
14.720000  0.406736  0
14.746667  0.406711  0
14.773333  0.406687  0
14.800000  0.406663  0
14.826667  0.406640  0
14.853333  0.406618  0
14.880000  0.406598  0
14.906667  0.406581  0
14.933333  0.406566  0
14.960000  0.406557  0
14.986667  0.406548  0
15.013333  0.406481  0
15.040000  0.406414  0
15.066667  0.406348  0
15.093333  0.406281  0
15.120000  0.406214  0
15.146667  0.406147  0
15.173333  0.406080  0
15.200000  0.406014  0
15.226667  0.405947  0
15.253333  0.405880  0
15.280000  0.405813  0
15.306667  0.405746  0
15.333333  0.405680  0
15.360000  0.405613  0
15.386667  0.405546  0
15.413333  0.405479  0
15.440000  0.405413  0
15.466667  0.405346  0
15.493333  0.405279  0
15.520000  0.405212  0
15.546667  0.405145  0
15.573333  0.405079  0
15.600000  0.405012  0
15.626667  0.404945  0
15.653333  0.404878  0
15.680000  0.404811  0
15.706667  0.404745  0
15.733333  0.404678  0
15.760000  0.404611  0
15.786667  0.404544  0
15.813333  0.404478  0
15.840000  0.404411  0
15.866667  0.404344  0
15.893333  0.404277  0
15.920000  0.404210  0
15.946667  0.404144  0
15.973333  0.404077  0
16.000000  0.404010  0
16.026667  0.403943  0
16.053333  0.403876  0
16.080000  0.403810  0
16.106667  0.403743  0
16.133333  0.403676  0
16.160000  0.403609  0
16.186667  0.403543  0
16.213333  0.403476  0
16.240000  0.403409  0
16.266667  0.403342  0
16.293333  0.403275  0
16.320000  0.403209  0
16.346667  0.403142  0
16.373333  0.403075  0
16.400000  0.403008  0
16.426667  0.402941  0
16.453333  0.402875  0
16.480000  0.402808  0
16.506667  0.402741  0
16.533333  0.402674  0
16.560000  0.402608  0
16.586667  0.402541  0
16.613333  0.402474  0
16.640000  0.402407  0
16.666667  0.402340  0
16.693333  0.402274  0
16.720000  0.402207  0
16.746667  0.402140  0
16.773333  0.402073  0
16.800000  0.402006  0
16.826667  0.401940  0
16.853333  0.401873  0
16.880000  0.401806  0
16.906667  0.401739  0
16.933333  0.401672  0
16.960000  0.401606  0
16.986667  0.401539  0
17.013333  0.401472  0
17.040000  0.401405  0
17.066667  0.401339  0
17.093333  0.401272  0
17.120000  0.401205  0
17.146667  0.401138  0
17.173333  0.401071  0
17.200000  0.401005  0
17.226667  0.400938  0
17.253333  0.400871  0
17.280000  0.400804  0
17.306667  0.400737  0
17.333333  0.400671  0
17.360000  0.400604  0
17.386667  0.400537  0
17.413333  0.400470  0
17.440000  0.400404  0
17.466667  0.400337  0
17.493333  0.400270  0
17.520000  0.400203  0
17.546667  0.400136  0
17.573333  0.400070  0
17.600000  0.400003  0
17.626667  0.399936  0
17.653333  0.399869  0
17.680000  0.399802  0
17.706667  0.399736  0
17.733333  0.399669  0
17.760000  0.399602  0
17.786667  0.399535  0
17.813333  0.399469  0
17.840000  0.399402  0
17.866667  0.399335  0
17.893333  0.399268  0
17.920000  0.399201  0
17.946667  0.399135  0
17.973333  0.399068  0
18.000000  0.399001  0
18.026667  0.398934  0
18.053333  0.398867  0
18.080000  0.398801  0
18.106667  0.398734  0
18.133333  0.398667  0
18.160000  0.398600  0
18.186667  0.398534  0
18.213333  0.398467  0
18.240000  0.398400  0
18.266667  0.398333  0
18.293333  0.398266  0
18.320000  0.398200  0
18.346667  0.398133  0
18.373333  0.398066  0
18.400000  0.397999  0
18.426667  0.397932  0
18.453333  0.397866  0
18.480000  0.397799  0
18.506667  0.397732  0
18.533333  0.397665  0
18.560000  0.397599  0
18.586667  0.397532  0
18.613333  0.397465  0
18.640000  0.397398  0
18.666667  0.397331  0
18.693333  0.397265  0
18.720000  0.397198  0
18.746667  0.397131  0
18.773333  0.397064  0
18.800000  0.396997  0
18.826667  0.396931  0
18.853333  0.396864  0
18.880000  0.396797  0
18.906667  0.396730  0
18.933333  0.396663  0
18.960000  0.396597  0
18.986667  0.396530  0
19.013333  0.396463  0
19.040000  0.396396  0
19.066667  0.396330  0
19.093333  0.396263  0
19.120000  0.396196  0
19.146667  0.396129  0
19.173333  0.396062  0
19.200000  0.395996  0
19.226667  0.395929  0
19.253333  0.395862  0
19.280000  0.395795  0
19.306667  0.395728  0
19.333333  0.395662  0
19.360000  0.395595  0
19.386667  0.395528  0
19.413333  0.395461  0
19.440000  0.395395  0
19.466667  0.395328  0
19.493333  0.395261  0
19.520000  0.395194  0
19.546667  0.395127  0
19.573333  0.395061  0
19.600000  0.394994  0
19.626667  0.394927  0
19.653333  0.394860  0
19.680000  0.394793  0
19.706667  0.394727  0
19.733333  0.394660  0
19.760000  0.394593  0
19.786667  0.394526  0
19.813333  0.394460  0
19.840000  0.394393  0
19.866667  0.394326  0
19.893333  0.394259  0
19.920000  0.394192  0
19.946667  0.394126  0
19.973333  0.394059  0
20.000000  0.393992  0
20.026667  0.393925  0
20.053333  0.393858  0
20.080000  0.393792  0
20.106667  0.393725  0
20.133333  0.393658  0
20.160000  0.393591  0
20.186667  0.393525  0
20.213333  0.393458  0
20.240000  0.393391  0
20.266667  0.393324  0
20.293333  0.393257  0
