2.746667  0.684216  0
2.773333  0.684090  0
2.800000  0.683842  0
2.826667  0.683483  0
2.853333  0.683025  0
2.880000  0.682482  0
2.906667  0.681869  0
2.933333  0.681200  0
2.960000  0.680487  0
2.986667  0.679740  0
3.013333  0.678968  0
3.040000  0.678176  0
3.066667  0.677370  0
3.093333  0.676552  0
3.120000  0.675727  0
3.146667  0.674896  0
3.173333  0.674060  0
3.200000  0.673222  0
3.226667  0.672382  0
3.253333  0.671541  0
3.280000  0.670699  0
3.306667  0.669858  0
3.333333  0.669016  0
3.360000  0.668174  0
3.386667  0.667332  0
3.413333  0.666490  0
3.440000  0.665647  0
3.466667  0.664802  0
3.493333  0.663953  0
3.520000  0.663099  0
3.546667  0.662239  0
3.573333  0.661367  0
3.600000  0.660483  0
3.626667  0.659580  0
3.653333  0.658654  0
3.680000  0.657701  0
3.706667  0.656714  0
3.733333  0.655685  0
3.760000  0.654607  0
3.786667  0.653471  0
3.813333  0.652269  0
3.840000  0.650992  0
3.866667  0.649637  0
3.893333  0.648202  0
3.920000  0.646696  0
3.946667  0.645134  0
3.973333  0.643538  0
4.000000  0.641936  0
4.026667  0.640360  0
4.053333  0.638834  0
4.080000  0.637380  0
4.106667  0.636002  0
4.133333  0.634693  0
4.160000  0.633431  0
4.186667  0.632184  0
4.213333  0.630915  0
4.240000  0.629590  0
4.266667  0.628182  0
4.293333  0.626681  0
4.320000  0.625092  0
4.346667  0.623438  0
4.373333  0.621754  0
4.400000  0.620089  0
4.426667  0.618494  0
4.453333  0.617017  0
4.480000  0.615701  0
4.506667  0.614580  0
4.533333  0.613675  0
4.560000  0.612996  0
4.586667  0.612542  0
4.613333  0.612301  0
4.640000  0.612256  0
4.666667  0.612381  0
4.693333  0.612647  0
4.720000  0.613018  0
4.746667  0.613459  0
4.773333  0.613929  0
4.800000  0.614390  0
4.826667  0.614806  0
4.853333  0.615143  0
4.880000  0.615372  0
4.906667  0.615474  0
4.933333  0.615436  0
4.960000  0.615255  0
4.986667  0.614934  0
5.013333  0.614486  0
5.040000  0.613925  0
5.066667  0.613270  0
5.093333  0.612539  0
5.120000  0.611748  0
5.146667  0.610909  0
5.173333  0.610031  0
5.200000  0.609118  0
5.226667  0.608169  0
5.253333  0.607181  0
5.280000  0.606151  0
5.306667  0.605075  0
5.333333  0.603952  0
5.360000  0.602783  0
5.386667  0.601574  0
5.413333  0.600334  0
5.440000  0.599074  0
5.466667  0.597808  0
5.493333  0.596548  0
5.520000  0.595302  0
5.546667  0.594076  0
5.573333  0.592870  0
5.600000  0.591679  0
5.626667  0.590492  0
5.653333  0.589298  0
5.680000  0.588087  0
5.706667  0.586851  0
5.733333  0.585588  0
5.760000  0.584305  0
5.786667  0.583015  0
5.813333  0.581735  0
5.840000  0.580488  0
5.866667  0.579293  0
5.893333  0.578166  0
5.920000  0.577120  0
5.946667  0.576158  0
5.973333  0.575276  0
6.000000  0.574469  0
6.026667  0.573723  0
6.053333  0.573027  0
6.080000  0.572367  0
6.106667  0.571731  0
6.133333  0.571109  0
6.160000  0.570492  0
6.186667  0.569870  0
6.213333  0.569236  0
6.240000  0.568581  0
6.266667  0.567897  0
6.293333  0.567176  0
6.320000  0.566408  0
6.346667  0.565588  0
6.373333  0.564709  0
6.400000  0.563769  0
6.426667  0.562768  0
6.453333  0.561706  0
6.480000  0.560589  0
6.506667  0.559423  0
6.533333  0.558215  0
6.560000  0.556972  0
6.586667  0.555700  0
6.613333  0.554404  0
6.640000  0.553088  0
6.666667  0.551755  0
6.693333  0.550406  0
6.720000  0.549041  0
6.746667  0.547658  0
6.773333  0.546254  0
6.800000  0.544825  0
6.826667  0.543363  0
6.853333  0.541853  0
6.880000  0.540281  0
6.906667  0.538623  0
6.933333  0.536854  0
6.960000  0.534948  0
6.986667  0.532879  0
7.013333  0.530633  0
7.040000  0.528206  0
7.066667  0.525612  0
7.093333  0.522886  0
7.120000  0.520079  0
7.146667  0.517254  0
7.173333  0.514480  0
7.200000  0.511821  0
7.226667  0.509331  0
7.253333  0.507043  0
7.280000  0.504971  0
7.306667  0.503112  0
7.333333  0.501445  0
7.360000  0.499940  0
7.386667  0.498564  0
7.413333  0.497283  0
7.440000  0.496067  0
7.466667  0.494890  0
7.493333  0.493731  0
7.520000  0.492574  0
7.546667  0.491404  0
7.573333  0.490211  0
7.600000  0.488985  0
7.626667  0.487718  0
7.653333  0.486405  0
7.680000  0.485042  0
7.706667  0.483629  0
7.733333  0.482166  0
7.760000  0.480658  0
7.786667  0.479108  0
7.813333  0.477524  0
7.840000  0.475912  0
7.866667  0.474278  0
7.893333  0.472629  0
7.920000  0.470970  0
7.946667  0.469306  0
7.973333  0.467641  0
8.000000  0.465980  0
8.026667  0.464327  0
8.053333  0.462688  0
8.080000  0.461070  0
8.106667  0.459481  0
8.133333  0.457930  0
8.160000  0.456426  0
8.186667  0.454978  0
8.213333  0.453594  0
8.240000  0.452278  0
8.266667  0.451033  0
8.293333  0.449857  0
8.320000  0.448745  0
8.346667  0.447686  0
8.373333  0.446669  0
8.400000  0.445674  0
8.426667  0.444680  0
8.453333  0.443664  0
8.480000  0.442595  0
8.506667  0.441445  0
8.533333  0.440181  0
8.560000  0.438775  0
8.586667  0.437207  0
8.613333  0.435465  0
8.640000  0.433551  0
8.666667  0.431485  0
8.693333  0.429301  0
8.720000  0.427046  0
8.746667  0.424777  0
8.773333  0.422550  0
8.800000  0.420420  0
8.826667  0.418433  0
8.853333  0.416620  0
8.880000  0.415003  0
8.906667  0.413590  0
8.933333  0.412379  0
8.960000  0.411363  0
8.986667  0.410531  0
9.013333  0.409868  0
9.040000  0.409359  0
9.066667  0.408993  0
9.093333  0.408753  0
9.120000  0.408628  0
9.146667  0.408605  0
9.173333  0.408670  0
9.200000  0.408811  0
9.226667  0.409015  0
9.253333  0.409268  0
9.280000  0.409557  0
9.306667  0.409869  0
9.333333  0.410192  0
9.360000  0.410513  0
9.386667  0.410822  0
9.413333  0.411108  0
9.440000  0.411365  0
9.466667  0.411586  0
9.493333  0.411768  0
9.520000  0.411910  0
9.546667  0.412016  0
9.573333  0.412089  0
9.600000  0.412135  0
9.626667  0.412160  0
9.653333  0.412171  0
9.680000  0.412173  0
9.706667  0.412171  0
9.733333  0.412166  0
9.760000  0.412160  0
9.786667  0.412150  0
9.813333  0.412134  0
9.840000  0.412111  0
9.866667  0.412077  0
9.893333  0.412031  0
9.920000  0.411973  0
9.946667  0.411904  0
9.973333  0.411827  0
10.000000  0.411744  0
10.026667  0.411661  0
10.053333  0.411581  0
10.080000  0.411507  0
10.106667  0.411443  0
10.133333  0.411389  0
10.160000  0.411347  0
10.186667  0.411315  0
10.213333  0.411292  0
10.240000  0.411275  0
10.266667  0.411263  0
10.293333  0.411252  0
10.320000  0.411240  0
10.346667  0.411225  0
10.373333  0.411204  0
10.400000  0.411178  0
10.426667  0.411143  0
10.453333  0.411100  0
10.480000  0.411047  0
10.506667  0.410983  0
10.533333  0.410908  0
10.560000  0.410820  0
10.586667  0.410720  0
10.613333  0.410606  0
10.640000  0.410480  0
10.666667  0.410342  0
10.693333  0.410193  0
10.720000  0.410031  0
10.746667  0.409858  0
10.773333  0.409674  0
10.800000  0.409476  0
10.826667  0.409264  0
10.853333  0.409036  0
10.880000  0.408791  0
10.906667  0.408525  0
10.933333  0.408238  0
10.960000  0.407930  0
10.986667  0.407599  0
11.013333  0.407246  0
11.040000  0.406874  0
11.066667  0.406483  0
11.093333  0.406078  0
11.120000  0.405661  0
11.146667  0.405237  0
11.173333  0.404810  0
11.200000  0.404383  0
11.226667  0.403962  0
11.253333  0.403550  0
11.280000  0.403151  0
11.306667  0.402769  0
11.333333  0.402406  0
11.360000  0.402066  0
11.386667  0.401748  0
11.413333  0.401455  0
11.440000  0.401184  0
11.466667  0.400937  0
11.493333  0.400710  0
11.520000  0.400502  0
11.546667  0.400310  0
11.573333  0.400133  0
11.600000  0.399969  0
11.626667  0.399817  0
11.653333  0.399677  0
11.680000  0.399547  0
11.706667  0.399429  0
11.733333  0.399323  0
11.760000  0.399231  0
11.786667  0.399152  0
11.813333  0.399088  0
11.840000  0.399038  0
11.866667  0.399003  0
11.893333  0.398981  0
11.920000  0.398971  0
11.946667  0.398971  0
11.973333  0.398979  0
12.000000  0.398993  0
12.026667  0.399011  0
12.053333  0.399030  0
12.080000  0.399048  0
12.106667  0.399066  0
12.133333  0.399082  0
12.160000  0.399096  0
12.186667  0.399109  0
12.213333  0.399124  0
12.240000  0.399141  0
12.266667  0.399162  0
12.293333  0.399190  0
12.320000  0.399227  0
12.346667  0.399273  0
12.373333  0.399329  0
12.400000  0.399394  0
12.426667  0.399469  0
12.453333  0.399552  0
12.480000  0.399641  0
12.506667  0.399734  0
12.533333  0.399830  0
12.560000  0.399927  0
12.586667  0.400023  0
12.613333  0.400116  0
12.640000  0.400203  0
12.666667  0.400284  0
12.693333  0.400355  0
12.720000  0.400414  0
12.746667  0.400460  0
12.773333  0.400492  0
12.800000  0.400507  0
12.826667  0.400506  0
12.853333  0.400489  0
12.880000  0.400456  0
12.906667  0.400410  0
12.933333  0.400351  0
12.960000  0.400282  0
12.986667  0.400205  0
13.013333  0.400123  0
13.040000  0.400036  0
13.066667  0.399945  0
13.093333  0.399853  0
13.120000  0.399758  0
13.146667  0.399661  0
13.173333  0.399563  0
13.200000  0.399463  0
13.226667  0.399362  0
13.253333  0.399262  0
13.280000  0.399164  0
13.306667  0.399069  0
13.333333  0.398979  0
13.360000  0.398898  0
13.386667  0.398826  0
13.413333  0.398764  0
13.440000  0.398715  0
13.466667  0.398677  0
13.493333  0.398652  0
13.520000  0.398638  0
13.546667  0.398635  0
13.573333  0.398642  0
13.600000  0.398657  0
13.626667  0.398680  0
13.653333  0.398709  0
13.680000  0.398742  0
13.706667  0.398778  0
13.733333  0.398816  0
13.760000  0.398853  0
13.786667  0.398888  0
13.813333  0.398920  0
13.840000  0.398947  0
13.866667  0.398969  0
13.893333  0.398984  0
13.920000  0.398992  0
13.946667  0.398991  0
13.973333  0.398979  0
14.000000  0.398954  0
14.026667  0.398910  0
14.053333  0.398843  0
14.080000  0.398743  0
14.106667  0.398601  0
14.133333  0.398409  0
14.160000  0.398156  0
14.186667  0.397835  0
14.213333  0.397440  0
14.240000  0.396971  0
14.266667  0.396433  0
14.293333  0.395838  0
14.320000  0.395203  0
14.346667  0.394552  0
14.373333  0.393914  0
14.400000  0.393319  0
14.426667  0.392797  0
14.453333  0.392375  0
14.480000  0.392074  0
14.506667  0.391907  0
14.533333  0.391879  0
14.560000  0.391982  0
14.586667  0.392201  0
14.613333  0.392512  0
14.640000  0.392885  0
14.666667  0.393287  0
14.693333  0.393687  0
14.720000  0.394056  0
14.746667  0.394369  0
14.773333  0.394611  0
14.800000  0.394777  0
14.826667  0.394867  0
14.853333  0.394892  0
14.880000  0.394869  0
14.906667  0.394815  0
14.933333  0.394753  0
14.960000  0.394700  0
14.986667  0.394670  0
