2.853333  0.961245  0
2.880000  0.957568  0
2.906667  0.952094  0
2.933333  0.946200  0
2.960000  0.940254  0
2.986667  0.934304  0
3.013333  0.928354  0
3.040000  0.922404  0
3.066667  0.916454  0
3.093333  0.910504  0
3.120000  0.904553  0
3.146667  0.898603  0
3.173333  0.892653  0
3.200000  0.886703  0
3.226667  0.880753  0
3.253333  0.874803  0
3.280000  0.868853  0
3.306667  0.862903  0
3.333333  0.856953  0
3.360000  0.851003  0
3.386667  0.845053  0
3.413333  0.839103  0
3.440000  0.833153  0
3.466667  0.827203  0
3.493333  0.821253  0
3.520000  0.815303  0
3.546667  0.809353  0
3.573333  0.803403  0
3.600000  0.797453  0
3.626667  0.791503  0
3.653333  0.785553  0
3.680000  0.779603  0
3.706667  0.773653  0
3.733333  0.767703  0
3.760000  0.761753  0
3.786667  0.755803  0
3.813333  0.749853  0
3.840000  0.743903  0
3.866667  0.737953  0
3.893333  0.732002  0
3.920000  0.726052  0
3.946667  0.720105  0
3.973333  0.714184  0
4.000000  0.708409  0
4.026667  0.703132  0
4.053333  0.698860  0
4.080000  0.695741  0
4.106667  0.693261  0
4.133333  0.690722  0
4.160000  0.687769  0
4.186667  0.684383  0
4.213333  0.680680  0
4.240000  0.676802  0
4.266667  0.672882  0
4.293333  0.669037  0
4.320000  0.665354  0
4.346667  0.661897  0
4.373333  0.658695  0
4.400000  0.655752  0
4.426667  0.653049  0
4.453333  0.650546  0
4.480000  0.648195  0
4.506667  0.645938  0
4.533333  0.643718  0
4.560000  0.641482  0
4.586667  0.639181  0
4.613333  0.636779  0
4.640000  0.634247  0
4.666667  0.631568  0
4.693333  0.628732  0
4.720000  0.625741  0
4.746667  0.622605  0
4.773333  0.619342  0
4.800000  0.615976  0
4.826667  0.612534  0
4.853333  0.609047  0
4.880000  0.605547  0
4.906667  0.602064  0
4.933333  0.598623  0
4.960000  0.595248  0
4.986667  0.591950  0
5.013333  0.588738  0
5.040000  0.585607  0
5.066667  0.582548  0
5.093333  0.579544  0
5.120000  0.576571  0
5.146667  0.573604  0
5.173333  0.570616  0
5.200000  0.567583  0
5.226667  0.564487  0
5.253333  0.561317  0
5.280000  0.558072  0
5.306667  0.554763  0
5.333333  0.551411  0
5.360000  0.548049  0
5.386667  0.544717  0
5.413333  0.541458  0
5.440000  0.538317  0
5.466667  0.535336  0
5.493333  0.532549  0
5.520000  0.529976  0
5.546667  0.527630  0
5.573333  0.525507  0
5.600000  0.523594  0
5.626667  0.521868  0
5.653333  0.520304  0
5.680000  0.518870  0
5.706667  0.517540  0
5.733333  0.516290  0
5.760000  0.515104  0
5.786667  0.513970  0
5.813333  0.512885  0
5.840000  0.511849  0
5.866667  0.510866  0
5.893333  0.509940  0
5.920000  0.509078  0
5.946667  0.508280  0
5.973333  0.507545  0
6.000000  0.506868  0
6.026667  0.506240  0
6.053333  0.505648  0
6.080000  0.505075  0
6.106667  0.504505  0
6.133333  0.503918  0
6.160000  0.503297  0
6.186667  0.502626  0
6.213333  0.501892  0
6.240000  0.501081  0
6.266667  0.500186  0
6.293333  0.499198  0
6.320000  0.498113  0
6.346667  0.496926  0
6.373333  0.495634  0
6.400000  0.494235  0
6.426667  0.492729  0
6.453333  0.491116  0
6.480000  0.489398  0
6.506667  0.487580  0
6.533333  0.485669  0
6.560000  0.483675  0
6.586667  0.481608  0
6.613333  0.479482  0
6.640000  0.477310  0
6.666667  0.475107  0
6.693333  0.472886  0
6.720000  0.470658  0
6.746667  0.468432  0
6.773333  0.466215  0
6.800000  0.464009  0
6.826667  0.461815  0
6.853333  0.459635  0
6.880000  0.457466  0
6.906667  0.455307  0
6.933333  0.453160  0
6.960000  0.451026  0
6.986667  0.448914  0
7.013333  0.446832  0
7.040000  0.444794  0
7.066667  0.442818  0
7.093333  0.440923  0
7.120000  0.439129  0
7.146667  0.437458  0
7.173333  0.435927  0
7.200000  0.434552  0
7.226667  0.433342  0
7.253333  0.432302  0
7.280000  0.431431  0
7.306667  0.430721  0
7.333333  0.430158  0
7.360000  0.429723  0
7.386667  0.429395  0
7.413333  0.429150  0
7.440000  0.428962  0
7.466667  0.428808  0
7.493333  0.428665  0
7.520000  0.428514  0
7.546667  0.428338  0
7.573333  0.428127  0
7.600000  0.427875  0
7.626667  0.427580  0
7.653333  0.427245  0
7.680000  0.426878  0
7.706667  0.426486  0
7.733333  0.426081  0
7.760000  0.425672  0
7.786667  0.425268  0
7.813333  0.424874  0
7.840000  0.424494  0
7.866667  0.424130  0
7.893333  0.423780  0
7.920000  0.423441  0
7.946667  0.423110  0
7.973333  0.422782  0
8.000000  0.422456  0
8.026667  0.422128  0
8.053333  0.421798  0
8.080000  0.421464  0
8.106667  0.421129  0
8.133333  0.420793  0
8.160000  0.420459  0
8.186667  0.420130  0
8.213333  0.419808  0
8.240000  0.419497  0
8.266667  0.419200  0
8.293333  0.418921  0
8.320000  0.418664  0
8.346667  0.418429  0
8.373333  0.418221  0
8.400000  0.418040  0
8.426667  0.417885  0
8.453333  0.417758  0
8.480000  0.417656  0
8.506667  0.417577  0
8.533333  0.417519  0
8.560000  0.417478  0
8.586667  0.417450  0
8.613333  0.417434  0
8.640000  0.417424  0
8.666667  0.417418  0
8.693333  0.417412  0
8.720000  0.417402  0
8.746667  0.417386  0
8.773333  0.417360  0
8.800000  0.417322  0
8.826667  0.417266  0
8.853333  0.417192  0
8.880000  0.417095  0
8.906667  0.416973  0
8.933333  0.416824  0
8.960000  0.416648  0
8.986667  0.416443  0
9.013333  0.416212  0
9.040000  0.415956  0
9.066667  0.415680  0
9.093333  0.415386  0
9.120000  0.415082  0
9.146667  0.414772  0
9.173333  0.414463  0
9.200000  0.414158  0
9.226667  0.413862  0
9.253333  0.413579  0
9.280000  0.413309  0
9.306667  0.413054  0
9.333333  0.412812  0
9.360000  0.412583  0
9.386667  0.412363  0
9.413333  0.412151  0
9.440000  0.411942  0
9.466667  0.411733  0
9.493333  0.411521  0
9.520000  0.411303  0
9.546667  0.411078  0
9.573333  0.410843  0
9.600000  0.410598  0
9.626667  0.410344  0
9.653333  0.410082  0
9.680000  0.409814  0
9.706667  0.409544  0
9.733333  0.409274  0
9.760000  0.409010  0
9.786667  0.408754  0
9.813333  0.408509  0
9.840000  0.408277  0
9.866667  0.408061  0
9.893333  0.407860  0
9.920000  0.407673  0
9.946667  0.407499  0
9.973333  0.407335  0
10.000000  0.407176  0
10.026667  0.407018  0
10.053333  0.406858  0
10.080000  0.406689  0
10.106667  0.406507  0
10.133333  0.406308  0
10.160000  0.406091  0
10.186667  0.405853  0
10.213333  0.405593  0
10.240000  0.405312  0
10.266667  0.405011  0
10.293333  0.404693  0
10.320000  0.404360  0
10.346667  0.404016  0
10.373333  0.403665  0
10.400000  0.403310  0
10.426667  0.402954  0
10.453333  0.402602  0
10.480000  0.402254  0
10.506667  0.401913  0
10.533333  0.401579  0
10.560000  0.401254  0
10.586667  0.400935  0
10.613333  0.400622  0
10.640000  0.400313  0
10.666667  0.400005  0
10.693333  0.399696  0
10.720000  0.399384  0
10.746667  0.399067  0
10.773333  0.398741  0
10.800000  0.398407  0
10.826667  0.398063  0
10.853333  0.397709  0
10.880000  0.397348  0
10.906667  0.396980  0
10.933333  0.396609  0
10.960000  0.396236  0
10.986667  0.395864  0
11.013333  0.395497  0
11.040000  0.395137  0
11.066667  0.394786  0
11.093333  0.394446  0
11.120000  0.394118  0
11.146667  0.393802  0
11.173333  0.393500  0
11.200000  0.393211  0
11.226667  0.392934  0
11.253333  0.392671  0
11.280000  0.392420  0
11.306667  0.392181  0
11.333333  0.391953  0
11.360000  0.391735  0
11.386667  0.391526  0
11.413333  0.391326  0
11.440000  0.391132  0
11.466667  0.390946  0
11.493333  0.390765  0
11.520000  0.390589  0
11.546667  0.390415  0
11.573333  0.390245  0
11.600000  0.390075  0
11.626667  0.389905  0
11.653333  0.389733  0
11.680000  0.389557  0
11.706667  0.389374  0
11.733333  0.389183  0
11.760000  0.388979  0
11.786667  0.388759  0
11.813333  0.388522  0
11.840000  0.388263  0
11.866667  0.387981  0
11.893333  0.387674  0
11.920000  0.387341  0
11.946667  0.386982  0
11.973333  0.386599  0
12.000000  0.386191  0
12.026667  0.385761  0
12.053333  0.385311  0
12.080000  0.384844  0
12.106667  0.384364  0
12.133333  0.383872  0
12.160000  0.383373  0
12.186667  0.382869  0
12.213333  0.382364  0
12.240000  0.381861  0
12.266667  0.381363  0
12.293333  0.380873  0
12.320000  0.380395  0
12.346667  0.379930  0
12.373333  0.379480  0
12.400000  0.379050  0
12.426667  0.378641  0
12.453333  0.378255  0
12.480000  0.377895  0
12.506667  0.377564  0
12.533333  0.377262  0
12.560000  0.376991  0
12.586667  0.376751  0
12.613333  0.376542  0
12.640000  0.376362  0
12.666667  0.376210  0
12.693333  0.376080  0
12.720000  0.375969  0
12.746667  0.375873  0
12.773333  0.375785  0
12.800000  0.375702  0
12.826667  0.375621  0
12.853333  0.375537  0
12.880000  0.375448  0
12.906667  0.375354  0
12.933333  0.375254  0
12.960000  0.375148  0
12.986667  0.375037  0
13.013333  0.374921  0
13.040000  0.374799  0
13.066667  0.374670  0
13.093333  0.374533  0
13.120000  0.374384  0
13.146667  0.374219  0
13.173333  0.374036  0
13.200000  0.373830  0
13.226667  0.373597  0
13.253333  0.373334  0
13.280000  0.373039  0
13.306667  0.372710  0
13.333333  0.372348  0
13.360000  0.371952  0
13.386667  0.371526  0
13.413333  0.371071  0
13.440000  0.370590  0
13.466667  0.370086  0
13.493333  0.369563  0
13.520000  0.369025  0
13.546667  0.368477  0
13.573333  0.367924  0
13.600000  0.367371  0
13.626667  0.366824  0
13.653333  0.366288  0
13.680000  0.365769  0
13.706667  0.365270  0
13.733333  0.364793  0
13.760000  0.364342  0
13.786667  0.363915  0
13.813333  0.363511  0
13.840000  0.363130  0
13.866667  0.362769  0
13.893333  0.362427  0
13.920000  0.362102  0
13.946667  0.361796  0
13.973333  0.361509  0
14.000000  0.361243  0
14.026667  0.361000  0
14.053333  0.360783  0
14.080000  0.360590  0
14.106667  0.360421  0
14.133333  0.360271  0
14.160000  0.360135  0
14.186667  0.360003  0
14.213333  0.359867  0
14.240000  0.359715  0
14.266667  0.359537  0
14.293333  0.359326  0
14.320000  0.359077  0
14.346667  0.358788  0
14.373333  0.358464  0
14.400000  0.358111  0
14.426667  0.357742  0
14.453333  0.357370  0
14.480000  0.357009  0
14.506667  0.356673  0
14.533333  0.356373  0
14.560000  0.356118  0
14.586667  0.355910  0
14.613333  0.355750  0
14.640000  0.355631  0
14.666667  0.355547  0
14.693333  0.355488  0
14.720000  0.355442  0
14.746667  0.355400  0
14.773333  0.355356  0
14.800000  0.355304  0
14.826667  0.355244  0
14.853333  0.355177  0
14.880000  0.355108  0
14.906667  0.355041  0
14.933333  0.354984  0
14.960000  0.354942  0
14.986667  0.354919  0
