3.093333  0.773994  0
3.120000  0.768244  0
3.146667  0.762516  0
3.173333  0.756884  0
3.200000  0.751376  0
3.226667  0.745994  0
3.253333  0.740724  0
3.280000  0.735557  0
3.306667  0.730488  0
3.333333  0.725528  0
3.360000  0.720696  0
3.386667  0.716018  0
3.413333  0.711523  0
3.440000  0.707232  0
3.466667  0.703158  0
3.493333  0.699300  0
3.520000  0.695649  0
3.546667  0.692187  0
3.573333  0.688897  0
3.600000  0.685768  0
3.626667  0.682796  0
3.653333  0.679985  0
3.680000  0.677342  0
3.706667  0.674875  0
3.733333  0.672584  0
3.760000  0.670464  0
3.786667  0.668497  0
3.813333  0.666661  0
3.840000  0.664928  0
3.866667  0.663275  0
3.893333  0.661679  0
3.920000  0.660127  0
3.946667  0.658611  0
3.973333  0.657134  0
4.000000  0.655699  0
4.026667  0.654320  0
4.053333  0.653006  0
4.080000  0.651769  0
4.106667  0.650615  0
4.133333  0.649545  0
4.160000  0.648553  0
4.186667  0.647628  0
4.213333  0.646751  0
4.240000  0.645901  0
4.266667  0.645050  0
4.293333  0.644169  0
4.320000  0.643224  0
4.346667  0.642178  0
4.373333  0.640999  0
4.400000  0.639657  0
4.426667  0.638131  0
4.453333  0.636413  0
4.480000  0.634510  0
4.506667  0.632439  0
4.533333  0.630228  0
4.560000  0.627907  0
4.586667  0.625506  0
4.613333  0.623051  0
4.640000  0.620561  0
4.666667  0.618049  0
4.693333  0.615523  0
4.720000  0.612987  0
4.746667  0.610439  0
4.773333  0.607878  0
4.800000  0.605297  0
4.826667  0.602692  0
4.853333  0.600056  0
4.880000  0.597385  0
4.906667  0.594677  0
4.933333  0.591936  0
4.960000  0.589166  0
4.986667  0.586378  0
5.013333  0.583587  0
5.040000  0.580807  0
5.066667  0.578053  0
5.093333  0.575339  0
5.120000  0.572676  0
5.146667  0.570067  0
5.173333  0.567514  0
5.200000  0.565015  0
5.226667  0.562565  0
5.253333  0.560161  0
5.280000  0.557804  0
5.306667  0.555499  0
5.333333  0.553259  0
5.360000  0.551101  0
5.386667  0.549045  0
5.413333  0.547112  0
5.440000  0.545318  0
5.466667  0.543670  0
5.493333  0.542163  0
5.520000  0.540785  0
5.546667  0.539509  0
5.573333  0.538307  0
5.600000  0.537144  0
5.626667  0.535986  0
5.653333  0.534805  0
5.680000  0.533585  0
5.706667  0.532321  0
5.733333  0.531023  0
5.760000  0.529720  0
5.786667  0.528449  0
5.813333  0.527251  0
5.840000  0.526158  0
5.866667  0.525191  0
5.893333  0.524351  0
5.920000  0.523627  0
5.946667  0.522992  0
5.973333  0.522420  0
6.000000  0.521884  0
6.026667  0.521365  0
6.053333  0.520851  0
6.080000  0.520336  0
6.106667  0.519819  0
6.133333  0.519301  0
6.160000  0.518786  0
6.186667  0.518276  0
6.213333  0.517773  0
6.240000  0.517280  0
6.266667  0.516795  0
6.293333  0.516321  0
6.320000  0.515859  0
6.346667  0.515410  0
6.373333  0.514977  0
6.400000  0.514563  0
6.426667  0.514172  0
6.453333  0.513807  0
6.480000  0.513472  0
6.506667  0.513165  0
6.533333  0.512887  0
6.560000  0.512632  0
6.586667  0.512392  0
6.613333  0.512159  0
6.640000  0.511921  0
6.666667  0.511668  0
6.693333  0.511387  0
6.720000  0.511072  0
6.746667  0.510714  0
6.773333  0.510313  0
6.800000  0.509868  0
6.826667  0.509384  0
6.853333  0.508868  0
6.880000  0.508328  0
6.906667  0.507774  0
6.933333  0.507213  0
6.960000  0.506654  0
6.986667  0.506100  0
7.013333  0.505555  0
7.040000  0.505016  0
7.066667  0.504482  0
7.093333  0.503946  0
7.120000  0.503402  0
7.146667  0.502844  0
7.173333  0.502265  0
7.200000  0.501660  0
7.226667  0.501024  0
7.253333  0.500356  0
7.280000  0.499653  0
7.306667  0.498916  0
7.333333  0.498147  0
7.360000  0.497347  0
7.386667  0.496521  0
7.413333  0.495670  0
7.440000  0.494798  0
7.466667  0.493910  0
7.493333  0.493007  0
7.520000  0.492094  0
7.546667  0.491174  0
7.573333  0.490250  0
7.600000  0.489325  0
7.626667  0.488402  0
7.653333  0.487484  0
7.680000  0.486573  0
7.706667  0.485671  0
7.733333  0.484778  0
7.760000  0.483896  0
7.786667  0.483025  0
7.813333  0.482165  0
7.840000  0.481317  0
7.866667  0.480480  0
7.893333  0.479655  0
7.920000  0.478842  0
7.946667  0.478044  0
7.973333  0.477260  0
8.000000  0.476495  0
8.026667  0.475750  0
8.053333  0.475029  0
8.080000  0.474334  0
8.106667  0.473667  0
8.133333  0.473027  0
8.160000  0.472414  0
8.186667  0.471824  0
8.213333  0.471250  0
8.240000  0.470686  0
8.266667  0.470121  0
8.293333  0.469545  0
8.320000  0.468950  0
8.346667  0.468324  0
8.373333  0.467659  0
8.400000  0.466950  0
8.426667  0.466189  0
8.453333  0.465376  0
8.480000  0.464508  0
8.506667  0.463587  0
8.533333  0.462615  0
8.560000  0.461595  0
8.586667  0.460534  0
8.613333  0.459437  0
8.640000  0.458312  0
8.666667  0.457167  0
8.693333  0.456012  0
8.720000  0.454856  0
8.746667  0.453708  0
8.773333  0.452581  0
8.800000  0.451483  0
8.826667  0.450424  0
8.853333  0.449414  0
8.880000  0.448460  0
8.906667  0.447569  0
8.933333  0.446745  0
8.960000  0.445992  0
8.986667  0.445313  0
9.013333  0.444709  0
9.040000  0.444178  0
9.066667  0.443719  0
9.093333  0.443329  0
9.120000  0.443004  0
9.146667  0.442740  0
9.173333  0.442533  0
9.200000  0.442377  0
9.226667  0.442267  0
9.253333  0.442197  0
9.280000  0.442163  0
9.306667  0.442157  0
9.333333  0.442177  0
9.360000  0.442216  0
9.386667  0.442272  0
9.413333  0.442340  0
9.440000  0.442418  0
9.466667  0.442504  0
9.493333  0.442594  0
9.520000  0.442688  0
9.546667  0.442785  0
9.573333  0.442883  0
9.600000  0.442982  0
9.626667  0.443083  0
9.653333  0.443183  0
9.680000  0.443284  0
9.706667  0.443385  0
9.733333  0.443486  0
9.760000  0.443588  0
9.786667  0.443689  0
9.813333  0.443790  0
9.840000  0.443892  0
9.866667  0.443993  0
9.893333  0.444094  0
9.920000  0.444195  0
9.946667  0.444297  0
9.973333  0.444398  0
10.000000  0.444499  0
10.026667  0.444601  0
10.053333  0.444702  0
10.080000  0.444803  0
10.106667  0.444905  0
10.133333  0.445006  0
10.160000  0.445107  0
10.186667  0.445209  0
10.213333  0.445310  0
10.240000  0.445412  0
10.266667  0.445515  0
10.293333  0.445618  0
10.320000  0.445722  0
10.346667  0.445829  0
10.373333  0.445939  0
10.400000  0.446055  0
10.426667  0.446178  0
10.453333  0.446311  0
10.480000  0.446460  0
10.506667  0.446627  0
10.533333  0.446819  0
10.560000  0.447039  0
10.586667  0.447291  0
10.613333  0.447576  0
10.640000  0.447890  0
10.666667  0.448229  0
10.693333  0.448581  0
10.720000  0.448935  0
10.746667  0.449276  0
10.773333  0.449592  0
10.800000  0.449872  0
10.826667  0.450110  0
10.853333  0.450305  0
10.880000  0.450459  0
10.906667  0.450578  0
10.933333  0.450670  0
10.960000  0.450740  0
10.986667  0.450797  0
11.013333  0.450844  0
11.040000  0.450886  0
11.066667  0.450925  0
11.093333  0.450962  0
11.120000  0.450998  0
11.146667  0.451034  0
11.173333  0.451070  0
11.200000  0.451105  0
11.226667  0.451141  0
11.253333  0.451177  0
11.280000  0.451212  0
11.306667  0.451248  0
11.333333  0.451284  0
11.360000  0.451319  0
11.386667  0.451355  0
11.413333  0.451390  0
11.440000  0.451426  0
11.466667  0.451461  0
11.493333  0.451495  0
11.520000  0.451528  0
11.546667  0.451559  0
11.573333  0.451585  0
11.600000  0.451605  0
11.626667  0.451615  0
11.653333  0.451612  0
11.680000  0.451592  0
11.706667  0.451549  0
11.733333  0.451482  0
11.760000  0.451388  0
11.786667  0.451267  0
11.813333  0.451121  0
11.840000  0.450953  0
11.866667  0.450767  0
11.893333  0.450570  0
11.920000  0.450364  0
11.946667  0.450155  0
11.973333  0.449944  0
12.000000  0.449734  0
12.026667  0.449526  0
12.053333  0.449319  0
12.080000  0.449115  0
12.106667  0.448912  0
12.133333  0.448710  0
12.160000  0.448510  0
12.186667  0.448309  0
12.213333  0.448109  0
12.240000  0.447909  0
12.266667  0.447707  0
12.293333  0.447505  0
12.320000  0.447300  0
12.346667  0.447094  0
12.373333  0.446885  0
12.400000  0.446672  0
12.426667  0.446457  0
12.453333  0.446238  0
12.480000  0.446015  0
12.506667  0.445789  0
12.533333  0.445561  0
12.560000  0.445333  0
12.586667  0.445106  0
12.613333  0.444884  0
12.640000  0.444668  0
12.666667  0.444464  0
12.693333  0.444274  0
12.720000  0.444102  0
12.746667  0.443951  0
12.773333  0.443825  0
12.800000  0.443724  0
12.826667  0.443650  0
12.853333  0.443602  0
12.880000  0.443578  0
12.906667  0.443575  0
12.933333  0.443592  0
12.960000  0.443622  0
12.986667  0.443663  0
13.013333  0.443712  0
13.040000  0.443763  0
13.066667  0.443815  0
13.093333  0.443865  0
13.120000  0.443910  0
13.146667  0.443950  0
13.173333  0.443981  0
13.200000  0.444003  0
13.226667  0.444012  0
13.253333  0.444006  0
13.280000  0.443982  0
13.306667  0.443937  0
13.333333  0.443870  0
13.360000  0.443777  0
13.386667  0.443657  0
13.413333  0.443510  0
13.440000  0.443337  0
13.466667  0.443140  0
13.493333  0.442922  0
13.520000  0.442687  0
13.546667  0.442438  0
13.573333  0.442182  0
13.600000  0.441923  0
13.626667  0.441666  0
13.653333  0.441417  0
13.680000  0.441180  0
13.706667  0.440959  0
13.733333  0.440760  0
13.760000  0.440586  0
13.786667  0.440441  0
13.813333  0.440328  0
13.840000  0.440247  0
13.866667  0.440201  0
13.893333  0.440186  0
13.920000  0.440200  0
13.946667  0.440238  0
13.973333  0.440293  0
14.000000  0.440355  0
14.026667  0.440417  0
14.053333  0.440466  0
14.080000  0.440494  0
14.106667  0.440491  0
14.133333  0.440447  0
14.160000  0.440356  0
14.186667  0.440211  0
14.213333  0.440007  0
14.240000  0.439744  0
14.266667  0.439419  0
14.293333  0.439035  0
14.320000  0.438595  0
14.346667  0.438105  0
14.373333  0.437573  0
14.400000  0.437008  0
14.426667  0.436421  0
14.453333  0.435825  0
14.480000  0.435231  0
14.506667  0.434651  0
14.533333  0.434093  0
14.560000  0.433562  0
14.586667  0.433059  0
14.613333  0.432584  0
14.640000  0.432131  0
14.666667  0.431695  0
14.693333  0.431268  0
14.720000  0.430845  0
14.746667  0.430424  0
14.773333  0.430001  0
14.800000  0.429575  0
14.826667  0.429148  0
14.853333  0.428718  0
14.880000  0.428288  0
14.906667  0.427856  0
14.933333  0.427425  0
14.960000  0.426993  0
14.986667  0.426561  0
15.013333  0.426129  0
15.040000  0.425696  0
15.066667  0.425264  0
15.093333  0.424832  0
15.120000  0.424400  0
15.146667  0.423968  0
15.173333  0.423536  0
15.200000  0.423103  0
15.226667  0.422671  0
15.253333  0.422239  0
15.280000  0.421807  0
15.306667  0.421375  0
15.333333  0.420943  0
15.360000  0.420510  0
15.386667  0.420077  0
15.413333  0.419644  0
15.440000  0.419209  0
15.466667  0.418771  0
15.493333  0.418328  0
15.520000  0.417877  0
15.546667  0.417413  0
15.573333  0.416931  0
15.600000  0.416426  0
15.626667  0.415890  0
15.653333  0.415321  0
15.680000  0.414715  0
15.706667  0.414071  0
15.733333  0.413394  0
15.760000  0.412686  0
15.786667  0.411954  0
15.813333  0.411204  0
15.840000  0.410441  0
15.866667  0.409668  0
15.893333  0.408891  0
15.920000  0.408111  0
15.946667  0.407329  0
15.973333  0.406546  0
16.000000  0.405763  0
16.026667  0.404980  0
16.053333  0.404196  0
16.080000  0.403413  0
16.106667  0.402629  0
16.133333  0.401846  0
16.160000  0.401063  0
16.186667  0.400279  0
16.213333  0.399496  0
16.240000  0.398713  0
16.266667  0.397929  0
16.293333  0.397146  0
16.320000  0.396362  0
16.346667  0.395579  0
16.373333  0.394796  0
16.400000  0.394012  0
16.426667  0.393230  0
16.453333  0.392447  0
16.480000  0.391666  0
16.506667  0.390888  0
16.533333  0.390114  0
16.560000  0.389350  0
16.586667  0.388599  0
16.613333  0.387869  0
16.640000  0.387170  0
16.666667  0.386509  0
16.693333  0.385897  0
16.720000  0.385340  0
16.746667  0.384842  0
16.773333  0.384401  0
16.800000  0.384015  0
16.826667  0.383675  0
16.853333  0.383372  0
16.880000  0.383097  0
16.906667  0.382841  0
16.933333  0.382599  0
16.960000  0.382364  0
16.986667  0.382133  0
17.013333  0.381905  0
17.040000  0.381677  0
17.066667  0.381451  0
17.093333  0.381224  0
17.120000  0.380998  0
17.146667  0.380772  0
17.173333  0.380545  0
17.200000  0.380319  0
17.226667  0.380093  0
17.253333  0.379866  0
17.280000  0.379640  0
17.306667  0.379414  0
17.333333  0.379187  0
17.360000  0.378961  0
17.386667  0.378735  0
17.413333  0.378509  0
17.440000  0.378282  0
17.466667  0.378056  0
17.493333  0.377830  0
17.520000  0.377603  0
17.546667  0.377377  0
17.573333  0.377151  0
17.600000  0.376924  0
17.626667  0.376698  0
17.653333  0.376472  0
17.680000  0.376245  0
17.706667  0.376019  0
17.733333  0.375793  0
17.760000  0.375566  0
17.786667  0.375340  0
17.813333  0.375114  0
17.840000  0.374888  0
17.866667  0.374661  0
17.893333  0.374435  0
17.920000  0.374209  0
17.946667  0.373982  0
17.973333  0.373756  0
18.000000  0.373530  0
18.026667  0.373303  0
18.053333  0.373077  0
18.080000  0.372851  0
18.106667  0.372624  0
18.133333  0.372398  0
18.160000  0.372172  0
18.186667  0.371945  0
18.213333  0.371719  0
18.240000  0.371493  0
18.266667  0.371267  0
18.293333  0.371041  0
18.320000  0.370816  0
18.346667  0.370591  0
18.373333  0.370369  0
18.400000  0.370150  0
18.426667  0.369936  0
18.453333  0.369730  0
18.480000  0.369536  0
18.506667  0.369357  0
18.533333  0.369196  0
18.560000  0.369057  0
18.586667  0.368939  0
18.613333  0.368844  0
18.640000  0.368769  0
18.666667  0.368712  0
18.693333  0.368669  0
18.720000  0.368636  0
18.746667  0.368610  0
18.773333  0.368590  0
18.800000  0.368572  0
18.826667  0.368556  0
18.853333  0.368541  0
18.880000  0.368526  0
18.906667  0.368511  0
18.933333  0.368497  0
18.960000  0.368482  0
18.986667  0.368468  0
19.013333  0.368453  0
19.040000  0.368439  0
19.066667  0.368425  0
19.093333  0.368410  0
19.120000  0.368396  0
19.146667  0.368381  0
19.173333  0.368367  0
19.200000  0.368352  0
19.226667  0.368338  0
19.253333  0.368323  0
19.280000  0.368309  0
19.306667  0.368294  0
19.333333  0.368280  0
19.360000  0.368265  0
19.386667  0.368251  0
19.413333  0.368236  0
19.440000  0.368222  0
19.466667  0.368207  0
19.493333  0.368193  0
19.520000  0.368178  0
19.546667  0.368164  0
19.573333  0.368149  0
19.600000  0.368135  0
19.626667  0.368120  0
19.653333  0.368106  0
19.680000  0.368092  0
19.706667  0.368077  0
19.733333  0.368063  0
19.760000  0.368048  0
19.786667  0.368034  0
19.813333  0.368019  0
19.840000  0.368005  0
19.866667  0.367990  0
19.893333  0.367976  0
19.920000  0.367961  0
19.946667  0.367947  0
19.973333  0.367932  0
20.000000  0.367918  0
20.026667  0.367903  0
20.053333  0.367889  0
20.080000  0.367874  0
20.106667  0.367860  0
20.133333  0.367845  0
20.160000  0.367831  0
20.186667  0.367816  0
20.213333  0.367802  0
20.240000  0.367788  0
20.266667  0.367773  0
20.293333  0.367759  0
20.320000  0.367744  0
20.346667  0.367730  0
20.373333  0.367715  0
20.400000  0.367701  0
20.426667  0.367686  0
20.453333  0.367672  0
20.480000  0.367657  0
20.506667  0.367643  0
20.533333  0.367628  0
20.560000  0.367614  0
20.586667  0.367599  0
20.613333  0.367585  0
20.640000  0.367570  0
20.666667  0.367556  0
20.693333  0.367541  0
20.720000  0.367527  0
20.746667  0.367512  0
20.773333  0.367498  0
20.800000  0.367484  0
20.826667  0.367469  0
20.853333  0.367455  0
20.880000  0.367440  0
20.906667  0.367426  0
20.933333  0.367411  0
20.960000  0.367397  0
20.986667  0.367382  0
21.013333  0.367368  0
21.040000  0.367353  0
21.066667  0.367339  0
21.093333  0.367324  0
21.120000  0.367310  0
21.146667  0.367295  0
21.173333  0.367281  0
21.200000  0.367266  0
21.226667  0.367252  0
21.253333  0.367237  0
21.280000  0.367223  0
21.306667  0.367208  0
21.333333  0.367194  0
21.360000  0.367180  0
21.386667  0.367165  0
21.413333  0.367151  0
21.440000  0.367136  0
21.466667  0.367122  0
21.493333  0.367107  0
21.520000  0.367093  0
21.546667  0.367078  0
21.573333  0.367064  0
21.600000  0.367049  0
21.626667  0.367035  0
21.653333  0.367020  0
21.680000  0.367006  0
21.706667  0.366991  0
21.733333  0.366977  0
21.760000  0.366962  0
21.786667  0.366948  0
21.813333  0.366933  0
21.840000  0.366919  0
21.866667  0.366904  0
21.893333  0.366890  0
21.920000  0.366876  0
21.946667  0.366861  0
21.973333  0.366847  0
22.000000  0.366832  0
22.026667  0.366818  0
22.053333  0.366803  0
22.080000  0.366789  0
22.106667  0.366774  0
22.133333  0.366760  0
22.160000  0.366745  0
22.186667  0.366731  0
22.213333  0.366716  0
22.240000  0.366702  0
22.266667  0.366687  0
22.293333  0.366673  0
22.320000  0.366658  0
22.346667  0.366644  0
22.373333  0.366629  0
22.400000  0.366615  0
22.426667  0.366600  0
22.453333  0.366585  0
22.480000  0.366569  0
22.506667  0.366552  0
22.533333  0.366533  0
22.560000  0.366511  0
22.586667  0.366486  0
22.613333  0.366455  0
22.640000  0.366417  0
22.666667  0.366372  0
22.693333  0.366320  0
22.720000  0.366259  0
22.746667  0.366191  0
22.773333  0.366117  0
22.800000  0.366038  0
22.826667  0.365955  0
22.853333  0.365870  0
22.880000  0.365782  0
22.906667  0.365694  0
22.933333  0.365605  0
22.960000  0.365516  0
22.986667  0.365426  0
23.013333  0.365337  0
23.040000  0.365247  0
23.066667  0.365158  0
23.093333  0.365068  0
23.120000  0.364979  0
23.146667  0.364889  0
23.173333  0.364800  0
23.200000  0.364710  0
23.226667  0.364621  0
23.253333  0.364531  0
23.280000  0.364441  0
23.306667  0.364352  0
23.333333  0.364262  0
23.360000  0.364173  0
23.386667  0.364083  0
23.413333  0.363994  0
23.440000  0.363904  0
23.466667  0.363815  0
23.493333  0.363725  0
23.520000  0.363636  0
23.546667  0.363546  0
23.573333  0.363457  0
23.600000  0.363367  0
23.626667  0.363278  0
23.653333  0.363188  0
23.680000  0.363099  0
23.706667  0.363009  0
23.733333  0.362919  0
23.760000  0.362830  0
23.786667  0.362740  0
23.813333  0.362651  0
23.840000  0.362561  0
23.866667  0.362472  0
23.893333  0.362382  0
23.920000  0.362293  0
23.946667  0.362203  0
23.973333  0.362114  0
24.000000  0.362024  0
24.026667  0.361935  0
24.053333  0.361845  0
24.080000  0.361756  0
24.106667  0.361666  0
24.133333  0.361577  0
24.160000  0.361487  0
24.186667  0.361397  0
24.213333  0.361308  0
24.240000  0.361218  0
24.266667  0.361129  0
24.293333  0.361039  0
24.320000  0.360950  0
24.346667  0.360860  0
24.373333  0.360771  0
24.400000  0.360681  0
24.426667  0.360592  0
24.453333  0.360502  0
24.480000  0.360413  0
24.506667  0.360323  0
24.533333  0.360234  0
24.560000  0.360144  0
24.586667  0.360055  0
24.613333  0.359965  0
24.640000  0.359875  0
24.666667  0.359786  0
24.693333  0.359696  0
24.720000  0.359607  0
24.746667  0.359517  0
24.773333  0.359428  0
24.800000  0.359338  0
24.826667  0.359249  0
24.853333  0.359159  0
24.880000  0.359070  0
24.906667  0.358980  0
24.933333  0.358891  0
24.960000  0.358801  0
24.986667  0.358712  0
25.013333  0.358622  0
25.040000  0.358532  0
25.066667  0.358443  0
25.093333  0.358353  0
25.120000  0.358264  0
25.146667  0.358174  0
25.173333  0.358085  0
25.200000  0.357995  0
25.226667  0.357906  0
25.253333  0.357816  0
25.280000  0.357727  0
25.306667  0.357637  0
25.333333  0.357548  0
25.360000  0.357458  0
25.386667  0.357369  0
25.413333  0.357279  0
25.440000  0.357190  0
25.466667  0.357100  0
25.493333  0.357010  0
25.520000  0.356921  0
25.546667  0.356831  0
25.573333  0.356742  0
25.600000  0.356652  0
25.626667  0.356563  0
25.653333  0.356473  0
25.680000  0.356384  0
25.706667  0.356294  0
25.733333  0.356205  0
25.760000  0.356115  0
25.786667  0.356026  0
25.813333  0.355936  0
25.840000  0.355847  0
25.866667  0.355757  0
25.893333  0.355668  0
25.920000  0.355578  0
25.946667  0.355488  0
25.973333  0.355399  0
26.000000  0.355309  0
26.026667  0.355220  0
26.053333  0.355130  0
26.080000  0.355041  0
26.106667  0.354951  0
26.133333  0.354862  0
26.160000  0.354772  0
26.186667  0.354683  0
26.213333  0.354593  0
26.240000  0.354504  0
26.266667  0.354414  0
26.293333  0.354325  0
26.320000  0.354235  0
26.346667  0.354146  0
26.373333  0.354056  0
26.400000  0.353966  0
26.426667  0.353877  0
26.453333  0.353787  0
26.480000  0.353698  0
26.506667  0.353608  0
26.533333  0.353519  0
26.560000  0.353429  0
26.586667  0.353340  0
26.613333  0.353250  0
26.640000  0.353161  0
26.666667  0.353071  0
26.693333  0.352982  0
26.720000  0.352892  0
26.746667  0.352803  0
26.773333  0.352713  0
26.800000  0.352623  0
26.826667  0.352534  0
26.853333  0.352444  0
26.880000  0.352355  0
26.906667  0.352265  0
26.933333  0.352176  0
26.960000  0.352086  0
26.986667  0.351997  0
27.013333  0.351907  0
27.040000  0.351818  0
27.066667  0.351728  0
27.093333  0.351639  0
27.120000  0.351549  0
27.146667  0.351460  0
27.173333  0.351370  0
27.200000  0.351281  0
27.226667  0.351191  0
27.253333  0.351101  0
27.280000  0.351012  0
27.306667  0.350922  0
27.333333  0.350833  0
27.360000  0.350743  0
27.386667  0.350654  0
27.413333  0.350564  0
27.440000  0.350475  0
27.466667  0.350385  0
27.493333  0.350296  0
27.520000  0.350206  0
27.546667  0.350117  0
27.573333  0.350027  0
27.600000  0.349938  0
27.626667  0.349848  0
27.653333  0.349759  0
27.680000  0.349669  0
27.706667  0.349580  0
27.733333  0.349491  0
27.760000  0.349403  0
27.786667  0.349317  0
27.813333  0.349233  0
27.840000  0.349153  0
27.866667  0.349080  0
27.893333  0.349016  0
27.920000  0.348965  0
27.946667  0.348929  0
27.973333  0.348910  0
