2.773333  0.960936  0
2.800000  0.955583  0
2.826667  0.949975  0
2.853333  0.944200  0
2.880000  0.938321  0
2.906667  0.932378  0
2.933333  0.926401  0
2.960000  0.920405  0
2.986667  0.914399  0
3.013333  0.908388  0
3.040000  0.902375  0
3.066667  0.896362  0
3.093333  0.890348  0
3.120000  0.884334  0
3.146667  0.878320  0
3.173333  0.872305  0
3.200000  0.866291  0
3.226667  0.860277  0
3.253333  0.854263  0
3.280000  0.848248  0
3.306667  0.842234  0
3.333333  0.836220  0
3.360000  0.830206  0
3.386667  0.824191  0
3.413333  0.818177  0
3.440000  0.812163  0
3.466667  0.806149  0
3.493333  0.800135  0
3.520000  0.794120  0
3.546667  0.788106  0
3.573333  0.782092  0
3.600000  0.776078  0
3.626667  0.770065  0
3.653333  0.764053  0
3.680000  0.758043  0
3.706667  0.752038  0
3.733333  0.746041  0
3.760000  0.740059  0
3.786667  0.734102  0
3.813333  0.728183  0
3.840000  0.722319  0
3.866667  0.716531  0
3.893333  0.710839  0
3.920000  0.705259  0
3.946667  0.699804  0
3.973333  0.694473  0
4.000000  0.689255  0
4.026667  0.684129  0
4.053333  0.679072  0
4.080000  0.674064  0
4.106667  0.669098  0
4.133333  0.664191  0
4.160000  0.659379  0
4.186667  0.654719  0
4.213333  0.650275  0
4.240000  0.646101  0
4.266667  0.642224  0
4.293333  0.638630  0
4.320000  0.635258  0
4.346667  0.632006  0
4.373333  0.628747  0
4.400000  0.625358  0
4.426667  0.621743  0
4.453333  0.617858  0
4.480000  0.613721  0
4.506667  0.609403  0
4.533333  0.605010  0
4.560000  0.600658  0
4.586667  0.596447  0
4.613333  0.592445  0
4.640000  0.588679  0
4.666667  0.585145  0
4.693333  0.581818  0
4.720000  0.578668  0
4.746667  0.575674  0
4.773333  0.572829  0
4.800000  0.570136  0
4.826667  0.567609  0
4.853333  0.565261  0
4.880000  0.563098  0
4.906667  0.561115  0
4.933333  0.559298  0
4.960000  0.557619  0
4.986667  0.556048  0
5.013333  0.554547  0
5.040000  0.553082  0
5.066667  0.551616  0
5.093333  0.550118  0
5.120000  0.548558  0
5.146667  0.546909  0
5.173333  0.545150  0
5.200000  0.543264  0
5.226667  0.541243  0
5.253333  0.539088  0
5.280000  0.536812  0
5.306667  0.534437  0
5.333333  0.531998  0
5.360000  0.529538  0
5.386667  0.527103  0
5.413333  0.524740  0
5.440000  0.522489  0
5.466667  0.520383  0
5.493333  0.518449  0
5.520000  0.516706  0
5.546667  0.515169  0
5.573333  0.513851  0
5.600000  0.512761  0
5.626667  0.511901  0
5.653333  0.511260  0
5.680000  0.510809  0
5.706667  0.510501  0
5.733333  0.510271  0
5.760000  0.510045  0
5.786667  0.509745  0
5.813333  0.509304  0
5.840000  0.508667  0
5.866667  0.507797  0
5.893333  0.506678  0
5.920000  0.505310  0
5.946667  0.503710  0
5.973333  0.501907  0
6.000000  0.499942  0
6.026667  0.497861  0
6.053333  0.495713  0
6.080000  0.493548  0
6.106667  0.491409  0
6.133333  0.489335  0
6.160000  0.487358  0
6.186667  0.485500  0
6.213333  0.483779  0
6.240000  0.482204  0
6.266667  0.480776  0
6.293333  0.479491  0
6.320000  0.478340  0
6.346667  0.477308  0
6.373333  0.476381  0
6.400000  0.475544  0
6.426667  0.474784  0
6.453333  0.474090  0
6.480000  0.473450  0
6.506667  0.472853  0
6.533333  0.472281  0
6.560000  0.471717  0
6.586667  0.471139  0
6.613333  0.470531  0
6.640000  0.469881  0
6.666667  0.469191  0
6.693333  0.468473  0
6.720000  0.467749  0
6.746667  0.467047  0
6.773333  0.466392  0
6.800000  0.465797  0
6.826667  0.465261  0
6.853333  0.464763  0
6.880000  0.464268  0
6.906667  0.463730  0
6.933333  0.463106  0
6.960000  0.462363  0
6.986667  0.461489  0
7.013333  0.460493  0
7.040000  0.459410  0
7.066667  0.458290  0
7.093333  0.457187  0
7.120000  0.456154  0
7.146667  0.455225  0
7.173333  0.454415  0
7.200000  0.453715  0
7.226667  0.453101  0
7.253333  0.452536  0
7.280000  0.451981  0
7.306667  0.451401  0
7.333333  0.450769  0
7.360000  0.450068  0
7.386667  0.449291  0
7.413333  0.448440  0
7.440000  0.447523  0
7.466667  0.446552  0
7.493333  0.445544  0
7.520000  0.444520  0
7.546667  0.443502  0
7.573333  0.442512  0
7.600000  0.441570  0
7.626667  0.440689  0
7.653333  0.439876  0
7.680000  0.439130  0
7.706667  0.438442  0
7.733333  0.437801  0
7.760000  0.437195  0
7.786667  0.436614  0
7.813333  0.436052  0
7.840000  0.435510  0
7.866667  0.434993  0
7.893333  0.434509  0
7.920000  0.434066  0
7.946667  0.433670  0
7.973333  0.433323  0
8.000000  0.433020  0
8.026667  0.432751  0
8.053333  0.432501  0
8.080000  0.432256  0
8.106667  0.432004  0
8.133333  0.431736  0
8.160000  0.431452  0
8.186667  0.431156  0
8.213333  0.430856  0
8.240000  0.430561  0
8.266667  0.430277  0
8.293333  0.430007  0
8.320000  0.429747  0
8.346667  0.429493  0
8.373333  0.429235  0
8.400000  0.428966  0
8.426667  0.428681  0
8.453333  0.428381  0
8.480000  0.428069  0
8.506667  0.427752  0
8.533333  0.427440  0
8.560000  0.427141  0
8.586667  0.426859  0
8.613333  0.426595  0
8.640000  0.426344  0
8.666667  0.426099  0
8.693333  0.425853  0
8.720000  0.425601  0
8.746667  0.425344  0
8.773333  0.425088  0
8.800000  0.424843  0
8.826667  0.424617  0
8.853333  0.424413  0
8.880000  0.424226  0
8.906667  0.424042  0
8.933333  0.423841  0
8.960000  0.423601  0
8.986667  0.423305  0
9.013333  0.422946  0
9.040000  0.422525  0
9.066667  0.422057  0
9.093333  0.421560  0
9.120000  0.421054  0
9.146667  0.420558  0
9.173333  0.420081  0
9.200000  0.419626  0
9.226667  0.419191  0
9.253333  0.418769  0
9.280000  0.418353  0
9.306667  0.417938  0
9.333333  0.417520  0
9.360000  0.417100  0
9.386667  0.416682  0
9.413333  0.416268  0
9.440000  0.415865  0
9.466667  0.415476  0
9.493333  0.415103  0
9.520000  0.414747  0
9.546667  0.414407  0
9.573333  0.414082  0
9.600000  0.413771  0
9.626667  0.413470  0
9.653333  0.413182  0
9.680000  0.412906  0
9.706667  0.412644  0
9.733333  0.412396  0
9.760000  0.412161  0
9.786667  0.411933  0
9.813333  0.411708  0
9.840000  0.411475  0
9.866667  0.411228  0
9.893333  0.410963  0
9.920000  0.410676  0
9.946667  0.410372  0
9.973333  0.410060  0
10.000000  0.409749  0
10.026667  0.409452  0
10.053333  0.409180  0
10.080000  0.408942  0
10.106667  0.408742  0
10.133333  0.408579  0
10.160000  0.408447  0
10.186667  0.408340  0
10.213333  0.408247  0
10.240000  0.408158  0
10.266667  0.408065  0
10.293333  0.407962  0
10.320000  0.407846  0
10.346667  0.407713  0
10.373333  0.407562  0
10.400000  0.407391  0
10.426667  0.407199  0
10.453333  0.406984  0
10.480000  0.406744  0
10.506667  0.406477  0
10.533333  0.406184  0
10.560000  0.405868  0
10.586667  0.405533  0
10.613333  0.405181  0
10.640000  0.404815  0
10.666667  0.404437  0
10.693333  0.404043  0
10.720000  0.403632  0
10.746667  0.403200  0
10.773333  0.402746  0
10.800000  0.402272  0
10.826667  0.401784  0
10.853333  0.401290  0
10.880000  0.400801  0
10.906667  0.400329  0
10.933333  0.399883  0
10.960000  0.399467  0
10.986667  0.399083  0
11.013333  0.398727  0
11.040000  0.398391  0
11.066667  0.398068  0
11.093333  0.397750  0
11.120000  0.397431  0
11.146667  0.397108  0
11.173333  0.396783  0
11.200000  0.396457  0
11.226667  0.396136  0
11.253333  0.395825  0
11.280000  0.395527  0
11.306667  0.395244  0
11.333333  0.394977  0
11.360000  0.394726  0
11.386667  0.394488  0
11.413333  0.394259  0
11.440000  0.394037  0
11.466667  0.393816  0
11.493333  0.393591  0
11.520000  0.393359  0
11.546667  0.393117  0
11.573333  0.392865  0
11.600000  0.392606  0
11.626667  0.392343  0
11.653333  0.392079  0
11.680000  0.391819  0
11.706667  0.391563  0
11.733333  0.391313  0
11.760000  0.391065  0
11.786667  0.390818  0
11.813333  0.390568  0
11.840000  0.390310  0
11.866667  0.390043  0
11.893333  0.389764  0
11.920000  0.389473  0
11.946667  0.389171  0
11.973333  0.388861  0
12.000000  0.388550  0
12.026667  0.388241  0
12.053333  0.387941  0
12.080000  0.387653  0
12.106667  0.387376  0
12.133333  0.387107  0
12.160000  0.386842  0
12.186667  0.386574  0
12.213333  0.386296  0
12.240000  0.386002  0
12.266667  0.385689  0
12.293333  0.385353  0
12.320000  0.384995  0
12.346667  0.384613  0
12.373333  0.384207  0
12.400000  0.383781  0
12.426667  0.383335  0
12.453333  0.382874  0
12.480000  0.382402  0
12.506667  0.381925  0
12.533333  0.381447  0
12.560000  0.380976  0
12.586667  0.380518  0
12.613333  0.380077  0
12.640000  0.379660  0
12.666667  0.379271  0
12.693333  0.378913  0
12.720000  0.378590  0
12.746667  0.378298  0
12.773333  0.378035  0
12.800000  0.377793  0
12.826667  0.377564  0
12.853333  0.377337  0
12.880000  0.377104  0
12.906667  0.376857  0
12.933333  0.376594  0
12.960000  0.376315  0
12.986667  0.376024  0
13.013333  0.375727  0
13.040000  0.375433  0
13.066667  0.375149  0
13.093333  0.374883  0
13.120000  0.374640  0
13.146667  0.374421  0
13.173333  0.374224  0
13.200000  0.374043  0
13.226667  0.373871  0
13.253333  0.373701  0
13.280000  0.373523  0
13.306667  0.373331  0
13.333333  0.373119  0
13.360000  0.372880  0
13.386667  0.372608  0
13.413333  0.372297  0
13.440000  0.371943  0
13.466667  0.371542  0
13.493333  0.371094  0
13.520000  0.370602  0
13.546667  0.370076  0
13.573333  0.369525  0
13.600000  0.368962  0
13.626667  0.368400  0
13.653333  0.367850  0
13.680000  0.367321  0
13.706667  0.366818  0
13.733333  0.366343  0
13.760000  0.365896  0
13.786667  0.365478  0
13.813333  0.365087  0
13.840000  0.364724  0
13.866667  0.364391  0
13.893333  0.364087  0
13.920000  0.363812  0
13.946667  0.363564  0
13.973333  0.363341  0
14.000000  0.363136  0
14.026667  0.362943  0
14.053333  0.362758  0
14.080000  0.362577  0
14.106667  0.362400  0
14.133333  0.362228  0
14.160000  0.362065  0
14.186667  0.361912  0
14.213333  0.361769  0
14.240000  0.361630  0
14.266667  0.361485  0
14.293333  0.361322  0
14.320000  0.361127  0
14.346667  0.360888  0
14.373333  0.360599  0
14.400000  0.360257  0
14.426667  0.359869  0
14.453333  0.359444  0
14.480000  0.358999  0
14.506667  0.358550  0
14.533333  0.358115  0
14.560000  0.357707  0
14.586667  0.357337  0
14.613333  0.357010  0
14.640000  0.356728  0
14.666667  0.356486  0
14.693333  0.356278  0
14.720000  0.356096  0
14.746667  0.355932  0
14.773333  0.355778  0
14.800000  0.355629  0
14.826667  0.355483  0
14.853333  0.355339  0
14.880000  0.355203  0
14.906667  0.355080  0
14.933333  0.354977  0
14.960000  0.354904  0
14.986667  0.354865  0
15.013333  0.354586  0
15.040000  0.354307  0
15.066667  0.354028  0
15.093333  0.353749  0
15.120000  0.353470  0
15.146667  0.353191  0
15.173333  0.352912  0
15.200000  0.352633  0
15.226667  0.352354  0
15.253333  0.352075  0
15.280000  0.351796  0
15.306667  0.351517  0
15.333333  0.351238  0
15.360000  0.350959  0
15.386667  0.350680  0
15.413333  0.350401  0
15.440000  0.350122  0
15.466667  0.349843  0
15.493333  0.349564  0
15.520000  0.349285  0
15.546667  0.349006  0
15.573333  0.348727  0
15.600000  0.348448  0
15.626667  0.348169  0
15.653333  0.347890  0
15.680000  0.347611  0
15.706667  0.347332  0
15.733333  0.347053  0
15.760000  0.346774  0
15.786667  0.346495  0
15.813333  0.346216  0
15.840000  0.345937  0
15.866667  0.345658  0
15.893333  0.345379  0
15.920000  0.345100  0
15.946667  0.344821  0
15.973333  0.344542  0
16.000000  0.344263  0
16.026667  0.343984  0
16.053333  0.343705  0
16.080000  0.343426  0
16.106667  0.343147  0
16.133333  0.343035  0
16.160000  0.342924  0
16.186667  0.342812  0
16.213333  0.342701  0
16.240000  0.342589  0
16.266667  0.342478  0
16.293333  0.342367  0
16.320000  0.342255  0
16.346667  0.342144  0
16.373333  0.342032  0
16.400000  0.341921  0
16.426667  0.341809  0
16.453333  0.341698  0
16.480000  0.341587  0
16.506667  0.341475  0
16.533333  0.341364  0
16.560000  0.341252  0
16.586667  0.341141  0
16.613333  0.341029  0
16.640000  0.340918  0
16.666667  0.340807  0
16.693333  0.340695  0
16.720000  0.340584  0
16.746667  0.340472  0
16.773333  0.340361  0
16.800000  0.340249  0
16.826667  0.340138  0
16.853333  0.340027  0
16.880000  0.339915  0
16.906667  0.339804  0
16.933333  0.339692  0
16.960000  0.339581  0
16.986667  0.339469  0
17.013333  0.339358  0
17.040000  0.339247  0
17.066667  0.339135  0
17.093333  0.339024  0
17.120000  0.338912  0
17.146667  0.338801  0
17.173333  0.338689  0
17.200000  0.338578  0
17.226667  0.338466  0
17.253333  0.338355  0
17.280000  0.338244  0
17.306667  0.338132  0
17.333333  0.338021  0
17.360000  0.337909  0
17.386667  0.337798  0
17.413333  0.337686  0
17.440000  0.337575  0
17.466667  0.337464  0
17.493333  0.337352  0
17.520000  0.337241  0
17.546667  0.337129  0
17.573333  0.337018  0
17.600000  0.336906  0
17.626667  0.336795  0
17.653333  0.336684  0
17.680000  0.336572  0
17.706667  0.336461  0
17.733333  0.336349  0
17.760000  0.336238  0
17.786667  0.336126  0
17.813333  0.336015  0
17.840000  0.335904  0
17.866667  0.335792  0
17.893333  0.335681  0
17.920000  0.335569  0
17.946667  0.335458  0
17.973333  0.335346  0
