2.906667  0.844413  0
2.933333  0.835949  0
2.960000  0.827484  0
2.986667  0.819019  0
3.013333  0.810555  0
3.040000  0.802090  0
3.066667  0.793625  0
3.093333  0.785161  0
3.120000  0.776739  0
3.146667  0.773102  0
3.173333  0.769465  0
3.200000  0.765828  0
3.226667  0.762190  0
3.253333  0.758553  0
3.280000  0.754916  0
3.306667  0.751279  0
3.333333  0.747642  0
3.360000  0.744005  0
3.386667  0.740486  0
3.413333  0.736994  0
3.440000  0.733502  0
3.466667  0.730011  0
3.493333  0.726519  0
3.520000  0.723027  0
3.546667  0.719536  0
3.573333  0.716044  0
3.600000  0.712552  0
3.626667  0.709060  0
3.653333  0.705569  0
3.680000  0.702630  0
3.706667  0.700885  0
3.733333  0.699139  0
3.760000  0.697393  0
3.786667  0.695647  0
3.813333  0.693901  0
3.840000  0.692155  0
3.866667  0.690410  0
3.893333  0.688218  0
3.920000  0.685790  0
3.946667  0.683362  0
3.973333  0.680934  0
4.000000  0.678506  0
4.026667  0.676077  0
4.053333  0.675616  0
4.080000  0.675155  0
4.106667  0.674329  0
4.133333  0.673477  0
4.160000  0.672387  0
4.186667  0.671261  0
4.213333  0.670017  0
4.240000  0.668745  0
4.266667  0.667440  0
4.293333  0.666124  0
4.320000  0.664816  0
4.346667  0.663513  0
4.373333  0.662219  0
4.400000  0.660933  0
4.426667  0.659639  0
4.453333  0.658340  0
4.480000  0.657013  0
4.506667  0.655658  0
4.533333  0.654265  0
4.560000  0.652819  0
4.586667  0.651339  0
4.613333  0.649794  0
4.640000  0.648225  0
4.666667  0.646595  0
4.693333  0.644955  0
4.720000  0.643278  0
4.746667  0.641600  0
4.773333  0.639920  0
4.800000  0.638243  0
4.826667  0.636603  0
4.853333  0.634964  0
4.880000  0.633399  0
4.906667  0.631833  0
4.933333  0.630360  0
4.960000  0.628891  0
4.986667  0.627522  0
5.013333  0.626164  0
5.040000  0.624907  0
5.066667  0.623671  0
5.093333  0.622536  0
5.120000  0.621434  0
5.146667  0.620434  0
5.173333  0.619478  0
5.200000  0.618625  0
5.226667  0.617833  0
5.253333  0.617137  0
5.280000  0.616517  0
5.306667  0.615982  0
5.333333  0.615534  0
5.360000  0.615153  0
5.386667  0.614862  0
5.413333  0.614618  0
5.440000  0.614454  0
5.466667  0.614317  0
5.493333  0.614243  0
5.520000  0.614182  0
5.546667  0.614161  0
5.573333  0.614143  0
5.600000  0.614146  0
5.626667  0.614149  0
5.653333  0.614159  0
5.680000  0.614169  0
5.706667  0.614184  0
5.733333  0.614199  0
5.760000  0.614222  0
5.786667  0.614244  0
5.813333  0.614274  0
5.840000  0.614304  0
5.866667  0.614333  0
5.893333  0.614361  0
5.920000  0.614371  0
5.946667  0.614376  0
5.973333  0.614341  0
6.000000  0.614290  0
6.026667  0.614181  0
6.053333  0.614040  0
6.080000  0.613831  0
6.106667  0.613572  0
6.133333  0.613246  0
6.160000  0.612857  0
6.186667  0.612410  0
6.213333  0.611895  0
6.240000  0.611338  0
6.266667  0.610716  0
6.293333  0.610070  0
6.320000  0.609374  0
6.346667  0.608666  0
6.373333  0.607927  0
6.400000  0.607186  0
6.426667  0.606434  0
6.453333  0.605683  0
6.480000  0.604937  0
6.506667  0.604192  0
6.533333  0.603462  0
6.560000  0.602732  0
6.586667  0.602018  0
6.613333  0.601305  0
6.640000  0.600603  0
6.666667  0.599902  0
6.693333  0.599208  0
6.720000  0.598515  0
6.746667  0.597827  0
6.773333  0.597139  0
6.800000  0.596457  0
6.826667  0.595776  0
6.853333  0.595103  0
6.880000  0.594435  0
6.906667  0.593780  0
6.933333  0.593133  0
6.960000  0.592506  0
6.986667  0.591894  0
7.013333  0.591305  0
7.040000  0.590741  0
7.066667  0.590201  0
7.093333  0.589694  0
7.120000  0.589210  0
7.146667  0.588766  0
7.173333  0.588340  0
7.200000  0.587958  0
7.226667  0.587587  0
7.253333  0.587255  0
7.280000  0.586928  0
7.306667  0.586627  0
7.333333  0.586327  0
7.360000  0.586031  0
7.386667  0.585734  0
7.413333  0.585413  0
7.440000  0.585092  0
7.466667  0.584719  0
7.493333  0.584344  0
7.520000  0.583902  0
7.546667  0.583450  0
7.573333  0.582924  0
7.600000  0.582382  0
7.626667  0.581769  0
7.653333  0.581133  0
7.680000  0.580436  0
7.706667  0.579712  0
7.733333  0.578943  0
7.760000  0.578146  0
7.786667  0.577319  0
7.813333  0.576469  0
7.840000  0.575604  0
7.866667  0.574724  0
7.893333  0.573842  0
7.920000  0.572957  0
7.946667  0.572078  0
7.973333  0.571210  0
8.000000  0.570353  0
8.026667  0.569521  0
8.053333  0.568700  0
8.080000  0.567918  0
8.106667  0.567146  0
8.133333  0.566422  0
8.160000  0.565704  0
8.186667  0.565041  0
8.213333  0.564381  0
8.240000  0.563779  0
8.266667  0.563176  0
8.293333  0.562627  0
8.320000  0.562079  0
8.346667  0.561573  0
8.373333  0.561070  0
8.400000  0.560595  0
8.426667  0.560126  0
8.453333  0.559670  0
8.480000  0.559218  0
8.506667  0.558769  0
8.533333  0.558320  0
8.560000  0.557864  0
8.586667  0.557404  0
8.613333  0.556933  0
8.640000  0.556453  0
8.666667  0.555961  0
8.693333  0.555458  0
8.720000  0.554946  0
8.746667  0.554425  0
8.773333  0.553900  0
8.800000  0.553371  0
8.826667  0.552844  0
8.853333  0.552322  0
8.880000  0.551806  0
8.906667  0.551309  0
8.933333  0.550819  0
8.960000  0.550361  0
8.986667  0.549909  0
9.013333  0.549501  0
9.040000  0.549095  0
9.066667  0.548739  0
9.093333  0.548383  0
9.120000  0.548074  0
9.146667  0.547766  0
9.173333  0.547491  0
9.200000  0.547218  0
9.226667  0.546964  0
9.253333  0.546713  0
9.280000  0.546466  0
9.306667  0.546220  0
9.333333  0.545969  0
9.360000  0.545716  0
9.386667  0.545453  0
9.413333  0.545185  0
9.440000  0.544906  0
9.466667  0.544620  0
9.493333  0.544326  0
9.520000  0.544025  0
9.546667  0.543718  0
9.573333  0.543406  0
9.600000  0.543092  0
9.626667  0.542775  0
9.653333  0.542459  0
9.680000  0.542145  0
9.706667  0.541834  0
9.733333  0.541531  0
9.760000  0.541233  0
9.786667  0.540951  0
9.813333  0.540673  0
9.840000  0.540422  0
9.866667  0.540173  0
9.893333  0.539961  0
9.920000  0.539749  0
9.946667  0.539582  0
9.973333  0.539414  0
10.000000  0.539288  0
10.026667  0.539165  0
10.053333  0.539074  0
10.080000  0.538988  0
10.106667  0.538922  0
10.133333  0.538860  0
10.160000  0.538805  0
10.186667  0.538751  0
10.213333  0.538692  0
10.240000  0.538631  0
10.266667  0.538558  0
10.293333  0.538478  0
10.320000  0.538385  0
10.346667  0.538280  0
10.373333  0.538166  0
10.400000  0.538041  0
10.426667  0.537912  0
10.453333  0.537776  0
10.480000  0.537642  0
10.506667  0.537511  0
10.533333  0.537385  0
10.560000  0.537274  0
10.586667  0.537170  0
10.613333  0.537092  0
10.640000  0.537020  0
10.666667  0.536982  0
10.693333  0.536948  0
10.720000  0.536947  0
10.746667  0.536948  0
10.773333  0.536974  0
10.800000  0.536999  0
10.826667  0.537032  0
10.853333  0.537066  0
10.880000  0.537086  0
10.906667  0.537104  0
10.933333  0.537094  0
10.960000  0.537077  0
10.986667  0.537022  0
11.013333  0.536956  0
11.040000  0.536849  0
11.066667  0.536726  0
11.093333  0.536566  0
11.120000  0.536386  0
11.146667  0.536176  0
11.173333  0.535944  0
11.200000  0.535690  0
11.226667  0.535415  0
11.253333  0.535123  0
11.280000  0.534812  0
11.306667  0.534491  0
11.333333  0.534151  0
11.360000  0.533804  0
11.386667  0.533442  0
11.413333  0.533075  0
11.440000  0.532694  0
11.466667  0.532310  0
11.493333  0.531915  0
11.520000  0.531518  0
11.546667  0.531114  0
11.573333  0.530709  0
11.600000  0.530302  0
11.626667  0.529895  0
11.653333  0.529495  0
11.680000  0.529095  0
11.706667  0.528710  0
11.733333  0.528326  0
11.760000  0.527966  0
11.786667  0.527609  0
11.813333  0.527279  0
11.840000  0.526956  0
11.866667  0.526661  0
11.893333  0.526376  0
11.920000  0.526115  0
11.946667  0.525866  0
11.973333  0.525633  0
12.000000  0.525413  0
12.026667  0.525201  0
12.053333  0.524997  0
12.080000  0.524795  0
12.106667  0.524595  0
12.133333  0.524394  0
12.160000  0.524188  0
12.186667  0.523979  0
12.213333  0.523760  0
12.240000  0.523538  0
12.266667  0.523305  0
12.293333  0.523070  0
12.320000  0.522825  0
12.346667  0.522580  0
12.373333  0.522329  0
12.400000  0.522079  0
12.426667  0.521829  0
12.453333  0.521580  0
12.480000  0.521340  0
12.506667  0.521099  0
12.533333  0.520871  0
12.560000  0.520645  0
12.586667  0.520435  0
12.613333  0.520227  0
12.640000  0.520036  0
12.666667  0.519850  0
12.693333  0.519681  0
12.720000  0.519517  0
12.746667  0.519368  0
12.773333  0.519225  0
12.800000  0.519094  0
12.826667  0.518970  0
12.853333  0.518852  0
12.880000  0.518739  0
12.906667  0.518628  0
12.933333  0.518520  0
12.960000  0.518409  0
12.986667  0.518296  0
13.013333  0.518178  0
13.040000  0.518052  0
13.066667  0.517920  0
13.093333  0.517776  0
13.120000  0.517627  0
13.146667  0.517461  0
13.173333  0.517293  0
13.200000  0.517107  0
13.226667  0.516919  0
13.253333  0.516716  0
13.280000  0.516512  0
13.306667  0.516296  0
13.333333  0.516079  0
13.360000  0.515854  0
13.386667  0.515629  0
13.413333  0.515398  0
13.440000  0.515167  0
13.466667  0.514932  0
13.493333  0.514697  0
13.520000  0.514460  0
13.546667  0.514223  0
13.573333  0.513987  0
13.600000  0.513750  0
13.626667  0.513517  0
13.653333  0.513285  0
13.680000  0.513058  0
13.706667  0.512836  0
13.733333  0.512622  0
13.760000  0.512417  0
13.786667  0.512222  0
13.813333  0.512042  0
13.840000  0.511873  0
13.866667  0.511723  0
13.893333  0.511583  0
13.920000  0.511466  0
13.946667  0.511357  0
13.973333  0.511272  0
14.000000  0.511192  0
14.026667  0.511131  0
14.053333  0.511073  0
14.080000  0.511028  0
14.106667  0.510983  0
14.133333  0.510943  0
14.160000  0.510903  0
14.186667  0.510858  0
14.213333  0.510814  0
14.240000  0.510761  0
14.266667  0.510706  0
14.293333  0.510639  0
14.320000  0.510570  0
14.346667  0.510489  0
14.373333  0.510404  0
14.400000  0.510308  0
14.426667  0.510207  0
14.453333  0.510098  0
14.480000  0.509984  0
14.506667  0.509866  0
14.533333  0.509745  0
14.560000  0.509623  0
14.586667  0.509502  0
14.613333  0.509385  0
14.640000  0.509273  0
14.666667  0.509168  0
14.693333  0.509074  0
14.720000  0.508988  0
14.746667  0.508919  0
14.773333  0.508856  0
14.800000  0.508812  0
14.826667  0.508772  0
14.853333  0.508749  0
14.880000  0.508729  0
14.906667  0.508720  0
14.933333  0.508712  0
14.960000  0.508711  0
14.986667  0.508709  0
15.013333  0.508577  0
15.040000  0.508446  0
15.066667  0.508314  0
15.093333  0.508182  0
15.120000  0.508051  0
15.146667  0.507919  0
15.173333  0.507787  0
15.200000  0.507656  0
15.226667  0.507524  0
15.253333  0.507392  0
15.280000  0.507261  0
15.306667  0.507129  0
15.333333  0.506997  0
15.360000  0.506866  0
15.386667  0.506734  0
15.413333  0.506602  0
15.440000  0.506471  0
15.466667  0.506339  0
15.493333  0.506207  0
15.520000  0.506076  0
15.546667  0.505944  0
15.573333  0.505812  0
15.600000  0.505681  0
15.626667  0.505549  0
15.653333  0.505417  0
15.680000  0.505286  0
15.706667  0.505154  0
15.733333  0.505022  0
15.760000  0.504891  0
15.786667  0.504759  0
15.813333  0.504627  0
15.840000  0.504496  0
15.866667  0.504364  0
15.893333  0.504232  0
15.920000  0.504101  0
15.946667  0.503969  0
15.973333  0.503837  0
16.000000  0.503706  0
16.026667  0.503574  0
16.053333  0.503442  0
16.080000  0.503311  0
16.106667  0.503179  0
16.133333  0.503047  0
16.160000  0.502916  0
16.186667  0.502784  0
16.213333  0.502652  0
16.240000  0.502521  0
16.266667  0.502389  0
16.293333  0.502257  0
16.320000  0.502126  0
16.346667  0.501994  0
16.373333  0.501862  0
16.400000  0.501731  0
16.426667  0.501599  0
16.453333  0.501467  0
16.480000  0.501336  0
16.506667  0.501204  0
16.533333  0.501072  0
16.560000  0.500941  0
16.586667  0.500809  0
16.613333  0.500677  0
16.640000  0.500546  0
16.666667  0.500414  0
16.693333  0.500282  0
16.720000  0.500151  0
16.746667  0.500019  0
16.773333  0.499887  0
16.800000  0.499756  0
16.826667  0.499624  0
16.853333  0.499492  0
16.880000  0.499361  0
16.906667  0.499229  0
16.933333  0.499097  0
16.960000  0.498966  0
16.986667  0.498834  0
17.013333  0.498702  0
17.040000  0.498571  0
17.066667  0.498439  0
17.093333  0.498307  0
17.120000  0.498176  0
17.146667  0.498044  0
17.173333  0.497912  0
17.200000  0.497781  0
17.226667  0.497649  0
17.253333  0.497517  0
17.280000  0.497386  0
17.306667  0.497254  0
17.333333  0.497122  0
17.360000  0.496991  0
17.386667  0.496859  0
17.413333  0.496727  0
17.440000  0.496596  0
17.466667  0.496464  0
17.493333  0.496332  0
17.520000  0.496201  0
17.546667  0.496069  0
17.573333  0.495937  0
17.600000  0.495806  0
17.626667  0.495674  0
17.653333  0.495542  0
17.680000  0.495411  0
17.706667  0.495279  0
17.733333  0.495147  0
17.760000  0.495016  0
17.786667  0.494884  0
17.813333  0.494752  0
17.840000  0.494621  0
17.866667  0.494489  0
17.893333  0.494357  0
17.920000  0.494226  0
17.946667  0.494094  0
17.973333  0.493962  0
18.000000  0.493831  0
18.026667  0.493699  0
18.053333  0.493567  0
18.080000  0.493436  0
18.106667  0.493304  0
18.133333  0.493172  0
18.160000  0.493041  0
18.186667  0.492909  0
18.213333  0.492777  0
18.240000  0.492646  0
18.266667  0.492514  0
18.293333  0.492382  0
18.320000  0.492251  0
18.346667  0.492119  0
18.373333  0.491987  0
18.400000  0.491856  0
18.426667  0.491724  0
18.453333  0.491592  0
18.480000  0.491461  0
18.506667  0.491329  0
18.533333  0.491197  0
18.560000  0.491066  0
18.586667  0.490934  0
18.613333  0.490802  0
18.640000  0.490671  0
18.666667  0.490539  0
18.693333  0.490408  0
18.720000  0.490276  0
18.746667  0.490144  0
18.773333  0.490013  0
18.800000  0.489881  0
18.826667  0.489749  0
18.853333  0.489618  0
18.880000  0.489486  0
18.906667  0.489354  0
18.933333  0.489223  0
18.960000  0.489091  0
18.986667  0.488959  0
19.013333  0.488828  0
19.040000  0.488696  0
19.066667  0.488564  0
19.093333  0.488433  0
19.120000  0.488301  0
19.146667  0.488169  0
19.173333  0.488038  0
19.200000  0.487906  0
19.226667  0.487774  0
19.253333  0.487643  0
19.280000  0.487511  0
19.306667  0.487379  0
19.333333  0.487248  0
19.360000  0.487116  0
19.386667  0.486984  0
