2.640000  0.980054  0
2.666667  0.976679  0
2.693333  0.970818  0
2.720000  0.963612  0
2.746667  0.955877  0
2.773333  0.948013  0
2.800000  0.940200  0
2.826667  0.932576  0
2.853333  0.925274  0
2.880000  0.918353  0
2.906667  0.911760  0
2.933333  0.905368  0
2.960000  0.899065  0
2.986667  0.892792  0
3.013333  0.886534  0
3.040000  0.880316  0
3.066667  0.874222  0
3.093333  0.868413  0
3.120000  0.863069  0
3.146667  0.858275  0
3.173333  0.853944  0
3.200000  0.849895  0
3.226667  0.845967  0
3.253333  0.842078  0
3.280000  0.838196  0
3.306667  0.834312  0
3.333333  0.830413  0
3.360000  0.826460  0
3.386667  0.822372  0
3.413333  0.818035  0
3.440000  0.813363  0
3.466667  0.808361  0
3.493333  0.803132  0
3.520000  0.797840  0
3.546667  0.792672  0
3.573333  0.787829  0
3.600000  0.783463  0
3.626667  0.779597  0
3.653333  0.776111  0
3.680000  0.772839  0
3.706667  0.769655  0
3.733333  0.766496  0
3.760000  0.763342  0
3.786667  0.760188  0
3.813333  0.757033  0
3.840000  0.753874  0
3.866667  0.750711  0
3.893333  0.747546  0
3.920000  0.744381  0
3.946667  0.741226  0
3.973333  0.738115  0
4.000000  0.735146  0
4.026667  0.732497  0
4.053333  0.730352  0
4.080000  0.728749  0
4.106667  0.727510  0
4.133333  0.726347  0
4.160000  0.725032  0
4.186667  0.723457  0
4.213333  0.721605  0
4.240000  0.719504  0
4.266667  0.717200  0
4.293333  0.714749  0
4.320000  0.712223  0
4.346667  0.709700  0
4.373333  0.707255  0
4.400000  0.704946  0
4.426667  0.702794  0
4.453333  0.700781  0
4.480000  0.698858  0
4.506667  0.696959  0
4.533333  0.695027  0
4.560000  0.693026  0
4.586667  0.690945  0
4.613333  0.688793  0
4.640000  0.686589  0
4.666667  0.684353  0
4.693333  0.682100  0
4.720000  0.679839  0
4.746667  0.677576  0
4.773333  0.675311  0
4.800000  0.673047  0
4.826667  0.670783  0
4.853333  0.668519  0
4.880000  0.666254  0
4.906667  0.663990  0
4.933333  0.661726  0
4.960000  0.659462  0
4.986667  0.657197  0
5.013333  0.654933  0
5.040000  0.652669  0
5.066667  0.650405  0
5.093333  0.648140  0
5.120000  0.645876  0
5.146667  0.643612  0
5.173333  0.641347  0
5.200000  0.639083  0
5.226667  0.636819  0
5.253333  0.634555  0
5.280000  0.632290  0
5.306667  0.630026  0
5.333333  0.627762  0
5.360000  0.625497  0
5.386667  0.623233  0
5.413333  0.620969  0
5.440000  0.618705  0
5.466667  0.616440  0
5.493333  0.614176  0
5.520000  0.611912  0
5.546667  0.609648  0
5.573333  0.607383  0
5.600000  0.605119  0
5.626667  0.602855  0
5.653333  0.600590  0
5.680000  0.598326  0
5.706667  0.596062  0
5.733333  0.593798  0
5.760000  0.591533  0
5.786667  0.589269  0
5.813333  0.587005  0
5.840000  0.584740  0
5.866667  0.582476  0
5.893333  0.580212  0
5.920000  0.577948  0
5.946667  0.575683  0
5.973333  0.573419  0
6.000000  0.571155  0
6.026667  0.568891  0
6.053333  0.566626  0
6.080000  0.564362  0
6.106667  0.562098  0
6.133333  0.559833  0
6.160000  0.557569  0
6.186667  0.555305  0
6.213333  0.553041  0
6.240000  0.550776  0
6.266667  0.548512  0
6.293333  0.546248  0
6.320000  0.543984  0
6.346667  0.541720  0
6.373333  0.539457  0
6.400000  0.537196  0
6.426667  0.534943  0
6.453333  0.532704  0
6.480000  0.530496  0
6.506667  0.528341  0
6.533333  0.526268  0
6.560000  0.524308  0
6.586667  0.522484  0
6.613333  0.520804  0
6.640000  0.519261  0
6.666667  0.517830  0
6.693333  0.516483  0
6.720000  0.515188  0
6.746667  0.513925  0
6.773333  0.512677  0
6.800000  0.511435  0
6.826667  0.510197  0
6.853333  0.508959  0
6.880000  0.507721  0
6.906667  0.506484  0
6.933333  0.505247  0
6.960000  0.504009  0
6.986667  0.502772  0
7.013333  0.501535  0
7.040000  0.500297  0
7.066667  0.499060  0
7.093333  0.497822  0
7.120000  0.496585  0
7.146667  0.495348  0
7.173333  0.494110  0
7.200000  0.492873  0
7.226667  0.491636  0
7.253333  0.490398  0
7.280000  0.489161  0
7.306667  0.487924  0
7.333333  0.486686  0
7.360000  0.485449  0
7.386667  0.484212  0
7.413333  0.482974  0
7.440000  0.481737  0
7.466667  0.480500  0
7.493333  0.479262  0
7.520000  0.478025  0
7.546667  0.476787  0
7.573333  0.475550  0
7.600000  0.474313  0
7.626667  0.473075  0
7.653333  0.471838  0
7.680000  0.470601  0
7.706667  0.469363  0
7.733333  0.468126  0
7.760000  0.466889  0
7.786667  0.465651  0
7.813333  0.464414  0
7.840000  0.463177  0
7.866667  0.461939  0
7.893333  0.460702  0
7.920000  0.459464  0
7.946667  0.458227  0
7.973333  0.456990  0
8.000000  0.455752  0
8.026667  0.454515  0
8.053333  0.453278  0
8.080000  0.452040  0
8.106667  0.450803  0
8.133333  0.449566  0
8.160000  0.448329  0
8.186667  0.447093  0
8.213333  0.445859  0
8.240000  0.444632  0
8.266667  0.443419  0
8.293333  0.442234  0
8.320000  0.441099  0
8.346667  0.440044  0
8.373333  0.439101  0
8.400000  0.438299  0
8.426667  0.437655  0
8.453333  0.437174  0
8.480000  0.436844  0
8.506667  0.436651  0
8.533333  0.436579  0
8.560000  0.436622  0
8.586667  0.436775  0
8.613333  0.437031  0
8.640000  0.437371  0
8.666667  0.437765  0
8.693333  0.438168  0
8.720000  0.438528  0
8.746667  0.438793  0
8.773333  0.438921  0
8.800000  0.438885  0
8.826667  0.438678  0
8.853333  0.438324  0
8.880000  0.437872  0
8.906667  0.437398  0
8.933333  0.436990  0
8.960000  0.436725  0
8.986667  0.436650  0
9.013333  0.436760  0
9.040000  0.437005  0
9.066667  0.437304  0
9.093333  0.437576  0
9.120000  0.437762  0
9.146667  0.437834  0
9.173333  0.437794  0
9.200000  0.437654  0
9.226667  0.437431  0
9.253333  0.437136  0
9.280000  0.436781  0
9.306667  0.436383  0
9.333333  0.435967  0
9.360000  0.435566  0
9.386667  0.435217  0
9.413333  0.434947  0
9.440000  0.434774  0
9.466667  0.434700  0
9.493333  0.434715  0
9.520000  0.434791  0
9.546667  0.434892  0
9.573333  0.434969  0
9.600000  0.434976  0
9.626667  0.434869  0
9.653333  0.434624  0
9.680000  0.434243  0
9.706667  0.433758  0
9.733333  0.433230  0
9.760000  0.432744  0
9.786667  0.432391  0
9.813333  0.432250  0
9.840000  0.432363  0
9.866667  0.432716  0
9.893333  0.433224  0
9.920000  0.433746  0
9.946667  0.434106  0
9.973333  0.434144  0
10.000000  0.433756  0
10.026667  0.432922  0
10.053333  0.431698  0
10.080000  0.430187  0
10.106667  0.428499  0
10.133333  0.426720  0
10.160000  0.424903  0
10.186667  0.423076  0
10.213333  0.421254  0
10.240000  0.419453  0
10.266667  0.417689  0
10.293333  0.415972  0
10.320000  0.414306  0
10.346667  0.412688  0
10.373333  0.411115  0
10.400000  0.409592  0
10.426667  0.408136  0
10.453333  0.406770  0
10.480000  0.405514  0
10.506667  0.404376  0
10.533333  0.403352  0
10.560000  0.402428  0
10.586667  0.401589  0
10.613333  0.400830  0
10.640000  0.400149  0
10.666667  0.399550  0
10.693333  0.399034  0
10.720000  0.398592  0
10.746667  0.398210  0
10.773333  0.397873  0
10.800000  0.397568  0
10.826667  0.397292  0
10.853333  0.397045  0
10.880000  0.396834  0
10.906667  0.396660  0
10.933333  0.396524  0
10.960000  0.396422  0
10.986667  0.396350  0
11.013333  0.396304  0
11.040000  0.396279  0
11.066667  0.396270  0
11.093333  0.396276  0
11.120000  0.396292  0
11.146667  0.396316  0
11.173333  0.396345  0
11.200000  0.396378  0
11.226667  0.396406  0
11.253333  0.396422  0
11.280000  0.396419  0
11.306667  0.396394  0
11.333333  0.396347  0
11.360000  0.396284  0
11.386667  0.396215  0
11.413333  0.396147  0
11.440000  0.396083  0
11.466667  0.396022  0
11.493333  0.395959  0
11.520000  0.395886  0
11.546667  0.395797  0
11.573333  0.395687  0
11.600000  0.395559  0
11.626667  0.395419  0
11.653333  0.395277  0
11.680000  0.395143  0
11.706667  0.395023  0
11.733333  0.394920  0
11.760000  0.394827  0
11.786667  0.394737  0
11.813333  0.394643  0
11.840000  0.394542  0
11.866667  0.394433  0
11.893333  0.394319  0
11.920000  0.394207  0
11.946667  0.394096  0
11.973333  0.393982  0
12.000000  0.393856  0
12.026667  0.393705  0
12.053333  0.393521  0
12.080000  0.393300  0
12.106667  0.393048  0
12.133333  0.392777  0
12.160000  0.392501  0
12.186667  0.392227  0
12.213333  0.391956  0
12.240000  0.391678  0
12.266667  0.391378  0
12.293333  0.391042  0
12.320000  0.390663  0
12.346667  0.390247  0
12.373333  0.389815  0
12.400000  0.389402  0
12.426667  0.389051  0
12.453333  0.388801  0
12.480000  0.388677  0
12.506667  0.388681  0
12.533333  0.388791  0
12.560000  0.388964  0
12.586667  0.389145  0
12.613333  0.389282  0
12.640000  0.389338  0
12.666667  0.389294  0
12.693333  0.389153  0
12.720000  0.388937  0
12.746667  0.388678  0
12.773333  0.388413  0
12.800000  0.388177  0
12.826667  0.387999  0
12.853333  0.387894  0
12.880000  0.387863  0
12.906667  0.387887  0
12.933333  0.387937  0
12.960000  0.387975  0
12.986667  0.387966  0
13.013333  0.387889  0
13.040000  0.387739  0
13.066667  0.387530  0
13.093333  0.387288  0
13.120000  0.387045  0
13.146667  0.386828  0
13.173333  0.386658  0
13.200000  0.386543  0
13.226667  0.386486  0
13.253333  0.386350  0
13.280000  0.386213  0
13.306667  0.386076  0
13.333333  0.385939  0
13.360000  0.385803  0
13.386667  0.385666  0
13.413333  0.385529  0
13.440000  0.385392  0
13.466667  0.385256  0
13.493333  0.385119  0
13.520000  0.384982  0
13.546667  0.384845  0
13.573333  0.384709  0
13.600000  0.384572  0
13.626667  0.384435  0
13.653333  0.384298  0
13.680000  0.384162  0
13.706667  0.384025  0
13.733333  0.383888  0
13.760000  0.383751  0
13.786667  0.383615  0
13.813333  0.383478  0
13.840000  0.383341  0
13.866667  0.383204  0
13.893333  0.383068  0
13.920000  0.382931  0
13.946667  0.382794  0
13.973333  0.382657  0
14.000000  0.382521  0
14.026667  0.382384  0
14.053333  0.382247  0
14.080000  0.382111  0
14.106667  0.381974  0
14.133333  0.381837  0
14.160000  0.381700  0
14.186667  0.381564  0
14.213333  0.381427  0
14.240000  0.381290  0
14.266667  0.381153  0
14.293333  0.381017  0
14.320000  0.380880  0
14.346667  0.380743  0
14.373333  0.380606  0
14.400000  0.380470  0
14.426667  0.380333  0
14.453333  0.380196  0
14.480000  0.380059  0
14.506667  0.379923  0
14.533333  0.379786  0
14.560000  0.379649  0
14.586667  0.379512  0
14.613333  0.379376  0
14.640000  0.379239  0
14.666667  0.379102  0
14.693333  0.378965  0
14.720000  0.378829  0
14.746667  0.378692  0
14.773333  0.378555  0
14.800000  0.378418  0
14.826667  0.378282  0
14.853333  0.378145  0
14.880000  0.378008  0
14.906667  0.377871  0
14.933333  0.377735  0
14.960000  0.377598  0
14.986667  0.377461  0
15.013333  0.377324  0
15.040000  0.377188  0
15.066667  0.377051  0
15.093333  0.376914  0
15.120000  0.376777  0
15.146667  0.376641  0
15.173333  0.376504  0
15.200000  0.376367  0
15.226667  0.376230  0
15.253333  0.376094  0
15.280000  0.375957  0
15.306667  0.375820  0
15.333333  0.375684  0
15.360000  0.375547  0
15.386667  0.375410  0
15.413333  0.375273  0
15.440000  0.375137  0
15.466667  0.375000  0
15.493333  0.374863  0
15.520000  0.374726  0
15.546667  0.374590  0
15.573333  0.374453  0
15.600000  0.374316  0
15.626667  0.374179  0
15.653333  0.374043  0
15.680000  0.373906  0
15.706667  0.373769  0
15.733333  0.373632  0
15.760000  0.373496  0
15.786667  0.373359  0
15.813333  0.373222  0
15.840000  0.373085  0
15.866667  0.372949  0
15.893333  0.372812  0
15.920000  0.372675  0
15.946667  0.372538  0
15.973333  0.372402  0
16.000000  0.372265  0
16.026667  0.372128  0
16.053333  0.371991  0
16.080000  0.371855  0
16.106667  0.371718  0
16.133333  0.371581  0
16.160000  0.371444  0
16.186667  0.371308  0
16.213333  0.371171  0
16.240000  0.371034  0
16.266667  0.370897  0
16.293333  0.370761  0
16.320000  0.370624  0
16.346667  0.370487  0
16.373333  0.370350  0
16.400000  0.370214  0
16.426667  0.370077  0
16.453333  0.369940  0
16.480000  0.369803  0
16.506667  0.369667  0
16.533333  0.369530  0
16.560000  0.369393  0
16.586667  0.369257  0
16.613333  0.369120  0
16.640000  0.368983  0
16.666667  0.368846  0
16.693333  0.368710  0
16.720000  0.368573  0
16.746667  0.368436  0
16.773333  0.368299  0
16.800000  0.368163  0
16.826667  0.368026  0
16.853333  0.367889  0
16.880000  0.367752  0
16.906667  0.367616  0
16.933333  0.367479  0
16.960000  0.367342  0
16.986667  0.367205  0
17.013333  0.367069  0
17.040000  0.366932  0
17.066667  0.366795  0
17.093333  0.366658  0
17.120000  0.366522  0
17.146667  0.366385  0
17.173333  0.366248  0
17.200000  0.366111  0
17.226667  0.365975  0
17.253333  0.365838  0
17.280000  0.365701  0
17.306667  0.365564  0
17.333333  0.365428  0
17.360000  0.365291  0
17.386667  0.365154  0
17.413333  0.365017  0
17.440000  0.364881  0
17.466667  0.364744  0
17.493333  0.364607  0
17.520000  0.364470  0
17.546667  0.364334  0
17.573333  0.364197  0
17.600000  0.364060  0
17.626667  0.363923  0
17.653333  0.363787  0
17.680000  0.363650  0
17.706667  0.363513  0
17.733333  0.363376  0
17.760000  0.363240  0
17.786667  0.363103  0
17.813333  0.362966  0
17.840000  0.362830  0
17.866667  0.362693  0
17.893333  0.362556  0
17.920000  0.362419  0
17.946667  0.362283  0
17.973333  0.362146  0
18.000000  0.362009  0
18.026667  0.361872  0
18.053333  0.361736  0
18.080000  0.361599  0
18.106667  0.361462  0
18.133333  0.361325  0
18.160000  0.361189  0
18.186667  0.361052  0
18.213333  0.360915  0
18.240000  0.360778  0
18.266667  0.360642  0
18.293333  0.360505  0
18.320000  0.360368  0
18.346667  0.360231  0
18.373333  0.360095  0
18.400000  0.359958  0
18.426667  0.359821  0
18.453333  0.359684  0
18.480000  0.359548  0
18.506667  0.359411  0
18.533333  0.359274  0
18.560000  0.359137  0
18.586667  0.359001  0
18.613333  0.358864  0
18.640000  0.358727  0
18.666667  0.358590  0
18.693333  0.358454  0
18.720000  0.358317  0
18.746667  0.358180  0
18.773333  0.358043  0
18.800000  0.357907  0
18.826667  0.357770  0
18.853333  0.357633  0
18.880000  0.357496  0
18.906667  0.357360  0
18.933333  0.357223  0
18.960000  0.357086  0
18.986667  0.356949  0
19.013333  0.356813  0
19.040000  0.356676  0
19.066667  0.356539  0
19.093333  0.356403  0
19.120000  0.356266  0
19.146667  0.356129  0
19.173333  0.355992  0
19.200000  0.355856  0
19.226667  0.355719  0
19.253333  0.355582  0
19.280000  0.355445  0
