2.826667  0.725999  0
2.853333  0.725732  0
2.880000  0.725239  0
2.906667  0.724581  0
2.933333  0.723821  0
2.960000  0.723006  0
2.986667  0.722168  0
3.013333  0.721320  0
3.040000  0.720470  0
3.066667  0.719618  0
3.093333  0.718767  0
3.120000  0.717915  0
3.146667  0.717063  0
3.173333  0.716212  0
3.200000  0.715360  0
3.226667  0.714508  0
3.253333  0.713657  0
3.280000  0.712805  0
3.306667  0.711953  0
3.333333  0.711102  0
3.360000  0.710250  0
3.386667  0.709398  0
3.413333  0.708547  0
3.440000  0.707695  0
3.466667  0.706843  0
3.493333  0.705992  0
3.520000  0.705140  0
3.546667  0.704288  0
3.573333  0.703437  0
3.600000  0.702585  0
3.626667  0.701733  0
3.653333  0.700882  0
3.680000  0.700030  0
3.706667  0.699178  0
3.733333  0.698327  0
3.760000  0.697475  0
3.786667  0.696623  0
3.813333  0.695772  0
3.840000  0.694920  0
3.866667  0.694068  0
3.893333  0.693217  0
3.920000  0.692365  0
3.946667  0.691513  0
3.973333  0.690662  0
4.000000  0.689810  0
4.026667  0.688958  0
4.053333  0.688107  0
4.080000  0.687255  0
4.106667  0.686403  0
4.133333  0.685552  0
4.160000  0.684700  0
4.186667  0.683849  0
4.213333  0.682999  0
4.240000  0.682153  0
4.266667  0.681320  0
4.293333  0.680518  0
4.320000  0.679781  0
4.346667  0.679153  0
4.373333  0.678684  0
4.400000  0.678398  0
4.426667  0.678280  0
4.453333  0.678266  0
4.480000  0.678263  0
4.506667  0.678176  0
4.533333  0.677931  0
4.560000  0.677486  0
4.586667  0.676824  0
4.613333  0.675945  0
4.640000  0.674856  0
4.666667  0.673569  0
4.693333  0.672099  0
4.720000  0.670459  0
4.746667  0.668667  0
4.773333  0.666741  0
4.800000  0.664703  0
4.826667  0.662574  0
4.853333  0.660380  0
4.880000  0.658146  0
4.906667  0.655893  0
4.933333  0.653644  0
4.960000  0.651414  0
4.986667  0.649214  0
5.013333  0.647050  0
5.040000  0.644922  0
5.066667  0.642827  0
5.093333  0.640758  0
5.120000  0.638709  0
5.146667  0.636674  0
5.173333  0.634653  0
5.200000  0.632649  0
5.226667  0.630674  0
5.253333  0.628742  0
5.280000  0.626875  0
5.306667  0.625095  0
5.333333  0.623426  0
5.360000  0.621890  0
5.386667  0.620503  0
5.413333  0.619274  0
5.440000  0.618204  0
5.466667  0.617287  0
5.493333  0.616505  0
5.520000  0.615834  0
5.546667  0.615246  0
5.573333  0.614711  0
5.600000  0.614197  0
5.626667  0.613676  0
5.653333  0.613126  0
5.680000  0.612531  0
5.706667  0.611881  0
5.733333  0.611175  0
5.760000  0.610419  0
5.786667  0.609622  0
5.813333  0.608798  0
5.840000  0.607961  0
5.866667  0.607126  0
5.893333  0.606305  0
5.920000  0.605504  0
5.946667  0.604727  0
5.973333  0.603971  0
6.000000  0.603230  0
6.026667  0.602492  0
6.053333  0.601747  0
6.080000  0.600981  0
6.106667  0.600184  0
6.133333  0.599350  0
6.160000  0.598476  0
6.186667  0.597569  0
6.213333  0.596636  0
6.240000  0.595695  0
6.266667  0.594765  0
6.293333  0.593869  0
6.320000  0.593030  0
6.346667  0.592271  0
6.373333  0.591609  0
6.400000  0.591058  0
6.426667  0.590624  0
6.453333  0.590307  0
6.480000  0.590098  0
6.506667  0.589982  0
6.533333  0.589940  0
6.560000  0.589948  0
6.586667  0.589980  0
6.613333  0.590013  0
6.640000  0.590023  0
6.666667  0.589990  0
6.693333  0.589901  0
6.720000  0.589745  0
6.746667  0.589517  0
6.773333  0.589218  0
6.800000  0.588848  0
6.826667  0.588414  0
6.853333  0.587920  0
6.880000  0.587373  0
6.906667  0.586778  0
6.933333  0.586141  0
6.960000  0.585467  0
6.986667  0.584761  0
7.013333  0.584028  0
7.040000  0.583275  0
7.066667  0.582511  0
7.093333  0.581745  0
7.120000  0.580988  0
7.146667  0.580253  0
7.173333  0.579552  0
7.200000  0.578900  0
7.226667  0.578308  0
7.253333  0.577788  0
7.280000  0.577347  0
7.306667  0.576989  0
7.333333  0.576715  0
7.360000  0.576522  0
7.386667  0.576400  0
7.413333  0.576338  0
7.440000  0.576323  0
7.466667  0.576336  0
7.493333  0.576361  0
7.520000  0.576379  0
7.546667  0.576374  0
7.573333  0.576332  0
7.600000  0.576239  0
7.626667  0.576087  0
7.653333  0.575871  0
7.680000  0.575587  0
7.706667  0.575235  0
7.733333  0.574819  0
7.760000  0.574343  0
7.786667  0.573813  0
7.813333  0.573238  0
7.840000  0.572626  0
7.866667  0.571984  0
7.893333  0.571320  0
7.920000  0.570643  0
7.946667  0.569958  0
7.973333  0.569272  0
8.000000  0.568587  0
8.026667  0.567906  0
8.053333  0.567230  0
8.080000  0.566557  0
8.106667  0.565883  0
8.133333  0.565203  0
8.160000  0.564510  0
8.186667  0.563797  0
8.213333  0.563058  0
8.240000  0.562285  0
8.266667  0.561473  0
8.293333  0.560619  0
8.320000  0.559723  0
8.346667  0.558787  0
8.373333  0.557814  0
8.400000  0.556811  0
8.426667  0.555789  0
8.453333  0.554756  0
8.480000  0.553724  0
8.506667  0.552706  0
8.533333  0.551713  0
8.560000  0.550756  0
8.586667  0.549845  0
8.613333  0.548988  0
8.640000  0.548191  0
8.666667  0.547455  0
8.693333  0.546783  0
8.720000  0.546170  0
8.746667  0.545613  0
8.773333  0.545104  0
8.800000  0.544632  0
8.826667  0.544188  0
8.853333  0.543758  0
8.880000  0.543331  0
8.906667  0.542896  0
8.933333  0.542441  0
8.960000  0.541957  0
8.986667  0.541439  0
9.013333  0.540881  0
9.040000  0.540280  0
9.066667  0.539637  0
9.093333  0.538952  0
9.120000  0.538227  0
9.146667  0.537467  0
9.173333  0.536674  0
9.200000  0.535851  0
9.226667  0.535001  0
9.253333  0.534128  0
9.280000  0.533232  0
9.306667  0.532317  0
9.333333  0.531383  0
9.360000  0.530433  0
9.386667  0.529468  0
9.413333  0.528490  0
9.440000  0.527501  0
9.466667  0.526502  0
9.493333  0.525497  0
9.520000  0.524487  0
9.546667  0.523475  0
9.573333  0.522461  0
9.600000  0.521449  0
9.626667  0.520440  0
9.653333  0.519433  0
9.680000  0.518432  0
9.706667  0.517437  0
9.733333  0.516450  0
9.760000  0.515473  0
9.786667  0.514509  0
9.813333  0.513560  0
9.840000  0.512632  0
9.866667  0.511727  0
9.893333  0.510849  0
9.920000  0.510000  0
9.946667  0.509183  0
9.973333  0.508395  0
10.000000  0.507634  0
10.026667  0.506898  0
10.053333  0.506179  0
10.080000  0.505472  0
10.106667  0.504771  0
10.133333  0.504070  0
10.160000  0.503365  0
10.186667  0.502656  0
10.213333  0.501942  0
10.240000  0.501226  0
10.266667  0.500513  0
10.293333  0.499809  0
10.320000  0.499119  0
10.346667  0.498450  0
10.373333  0.497805  0
10.400000  0.497188  0
10.426667  0.496603  0
10.453333  0.496050  0
10.480000  0.495531  0
10.506667  0.495046  0
10.533333  0.494595  0
10.560000  0.494180  0
10.586667  0.493803  0
10.613333  0.493464  0
10.640000  0.493167  0
10.666667  0.492912  0
10.693333  0.492703  0
10.720000  0.492539  0
10.746667  0.492421  0
10.773333  0.492347  0
10.800000  0.492314  0
10.826667  0.492319  0
10.853333  0.492356  0
10.880000  0.492421  0
10.906667  0.492506  0
10.933333  0.492606  0
10.960000  0.492713  0
10.986667  0.492820  0
11.013333  0.492921  0
11.040000  0.493007  0
11.066667  0.493072  0
11.093333  0.493109  0
11.120000  0.493110  0
11.146667  0.493068  0
11.173333  0.492978  0
11.200000  0.492833  0
11.226667  0.492630  0
11.253333  0.492363  0
11.280000  0.492031  0
11.306667  0.491632  0
11.333333  0.491165  0
11.360000  0.490631  0
11.386667  0.490031  0
11.413333  0.489368  0
11.440000  0.488642  0
11.466667  0.487857  0
11.493333  0.487016  0
11.520000  0.486122  0
11.546667  0.485180  0
11.573333  0.484194  0
11.600000  0.483172  0
11.626667  0.482119  0
11.653333  0.481045  0
11.680000  0.479956  0
11.706667  0.478862  0
11.733333  0.477769  0
11.760000  0.476685  0
11.786667  0.475613  0
11.813333  0.474558  0
11.840000  0.473520  0
11.866667  0.472501  0
11.893333  0.471498  0
11.920000  0.470511  0
11.946667  0.469535  0
11.973333  0.468570  0
12.000000  0.467613  0
12.026667  0.466663  0
12.053333  0.465719  0
12.080000  0.464782  0
12.106667  0.463853  0
12.133333  0.462932  0
12.160000  0.462024  0
12.186667  0.461131  0
12.213333  0.460256  0
12.240000  0.459402  0
12.266667  0.458573  0
12.293333  0.457772  0
12.320000  0.456999  0
12.346667  0.456255  0
12.373333  0.455540  0
12.400000  0.454852  0
12.426667  0.454186  0
12.453333  0.453538  0
12.480000  0.452903  0
12.506667  0.452275  0
12.533333  0.451648  0
12.560000  0.451016  0
12.586667  0.450372  0
12.613333  0.449714  0
12.640000  0.449035  0
12.666667  0.448333  0
12.693333  0.447606  0
12.720000  0.446852  0
12.746667  0.446072  0
12.773333  0.445269  0
12.800000  0.444447  0
12.826667  0.443612  0
12.853333  0.442774  0
12.880000  0.441943  0
12.906667  0.441131  0
12.933333  0.440353  0
12.960000  0.439622  0
12.986667  0.438952  0
13.013333  0.438355  0
13.040000  0.437842  0
13.066667  0.437419  0
13.093333  0.437090  0
13.120000  0.436854  0
13.146667  0.436707  0
13.173333  0.436640  0
13.200000  0.436644  0
13.226667  0.436706  0
13.253333  0.436812  0
13.280000  0.436949  0
13.306667  0.437104  0
13.333333  0.437266  0
13.360000  0.437427  0
13.386667  0.437580  0
13.413333  0.437721  0
13.440000  0.437849  0
13.466667  0.437962  0
13.493333  0.438061  0
13.520000  0.438147  0
13.546667  0.438223  0
13.573333  0.438291  0
13.600000  0.438352  0
13.626667  0.438408  0
13.653333  0.438461  0
13.680000  0.438511  0
13.706667  0.438559  0
13.733333  0.438607  0
13.760000  0.438641  0
13.786667  0.438674  0
13.813333  0.438708  0
13.840000  0.438742  0
13.866667  0.438776  0
13.893333  0.438810  0
13.920000  0.438844  0
13.946667  0.438878  0
13.973333  0.438912  0
14.000000  0.438946  0
14.026667  0.438979  0
14.053333  0.439013  0
14.080000  0.439047  0
14.106667  0.439081  0
14.133333  0.439115  0
14.160000  0.439149  0
14.186667  0.439183  0
14.213333  0.439217  0
14.240000  0.439250  0
14.266667  0.439284  0
14.293333  0.439318  0
14.320000  0.439352  0
14.346667  0.439386  0
14.373333  0.439420  0
14.400000  0.439454  0
14.426667  0.439488  0
14.453333  0.439522  0
14.480000  0.439555  0
14.506667  0.439589  0
14.533333  0.439623  0
14.560000  0.439657  0
14.586667  0.439691  0
14.613333  0.439725  0
14.640000  0.439759  0
14.666667  0.439793  0
14.693333  0.439827  0
14.720000  0.439860  0
14.746667  0.439894  0
14.773333  0.439928  0
14.800000  0.439962  0
14.826667  0.439996  0
14.853333  0.440030  0
14.880000  0.439784  0
14.906667  0.439012  0
14.933333  0.438240  0
14.960000  0.437468  0
14.986667  0.436696  0
15.013333  0.435925  0
15.040000  0.435153  0
15.066667  0.434381  0
15.093333  0.433609  0
15.120000  0.432837  0
15.146667  0.432065  0
15.173333  0.431293  0
15.200000  0.430521  0
15.226667  0.429749  0
15.253333  0.428977  0
15.280000  0.428205  0
15.306667  0.427433  0
15.333333  0.426661  0
15.360000  0.425889  0
15.386667  0.425117  0
15.413333  0.424345  0
15.440000  0.423573  0
15.466667  0.422801  0
15.493333  0.422029  0
15.520000  0.421257  0
15.546667  0.420485  0
15.573333  0.419713  0
15.600000  0.418941  0
15.626667  0.418169  0
15.653333  0.417397  0
15.680000  0.416625  0
15.706667  0.415853  0
15.733333  0.415081  0
15.760000  0.414309  0
15.786667  0.413537  0
15.813333  0.412765  0
15.840000  0.411993  0
15.866667  0.411221  0
15.893333  0.410898  0
15.920000  0.410690  0
15.946667  0.410482  0
15.973333  0.410274  0
16.000000  0.410066  0
16.026667  0.409859  0
16.053333  0.409651  0
16.080000  0.409443  0
16.106667  0.409235  0
16.133333  0.409027  0
16.160000  0.408819  0
16.186667  0.408612  0
16.213333  0.408404  0
16.240000  0.408196  0
16.266667  0.407988  0
16.293333  0.407780  0
16.320000  0.407572  0
16.346667  0.407365  0
16.373333  0.407157  0
16.400000  0.406949  0
16.426667  0.406741  0
16.453333  0.406581  0
16.480000  0.406517  0
16.506667  0.406452  0
16.533333  0.406387  0
16.560000  0.406323  0
16.586667  0.406258  0
16.613333  0.406193  0
16.640000  0.406129  0
16.666667  0.406064  0
16.693333  0.405999  0
16.720000  0.405935  0
16.746667  0.405870  0
16.773333  0.405805  0
16.800000  0.405741  0
16.826667  0.405676  0
16.853333  0.405611  0
16.880000  0.405547  0
16.906667  0.405482  0
16.933333  0.405417  0
16.960000  0.405353  0
16.986667  0.405288  0
17.013333  0.405223  0
17.040000  0.405159  0
17.066667  0.405094  0
17.093333  0.405029  0
17.120000  0.404965  0
17.146667  0.404900  0
17.173333  0.404835  0
17.200000  0.404771  0
17.226667  0.404706  0
17.253333  0.404642  0
17.280000  0.404577  0
17.306667  0.404512  0
17.333333  0.404448  0
17.360000  0.404383  0
17.386667  0.404318  0
17.413333  0.404254  0
17.440000  0.404189  0
17.466667  0.404124  0
17.493333  0.404060  0
17.520000  0.403995  0
17.546667  0.403930  0
17.573333  0.403866  0
17.600000  0.403801  0
17.626667  0.403736  0
17.653333  0.403672  0
17.680000  0.403607  0
17.706667  0.403542  0
17.733333  0.403478  0
17.760000  0.403413  0
17.786667  0.403348  0
17.813333  0.403284  0
17.840000  0.403219  0
17.866667  0.403154  0
17.893333  0.403090  0
17.920000  0.403025  0
17.946667  0.402960  0
17.973333  0.402896  0
18.000000  0.402831  0
18.026667  0.402766  0
18.053333  0.402702  0
18.080000  0.402637  0
18.106667  0.402572  0
18.133333  0.402508  0
18.160000  0.402443  0
18.186667  0.402378  0
18.213333  0.402314  0
18.240000  0.402249  0
18.266667  0.402184  0
18.293333  0.402120  0
18.320000  0.402055  0
18.346667  0.401990  0
18.373333  0.401926  0
18.400000  0.401861  0
18.426667  0.401796  0
18.453333  0.401732  0
18.480000  0.401667  0
18.506667  0.401602  0
18.533333  0.401538  0
18.560000  0.401473  0
18.586667  0.401408  0
18.613333  0.401344  0
18.640000  0.401279  0
18.666667  0.401214  0
18.693333  0.401150  0
18.720000  0.401085  0
18.746667  0.401020  0
18.773333  0.400956  0
18.800000  0.400891  0
18.826667  0.400827  0
18.853333  0.400762  0
18.880000  0.400697  0
18.906667  0.400633  0
18.933333  0.400568  0
18.960000  0.400503  0
18.986667  0.400439  0
19.013333  0.400374  0
19.040000  0.400309  0
19.066667  0.400245  0
19.093333  0.400180  0
19.120000  0.400115  0
19.146667  0.400051  0
19.173333  0.399986  0
19.200000  0.399921  0
19.226667  0.399887  0
19.253333  0.399858  0
19.280000  0.399828  0
19.306667  0.399798  0
19.333333  0.399768  0
19.360000  0.399739  0
19.386667  0.399709  0
19.413333  0.399679  0
19.440000  0.399650  0
19.466667  0.399620  0
19.493333  0.399590  0
19.520000  0.399561  0
19.546667  0.399531  0
19.573333  0.399501  0
19.600000  0.399472  0
19.626667  0.399442  0
19.653333  0.399412  0
19.680000  0.399383  0
19.706667  0.399353  0
19.733333  0.399323  0
19.760000  0.399293  0
19.786667  0.399264  0
19.813333  0.399234  0
19.840000  0.399204  0
19.866667  0.399175  0
19.893333  0.399145  0
19.920000  0.399115  0
19.946667  0.399086  0
19.973333  0.399056  0
20.000000  0.399026  0
20.026667  0.398997  0
20.053333  0.398967  0
20.080000  0.398937  0
20.106667  0.398907  0
20.133333  0.398878  0
20.160000  0.398848  0
20.186667  0.398818  0
20.213333  0.398789  0
20.240000  0.398759  0
20.266667  0.398729  0
20.293333  0.398700  0
20.320000  0.398670  0
20.346667  0.398640  0
20.373333  0.398611  0
20.400000  0.398581  0
20.426667  0.398551  0
20.453333  0.398521  0
20.480000  0.398492  0
20.506667  0.398462  0
20.533333  0.398432  0
20.560000  0.398403  0
20.586667  0.398373  0
20.613333  0.398343  0
20.640000  0.398314  0
20.666667  0.398284  0
20.693333  0.398254  0
20.720000  0.398225  0
20.746667  0.398195  0
20.773333  0.398165  0
20.800000  0.398135  0
20.826667  0.398106  0
20.853333  0.398076  0
20.880000  0.398046  0
20.906667  0.398017  0
20.933333  0.397987  0
20.960000  0.397957  0
20.986667  0.397928  0
21.013333  0.397898  0
21.040000  0.397868  0
21.066667  0.397839  0
21.093333  0.397809  0
21.120000  0.397779  0
21.146667  0.397749  0
21.173333  0.397720  0
21.200000  0.397690  0
21.226667  0.397660  0
21.253333  0.397631  0
21.280000  0.397601  0
21.306667  0.397571  0
21.333333  0.397542  0
21.360000  0.397512  0
21.386667  0.397482  0
21.413333  0.397453  0
21.440000  0.397423  0
21.466667  0.397393  0
21.493333  0.397364  0
21.520000  0.397334  0
21.546667  0.397304  0
21.573333  0.397274  0
21.600000  0.397245  0
21.626667  0.397215  0
21.653333  0.397185  0
21.680000  0.397156  0
21.706667  0.397126  0
21.733333  0.397096  0
21.760000  0.397067  0
21.786667  0.397037  0
21.813333  0.397007  0
21.840000  0.396978  0
21.866667  0.396948  0
21.893333  0.396918  0
21.920000  0.396888  0
21.946667  0.396859  0
21.973333  0.396829  0
22.000000  0.396799  0
22.026667  0.396770  0
22.053333  0.396740  0
22.080000  0.396710  0
22.106667  0.396681  0
22.133333  0.396651  0
22.160000  0.396621  0
22.186667  0.396592  0
22.213333  0.396562  0
22.240000  0.396532  0
22.266667  0.396502  0
22.293333  0.396473  0
22.320000  0.396443  0
22.346667  0.396413  0
22.373333  0.396384  0
22.400000  0.396354  0
22.426667  0.396324  0
22.453333  0.396295  0
22.480000  0.396265  0
22.506667  0.396235  0
22.533333  0.396206  0
22.560000  0.396176  0
22.586667  0.396146  0
22.613333  0.396116  0
22.640000  0.396087  0
22.666667  0.396057  0
22.693333  0.396027  0
22.720000  0.395998  0
22.746667  0.395968  0
22.773333  0.395938  0
22.800000  0.395909  0
22.826667  0.395879  0
22.853333  0.395849  0
22.880000  0.395820  0
22.906667  0.395790  0
22.933333  0.395760  0
22.960000  0.395730  0
22.986667  0.395701  0
23.013333  0.395671  0
23.040000  0.395641  0
23.066667  0.395612  0
23.093333  0.395582  0
23.120000  0.395552  0
23.146667  0.395523  0
23.173333  0.395493  0
23.200000  0.395463  0
23.226667  0.395434  0
23.253333  0.395404  0
23.280000  0.395374  0
23.306667  0.395345  0
23.333333  0.395315  0
23.360000  0.395285  0
23.386667  0.395255  0
23.413333  0.395226  0
23.440000  0.395196  0
23.466667  0.395166  0
23.493333  0.395137  0
23.520000  0.395107  0
23.546667  0.395077  0
23.573333  0.395048  0
23.600000  0.395018  0
23.626667  0.394988  0
23.653333  0.394959  0
23.680000  0.394929  0
23.706667  0.394899  0
23.733333  0.394869  0
23.760000  0.394840  0
23.786667  0.394810  0
23.813333  0.394780  0
23.840000  0.394751  0
23.866667  0.394721  0
23.893333  0.394691  0
23.920000  0.394662  0
23.946667  0.394632  0
23.973333  0.394602  0
24.000000  0.394573  0
24.026667  0.394543  0
24.053333  0.394513  0
24.080000  0.394483  0
24.106667  0.394454  0
24.133333  0.394424  0
24.160000  0.394394  0
24.186667  0.394365  0
24.213333  0.394335  0
24.240000  0.394305  0
24.266667  0.394276  0
24.293333  0.394246  0
24.320000  0.394216  0
24.346667  0.394187  0
24.373333  0.394157  0
24.400000  0.394127  0
24.426667  0.394097  0
24.453333  0.394068  0
24.480000  0.394038  0
24.506667  0.394008  0
24.533333  0.393979  0
24.560000  0.393949  0
24.586667  0.393919  0
24.613333  0.393890  0
24.640000  0.393860  0
24.666667  0.393830  0
24.693333  0.393801  0
24.720000  0.393771  0
24.746667  0.393741  0
24.773333  0.393711  0
24.800000  0.393682  0
24.826667  0.393652  0
24.853333  0.393622  0
24.880000  0.393593  0
24.906667  0.393563  0
24.933333  0.393533  0
24.960000  0.393504  0
24.986667  0.393474  0
25.013333  0.393444  0
25.040000  0.393415  0
25.066667  0.393385  0
25.093333  0.393355  0
25.120000  0.393326  0
25.146667  0.393296  0
25.173333  0.393266  0
25.200000  0.393236  0
