3.253333  0.815271  0
3.280000  0.811996  0
3.306667  0.808559  0
3.333333  0.805027  0
3.360000  0.801443  0
3.386667  0.797832  0
3.413333  0.794209  0
3.440000  0.790581  0
3.466667  0.786951  0
3.493333  0.783319  0
3.520000  0.779688  0
3.546667  0.776056  0
3.573333  0.772424  0
3.600000  0.768792  0
3.626667  0.765161  0
3.653333  0.761529  0
3.680000  0.757897  0
3.706667  0.754266  0
3.733333  0.750637  0
3.760000  0.747011  0
3.786667  0.743392  0
3.813333  0.739788  0
3.840000  0.736213  0
3.866667  0.732690  0
3.893333  0.729250  0
3.920000  0.725936  0
3.946667  0.722796  0
3.973333  0.719878  0
4.000000  0.717221  0
4.026667  0.714842  0
4.053333  0.712734  0
4.080000  0.710859  0
4.106667  0.709158  0
4.133333  0.707562  0
4.160000  0.706000  0
4.186667  0.704412  0
4.213333  0.702756  0
4.240000  0.701008  0
4.266667  0.699163  0
4.293333  0.697228  0
4.320000  0.695218  0
4.346667  0.693152  0
4.373333  0.691050  0
4.400000  0.688927  0
4.426667  0.686794  0
4.453333  0.684655  0
4.480000  0.682510  0
4.506667  0.680349  0
4.533333  0.678157  0
4.560000  0.675913  0
4.586667  0.673592  0
4.613333  0.671161  0
4.640000  0.668586  0
4.666667  0.665828  0
4.693333  0.662847  0
4.720000  0.659604  0
4.746667  0.656061  0
4.773333  0.652185  0
4.800000  0.647952  0
4.826667  0.643348  0
4.853333  0.638376  0
4.880000  0.633052  0
4.906667  0.627412  0
4.933333  0.621507  0
4.960000  0.615404  0
4.986667  0.609179  0
5.013333  0.602916  0
5.040000  0.596699  0
5.066667  0.590608  0
5.093333  0.584713  0
5.120000  0.579072  0
5.146667  0.573729  0
5.173333  0.568709  0
5.200000  0.564025  0
5.226667  0.559674  0
5.253333  0.555644  0
5.280000  0.551913  0
5.306667  0.548457  0
5.333333  0.545246  0
5.360000  0.542257  0
5.386667  0.539465  0
5.413333  0.536852  0
5.440000  0.534404  0
5.466667  0.532111  0
5.493333  0.529971  0
5.520000  0.527980  0
5.546667  0.526138  0
5.573333  0.524447  0
5.600000  0.522906  0
5.626667  0.521511  0
5.653333  0.520259  0
5.680000  0.519143  0
5.706667  0.518152  0
5.733333  0.517277  0
5.760000  0.516504  0
5.786667  0.515821  0
5.813333  0.515212  0
5.840000  0.514663  0
5.866667  0.514161  0
5.893333  0.513691  0
5.920000  0.513240  0
5.946667  0.512796  0
5.973333  0.512349  0
6.000000  0.511893  0
6.026667  0.511425  0
6.053333  0.510944  0
6.080000  0.510456  0
6.106667  0.509967  0
6.133333  0.509487  0
6.160000  0.509027  0
6.186667  0.508600  0
6.213333  0.508217  0
6.240000  0.507891  0
6.266667  0.507629  0
6.293333  0.507441  0
6.320000  0.507330  0
6.346667  0.507301  0
6.373333  0.507355  0
6.400000  0.507489  0
6.426667  0.507701  0
6.453333  0.507984  0
6.480000  0.508328  0
6.506667  0.508723  0
6.533333  0.509151  0
6.560000  0.509595  0
6.586667  0.510035  0
6.613333  0.510446  0
6.640000  0.510807  0
6.666667  0.511092  0
6.693333  0.511278  0
6.720000  0.511343  0
6.746667  0.511264  0
6.773333  0.511021  0
6.800000  0.510596  0
6.826667  0.509968  0
6.853333  0.509120  0
6.880000  0.508034  0
6.906667  0.506695  0
6.933333  0.505090  0
6.960000  0.503213  0
6.986667  0.501064  0
7.013333  0.498654  0
7.040000  0.496002  0
7.066667  0.493144  0
7.093333  0.490121  0
7.120000  0.486988  0
7.146667  0.483803  0
7.173333  0.480627  0
7.200000  0.477518  0
7.226667  0.474529  0
7.253333  0.471700  0
7.280000  0.469064  0
7.306667  0.466637  0
7.333333  0.464428  0
7.360000  0.462434  0
7.386667  0.460646  0
7.413333  0.459052  0
7.440000  0.457636  0
7.466667  0.456383  0
7.493333  0.455278  0
7.520000  0.454310  0
7.546667  0.453468  0
7.573333  0.452743  0
7.600000  0.452131  0
7.626667  0.451626  0
7.653333  0.451228  0
7.680000  0.450939  0
7.706667  0.450762  0
7.733333  0.450705  0
7.760000  0.450777  0
7.786667  0.450986  0
7.813333  0.451340  0
7.840000  0.451845  0
7.866667  0.452502  0
7.893333  0.453307  0
7.920000  0.454247  0
7.946667  0.455304  0
7.973333  0.456454  0
8.000000  0.457667  0
8.026667  0.458910  0
8.053333  0.460150  0
8.080000  0.461355  0
8.106667  0.462497  0
8.133333  0.463553  0
8.160000  0.464506  0
8.186667  0.465346  0
8.213333  0.466068  0
8.240000  0.466673  0
8.266667  0.467165  0
8.293333  0.467553  0
8.320000  0.467848  0
8.346667  0.468061  0
8.373333  0.468207  0
8.400000  0.468300  0
8.426667  0.468357  0
8.453333  0.468395  0
8.480000  0.468429  0
8.506667  0.468476  0
8.533333  0.468549  0
8.560000  0.468662  0
8.586667  0.468821  0
8.613333  0.469029  0
8.640000  0.469285  0
8.666667  0.469580  0
8.693333  0.469901  0
8.720000  0.470230  0
8.746667  0.470546  0
8.773333  0.470825  0
8.800000  0.471043  0
8.826667  0.471177  0
8.853333  0.471210  0
8.880000  0.471124  0
8.906667  0.470914  0
8.933333  0.470576  0
8.960000  0.470116  0
8.986667  0.469544  0
9.013333  0.468875  0
9.040000  0.468130  0
9.066667  0.467329  0
9.093333  0.466491  0
9.120000  0.465636  0
9.146667  0.464779  0
9.173333  0.463932  0
9.200000  0.463102  0
9.226667  0.462295  0
9.253333  0.461512  0
9.280000  0.460752  0
9.306667  0.460014  0
9.333333  0.459295  0
9.360000  0.458592  0
9.386667  0.457902  0
9.413333  0.457224  0
9.440000  0.456555  0
9.466667  0.455893  0
9.493333  0.455237  0
9.520000  0.454586  0
9.546667  0.453941  0
9.573333  0.453303  0
9.600000  0.452673  0
9.626667  0.452052  0
9.653333  0.451443  0
9.680000  0.450844  0
9.706667  0.450256  0
9.733333  0.449675  0
9.760000  0.449094  0
9.786667  0.448506  0
9.813333  0.447901  0
9.840000  0.447267  0
9.866667  0.446595  0
9.893333  0.445874  0
9.920000  0.445101  0
9.946667  0.444272  0
9.973333  0.443393  0
10.000000  0.442473  0
10.026667  0.441524  0
10.053333  0.440563  0
10.080000  0.439610  0
10.106667  0.438682  0
10.133333  0.437796  0
10.160000  0.436968  0
10.186667  0.436207  0
10.213333  0.435519  0
10.240000  0.434906  0
10.266667  0.434365  0
10.293333  0.433893  0
10.320000  0.433480  0
10.346667  0.433120  0
10.373333  0.432803  0
10.400000  0.432520  0
10.426667  0.432264  0
10.453333  0.432028  0
10.480000  0.431805  0
10.506667  0.431592  0
10.533333  0.431384  0
10.560000  0.431178  0
10.586667  0.430972  0
10.613333  0.430765  0
10.640000  0.430554  0
10.666667  0.430337  0
10.693333  0.430114  0
10.720000  0.429881  0
10.746667  0.429637  0
10.773333  0.429379  0
10.800000  0.429105  0
10.826667  0.428811  0
10.853333  0.428497  0
10.880000  0.428161  0
10.906667  0.427801  0
10.933333  0.427419  0
10.960000  0.427016  0
10.986667  0.426595  0
11.013333  0.426159  0
11.040000  0.425714  0
11.066667  0.425265  0
11.093333  0.424817  0
11.120000  0.424375  0
11.146667  0.423945  0
11.173333  0.423530  0
11.200000  0.423132  0
11.226667  0.422750  0
11.253333  0.422386  0
11.280000  0.422037  0
11.306667  0.421701  0
11.333333  0.421375  0
11.360000  0.421057  0
11.386667  0.420746  0
11.413333  0.420441  0
11.440000  0.420143  0
11.466667  0.419852  0
11.493333  0.419571  0
11.520000  0.419303  0
11.546667  0.419048  0
11.573333  0.418811  0
11.600000  0.418591  0
11.626667  0.418391  0
11.653333  0.418209  0
11.680000  0.418047  0
11.706667  0.417903  0
11.733333  0.417777  0
11.760000  0.417666  0
11.786667  0.417570  0
11.813333  0.417486  0
11.840000  0.417413  0
11.866667  0.417347  0
11.893333  0.417286  0
11.920000  0.417228  0
11.946667  0.417170  0
11.973333  0.417109  0
12.000000  0.417043  0
12.026667  0.416972  0
12.053333  0.416893  0
12.080000  0.416807  0
12.106667  0.416715  0
12.133333  0.416615  0
12.160000  0.416509  0
12.186667  0.416397  0
12.213333  0.416278  0
12.240000  0.416152  0
12.266667  0.416019  0
12.293333  0.415878  0
12.320000  0.415729  0
12.346667  0.415573  0
12.373333  0.415410  0
12.400000  0.415241  0
12.426667  0.415070  0
12.453333  0.414898  0
12.480000  0.414728  0
12.506667  0.414564  0
12.533333  0.414407  0
12.560000  0.414261  0
12.586667  0.414127  0
12.613333  0.414008  0
12.640000  0.413904  0
12.666667  0.413816  0
12.693333  0.413744  0
12.720000  0.413688  0
12.746667  0.413646  0
12.773333  0.413617  0
12.800000  0.413599  0
12.826667  0.413590  0
12.853333  0.413585  0
12.880000  0.413583  0
12.906667  0.413580  0
12.933333  0.413572  0
12.960000  0.413558  0
12.986667  0.413533  0
13.013333  0.413496  0
13.040000  0.413446  0
13.066667  0.413382  0
13.093333  0.413304  0
13.120000  0.413212  0
13.146667  0.413109  0
13.173333  0.412995  0
13.200000  0.412874  0
13.226667  0.412747  0
13.253333  0.412617  0
13.280000  0.412487  0
13.306667  0.412359  0
13.333333  0.412236  0
13.360000  0.412119  0
13.386667  0.412010  0
13.413333  0.411911  0
13.440000  0.411822  0
13.466667  0.411745  0
13.493333  0.411680  0
13.520000  0.411626  0
13.546667  0.411584  0
13.573333  0.411550  0
13.600000  0.411525  0
13.626667  0.411504  0
13.653333  0.411485  0
13.680000  0.411465  0
13.706667  0.411442  0
13.733333  0.411413  0
13.760000  0.411377  0
13.786667  0.411333  0
13.813333  0.411281  0
13.840000  0.411226  0
13.866667  0.411168  0
13.893333  0.411114  0
13.920000  0.411066  0
13.946667  0.411031  0
13.973333  0.411012  0
14.000000  0.411014  0
14.026667  0.411038  0
14.053333  0.411086  0
14.080000  0.411158  0
14.106667  0.411252  0
14.133333  0.411364  0
14.160000  0.411490  0
14.186667  0.411624  0
14.213333  0.411761  0
14.240000  0.411894  0
14.266667  0.412018  0
14.293333  0.412128  0
14.320000  0.412221  0
14.346667  0.412295  0
14.373333  0.412347  0
14.400000  0.412380  0
14.426667  0.412394  0
14.453333  0.412391  0
14.480000  0.412375  0
14.506667  0.412349  0
14.533333  0.412317  0
14.560000  0.412282  0
14.586667  0.412247  0
14.613333  0.412215  0
14.640000  0.412186  0
14.666667  0.412162  0
14.693333  0.412143  0
14.720000  0.412127  0
14.746667  0.412114  0
14.773333  0.412103  0
14.800000  0.412093  0
14.826667  0.412082  0
14.853333  0.412072  0
14.880000  0.412061  0
14.906667  0.412051  0
14.933333  0.412042  0
14.960000  0.412035  0
14.986667  0.412032  0
15.013333  0.411927  0
15.040000  0.411823  0
15.066667  0.411718  0
15.093333  0.411613  0
15.120000  0.411509  0
15.146667  0.411404  0
15.173333  0.411299  0
15.200000  0.411195  0
15.226667  0.411090  0
15.253333  0.410985  0
15.280000  0.410881  0
15.306667  0.410776  0
15.333333  0.410671  0
15.360000  0.410567  0
15.386667  0.410462  0
15.413333  0.410358  0
15.440000  0.410253  0
15.466667  0.410148  0
15.493333  0.410044  0
15.520000  0.409939  0
15.546667  0.409834  0
15.573333  0.409730  0
15.600000  0.409625  0
15.626667  0.409520  0
15.653333  0.409416  0
15.680000  0.409311  0
15.706667  0.409206  0
15.733333  0.409102  0
15.760000  0.408997  0
15.786667  0.408892  0
15.813333  0.408788  0
15.840000  0.408683  0
15.866667  0.408579  0
15.893333  0.408474  0
15.920000  0.408369  0
15.946667  0.408265  0
15.973333  0.408160  0
16.000000  0.408055  0
16.026667  0.407951  0
16.053333  0.407846  0
16.080000  0.407741  0
16.106667  0.407637  0
16.133333  0.407532  0
16.160000  0.407427  0
16.186667  0.407323  0
16.213333  0.407218  0
16.240000  0.407113  0
16.266667  0.407009  0
16.293333  0.406904  0
16.320000  0.406800  0
16.346667  0.406695  0
16.373333  0.406590  0
16.400000  0.406486  0
16.426667  0.406381  0
16.453333  0.406276  0
16.480000  0.406172  0
16.506667  0.406067  0
16.533333  0.405962  0
16.560000  0.405858  0
16.586667  0.405753  0
16.613333  0.405648  0
16.640000  0.405544  0
16.666667  0.405439  0
16.693333  0.405334  0
16.720000  0.405230  0
16.746667  0.405125  0
16.773333  0.405021  0
16.800000  0.404916  0
16.826667  0.404811  0
16.853333  0.404707  0
16.880000  0.404602  0
16.906667  0.404497  0
16.933333  0.404393  0
16.960000  0.404288  0
16.986667  0.404183  0
17.013333  0.404079  0
17.040000  0.403974  0
17.066667  0.403869  0
17.093333  0.403765  0
17.120000  0.403660  0
17.146667  0.403555  0
17.173333  0.403451  0
17.200000  0.403346  0
17.226667  0.403242  0
17.253333  0.403137  0
17.280000  0.403032  0
17.306667  0.402928  0
17.333333  0.402823  0
17.360000  0.402718  0
17.386667  0.402614  0
17.413333  0.402509  0
17.440000  0.402404  0
17.466667  0.402300  0
17.493333  0.402195  0
17.520000  0.402090  0
17.546667  0.401986  0
17.573333  0.401881  0
17.600000  0.401776  0
17.626667  0.401672  0
17.653333  0.401567  0
17.680000  0.401463  0
17.706667  0.401358  0
17.733333  0.401253  0
17.760000  0.401149  0
17.786667  0.401044  0
17.813333  0.400939  0
17.840000  0.400835  0
17.866667  0.400730  0
17.893333  0.400625  0
17.920000  0.400521  0
17.946667  0.400416  0
17.973333  0.400311  0
18.000000  0.400207  0
18.026667  0.400102  0
18.053333  0.399997  0
18.080000  0.399893  0
18.106667  0.399788  0
18.133333  0.399683  0
18.160000  0.399579  0
18.186667  0.399474  0
18.213333  0.399370  0
18.240000  0.399265  0
18.266667  0.399160  0
18.293333  0.399056  0
18.320000  0.398951  0
18.346667  0.398846  0
18.373333  0.398742  0
18.400000  0.398637  0
18.426667  0.398532  0
18.453333  0.398428  0
18.480000  0.398323  0
18.506667  0.398218  0
18.533333  0.398114  0
18.560000  0.398009  0
18.586667  0.397904  0
18.613333  0.397800  0
18.640000  0.397695  0
18.666667  0.397591  0
18.693333  0.397486  0
18.720000  0.397381  0
18.746667  0.397277  0
18.773333  0.397172  0
18.800000  0.397067  0
18.826667  0.396963  0
18.853333  0.396858  0
18.880000  0.396753  0
18.906667  0.396649  0
18.933333  0.396544  0
18.960000  0.396439  0
18.986667  0.396335  0
19.013333  0.396230  0
19.040000  0.396125  0
19.066667  0.396021  0
19.093333  0.395916  0
19.120000  0.395812  0
19.146667  0.395707  0
19.173333  0.395602  0
19.200000  0.395498  0
19.226667  0.395393  0
19.253333  0.395288  0
19.280000  0.395184  0
19.306667  0.395079  0
19.333333  0.394974  0
19.360000  0.394870  0
19.386667  0.394765  0
19.413333  0.394660  0
19.440000  0.394556  0
19.466667  0.394451  0
19.493333  0.394346  0
19.520000  0.394242  0
19.546667  0.394137  0
19.573333  0.394033  0
19.600000  0.393928  0
19.626667  0.393823  0
19.653333  0.393719  0
19.680000  0.393614  0
19.706667  0.393509  0
19.733333  0.393405  0
19.760000  0.393300  0
19.786667  0.393195  0
19.813333  0.393091  0
19.840000  0.392986  0
19.866667  0.392881  0
19.893333  0.392777  0
19.920000  0.392672  0
19.946667  0.392567  0
19.973333  0.392463  0
20.000000  0.392358  0
20.026667  0.392254  0
20.053333  0.392149  0
20.080000  0.392044  0
20.106667  0.391940  0
20.133333  0.391835  0
20.160000  0.391730  0
20.186667  0.391626  0
20.213333  0.391521  0
20.240000  0.391416  0
20.266667  0.391312  0
20.293333  0.391207  0
20.320000  0.391102  0
20.346667  0.390998  0
20.373333  0.391002  0
20.400000  0.391011  0
20.426667  0.391021  0
20.453333  0.391030  0
20.480000  0.391039  0
20.506667  0.391048  0
20.533333  0.391057  0
20.560000  0.391066  0
20.586667  0.391076  0
20.613333  0.391085  0
20.640000  0.391094  0
20.666667  0.391103  0
20.693333  0.391112  0
20.720000  0.391121  0
20.746667  0.391130  0
20.773333  0.391140  0
20.800000  0.391149  0
20.826667  0.391158  0
20.853333  0.391167  0
20.880000  0.391176  0
20.906667  0.391185  0
20.933333  0.391194  0
20.960000  0.391204  0
20.986667  0.391213  0
21.013333  0.391222  0
21.040000  0.391231  0
21.066667  0.391240  0
21.093333  0.391249  0
21.120000  0.391259  0
21.146667  0.391268  0
21.173333  0.391277  0
21.200000  0.391286  0
21.226667  0.391295  0
21.253333  0.391304  0
21.280000  0.391313  0
21.306667  0.391323  0
21.333333  0.391332  0
21.360000  0.391341  0
21.386667  0.391350  0
21.413333  0.391359  0
21.440000  0.391368  0
21.466667  0.391377  0
21.493333  0.391387  0
21.520000  0.391396  0
21.546667  0.391405  0
21.573333  0.391414  0
21.600000  0.391423  0
21.626667  0.391432  0
21.653333  0.391442  0
21.680000  0.391451  0
21.706667  0.391460  0
21.733333  0.391469  0
21.760000  0.391478  0
21.786667  0.391487  0
21.813333  0.391496  0
21.840000  0.391506  0
21.866667  0.391515  0
21.893333  0.391524  0
21.920000  0.391533  0
21.946667  0.391542  0
21.973333  0.391551  0
22.000000  0.391560  0
22.026667  0.391570  0
22.053333  0.391579  0
22.080000  0.391588  0
22.106667  0.391597  0
22.133333  0.391606  0
22.160000  0.391615  0
22.186667  0.391625  0
22.213333  0.391634  0
22.240000  0.391643  0
22.266667  0.391652  0
22.293333  0.391661  0
22.320000  0.391670  0
22.346667  0.391679  0
22.373333  0.391689  0
22.400000  0.391698  0
22.426667  0.391707  0
22.453333  0.391716  0
22.480000  0.391725  0
22.506667  0.391734  0
22.533333  0.391743  0
22.560000  0.391753  0
22.586667  0.391762  0
22.613333  0.391771  0
22.640000  0.391780  0
22.666667  0.391789  0
22.693333  0.391798  0
22.720000  0.391808  0
22.746667  0.391817  0
22.773333  0.391826  0
22.800000  0.391835  0
22.826667  0.391844  0
22.853333  0.391853  0
22.880000  0.391862  0
22.906667  0.391872  0
22.933333  0.391881  0
22.960000  0.391890  0
22.986667  0.391899  0
23.013333  0.391908  0
23.040000  0.391917  0
23.066667  0.391927  0
23.093333  0.391936  0
23.120000  0.391945  0
23.146667  0.391954  0
23.173333  0.391963  0
23.200000  0.391972  0
23.226667  0.391981  0
23.253333  0.391991  0
23.280000  0.392000  0
23.306667  0.392009  0
23.333333  0.392018  0
23.360000  0.392027  0
23.386667  0.392036  0
23.413333  0.392045  0
23.440000  0.392055  0
23.466667  0.392064  0
23.493333  0.392073  0
23.520000  0.392082  0
23.546667  0.392091  0
23.573333  0.392100  0
23.600000  0.392110  0
23.626667  0.392119  0
23.653333  0.392128  0
23.680000  0.392137  0
23.706667  0.392146  0
23.733333  0.392155  0
23.760000  0.392164  0
23.786667  0.392174  0
23.813333  0.392183  0
23.840000  0.392192  0
23.866667  0.392201  0
23.893333  0.392210  0
23.920000  0.392219  0
23.946667  0.392228  0
23.973333  0.392238  0
24.000000  0.392247  0
24.026667  0.392256  0
24.053333  0.392265  0
24.080000  0.392274  0
24.106667  0.392283  0
24.133333  0.392293  0
24.160000  0.392302  0
24.186667  0.392311  0
24.213333  0.392320  0
24.240000  0.392329  0
24.266667  0.392338  0
24.293333  0.392347  0
24.320000  0.392357  0
24.346667  0.392366  0
24.373333  0.392375  0
24.400000  0.392384  0
24.426667  0.392393  0
24.453333  0.392402  0
24.480000  0.392411  0
24.506667  0.392421  0
24.533333  0.392430  0
24.560000  0.392439  0
24.586667  0.392448  0
24.613333  0.392457  0
24.640000  0.392466  0
24.666667  0.392476  0
24.693333  0.392485  0
24.720000  0.392494  0
24.746667  0.392503  0
24.773333  0.392512  0
24.800000  0.392521  0
24.826667  0.392530  0
24.853333  0.392540  0
24.880000  0.392549  0
24.906667  0.392558  0
24.933333  0.392567  0
24.960000  0.392576  0
24.986667  0.392585  0
25.013333  0.392594  0
25.040000  0.392604  0
25.066667  0.392613  0
25.093333  0.392622  0
25.120000  0.392631  0
25.146667  0.392640  0
25.173333  0.392649  0
25.200000  0.392659  0
25.226667  0.392668  0
25.253333  0.392677  0
25.280000  0.392686  0
25.306667  0.392695  0
25.333333  0.392704  0
25.360000  0.392713  0
25.386667  0.392723  0
25.413333  0.392732  0
25.440000  0.392741  0
25.466667  0.392750  0
25.493333  0.392759  0
25.520000  0.392768  0
25.546667  0.392777  0
25.573333  0.392787  0
25.600000  0.392796  0
25.626667  0.392805  0
25.653333  0.392814  0
25.680000  0.392823  0
25.706667  0.392832  0
25.733333  0.392842  0
25.760000  0.392851  0
25.786667  0.392860  0
25.813333  0.392869  0
25.840000  0.392878  0
25.866667  0.392887  0
25.893333  0.392896  0
25.920000  0.392906  0
25.946667  0.392915  0
25.973333  0.392924  0
26.000000  0.392933  0
26.026667  0.392942  0
26.053333  0.392951  0
26.080000  0.392960  0
26.106667  0.392970  0
26.133333  0.392979  0
26.160000  0.392988  0
26.186667  0.392997  0
26.213333  0.393006  0
26.240000  0.393015  0
26.266667  0.393025  0
26.293333  0.393034  0
26.320000  0.393043  0
26.346667  0.393052  0
26.373333  0.393061  0
26.400000  0.393070  0
26.426667  0.393079  0
26.453333  0.393089  0
26.480000  0.393098  0
26.506667  0.393107  0
26.533333  0.393116  0
26.560000  0.393125  0
26.586667  0.393134  0
26.613333  0.393143  0
26.640000  0.393153  0
26.666667  0.393162  0
26.693333  0.393171  0
26.720000  0.393180  0
26.746667  0.393189  0
26.773333  0.393198  0
26.800000  0.393208  0
26.826667  0.393217  0
