2.773333  0.694061  0
2.800000  0.693808  0
2.826667  0.693556  0
2.853333  0.693303  0
2.880000  0.693050  0
2.906667  0.692797  0
2.933333  0.692545  0
2.960000  0.692292  0
2.986667  0.692039  0
3.013333  0.691786  0
3.040000  0.691534  0
3.066667  0.691281  0
3.093333  0.691028  0
3.120000  0.690775  0
3.146667  0.690523  0
3.173333  0.690270  0
3.200000  0.690017  0
3.226667  0.689765  0
3.253333  0.689512  0
3.280000  0.689259  0
3.306667  0.689006  0
3.333333  0.688754  0
3.360000  0.688501  0
3.386667  0.688248  0
3.413333  0.687995  0
3.440000  0.687743  0
3.466667  0.687490  0
3.493333  0.687237  0
3.520000  0.686984  0
3.546667  0.686732  0
3.573333  0.686479  0
3.600000  0.686226  0
3.626667  0.685974  0
3.653333  0.685721  0
3.680000  0.685468  0
3.706667  0.685215  0
3.733333  0.684963  0
3.760000  0.684710  0
3.786667  0.684457  0
3.813333  0.684204  0
3.840000  0.683952  0
3.866667  0.683699  0
3.893333  0.683446  0
3.920000  0.683193  0
3.946667  0.682941  0
3.973333  0.682688  0
4.000000  0.682435  0
4.026667  0.682182  0
4.053333  0.682364  0
4.080000  0.682545  0
4.106667  0.682849  0
4.133333  0.683161  0
4.160000  0.683513  0
4.186667  0.683869  0
4.213333  0.684178  0
4.240000  0.684475  0
4.266667  0.684655  0
4.293333  0.684793  0
4.320000  0.684776  0
4.346667  0.684683  0
4.373333  0.684426  0
4.400000  0.684065  0
4.426667  0.683556  0
4.453333  0.682922  0
4.480000  0.682171  0
4.506667  0.681291  0
4.533333  0.680324  0
4.560000  0.679234  0
4.586667  0.678084  0
4.613333  0.676821  0
4.640000  0.675517  0
4.666667  0.674110  0
4.693333  0.672675  0
4.720000  0.671141  0
4.746667  0.669589  0
4.773333  0.667938  0
4.800000  0.666278  0
4.826667  0.664517  0
4.853333  0.662755  0
4.880000  0.660896  0
4.906667  0.659037  0
4.933333  0.657100  0
4.960000  0.655158  0
4.986667  0.653161  0
5.013333  0.651156  0
5.040000  0.649116  0
5.066667  0.647069  0
5.093333  0.645001  0
5.120000  0.642926  0
5.146667  0.640841  0
5.173333  0.638752  0
5.200000  0.636659  0
5.226667  0.634565  0
5.253333  0.632473  0
5.280000  0.630384  0
5.306667  0.628306  0
5.333333  0.626240  0
5.360000  0.624193  0
5.386667  0.622174  0
5.413333  0.620183  0
5.440000  0.618243  0
5.466667  0.616337  0
5.493333  0.614510  0
5.520000  0.612718  0
5.546667  0.611038  0
5.573333  0.609385  0
5.600000  0.607872  0
5.626667  0.606377  0
5.653333  0.605040  0
5.680000  0.603709  0
5.706667  0.602540  0
5.733333  0.601372  0
5.760000  0.600352  0
5.786667  0.599336  0
5.813333  0.598436  0
5.840000  0.597547  0
5.866667  0.596746  0
5.893333  0.595961  0
5.920000  0.595239  0
5.946667  0.594536  0
5.973333  0.593881  0
6.000000  0.593245  0
6.026667  0.592647  0
6.053333  0.592069  0
6.080000  0.591521  0
6.106667  0.590994  0
6.133333  0.590491  0
6.160000  0.590011  0
6.186667  0.589546  0
6.213333  0.589102  0
6.240000  0.588667  0
6.266667  0.588245  0
6.293333  0.587824  0
6.320000  0.587405  0
6.346667  0.586980  0
6.373333  0.586541  0
6.400000  0.586093  0
6.426667  0.585610  0
6.453333  0.585118  0
6.480000  0.584570  0
6.506667  0.584018  0
6.533333  0.583393  0
6.560000  0.582768  0
6.586667  0.582063  0
6.613333  0.581357  0
6.640000  0.580585  0
6.666667  0.579807  0
6.693333  0.578985  0
6.720000  0.578155  0
6.746667  0.577308  0
6.773333  0.576457  0
6.800000  0.575617  0
6.826667  0.574781  0
6.853333  0.573981  0
6.880000  0.573198  0
6.906667  0.572469  0
6.933333  0.571774  0
6.960000  0.571140  0
6.986667  0.570557  0
7.013333  0.570032  0
7.040000  0.569570  0
7.066667  0.569153  0
7.093333  0.568801  0
7.120000  0.568478  0
7.146667  0.568209  0
7.173333  0.567950  0
7.200000  0.567718  0
7.226667  0.567484  0
7.253333  0.567238  0
7.280000  0.566981  0
7.306667  0.566666  0
7.333333  0.566342  0
7.360000  0.565911  0
7.386667  0.565478  0
7.413333  0.564899  0
7.440000  0.564319  0
7.466667  0.563582  0
7.493333  0.562838  0
7.520000  0.561949  0
7.546667  0.561040  0
7.573333  0.560012  0
7.600000  0.558958  0
7.626667  0.557813  0
7.653333  0.556640  0
7.680000  0.555406  0
7.706667  0.554146  0
7.733333  0.552851  0
7.760000  0.551535  0
7.786667  0.550205  0
7.813333  0.548862  0
7.840000  0.547515  0
7.866667  0.546165  0
7.893333  0.544818  0
7.920000  0.543473  0
7.946667  0.542132  0
7.973333  0.540798  0
8.000000  0.539468  0
8.026667  0.538145  0
8.053333  0.536824  0
8.080000  0.535510  0
8.106667  0.534197  0
8.133333  0.532889  0
8.160000  0.531581  0
8.186667  0.530277  0
8.213333  0.528973  0
8.240000  0.527674  0
8.266667  0.526374  0
8.293333  0.525081  0
8.320000  0.523789  0
8.346667  0.522507  0
8.373333  0.521227  0
8.400000  0.519963  0
8.426667  0.518702  0
8.453333  0.517463  0
8.480000  0.516231  0
8.506667  0.515025  0
8.533333  0.513830  0
8.560000  0.512666  0
8.586667  0.511519  0
8.613333  0.510406  0
8.640000  0.509316  0
8.666667  0.508262  0
8.693333  0.507239  0
8.720000  0.506250  0
8.746667  0.505302  0
8.773333  0.504384  0
8.800000  0.503514  0
8.826667  0.502671  0
8.853333  0.501883  0
8.880000  0.501115  0
8.906667  0.500408  0
8.933333  0.499714  0
8.960000  0.499083  0
8.986667  0.498461  0
9.013333  0.497900  0
9.040000  0.497343  0
9.066667  0.496846  0
9.093333  0.496348  0
9.120000  0.495905  0
9.146667  0.495463  0
9.173333  0.495065  0
9.200000  0.494671  0
9.226667  0.494316  0
9.253333  0.493968  0
9.280000  0.493655  0
9.306667  0.493351  0
9.333333  0.493082  0
9.360000  0.492827  0
9.386667  0.492607  0
9.413333  0.492405  0
9.440000  0.492241  0
9.466667  0.492101  0
9.493333  0.491997  0
9.520000  0.491926  0
9.546667  0.491739  0
9.573333  0.491552  0
9.600000  0.491366  0
9.626667  0.491179  0
9.653333  0.490992  0
9.680000  0.490805  0
9.706667  0.490619  0
9.733333  0.490432  0
9.760000  0.490245  0
9.786667  0.490059  0
9.813333  0.489872  0
9.840000  0.489685  0
9.866667  0.489499  0
9.893333  0.489312  0
9.920000  0.489125  0
9.946667  0.488939  0
9.973333  0.488752  0
10.000000  0.488565  0
10.026667  0.488379  0
10.053333  0.488192  0
10.080000  0.488005  0
10.106667  0.487819  0
10.133333  0.487632  0
10.160000  0.487445  0
10.186667  0.487259  0
10.213333  0.487072  0
10.240000  0.486885  0
10.266667  0.486699  0
10.293333  0.486512  0
10.320000  0.486325  0
10.346667  0.486138  0
10.373333  0.485952  0
10.400000  0.485765  0
10.426667  0.485578  0
10.453333  0.485392  0
10.480000  0.485205  0
10.506667  0.485018  0
10.533333  0.484832  0
10.560000  0.484645  0
10.586667  0.484458  0
10.613333  0.484272  0
10.640000  0.484085  0
10.666667  0.483898  0
10.693333  0.483712  0
10.720000  0.483525  0
10.746667  0.483338  0
10.773333  0.483152  0
10.800000  0.482965  0
10.826667  0.482778  0
10.853333  0.482592  0
10.880000  0.482405  0
10.906667  0.482218  0
10.933333  0.482031  0
10.960000  0.481845  0
10.986667  0.481658  0
11.013333  0.481471  0
11.040000  0.481285  0
11.066667  0.481098  0
11.093333  0.480911  0
11.120000  0.480725  0
11.146667  0.480538  0
11.173333  0.480351  0
11.200000  0.480165  0
11.226667  0.479978  0
11.253333  0.479791  0
11.280000  0.479605  0
11.306667  0.479418  0
11.333333  0.479231  0
11.360000  0.479045  0
11.386667  0.478858  0
11.413333  0.478671  0
11.440000  0.478485  0
11.466667  0.478298  0
11.493333  0.478111  0
11.520000  0.477925  0
11.546667  0.477738  0
11.573333  0.477551  0
11.600000  0.477364  0
11.626667  0.477178  0
11.653333  0.476991  0
11.680000  0.476804  0
11.706667  0.476618  0
11.733333  0.476431  0
11.760000  0.476244  0
11.786667  0.476058  0
11.813333  0.475871  0
11.840000  0.475684  0
11.866667  0.475498  0
11.893333  0.475311  0
11.920000  0.475124  0
11.946667  0.474938  0
11.973333  0.474751  0
12.000000  0.474564  0
12.026667  0.474378  0
12.053333  0.474191  0
12.080000  0.474004  0
12.106667  0.473818  0
12.133333  0.473631  0
12.160000  0.473444  0
12.186667  0.473257  0
12.213333  0.473071  0
12.240000  0.472884  0
12.266667  0.472697  0
12.293333  0.472511  0
12.320000  0.472324  0
12.346667  0.472137  0
12.373333  0.471951  0
12.400000  0.471764  0
12.426667  0.471577  0
12.453333  0.471391  0
12.480000  0.471204  0
12.506667  0.471017  0
12.533333  0.470831  0
12.560000  0.470644  0
12.586667  0.470457  0
12.613333  0.470271  0
12.640000  0.470084  0
12.666667  0.469897  0
12.693333  0.469711  0
12.720000  0.469524  0
12.746667  0.469337  0
12.773333  0.469150  0
12.800000  0.468964  0
12.826667  0.468777  0
12.853333  0.468590  0
12.880000  0.468404  0
12.906667  0.468217  0
12.933333  0.468030  0
12.960000  0.467844  0
12.986667  0.467657  0
13.013333  0.467470  0
13.040000  0.467284  0
13.066667  0.467097  0
13.093333  0.466910  0
13.120000  0.466724  0
13.146667  0.466537  0
13.173333  0.466350  0
13.200000  0.466164  0
13.226667  0.465977  0
13.253333  0.465790  0
13.280000  0.465604  0
13.306667  0.465417  0
13.333333  0.465230  0
13.360000  0.465044  0
13.386667  0.464857  0
13.413333  0.464670  0
13.440000  0.464483  0
13.466667  0.464297  0
13.493333  0.464110  0
13.520000  0.463923  0
13.546667  0.463737  0
13.573333  0.463550  0
13.600000  0.463363  0
13.626667  0.463177  0
13.653333  0.462990  0
13.680000  0.462803  0
13.706667  0.462617  0
13.733333  0.462430  0
13.760000  0.462243  0
13.786667  0.462057  0
13.813333  0.461870  0
13.840000  0.461683  0
13.866667  0.461497  0
13.893333  0.461310  0
13.920000  0.461123  0
13.946667  0.460937  0
13.973333  0.460750  0
14.000000  0.460563  0
14.026667  0.460376  0
14.053333  0.460190  0
14.080000  0.460003  0
14.106667  0.459816  0
14.133333  0.459630  0
14.160000  0.459443  0
14.186667  0.459256  0
14.213333  0.459070  0
14.240000  0.458883  0
14.266667  0.458696  0
14.293333  0.458510  0
14.320000  0.458323  0
14.346667  0.458136  0
14.373333  0.457950  0
14.400000  0.457763  0
14.426667  0.457576  0
14.453333  0.457390  0
14.480000  0.457203  0
14.506667  0.457016  0
14.533333  0.456830  0
14.560000  0.456643  0
14.586667  0.456456  0
14.613333  0.456270  0
14.640000  0.456083  0
14.666667  0.455896  0
14.693333  0.455709  0
14.720000  0.455523  0
14.746667  0.455336  0
14.773333  0.455149  0
14.800000  0.454963  0
14.826667  0.454776  0
14.853333  0.454589  0
14.880000  0.454403  0
14.906667  0.454216  0
14.933333  0.454029  0
14.960000  0.453843  0
14.986667  0.453656  0
15.013333  0.453469  0
15.040000  0.453283  0
15.066667  0.453096  0
15.093333  0.452909  0
15.120000  0.452723  0
15.146667  0.452536  0
15.173333  0.452349  0
15.200000  0.452163  0
15.226667  0.451976  0
15.253333  0.451789  0
15.280000  0.451602  0
15.306667  0.451416  0
15.333333  0.451229  0
15.360000  0.451042  0
15.386667  0.450856  0
15.413333  0.450669  0
15.440000  0.450482  0
15.466667  0.450296  0
15.493333  0.450109  0
15.520000  0.449922  0
15.546667  0.449736  0
15.573333  0.449549  0
15.600000  0.449362  0
15.626667  0.449176  0
15.653333  0.448989  0
15.680000  0.448802  0
15.706667  0.448616  0
15.733333  0.448429  0
15.760000  0.448242  0
15.786667  0.448056  0
15.813333  0.447869  0
15.840000  0.447682  0
15.866667  0.447495  0
15.893333  0.447309  0
15.920000  0.447122  0
15.946667  0.446935  0
15.973333  0.446749  0
16.000000  0.446634  0
16.026667  0.446521  0
16.053333  0.446409  0
16.080000  0.446296  0
16.106667  0.446184  0
16.133333  0.446072  0
16.160000  0.445959  0
16.186667  0.445847  0
16.213333  0.445734  0
16.240000  0.445622  0
16.266667  0.445510  0
16.293333  0.445397  0
16.320000  0.445285  0
16.346667  0.445173  0
16.373333  0.445060  0
16.400000  0.444948  0
16.426667  0.444835  0
16.453333  0.444723  0
16.480000  0.444611  0
16.506667  0.444498  0
16.533333  0.444386  0
16.560000  0.444273  0
16.586667  0.444161  0
16.613333  0.444049  0
16.640000  0.443936  0
16.666667  0.443824  0
16.693333  0.443711  0
16.720000  0.443599  0
16.746667  0.443487  0
16.773333  0.443374  0
16.800000  0.443262  0
16.826667  0.443149  0
16.853333  0.443037  0
16.880000  0.442925  0
16.906667  0.442812  0
16.933333  0.442700  0
16.960000  0.442587  0
16.986667  0.442475  0
17.013333  0.442363  0
17.040000  0.442250  0
17.066667  0.442138  0
17.093333  0.442025  0
17.120000  0.441913  0
17.146667  0.441801  0
17.173333  0.441688  0
17.200000  0.441576  0
17.226667  0.441464  0
17.253333  0.441351  0
17.280000  0.441239  0
17.306667  0.441126  0
17.333333  0.441014  0
17.360000  0.440902  0
17.386667  0.440789  0
17.413333  0.440677  0
17.440000  0.440564  0
17.466667  0.440452  0
17.493333  0.440340  0
17.520000  0.440227  0
17.546667  0.440115  0
17.573333  0.440002  0
17.600000  0.439890  0
17.626667  0.439778  0
17.653333  0.439665  0
17.680000  0.439553  0
17.706667  0.439440  0
17.733333  0.439328  0
17.760000  0.439216  0
17.786667  0.439103  0
17.813333  0.438991  0
17.840000  0.438878  0
17.866667  0.438766  0
17.893333  0.438654  0
17.920000  0.438541  0
17.946667  0.438429  0
17.973333  0.438317  0
18.000000  0.438204  0
18.026667  0.438092  0
18.053333  0.437979  0
18.080000  0.437867  0
18.106667  0.437755  0
18.133333  0.437642  0
18.160000  0.437530  0
18.186667  0.437417  0
18.213333  0.437305  0
18.240000  0.437193  0
18.266667  0.437080  0
18.293333  0.436968  0
18.320000  0.436855  0
18.346667  0.436743  0
18.373333  0.436631  0
18.400000  0.436518  0
18.426667  0.436406  0
18.453333  0.436293  0
18.480000  0.436181  0
18.506667  0.436069  0
18.533333  0.435956  0
18.560000  0.435844  0
18.586667  0.435731  0
18.613333  0.435619  0
18.640000  0.435507  0
18.666667  0.435394  0
18.693333  0.435282  0
18.720000  0.435170  0
18.746667  0.435057  0
18.773333  0.434945  0
18.800000  0.434832  0
18.826667  0.434720  0
18.853333  0.434608  0
18.880000  0.434495  0
18.906667  0.434383  0
18.933333  0.434270  0
18.960000  0.434158  0
18.986667  0.434046  0
19.013333  0.433933  0
19.040000  0.433821  0
19.066667  0.433708  0
19.093333  0.433596  0
19.120000  0.433484  0
19.146667  0.433371  0
19.173333  0.433259  0
19.200000  0.433146  0
19.226667  0.433034  0
19.253333  0.432922  0
19.280000  0.432809  0
19.306667  0.432697  0
19.333333  0.432584  0
19.360000  0.432472  0
19.386667  0.432360  0
19.413333  0.432247  0
19.440000  0.432135  0
19.466667  0.432022  0
19.493333  0.431910  0
19.520000  0.431798  0
19.546667  0.431685  0
19.573333  0.431573  0
19.600000  0.431461  0
19.626667  0.431348  0
19.653333  0.431236  0
19.680000  0.431123  0
19.706667  0.431011  0
19.733333  0.430899  0
19.760000  0.430786  0
19.786667  0.430674  0
19.813333  0.430561  0
19.840000  0.430449  0
19.866667  0.430337  0
19.893333  0.430224  0
19.920000  0.430112  0
19.946667  0.429999  0
19.973333  0.429887  0
20.000000  0.429775  0
20.026667  0.429662  0
20.053333  0.429550  0
20.080000  0.429437  0
20.106667  0.429325  0
20.133333  0.429213  0
20.160000  0.429100  0
20.186667  0.428988  0
20.213333  0.428875  0
20.240000  0.428763  0
20.266667  0.428651  0
20.293333  0.428538  0
20.320000  0.428426  0
20.346667  0.428314  0
20.373333  0.428201  0
20.400000  0.428089  0
20.426667  0.427976  0
20.453333  0.427864  0
20.480000  0.427752  0
20.506667  0.427639  0
20.533333  0.427527  0
20.560000  0.427414  0
20.586667  0.427302  0
20.613333  0.427190  0
20.640000  0.427077  0
20.666667  0.426965  0
20.693333  0.426852  0
20.720000  0.426740  0
