3.253333  0.797208  0
3.280000  0.796226  0
3.306667  0.794318  0
3.333333  0.791590  0
3.360000  0.788178  0
3.386667  0.784235  0
3.413333  0.779915  0
3.440000  0.775358  0
3.466667  0.770689  0
3.493333  0.766012  0
3.520000  0.761416  0
3.546667  0.756973  0
3.573333  0.752742  0
3.600000  0.748767  0
3.626667  0.745077  0
3.653333  0.741683  0
3.680000  0.738582  0
3.706667  0.735754  0
3.733333  0.733168  0
3.760000  0.730784  0
3.786667  0.728561  0
3.813333  0.726461  0
3.840000  0.724449  0
3.866667  0.722498  0
3.893333  0.720587  0
3.920000  0.718704  0
3.946667  0.716839  0
3.973333  0.714989  0
4.000000  0.713154  0
4.026667  0.711336  0
4.053333  0.709538  0
4.080000  0.707764  0
4.106667  0.706016  0
4.133333  0.704298  0
4.160000  0.702611  0
4.186667  0.700954  0
4.213333  0.699325  0
4.240000  0.697722  0
4.266667  0.696141  0
4.293333  0.694577  0
4.320000  0.693025  0
4.346667  0.691483  0
4.373333  0.689946  0
4.400000  0.688412  0
4.426667  0.686879  0
4.453333  0.685345  0
4.480000  0.683808  0
4.506667  0.682268  0
4.533333  0.680722  0
4.560000  0.679172  0
4.586667  0.677616  0
4.613333  0.676054  0
4.640000  0.674486  0
4.666667  0.672914  0
4.693333  0.671338  0
4.720000  0.669759  0
4.746667  0.668177  0
4.773333  0.666593  0
4.800000  0.665008  0
4.826667  0.663423  0
4.853333  0.661837  0
4.880000  0.660251  0
4.906667  0.658666  0
4.933333  0.657081  0
4.960000  0.655497  0
4.986667  0.653914  0
5.013333  0.652331  0
5.040000  0.650750  0
5.066667  0.649169  0
5.093333  0.647589  0
5.120000  0.646010  0
5.146667  0.644430  0
5.173333  0.642849  0
5.200000  0.641264  0
5.226667  0.639671  0
5.253333  0.638063  0
5.280000  0.636432  0
5.306667  0.634761  0
5.333333  0.633031  0
5.360000  0.631213  0
5.386667  0.629277  0
5.413333  0.627184  0
5.440000  0.624899  0
5.466667  0.622388  0
5.493333  0.619627  0
5.520000  0.616606  0
5.546667  0.613330  0
5.573333  0.609822  0
5.600000  0.606120  0
5.626667  0.602275  0
5.653333  0.598345  0
5.680000  0.594389  0
5.706667  0.590461  0
5.733333  0.586609  0
5.760000  0.582865  0
5.786667  0.579251  0
5.813333  0.575776  0
5.840000  0.572439  0
5.866667  0.569234  0
5.893333  0.566150  0
5.920000  0.563178  0
5.946667  0.560313  0
5.973333  0.557552  0
6.000000  0.554895  0
6.026667  0.552346  0
6.053333  0.549905  0
6.080000  0.547574  0
6.106667  0.545349  0
6.133333  0.543222  0
6.160000  0.541182  0
6.186667  0.539215  0
6.213333  0.537308  0
6.240000  0.535447  0
6.266667  0.533618  0
6.293333  0.531813  0
6.320000  0.530025  0
6.346667  0.528247  0
6.373333  0.526479  0
6.400000  0.524718  0
6.426667  0.522964  0
6.453333  0.521219  0
6.480000  0.519484  0
6.506667  0.517759  0
6.533333  0.516046  0
6.560000  0.514344  0
6.586667  0.512653  0
6.613333  0.510973  0
6.640000  0.509301  0
6.666667  0.507637  0
6.693333  0.505977  0
6.720000  0.504320  0
6.746667  0.502662  0
6.773333  0.501000  0
6.800000  0.499329  0
6.826667  0.497644  0
6.853333  0.495937  0
6.880000  0.494200  0
6.906667  0.492424  0
6.933333  0.490601  0
6.960000  0.488723  0
6.986667  0.486786  0
7.013333  0.484790  0
7.040000  0.482743  0
7.066667  0.480659  0
7.093333  0.478558  0
7.120000  0.476470  0
7.146667  0.474428  0
7.173333  0.472471  0
7.200000  0.470636  0
7.226667  0.468958  0
7.253333  0.467466  0
7.280000  0.466176  0
7.306667  0.465095  0
7.333333  0.464215  0
7.360000  0.463519  0
7.386667  0.462980  0
7.413333  0.462569  0
7.440000  0.462253  0
7.466667  0.462002  0
7.493333  0.461792  0
7.520000  0.461600  0
7.546667  0.461411  0
7.573333  0.461213  0
7.600000  0.460998  0
7.626667  0.460760  0
7.653333  0.460494  0
7.680000  0.460198  0
7.706667  0.459869  0
7.733333  0.459505  0
7.760000  0.459104  0
7.786667  0.458666  0
7.813333  0.458189  0
7.840000  0.457672  0
7.866667  0.457115  0
7.893333  0.456517  0
7.920000  0.455878  0
7.946667  0.455198  0
7.973333  0.454478  0
8.000000  0.453718  0
8.026667  0.452920  0
8.053333  0.452084  0
8.080000  0.451213  0
8.106667  0.450308  0
8.133333  0.449372  0
8.160000  0.448406  0
8.186667  0.447414  0
8.213333  0.446397  0
8.240000  0.445360  0
8.266667  0.444305  0
8.293333  0.443236  0
8.320000  0.442156  0
8.346667  0.441069  0
8.373333  0.439978  0
8.400000  0.438888  0
8.426667  0.437801  0
8.453333  0.436721  0
8.480000  0.435653  0
8.506667  0.434599  0
8.533333  0.433562  0
8.560000  0.432547  0
8.586667  0.431555  0
8.613333  0.430591  0
8.640000  0.429655  0
8.666667  0.428752  0
8.693333  0.427883  0
8.720000  0.427050  0
8.746667  0.426254  0
8.773333  0.425499  0
8.800000  0.424785  0
8.826667  0.424113  0
8.853333  0.423485  0
8.880000  0.422901  0
8.906667  0.422362  0
8.933333  0.421870  0
8.960000  0.421425  0
8.986667  0.421026  0
9.013333  0.420676  0
9.040000  0.420374  0
9.066667  0.420120  0
9.093333  0.419915  0
9.120000  0.419758  0
9.146667  0.419651  0
9.173333  0.419591  0
9.200000  0.419580  0
9.226667  0.419617  0
9.253333  0.419700  0
9.280000  0.419830  0
9.306667  0.420005  0
9.333333  0.420224  0
9.360000  0.420485  0
9.386667  0.420787  0
9.413333  0.421127  0
9.440000  0.421505  0
9.466667  0.421917  0
9.493333  0.422360  0
9.520000  0.422833  0
9.546667  0.423331  0
9.573333  0.423852  0
9.600000  0.424393  0
9.626667  0.424951  0
9.653333  0.425522  0
9.680000  0.426104  0
9.706667  0.426692  0
9.733333  0.427285  0
9.760000  0.427879  0
9.786667  0.428473  0
9.813333  0.429063  0
9.840000  0.429648  0
9.866667  0.430226  0
9.893333  0.430795  0
9.920000  0.431356  0
9.946667  0.431906  0
9.973333  0.432446  0
10.000000  0.432975  0
10.026667  0.433494  0
10.053333  0.434001  0
10.080000  0.434499  0
10.106667  0.434987  0
10.133333  0.435465  0
10.160000  0.435933  0
10.186667  0.436392  0
10.213333  0.436842  0
10.240000  0.437283  0
10.266667  0.437714  0
10.293333  0.438134  0
10.320000  0.438543  0
10.346667  0.438941  0
10.373333  0.439325  0
10.400000  0.439694  0
10.426667  0.440047  0
10.453333  0.440382  0
10.480000  0.440697  0
10.506667  0.440990  0
10.533333  0.441260  0
10.560000  0.441505  0
10.586667  0.441722  0
10.613333  0.441910  0
10.640000  0.442067  0
10.666667  0.442192  0
10.693333  0.442282  0
10.720000  0.442337  0
10.746667  0.442354  0
10.773333  0.442333  0
10.800000  0.442273  0
10.826667  0.442171  0
10.853333  0.442027  0
10.880000  0.441840  0
10.906667  0.441609  0
10.933333  0.441332  0
10.960000  0.441009  0
10.986667  0.440638  0
11.013333  0.440220  0
11.040000  0.439753  0
11.066667  0.439236  0
11.093333  0.438669  0
11.120000  0.438053  0
11.146667  0.437386  0
11.173333  0.436670  0
11.200000  0.435906  0
11.226667  0.435093  0
11.253333  0.434235  0
11.280000  0.433334  0
11.306667  0.432391  0
11.333333  0.431410  0
11.360000  0.430395  0
11.386667  0.429350  0
11.413333  0.428280  0
11.440000  0.427189  0
11.466667  0.426084  0
11.493333  0.424970  0
11.520000  0.423853  0
11.546667  0.422739  0
11.573333  0.421634  0
11.600000  0.420545  0
11.626667  0.419478  0
11.653333  0.418437  0
11.680000  0.417429  0
11.706667  0.416458  0
11.733333  0.415529  0
11.760000  0.414645  0
11.786667  0.413809  0
11.813333  0.413023  0
11.840000  0.412290  0
11.866667  0.411610  0
11.893333  0.410983  0
11.920000  0.410409  0
11.946667  0.409888  0
11.973333  0.409417  0
12.000000  0.408995  0
12.026667  0.408619  0
12.053333  0.408286  0
12.080000  0.407995  0
12.106667  0.407741  0
12.133333  0.407522  0
12.160000  0.407334  0
12.186667  0.407174  0
12.213333  0.407040  0
12.240000  0.406929  0
12.266667  0.406837  0
12.293333  0.406763  0
12.320000  0.406704  0
12.346667  0.406659  0
12.373333  0.406625  0
12.400000  0.406601  0
12.426667  0.406585  0
12.453333  0.406577  0
12.480000  0.406576  0
12.506667  0.406580  0
12.533333  0.406589  0
12.560000  0.406602  0
12.586667  0.406618  0
12.613333  0.406638  0
12.640000  0.406659  0
12.666667  0.406682  0
12.693333  0.406706  0
12.720000  0.406731  0
12.746667  0.406756  0
12.773333  0.406780  0
12.800000  0.406802  0
12.826667  0.406823  0
12.853333  0.406842  0
12.880000  0.406858  0
12.906667  0.406871  0
12.933333  0.406881  0
12.960000  0.406886  0
12.986667  0.406887  0
13.013333  0.406883  0
13.040000  0.406875  0
13.066667  0.406863  0
13.093333  0.406845  0
13.120000  0.406823  0
13.146667  0.406796  0
13.173333  0.406764  0
13.200000  0.406728  0
13.226667  0.406688  0
13.253333  0.406644  0
13.280000  0.406597  0
13.306667  0.406545  0
13.333333  0.406491  0
13.360000  0.406433  0
13.386667  0.406372  0
13.413333  0.406308  0
13.440000  0.406240  0
13.466667  0.406169  0
13.493333  0.406094  0
13.520000  0.406015  0
13.546667  0.405931  0
13.573333  0.405843  0
13.600000  0.405748  0
13.626667  0.405647  0
13.653333  0.405539  0
13.680000  0.405422  0
13.706667  0.405296  0
13.733333  0.405160  0
13.760000  0.405013  0
13.786667  0.404855  0
13.813333  0.404683  0
13.840000  0.404498  0
13.866667  0.404299  0
13.893333  0.404085  0
13.920000  0.403856  0
13.946667  0.403611  0
13.973333  0.403351  0
14.000000  0.403074  0
14.026667  0.402782  0
14.053333  0.402474  0
14.080000  0.402151  0
14.106667  0.401813  0
14.133333  0.401462  0
14.160000  0.401098  0
14.186667  0.400722  0
14.213333  0.400336  0
14.240000  0.399940  0
14.266667  0.399537  0
14.293333  0.399127  0
14.320000  0.398712  0
14.346667  0.398295  0
14.373333  0.397875  0
14.400000  0.397456  0
14.426667  0.397039  0
14.453333  0.396626  0
14.480000  0.396218  0
14.506667  0.395817  0
14.533333  0.395425  0
14.560000  0.395044  0
14.586667  0.394674  0
14.613333  0.394318  0
14.640000  0.393976  0
14.666667  0.393652  0
14.693333  0.393345  0
14.720000  0.393058  0
14.746667  0.392791  0
14.773333  0.392546  0
14.800000  0.392324  0
14.826667  0.392126  0
14.853333  0.391954  0
14.880000  0.391808  0
14.906667  0.391690  0
14.933333  0.391601  0
14.960000  0.391541  0
14.986667  0.391511  0
15.013333  0.391428  0
15.040000  0.391345  0
15.066667  0.391263  0
15.093333  0.391180  0
15.120000  0.391097  0
15.146667  0.391015  0
15.173333  0.390932  0
15.200000  0.390850  0
15.226667  0.390767  0
15.253333  0.390684  0
15.280000  0.390602  0
15.306667  0.390519  0
15.333333  0.390436  0
15.360000  0.390354  0
15.386667  0.390271  0
15.413333  0.390189  0
15.440000  0.390106  0
15.466667  0.390023  0
15.493333  0.389941  0
15.520000  0.389858  0
15.546667  0.389775  0
15.573333  0.389693  0
15.600000  0.389610  0
15.626667  0.389528  0
15.653333  0.389445  0
15.680000  0.389362  0
15.706667  0.389280  0
15.733333  0.389197  0
15.760000  0.389114  0
15.786667  0.389032  0
15.813333  0.388949  0
15.840000  0.388867  0
15.866667  0.388784  0
15.893333  0.388701  0
15.920000  0.388619  0
15.946667  0.388536  0
15.973333  0.388453  0
16.000000  0.388371  0
16.026667  0.388288  0
16.053333  0.388206  0
16.080000  0.388123  0
16.106667  0.388040  0
16.133333  0.387958  0
16.160000  0.387875  0
16.186667  0.387792  0
16.213333  0.387710  0
16.240000  0.387627  0
16.266667  0.387545  0
16.293333  0.387462  0
16.320000  0.387379  0
16.346667  0.387297  0
16.373333  0.387214  0
16.400000  0.387131  0
16.426667  0.387049  0
16.453333  0.386966  0
16.480000  0.386884  0
16.506667  0.386801  0
16.533333  0.386718  0
16.560000  0.386636  0
16.586667  0.386553  0
16.613333  0.386470  0
16.640000  0.386388  0
16.666667  0.386305  0
16.693333  0.386223  0
16.720000  0.386140  0
16.746667  0.386057  0
16.773333  0.385975  0
16.800000  0.385892  0
16.826667  0.385809  0
16.853333  0.385727  0
16.880000  0.385644  0
16.906667  0.385562  0
16.933333  0.385479  0
16.960000  0.385396  0
16.986667  0.385314  0
17.013333  0.385231  0
17.040000  0.385148  0
17.066667  0.385066  0
17.093333  0.384983  0
17.120000  0.384901  0
17.146667  0.384818  0
17.173333  0.384735  0
17.200000  0.384653  0
17.226667  0.384570  0
17.253333  0.384487  0
17.280000  0.384405  0
17.306667  0.384322  0
17.333333  0.384240  0
17.360000  0.384157  0
17.386667  0.384074  0
17.413333  0.383992  0
17.440000  0.383909  0
17.466667  0.383826  0
17.493333  0.383744  0
17.520000  0.383661  0
17.546667  0.383579  0
17.573333  0.383496  0
17.600000  0.383413  0
17.626667  0.383331  0
17.653333  0.383248  0
17.680000  0.383165  0
17.706667  0.383083  0
17.733333  0.383000  0
17.760000  0.382918  0
17.786667  0.382835  0
17.813333  0.382752  0
17.840000  0.382670  0
17.866667  0.382587  0
17.893333  0.382504  0
17.920000  0.382422  0
17.946667  0.382339  0
17.973333  0.382257  0
18.000000  0.382174  0
18.026667  0.382091  0
18.053333  0.382009  0
18.080000  0.381926  0
18.106667  0.381843  0
18.133333  0.381761  0
18.160000  0.381678  0
18.186667  0.381596  0
18.213333  0.381513  0
18.240000  0.381430  0
18.266667  0.381348  0
18.293333  0.381265  0
18.320000  0.381182  0
18.346667  0.381100  0
18.373333  0.381017  0
18.400000  0.380935  0
18.426667  0.380852  0
18.453333  0.380769  0
18.480000  0.380687  0
18.506667  0.380604  0
18.533333  0.380521  0
18.560000  0.380439  0
18.586667  0.380356  0
18.613333  0.380274  0
18.640000  0.380191  0
18.666667  0.380108  0
18.693333  0.380026  0
18.720000  0.379943  0
18.746667  0.379860  0
18.773333  0.379778  0
18.800000  0.379695  0
18.826667  0.379613  0
18.853333  0.379530  0
18.880000  0.379447  0
18.906667  0.379365  0
18.933333  0.379282  0
18.960000  0.379199  0
18.986667  0.379117  0
19.013333  0.379034  0
19.040000  0.378952  0
19.066667  0.378869  0
19.093333  0.378786  0
19.120000  0.378704  0
19.146667  0.378621  0
19.173333  0.378538  0
19.200000  0.378456  0
19.226667  0.378373  0
19.253333  0.378291  0
19.280000  0.378208  0
19.306667  0.378125  0
19.333333  0.378043  0
19.360000  0.377960  0
19.386667  0.377877  0
19.413333  0.377795  0
19.440000  0.377712  0
19.466667  0.377630  0
19.493333  0.377547  0
19.520000  0.377464  0
19.546667  0.377382  0
19.573333  0.377299  0
19.600000  0.377216  0
19.626667  0.377134  0
19.653333  0.377051  0
19.680000  0.376969  0
19.706667  0.376886  0
19.733333  0.376803  0
19.760000  0.376721  0
19.786667  0.376638  0
19.813333  0.376556  0
19.840000  0.376473  0
19.866667  0.376390  0
19.893333  0.376308  0
19.920000  0.376225  0
19.946667  0.376142  0
19.973333  0.376060  0
20.000000  0.375977  0
20.026667  0.375895  0
20.053333  0.375812  0
20.080000  0.375729  0
20.106667  0.375647  0
20.133333  0.375564  0
20.160000  0.375481  0
20.186667  0.375399  0
20.213333  0.375316  0
20.240000  0.375234  0
20.266667  0.375151  0
20.293333  0.375068  0
20.320000  0.374986  0
20.346667  0.374903  0
20.373333  0.374820  0
20.400000  0.374738  0
20.426667  0.374655  0
20.453333  0.374573  0
20.480000  0.374490  0
20.506667  0.374407  0
20.533333  0.374325  0
20.560000  0.374242  0
20.586667  0.374159  0
20.613333  0.374077  0
20.640000  0.373994  0
20.666667  0.373912  0
20.693333  0.373829  0
20.720000  0.373746  0
20.746667  0.373664  0
20.773333  0.373581  0
20.800000  0.373498  0
20.826667  0.373416  0
20.853333  0.373333  0
20.880000  0.373251  0
20.906667  0.373168  0
20.933333  0.373085  0
20.960000  0.373003  0
20.986667  0.372920  0
21.013333  0.372837  0
21.040000  0.372755  0
21.066667  0.372672  0
21.093333  0.372590  0
21.120000  0.372507  0
21.146667  0.372424  0
21.173333  0.372342  0
21.200000  0.372259  0
21.226667  0.372176  0
21.253333  0.372094  0
21.280000  0.372011  0
21.306667  0.371929  0
21.333333  0.371846  0
21.360000  0.371763  0
21.386667  0.371681  0
21.413333  0.371598  0
21.440000  0.371515  0
21.466667  0.371433  0
21.493333  0.371350  0
21.520000  0.371268  0
21.546667  0.371185  0
21.573333  0.371102  0
21.600000  0.371020  0
21.626667  0.370937  0
21.653333  0.370854  0
21.680000  0.370772  0
21.706667  0.370689  0
21.733333  0.370607  0
21.760000  0.370524  0
21.786667  0.370441  0
21.813333  0.370359  0
21.840000  0.370276  0
21.866667  0.370193  0
21.893333  0.370111  0
21.920000  0.370028  0
21.946667  0.369946  0
21.973333  0.369863  0
22.000000  0.369780  0
22.026667  0.369698  0
22.053333  0.369615  0
22.080000  0.369532  0
22.106667  0.369450  0
22.133333  0.369367  0
22.160000  0.369285  0
22.186667  0.369202  0
22.213333  0.369119  0
22.240000  0.369037  0
22.266667  0.368954  0
22.293333  0.368871  0
22.320000  0.368789  0
22.346667  0.368706  0
