2.666667  0.707401  0
2.693333  0.706741  0
2.720000  0.705595  0
2.746667  0.704185  0
2.773333  0.702671  0
2.800000  0.701127  0
2.826667  0.699576  0
2.853333  0.698025  0
2.880000  0.696476  0
2.906667  0.694933  0
2.933333  0.693402  0
2.960000  0.691891  0
2.986667  0.690401  0
3.013333  0.688929  0
3.040000  0.687468  0
3.066667  0.686012  0
3.093333  0.684556  0
3.120000  0.683101  0
3.146667  0.681647  0
3.173333  0.680192  0
3.200000  0.678737  0
3.226667  0.677282  0
3.253333  0.675827  0
3.280000  0.674372  0
3.306667  0.672918  0
3.333333  0.671468  0
3.360000  0.670037  0
3.386667  0.668667  0
3.413333  0.667445  0
3.440000  0.666478  0
3.466667  0.665834  0
3.493333  0.665485  0
3.520000  0.665333  0
3.546667  0.665266  0
3.573333  0.665186  0
3.600000  0.665000  0
3.626667  0.664621  0
3.653333  0.664006  0
3.680000  0.663198  0
3.706667  0.662317  0
3.733333  0.661522  0
3.760000  0.660957  0
3.786667  0.660686  0
3.813333  0.660670  0
3.840000  0.660802  0
3.866667  0.660979  0
3.893333  0.661128  0
3.920000  0.661202  0
3.946667  0.661170  0
3.973333  0.661008  0
4.000000  0.660705  0
4.026667  0.660257  0
4.053333  0.659674  0
4.080000  0.658972  0
4.106667  0.658173  0
4.133333  0.657303  0
4.160000  0.656384  0
4.186667  0.655434  0
4.213333  0.654464  0
4.240000  0.653478  0
4.266667  0.652474  0
4.293333  0.651443  0
4.320000  0.650376  0
4.346667  0.649261  0
4.373333  0.648088  0
4.400000  0.646849  0
4.426667  0.645537  0
4.453333  0.644149  0
4.480000  0.642687  0
4.506667  0.641155  0
4.533333  0.639561  0
4.560000  0.637917  0
4.586667  0.636240  0
4.613333  0.634547  0
4.640000  0.632855  0
4.666667  0.631178  0
4.693333  0.629526  0
4.720000  0.627905  0
4.746667  0.626311  0
4.773333  0.624737  0
4.800000  0.623171  0
4.826667  0.621596  0
4.853333  0.619997  0
4.880000  0.618361  0
4.906667  0.616677  0
4.933333  0.614939  0
4.960000  0.613147  0
4.986667  0.611302  0
5.013333  0.609410  0
5.040000  0.607476  0
5.066667  0.605505  0
5.093333  0.603501  0
5.120000  0.601464  0
5.146667  0.599396  0
5.173333  0.597300  0
5.200000  0.595183  0
5.226667  0.593057  0
5.253333  0.590942  0
5.280000  0.588868  0
5.306667  0.586869  0
5.333333  0.584985  0
5.360000  0.583258  0
5.386667  0.581724  0
5.413333  0.580412  0
5.440000  0.579338  0
5.466667  0.578503  0
5.493333  0.577890  0
5.520000  0.577466  0
5.546667  0.577186  0
5.573333  0.576995  0
5.600000  0.576833  0
5.626667  0.576645  0
5.653333  0.576385  0
5.680000  0.576017  0
5.706667  0.575525  0
5.733333  0.574906  0
5.760000  0.574174  0
5.786667  0.573354  0
5.813333  0.572476  0
5.840000  0.571573  0
5.866667  0.570670  0
5.893333  0.569786  0
5.920000  0.568931  0
5.946667  0.568101  0
5.973333  0.567284  0
6.000000  0.566460  0
6.026667  0.565607  0
6.053333  0.564701  0
6.080000  0.563720  0
6.106667  0.562649  0
6.133333  0.561477  0
6.160000  0.560200  0
6.186667  0.558822  0
6.213333  0.557351  0
6.240000  0.555796  0
6.266667  0.554171  0
6.293333  0.552491  0
6.320000  0.550767  0
6.346667  0.549011  0
6.373333  0.547235  0
6.400000  0.545446  0
6.426667  0.543650  0
6.453333  0.541854  0
6.480000  0.540059  0
6.506667  0.538268  0
6.533333  0.536482  0
6.560000  0.534702  0
6.586667  0.532928  0
6.613333  0.531158  0
6.640000  0.529392  0
6.666667  0.527628  0
6.693333  0.525865  0
6.720000  0.524100  0
6.746667  0.522332  0
6.773333  0.520558  0
6.800000  0.518775  0
6.826667  0.516981  0
6.853333  0.515173  0
6.880000  0.513348  0
6.906667  0.511503  0
6.933333  0.509637  0
6.960000  0.507748  0
6.986667  0.505835  0
7.013333  0.503898  0
7.040000  0.501938  0
7.066667  0.499958  0
7.093333  0.497961  0
7.120000  0.495949  0
7.146667  0.493929  0
7.173333  0.491904  0
7.200000  0.489879  0
7.226667  0.487859  0
7.253333  0.485849  0
7.280000  0.483853  0
7.306667  0.481874  0
7.333333  0.479915  0
7.360000  0.477978  0
7.386667  0.476066  0
7.413333  0.474177  0
7.440000  0.472314  0
7.466667  0.470476  0
7.493333  0.468664  0
7.520000  0.466878  0
7.546667  0.465118  0
7.573333  0.463387  0
7.600000  0.461686  0
7.626667  0.460016  0
7.653333  0.458380  0
7.680000  0.456779  0
7.706667  0.455214  0
7.733333  0.453685  0
7.760000  0.452192  0
7.786667  0.450734  0
7.813333  0.449308  0
7.840000  0.447911  0
7.866667  0.446541  0
7.893333  0.445195  0
7.920000  0.443868  0
7.946667  0.442560  0
7.973333  0.441268  0
8.000000  0.439991  0
8.026667  0.438729  0
8.053333  0.437484  0
8.080000  0.436256  0
8.106667  0.435048  0
8.133333  0.433861  0
8.160000  0.432700  0
8.186667  0.431564  0
8.213333  0.430456  0
8.240000  0.429377  0
8.266667  0.428327  0
8.293333  0.427304  0
8.320000  0.426309  0
8.346667  0.425337  0
8.373333  0.424389  0
8.400000  0.423460  0
8.426667  0.422550  0
8.453333  0.421658  0
8.480000  0.420784  0
8.506667  0.419930  0
8.533333  0.419099  0
8.560000  0.418296  0
8.586667  0.417528  0
8.613333  0.416802  0
8.640000  0.416124  0
8.666667  0.415503  0
8.693333  0.414941  0
8.720000  0.414438  0
8.746667  0.413991  0
8.773333  0.413590  0
8.800000  0.413221  0
8.826667  0.412868  0
8.853333  0.412514  0
8.880000  0.412141  0
8.906667  0.411739  0
8.933333  0.411303  0
8.960000  0.410837  0
8.986667  0.410352  0
9.013333  0.409867  0
9.040000  0.409405  0
9.066667  0.408989  0
9.093333  0.408642  0
9.120000  0.408379  0
9.146667  0.408210  0
9.173333  0.408136  0
9.200000  0.408150  0
9.226667  0.408236  0
9.253333  0.408376  0
9.280000  0.408545  0
9.306667  0.408720  0
9.333333  0.408878  0
9.360000  0.408999  0
9.386667  0.409068  0
9.413333  0.409076  0
9.440000  0.409017  0
9.466667  0.408893  0
9.493333  0.408710  0
9.520000  0.408477  0
9.546667  0.408206  0
9.573333  0.407912  0
9.600000  0.407608  0
9.626667  0.407308  0
9.653333  0.407023  0
9.680000  0.406762  0
9.706667  0.406531  0
9.733333  0.406332  0
9.760000  0.406167  0
9.786667  0.406031  0
9.813333  0.405921  0
9.840000  0.405831  0
9.866667  0.405755  0
9.893333  0.405685  0
9.920000  0.405615  0
9.946667  0.405539  0
9.973333  0.405452  0
10.000000  0.405348  0
10.026667  0.405223  0
10.053333  0.405076  0
10.080000  0.404906  0
10.106667  0.404717  0
10.133333  0.404514  0
10.160000  0.404306  0
10.186667  0.404107  0
10.213333  0.403931  0
10.240000  0.403791  0
10.266667  0.403702  0
10.293333  0.403674  0
10.320000  0.403716  0
10.346667  0.403828  0
10.373333  0.404009  0
10.400000  0.404250  0
10.426667  0.404540  0
10.453333  0.404865  0
10.480000  0.405206  0
10.506667  0.405548  0
10.533333  0.405873  0
10.560000  0.406168  0
10.586667  0.406423  0
10.613333  0.406630  0
10.640000  0.406787  0
10.666667  0.406896  0
10.693333  0.406963  0
10.720000  0.406995  0
10.746667  0.407001  0
10.773333  0.406991  0
10.800000  0.406973  0
10.826667  0.406951  0
10.853333  0.406930  0
10.880000  0.406910  0
10.906667  0.406890  0
10.933333  0.406870  0
10.960000  0.406847  0
10.986667  0.406818  0
11.013333  0.406784  0
11.040000  0.406745  0
11.066667  0.406701  0
11.093333  0.406655  0
11.120000  0.406609  0
11.146667  0.406565  0
11.173333  0.406524  0
11.200000  0.406487  0
11.226667  0.406453  0
11.253333  0.406422  0
11.280000  0.406391  0
11.306667  0.406358  0
11.333333  0.406322  0
11.360000  0.406280  0
11.386667  0.406231  0
11.413333  0.406176  0
11.440000  0.406114  0
11.466667  0.406046  0
11.493333  0.405974  0
11.520000  0.405897  0
11.546667  0.405814  0
11.573333  0.405724  0
11.600000  0.405623  0
11.626667  0.405505  0
11.653333  0.405364  0
11.680000  0.405194  0
11.706667  0.404989  0
11.733333  0.404743  0
11.760000  0.404456  0
11.786667  0.404125  0
11.813333  0.403754  0
11.840000  0.403346  0
11.866667  0.402907  0
11.893333  0.402442  0
11.920000  0.401959  0
11.946667  0.401463  0
11.973333  0.400957  0
12.000000  0.400446  0
12.026667  0.399931  0
12.053333  0.399416  0
12.080000  0.398903  0
12.106667  0.398392  0
12.133333  0.397888  0
12.160000  0.397392  0
12.186667  0.396908  0
12.213333  0.396437  0
12.240000  0.395983  0
12.266667  0.395548  0
12.293333  0.395133  0
12.320000  0.394741  0
12.346667  0.394373  0
12.373333  0.394033  0
12.400000  0.393721  0
12.426667  0.393440  0
12.453333  0.393192  0
12.480000  0.392977  0
12.506667  0.392794  0
12.533333  0.392643  0
12.560000  0.392523  0
12.586667  0.392433  0
12.613333  0.392373  0
12.640000  0.392344  0
12.666667  0.392346  0
12.693333  0.392379  0
12.720000  0.392443  0
12.746667  0.392534  0
12.773333  0.392649  0
12.800000  0.392778  0
12.826667  0.392913  0
12.853333  0.393044  0
12.880000  0.393162  0
12.906667  0.393259  0
12.933333  0.393329  0
12.960000  0.393369  0
12.986667  0.393379  0
13.013333  0.393359  0
13.040000  0.393308  0
13.066667  0.393229  0
13.093333  0.393120  0
13.120000  0.392982  0
13.146667  0.392815  0
13.173333  0.392621  0
13.200000  0.392405  0
13.226667  0.392173  0
13.253333  0.391934  0
13.280000  0.391698  0
13.306667  0.391474  0
13.333333  0.391270  0
13.360000  0.391088  0
13.386667  0.390930  0
13.413333  0.390790  0
13.440000  0.390662  0
13.466667  0.390537  0
13.493333  0.390405  0
13.520000  0.390261  0
13.546667  0.390098  0
13.573333  0.389917  0
13.600000  0.389718  0
13.626667  0.389506  0
13.653333  0.389287  0
13.680000  0.389067  0
13.706667  0.388852  0
13.733333  0.388650  0
13.760000  0.388464  0
13.786667  0.388299  0
13.813333  0.388157  0
13.840000  0.388040  0
13.866667  0.387948  0
13.893333  0.387880  0
13.920000  0.387833  0
13.946667  0.387803  0
13.973333  0.387785  0
14.000000  0.387772  0
14.026667  0.387760  0
14.053333  0.387742  0
14.080000  0.387716  0
14.106667  0.387679  0
14.133333  0.387629  0
14.160000  0.387569  0
14.186667  0.387500  0
14.213333  0.387426  0
14.240000  0.387349  0
14.266667  0.387275  0
14.293333  0.387208  0
14.320000  0.387153  0
14.346667  0.387114  0
14.373333  0.387097  0
14.400000  0.387102  0
14.426667  0.387132  0
14.453333  0.387183  0
14.480000  0.387251  0
14.506667  0.387330  0
14.533333  0.387409  0
14.560000  0.387480  0
14.586667  0.387531  0
14.613333  0.387555  0
14.640000  0.387546  0
14.666667  0.387500  0
14.693333  0.387418  0
14.720000  0.387304  0
14.746667  0.387165  0
14.773333  0.387008  0
14.800000  0.386843  0
14.826667  0.386679  0
14.853333  0.386524  0
14.880000  0.386386  0
14.906667  0.386269  0
14.933333  0.386179  0
14.960000  0.386117  0
14.986667  0.386085  0
15.013333  0.386036  0
15.040000  0.385986  0
15.066667  0.385937  0
15.093333  0.385887  0
15.120000  0.385838  0
15.146667  0.385788  0
15.173333  0.385738  0
15.200000  0.385689  0
15.226667  0.385639  0
15.253333  0.385590  0
15.280000  0.385540  0
15.306667  0.385491  0
15.333333  0.385441  0
15.360000  0.385392  0
15.386667  0.385342  0
15.413333  0.385292  0
15.440000  0.385243  0
15.466667  0.385193  0
15.493333  0.385144  0
15.520000  0.385094  0
15.546667  0.385045  0
15.573333  0.384995  0
15.600000  0.384946  0
15.626667  0.384896  0
15.653333  0.384846  0
15.680000  0.384797  0
15.706667  0.384747  0
15.733333  0.384698  0
15.760000  0.384648  0
15.786667  0.384599  0
15.813333  0.384549  0
15.840000  0.384499  0
15.866667  0.384450  0
15.893333  0.384400  0
15.920000  0.384351  0
15.946667  0.384301  0
15.973333  0.384252  0
16.000000  0.384202  0
16.026667  0.384153  0
16.053333  0.384103  0
16.080000  0.384053  0
16.106667  0.384004  0
16.133333  0.383954  0
16.160000  0.383905  0
16.186667  0.383855  0
16.213333  0.383806  0
16.240000  0.383756  0
16.266667  0.383706  0
16.293333  0.383657  0
16.320000  0.383607  0
16.346667  0.383558  0
16.373333  0.383508  0
16.400000  0.383459  0
16.426667  0.383409  0
16.453333  0.383360  0
16.480000  0.383310  0
16.506667  0.383260  0
16.533333  0.383211  0
16.560000  0.383161  0
16.586667  0.383112  0
16.613333  0.383062  0
16.640000  0.383013  0
16.666667  0.382963  0
16.693333  0.382914  0
16.720000  0.382864  0
16.746667  0.382814  0
16.773333  0.382765  0
16.800000  0.382715  0
16.826667  0.382666  0
16.853333  0.382616  0
16.880000  0.382567  0
16.906667  0.382517  0
16.933333  0.382467  0
16.960000  0.382418  0
16.986667  0.382368  0
17.013333  0.382319  0
17.040000  0.382269  0
17.066667  0.382220  0
17.093333  0.382170  0
17.120000  0.382121  0
17.146667  0.382071  0
17.173333  0.382021  0
17.200000  0.381972  0
17.226667  0.381922  0
17.253333  0.381873  0
17.280000  0.381823  0
17.306667  0.381774  0
17.333333  0.381724  0
17.360000  0.381674  0
17.386667  0.381625  0
17.413333  0.381575  0
17.440000  0.381526  0
17.466667  0.381476  0
17.493333  0.381427  0
17.520000  0.381377  0
17.546667  0.381328  0
17.573333  0.381278  0
17.600000  0.381228  0
17.626667  0.381179  0
17.653333  0.381129  0
17.680000  0.381080  0
17.706667  0.381030  0
17.733333  0.380981  0
17.760000  0.380931  0
17.786667  0.380882  0
17.813333  0.380832  0
17.840000  0.380782  0
17.866667  0.380733  0
17.893333  0.380683  0
17.920000  0.380634  0
17.946667  0.380584  0
17.973333  0.380535  0
18.000000  0.380485  0
18.026667  0.380435  0
18.053333  0.380386  0
18.080000  0.380336  0
18.106667  0.380287  0
18.133333  0.380237  0
18.160000  0.380188  0
18.186667  0.380138  0
18.213333  0.380089  0
18.240000  0.380039  0
18.266667  0.379989  0
18.293333  0.379940  0
18.320000  0.379890  0
