2.746667  1.005099  0
2.773333  1.001974  0
2.800000  0.998418  0
2.826667  0.994515  0
2.853333  0.990349  0
2.880000  0.985999  0
2.906667  0.981539  0
2.933333  0.977027  0
2.960000  0.972515  0
2.986667  0.968037  0
3.013333  0.963618  0
3.040000  0.959272  0
3.066667  0.955003  0
3.093333  0.950808  0
3.120000  0.946678  0
3.146667  0.942603  0
3.173333  0.938570  0
3.200000  0.934566  0
3.226667  0.930581  0
3.253333  0.926607  0
3.280000  0.922638  0
3.306667  0.918671  0
3.333333  0.914706  0
3.360000  0.910744  0
3.386667  0.906789  0
3.413333  0.902846  0
3.440000  0.898920  0
3.466667  0.895013  0
3.493333  0.891129  0
3.520000  0.887269  0
3.546667  0.883432  0
3.573333  0.879614  0
3.600000  0.875811  0
3.626667  0.872016  0
3.653333  0.868219  0
3.680000  0.864411  0
3.706667  0.860581  0
3.733333  0.856718  0
3.760000  0.852815  0
3.786667  0.848861  0
3.813333  0.844853  0
3.840000  0.840785  0
3.866667  0.836656  0
3.893333  0.832468  0
3.920000  0.828225  0
3.946667  0.823932  0
3.973333  0.819596  0
4.000000  0.815224  0
4.026667  0.810824  0
4.053333  0.806401  0
4.080000  0.801960  0
4.106667  0.797503  0
4.133333  0.793028  0
4.160000  0.788532  0
4.186667  0.784010  0
4.213333  0.779455  0
4.240000  0.774862  0
4.266667  0.770227  0
4.293333  0.765551  0
4.320000  0.760841  0
4.346667  0.756110  0
4.373333  0.751378  0
4.400000  0.746672  0
4.426667  0.742026  0
4.453333  0.737478  0
4.480000  0.733064  0
4.506667  0.728821  0
4.533333  0.724782  0
4.560000  0.720970  0
4.586667  0.717399  0
4.613333  0.714074  0
4.640000  0.710985  0
4.666667  0.708117  0
4.693333  0.705441  0
4.720000  0.702927  0
4.746667  0.700539  0
4.773333  0.698245  0
4.800000  0.696012  0
4.826667  0.693818  0
4.853333  0.691646  0
4.880000  0.689486  0
4.906667  0.687339  0
4.933333  0.685212  0
4.960000  0.683118  0
4.986667  0.681070  0
5.013333  0.679087  0
5.040000  0.677184  0
5.066667  0.675375  0
5.093333  0.673668  0
5.120000  0.672070  0
5.146667  0.670584  0
5.173333  0.669211  0
5.200000  0.667948  0
5.226667  0.666794  0
5.253333  0.665745  0
5.280000  0.664801  0
5.306667  0.663958  0
5.333333  0.663215  0
5.360000  0.662569  0
5.386667  0.662016  0
5.413333  0.661547  0
5.440000  0.661153  0
5.466667  0.660819  0
5.493333  0.660528  0
5.520000  0.660257  0
5.546667  0.659986  0
5.573333  0.659689  0
5.600000  0.659344  0
5.626667  0.658929  0
5.653333  0.658428  0
5.680000  0.657828  0
5.706667  0.657119  0
5.733333  0.656301  0
5.760000  0.655374  0
5.786667  0.654347  0
5.813333  0.653229  0
5.840000  0.652034  0
5.866667  0.650776  0
5.893333  0.649470  0
5.920000  0.648131  0
5.946667  0.646773  0
5.973333  0.645408  0
6.000000  0.644048  0
6.026667  0.642705  0
6.053333  0.641386  0
6.080000  0.640102  0
6.106667  0.638861  0
6.133333  0.637671  0
6.160000  0.636540  0
6.186667  0.635475  0
6.213333  0.634481  0
6.240000  0.633564  0
6.266667  0.632725  0
6.293333  0.631964  0
6.320000  0.631279  0
6.346667  0.630662  0
6.373333  0.630103  0
6.400000  0.629589  0
6.426667  0.629104  0
6.453333  0.628629  0
6.480000  0.628145  0
6.506667  0.627631  0
6.533333  0.627068  0
6.560000  0.626441  0
6.586667  0.625735  0
6.613333  0.624940  0
6.640000  0.624047  0
6.666667  0.623053  0
6.693333  0.621956  0
6.720000  0.620755  0
6.746667  0.619450  0
6.773333  0.618041  0
6.800000  0.616525  0
6.826667  0.614900  0
6.853333  0.613163  0
6.880000  0.611310  0
6.906667  0.609339  0
6.933333  0.607249  0
6.960000  0.605044  0
6.986667  0.602733  0
7.013333  0.600329  0
7.040000  0.597852  0
7.066667  0.595328  0
7.093333  0.592786  0
7.120000  0.590257  0
7.146667  0.587773  0
7.173333  0.585364  0
7.200000  0.583056  0
7.226667  0.580870  0
7.253333  0.578817  0
7.280000  0.576902  0
7.306667  0.575123  0
7.333333  0.573469  0
7.360000  0.571924  0
7.386667  0.570471  0
7.413333  0.569086  0
7.440000  0.567750  0
7.466667  0.566443  0
7.493333  0.565148  0
7.520000  0.563853  0
7.546667  0.562548  0
7.573333  0.561231  0
7.600000  0.559898  0
7.626667  0.558553  0
7.653333  0.557199  0
7.680000  0.555842  0
7.706667  0.554487  0
7.733333  0.553140  0
7.760000  0.551807  0
7.786667  0.550495  0
7.813333  0.549209  0
7.840000  0.547955  0
7.866667  0.546740  0
7.893333  0.545572  0
7.920000  0.544461  0
7.946667  0.543419  0
7.973333  0.542457  0
8.000000  0.541590  0
8.026667  0.540831  0
8.053333  0.540194  0
8.080000  0.539687  0
8.106667  0.539319  0
8.133333  0.539091  0
8.160000  0.538996  0
8.186667  0.539024  0
8.213333  0.539156  0
8.240000  0.539365  0
8.266667  0.539622  0
8.293333  0.539894  0
8.320000  0.540147  0
8.346667  0.540347  0
8.373333  0.540466  0
8.400000  0.540481  0
8.426667  0.540377  0
8.453333  0.540145  0
8.480000  0.539786  0
8.506667  0.539308  0
8.533333  0.538724  0
8.560000  0.538054  0
8.586667  0.537320  0
8.613333  0.536543  0
8.640000  0.535749  0
8.666667  0.534957  0
8.693333  0.534187  0
8.720000  0.533454  0
8.746667  0.532770  0
8.773333  0.532143  0
8.800000  0.531578  0
8.826667  0.531077  0
8.853333  0.530639  0
8.880000  0.530261  0
8.906667  0.529938  0
8.933333  0.529664  0
8.960000  0.529432  0
8.986667  0.529234  0
9.013333  0.529062  0
9.040000  0.528908  0
9.066667  0.528764  0
9.093333  0.528623  0
9.120000  0.528476  0
9.146667  0.528317  0
9.173333  0.528141  0
9.200000  0.527943  0
9.226667  0.527719  0
9.253333  0.527465  0
9.280000  0.527179  0
9.306667  0.526861  0
9.333333  0.526509  0
9.360000  0.526125  0
9.386667  0.525708  0
9.413333  0.525260  0
9.440000  0.524782  0
9.466667  0.524277  0
9.493333  0.523744  0
9.520000  0.523187  0
9.546667  0.522605  0
9.573333  0.521999  0
9.600000  0.521371  0
9.626667  0.520719  0
9.653333  0.520044  0
9.680000  0.519348  0
9.706667  0.518631  0
9.733333  0.517895  0
9.760000  0.517145  0
9.786667  0.516384  0
9.813333  0.515620  0
9.840000  0.514861  0
9.866667  0.514113  0
9.893333  0.513388  0
9.920000  0.512694  0
9.946667  0.512039  0
9.973333  0.511432  0
10.000000  0.510878  0
10.026667  0.510383  0
10.053333  0.509949  0
10.080000  0.509575  0
10.106667  0.509262  0
10.133333  0.509005  0
10.160000  0.508799  0
10.186667  0.508639  0
10.213333  0.508517  0
10.240000  0.508425  0
10.266667  0.508358  0
10.293333  0.508309  0
10.320000  0.508271  0
10.346667  0.508241  0
10.373333  0.508215  0
10.400000  0.508190  0
10.426667  0.508165  0
10.453333  0.508140  0
10.480000  0.508113  0
10.506667  0.508085  0
10.533333  0.508055  0
10.560000  0.508022  0
10.586667  0.507984  0
10.613333  0.507939  0
10.640000  0.507882  0
10.666667  0.507811  0
10.693333  0.507722  0
10.720000  0.507609  0
10.746667  0.507472  0
10.773333  0.507306  0
10.800000  0.507110  0
10.826667  0.506884  0
10.853333  0.506631  0
10.880000  0.506351  0
10.906667  0.506051  0
10.933333  0.505733  0
10.960000  0.505404  0
10.986667  0.505070  0
11.013333  0.504737  0
11.040000  0.504409  0
11.066667  0.504090  0
11.093333  0.503784  0
11.120000  0.503492  0
11.146667  0.503215  0
11.173333  0.502951  0
11.200000  0.502700  0
11.226667  0.502459  0
11.253333  0.502225  0
11.280000  0.501995  0
11.306667  0.501766  0
11.333333  0.501538  0
11.360000  0.501309  0
11.386667  0.501078  0
11.413333  0.500846  0
11.440000  0.500613  0
11.466667  0.500380  0
11.493333  0.500148  0
11.520000  0.499918  0
11.546667  0.499692  0
11.573333  0.499469  0
11.600000  0.499250  0
11.626667  0.499035  0
11.653333  0.498823  0
11.680000  0.498614  0
11.706667  0.498408  0
11.733333  0.498204  0
11.760000  0.498002  0
11.786667  0.497801  0
11.813333  0.497600  0
11.840000  0.497401  0
11.866667  0.497201  0
11.893333  0.497002  0
11.920000  0.496803  0
11.946667  0.496604  0
11.973333  0.496405  0
12.000000  0.496206  0
12.026667  0.496008  0
12.053333  0.495809  0
12.080000  0.495610  0
12.106667  0.495411  0
12.133333  0.495212  0
12.160000  0.495014  0
12.186667  0.494815  0
12.213333  0.494616  0
12.240000  0.494417  0
12.266667  0.494218  0
12.293333  0.494020  0
12.320000  0.493821  0
12.346667  0.493622  0
12.373333  0.493423  0
12.400000  0.493224  0
12.426667  0.493025  0
12.453333  0.492827  0
12.480000  0.492628  0
12.506667  0.492429  0
12.533333  0.492230  0
12.560000  0.492031  0
12.586667  0.491833  0
12.613333  0.491634  0
12.640000  0.491435  0
12.666667  0.491236  0
12.693333  0.491037  0
12.720000  0.490839  0
12.746667  0.490640  0
12.773333  0.490441  0
12.800000  0.490242  0
12.826667  0.490043  0
12.853333  0.489845  0
12.880000  0.489646  0
12.906667  0.489447  0
12.933333  0.489248  0
12.960000  0.489049  0
12.986667  0.488850  0
13.013333  0.488652  0
13.040000  0.488453  0
13.066667  0.488254  0
13.093333  0.488055  0
13.120000  0.487856  0
13.146667  0.487658  0
13.173333  0.487459  0
13.200000  0.487260  0
13.226667  0.487061  0
13.253333  0.486862  0
13.280000  0.486664  0
13.306667  0.486465  0
13.333333  0.486266  0
13.360000  0.486067  0
13.386667  0.485868  0
13.413333  0.485669  0
13.440000  0.485471  0
13.466667  0.485272  0
13.493333  0.485073  0
13.520000  0.484874  0
13.546667  0.484675  0
13.573333  0.484477  0
13.600000  0.484278  0
13.626667  0.484079  0
13.653333  0.483880  0
13.680000  0.483681  0
13.706667  0.483483  0
13.733333  0.483284  0
13.760000  0.483085  0
13.786667  0.482886  0
13.813333  0.482687  0
13.840000  0.482488  0
13.866667  0.482290  0
13.893333  0.482091  0
13.920000  0.481892  0
13.946667  0.481693  0
13.973333  0.481494  0
14.000000  0.481296  0
14.026667  0.481097  0
14.053333  0.480898  0
14.080000  0.480699  0
14.106667  0.480500  0
14.133333  0.480302  0
14.160000  0.480103  0
14.186667  0.479904  0
14.213333  0.479705  0
14.240000  0.479506  0
14.266667  0.479307  0
14.293333  0.479109  0
14.320000  0.478910  0
14.346667  0.478711  0
14.373333  0.478512  0
14.400000  0.478313  0
14.426667  0.478115  0
14.453333  0.477916  0
14.480000  0.477717  0
14.506667  0.477518  0
14.533333  0.477319  0
14.560000  0.477121  0
14.586667  0.476922  0
14.613333  0.476723  0
14.640000  0.476524  0
14.666667  0.476325  0
14.693333  0.476127  0
14.720000  0.475928  0
14.746667  0.475729  0
14.773333  0.475530  0
14.800000  0.475331  0
14.826667  0.475132  0
14.853333  0.474934  0
14.880000  0.474735  0
14.906667  0.474536  0
14.933333  0.474337  0
14.960000  0.474138  0
14.986667  0.473940  0
15.013333  0.473741  0
15.040000  0.473542  0
15.066667  0.473343  0
15.093333  0.473144  0
15.120000  0.472946  0
15.146667  0.472747  0
15.173333  0.472548  0
15.200000  0.472349  0
15.226667  0.472150  0
15.253333  0.471951  0
15.280000  0.471753  0
15.306667  0.471554  0
15.333333  0.471355  0
15.360000  0.471156  0
15.386667  0.470957  0
15.413333  0.470759  0
15.440000  0.470560  0
15.466667  0.470361  0
15.493333  0.470162  0
15.520000  0.469963  0
15.546667  0.469765  0
15.573333  0.469566  0
15.600000  0.469367  0
15.626667  0.469168  0
15.653333  0.468969  0
15.680000  0.468770  0
15.706667  0.468572  0
15.733333  0.468373  0
15.760000  0.468174  0
15.786667  0.467975  0
15.813333  0.467776  0
15.840000  0.467578  0
15.866667  0.467379  0
15.893333  0.467180  0
15.920000  0.466981  0
15.946667  0.466782  0
15.973333  0.466584  0
16.000000  0.466385  0
16.026667  0.466186  0
16.053333  0.465987  0
16.080000  0.465788  0
16.106667  0.465590  0
16.133333  0.465391  0
16.160000  0.465192  0
16.186667  0.464993  0
16.213333  0.464794  0
16.240000  0.464595  0
16.266667  0.464397  0
16.293333  0.464198  0
16.320000  0.463999  0
16.346667  0.463800  0
16.373333  0.463601  0
16.400000  0.463403  0
16.426667  0.463204  0
16.453333  0.463005  0
16.480000  0.462806  0
16.506667  0.462607  0
16.533333  0.462409  0
16.560000  0.462210  0
16.586667  0.462011  0
16.613333  0.461812  0
16.640000  0.461614  0
16.666667  0.461415  0
16.693333  0.461217  0
16.720000  0.461019  0
16.746667  0.460822  0
16.773333  0.460626  0
16.800000  0.460431  0
16.826667  0.460239  0
16.853333  0.460051  0
16.880000  0.459867  0
16.906667  0.459691  0
16.933333  0.459524  0
16.960000  0.459368  0
16.986667  0.459227  0
17.013333  0.459103  0
17.040000  0.459000  0
17.066667  0.458920  0
17.093333  0.458865  0
17.120000  0.458837  0
