3.093333  0.787453  0
3.120000  0.786863  0
3.146667  0.785713  0
3.173333  0.784061  0
3.200000  0.781979  0
3.226667  0.779553  0
3.253333  0.776866  0
3.280000  0.773995  0
3.306667  0.771004  0
3.333333  0.767944  0
3.360000  0.764855  0
3.386667  0.761764  0
3.413333  0.758686  0
3.440000  0.755632  0
3.466667  0.752606  0
3.493333  0.749612  0
3.520000  0.746649  0
3.546667  0.743718  0
3.573333  0.740823  0
3.600000  0.737971  0
3.626667  0.735171  0
3.653333  0.732436  0
3.680000  0.729783  0
3.706667  0.727228  0
3.733333  0.724787  0
3.760000  0.722471  0
3.786667  0.720286  0
3.813333  0.718234  0
3.840000  0.716306  0
3.866667  0.714492  0
3.893333  0.712776  0
3.920000  0.711141  0
3.946667  0.709571  0
3.973333  0.708052  0
4.000000  0.706575  0
4.026667  0.705133  0
4.053333  0.703726  0
4.080000  0.702355  0
4.106667  0.701025  0
4.133333  0.699740  0
4.160000  0.698505  0
4.186667  0.697322  0
4.213333  0.696193  0
4.240000  0.695114  0
4.266667  0.694083  0
4.293333  0.693090  0
4.320000  0.692130  0
4.346667  0.691193  0
4.373333  0.690269  0
4.400000  0.689350  0
4.426667  0.688427  0
4.453333  0.687490  0
4.480000  0.686530  0
4.506667  0.685538  0
4.533333  0.684507  0
4.560000  0.683429  0
4.586667  0.682300  0
4.613333  0.681118  0
4.640000  0.679885  0
4.666667  0.678603  0
4.693333  0.677277  0
4.720000  0.675916  0
4.746667  0.674526  0
4.773333  0.673114  0
4.800000  0.671686  0
4.826667  0.670247  0
4.853333  0.668802  0
4.880000  0.667352  0
4.906667  0.665900  0
4.933333  0.664447  0
4.960000  0.662993  0
4.986667  0.661538  0
5.013333  0.660084  0
5.040000  0.658630  0
5.066667  0.657176  0
5.093333  0.655724  0
5.120000  0.654272  0
5.146667  0.652822  0
5.173333  0.651375  0
5.200000  0.649931  0
5.226667  0.648490  0
5.253333  0.647054  0
5.280000  0.645622  0
5.306667  0.644196  0
5.333333  0.642774  0
5.360000  0.641357  0
5.386667  0.639944  0
5.413333  0.638534  0
5.440000  0.637127  0
5.466667  0.635721  0
5.493333  0.634317  0
5.520000  0.632912  0
5.546667  0.631507  0
5.573333  0.630098  0
5.600000  0.628684  0
5.626667  0.627261  0
5.653333  0.625822  0
5.680000  0.624362  0
5.706667  0.622872  0
5.733333  0.621341  0
5.760000  0.619759  0
5.786667  0.618115  0
5.813333  0.616403  0
5.840000  0.614615  0
5.866667  0.612751  0
5.893333  0.610813  0
5.920000  0.608806  0
5.946667  0.606740  0
5.973333  0.604624  0
6.000000  0.602469  0
6.026667  0.600285  0
6.053333  0.598080  0
6.080000  0.595859  0
6.106667  0.593626  0
6.133333  0.591383  0
6.160000  0.589130  0
6.186667  0.586862  0
6.213333  0.584575  0
6.240000  0.582263  0
6.266667  0.579918  0
6.293333  0.577531  0
6.320000  0.575094  0
6.346667  0.572602  0
6.373333  0.570049  0
6.400000  0.567436  0
6.426667  0.564765  0
6.453333  0.562041  0
6.480000  0.559273  0
6.506667  0.556472  0
6.533333  0.553649  0
6.560000  0.550816  0
6.586667  0.547987  0
6.613333  0.545174  0
6.640000  0.542390  0
6.666667  0.539646  0
6.693333  0.536952  0
6.720000  0.534317  0
6.746667  0.531749  0
6.773333  0.529251  0
6.800000  0.526829  0
6.826667  0.524485  0
6.853333  0.522223  0
6.880000  0.520050  0
6.906667  0.517972  0
6.933333  0.515997  0
6.960000  0.514132  0
6.986667  0.512384  0
7.013333  0.510754  0
7.040000  0.509237  0
7.066667  0.507824  0
7.093333  0.506501  0
7.120000  0.505249  0
7.146667  0.504048  0
7.173333  0.502875  0
7.200000  0.501712  0
7.226667  0.500543  0
7.253333  0.499355  0
7.280000  0.498141  0
7.306667  0.496896  0
7.333333  0.495616  0
7.360000  0.494302  0
7.386667  0.492955  0
7.413333  0.491574  0
7.440000  0.490161  0
7.466667  0.488720  0
7.493333  0.487257  0
7.520000  0.485781  0
7.546667  0.484308  0
7.573333  0.482856  0
7.600000  0.481445  0
7.626667  0.480096  0
7.653333  0.478824  0
7.680000  0.477638  0
7.706667  0.476539  0
7.733333  0.475524  0
7.760000  0.474584  0
7.786667  0.473709  0
7.813333  0.472892  0
7.840000  0.472127  0
7.866667  0.471413  0
7.893333  0.470749  0
7.920000  0.470137  0
7.946667  0.469578  0
7.973333  0.469074  0
8.000000  0.468630  0
8.026667  0.468252  0
8.053333  0.467952  0
8.080000  0.467742  0
8.106667  0.467630  0
8.133333  0.467619  0
8.160000  0.467698  0
8.186667  0.467843  0
8.213333  0.468015  0
8.240000  0.468167  0
8.266667  0.468249  0
8.293333  0.468218  0
8.320000  0.468046  0
8.346667  0.467722  0
8.373333  0.467255  0
8.400000  0.466672  0
8.426667  0.466010  0
8.453333  0.465311  0
8.480000  0.464615  0
8.506667  0.463953  0
8.533333  0.463347  0
8.560000  0.462812  0
8.586667  0.462352  0
8.613333  0.461969  0
8.640000  0.461664  0
8.666667  0.461440  0
8.693333  0.461297  0
8.720000  0.461238  0
8.746667  0.461256  0
8.773333  0.461337  0
8.800000  0.461453  0
8.826667  0.461561  0
8.853333  0.461606  0
8.880000  0.461527  0
8.906667  0.461268  0
8.933333  0.460788  0
8.960000  0.460074  0
8.986667  0.459141  0
9.013333  0.458035  0
9.040000  0.456826  0
9.066667  0.455591  0
9.093333  0.454406  0
9.120000  0.453330  0
9.146667  0.452397  0
9.173333  0.451616  0
9.200000  0.450972  0
9.226667  0.450438  0
9.253333  0.449981  0
9.280000  0.449573  0
9.306667  0.449197  0
9.333333  0.448847  0
9.360000  0.448530  0
9.386667  0.448259  0
9.413333  0.448049  0
9.440000  0.447907  0
9.466667  0.447834  0
9.493333  0.447818  0
9.520000  0.447832  0
9.546667  0.447840  0
9.573333  0.447802  0
9.600000  0.447676  0
9.626667  0.447430  0
9.653333  0.447052  0
9.680000  0.446548  0
9.706667  0.445950  0
9.733333  0.445308  0
9.760000  0.444677  0
9.786667  0.444108  0
9.813333  0.443630  0
9.840000  0.443238  0
9.866667  0.442892  0
9.893333  0.442522  0
9.920000  0.442038  0
9.946667  0.441355  0
9.973333  0.440410  0
10.000000  0.439181  0
10.026667  0.437686  0
10.053333  0.435988  0
10.080000  0.434175  0
10.106667  0.432341  0
10.133333  0.430571  0
10.160000  0.428923  0
10.186667  0.427422  0
10.213333  0.426065  0
10.240000  0.424825  0
10.266667  0.423662  0
10.293333  0.422536  0
10.320000  0.421414  0
10.346667  0.420276  0
10.373333  0.419114  0
10.400000  0.417936  0
10.426667  0.416759  0
10.453333  0.415605  0
10.480000  0.414497  0
10.506667  0.413455  0
10.533333  0.412494  0
10.560000  0.411620  0
10.586667  0.410834  0
10.613333  0.410128  0
10.640000  0.409494  0
10.666667  0.408922  0
10.693333  0.408404  0
10.720000  0.407936  0
10.746667  0.407513  0
10.773333  0.407133  0
10.800000  0.406793  0
10.826667  0.406486  0
10.853333  0.406204  0
10.880000  0.405938  0
10.906667  0.405679  0
10.933333  0.405420  0
10.960000  0.405158  0
10.986667  0.404891  0
11.013333  0.404621  0
11.040000  0.404354  0
11.066667  0.404094  0
11.093333  0.403847  0
11.120000  0.403618  0
11.146667  0.403412  0
11.173333  0.403230  0
11.200000  0.403069  0
11.226667  0.402927  0
11.253333  0.402795  0
11.280000  0.402664  0
11.306667  0.402527  0
11.333333  0.402375  0
11.360000  0.402205  0
11.386667  0.402014  0
11.413333  0.401805  0
11.440000  0.401585  0
11.466667  0.401360  0
11.493333  0.401137  0
11.520000  0.400920  0
11.546667  0.400710  0
11.573333  0.400507  0
11.600000  0.400310  0
11.626667  0.400118  0
11.653333  0.399932  0
11.680000  0.399756  0
11.706667  0.399598  0
11.733333  0.399465  0
11.760000  0.399368  0
11.786667  0.399309  0
11.813333  0.399291  0
11.840000  0.399308  0
11.866667  0.399352  0
11.893333  0.399409  0
11.920000  0.399467  0
11.946667  0.399511  0
11.973333  0.399529  0
12.000000  0.399514  0
12.026667  0.399460  0
12.053333  0.399368  0
12.080000  0.399243  0
12.106667  0.399092  0
12.133333  0.398925  0
12.160000  0.398752  0
12.186667  0.398581  0
12.213333  0.398418  0
12.240000  0.398264  0
12.266667  0.398117  0
12.293333  0.397974  0
12.320000  0.397830  0
12.346667  0.397682  0
12.373333  0.397532  0
12.400000  0.397383  0
12.426667  0.397242  0
12.453333  0.397119  0
12.480000  0.397022  0
12.506667  0.396955  0
12.533333  0.396918  0
12.560000  0.396906  0
12.586667  0.396910  0
12.613333  0.396915  0
12.640000  0.396910  0
12.666667  0.396883  0
12.693333  0.396828  0
12.720000  0.396742  0
12.746667  0.396627  0
12.773333  0.396490  0
12.800000  0.396338  0
12.826667  0.396180  0
12.853333  0.396024  0
12.880000  0.395875  0
12.906667  0.395733  0
12.933333  0.395596  0
12.960000  0.395458  0
12.986667  0.395312  0
13.013333  0.395152  0
13.040000  0.394971  0
13.066667  0.394765  0
13.093333  0.394533  0
13.120000  0.394276  0
13.146667  0.393997  0
13.173333  0.393702  0
13.200000  0.393399  0
13.226667  0.393096  0
13.253333  0.392801  0
13.280000  0.392524  0
13.306667  0.392270  0
13.333333  0.392046  0
13.360000  0.391851  0
13.386667  0.391683  0
13.413333  0.391538  0
13.440000  0.391409  0
13.466667  0.391287  0
13.493333  0.391164  0
13.520000  0.391036  0
13.546667  0.390897  0
13.573333  0.390751  0
13.600000  0.390600  0
13.626667  0.390452  0
13.653333  0.390316  0
13.680000  0.390197  0
13.706667  0.390099  0
13.733333  0.390018  0
13.760000  0.389941  0
13.786667  0.389850  0
13.813333  0.389724  0
13.840000  0.389541  0
13.866667  0.389284  0
13.893333  0.388947  0
13.920000  0.388536  0
13.946667  0.388070  0
13.973333  0.387581  0
14.000000  0.387104  0
14.026667  0.386680  0
14.053333  0.386343  0
14.080000  0.386116  0
14.106667  0.386012  0
14.133333  0.386026  0
14.160000  0.386136  0
14.186667  0.386313  0
14.213333  0.386515  0
14.240000  0.386701  0
14.266667  0.386833  0
14.293333  0.386880  0
14.320000  0.386825  0
14.346667  0.386660  0
14.373333  0.386388  0
14.400000  0.386024  0
14.426667  0.385585  0
14.453333  0.385095  0
14.480000  0.384578  0
14.506667  0.384057  0
14.533333  0.383553  0
14.560000  0.383080  0
14.586667  0.382649  0
14.613333  0.382264  0
14.640000  0.381923  0
14.666667  0.381618  0
14.693333  0.381341  0
14.720000  0.381078  0
14.746667  0.380819  0
14.773333  0.380553  0
14.800000  0.380271  0
14.826667  0.379970  0
14.853333  0.379648  0
14.880000  0.379309  0
14.906667  0.378960  0
14.933333  0.378608  0
14.960000  0.378263  0
14.986667  0.377931  0
15.013333  0.377617  0
15.040000  0.377319  0
15.066667  0.377036  0
15.093333  0.376763  0
15.120000  0.376495  0
15.146667  0.376229  0
15.173333  0.375962  0
15.200000  0.375692  0
15.226667  0.375418  0
15.253333  0.375142  0
15.280000  0.374863  0
15.306667  0.374583  0
15.333333  0.374302  0
15.360000  0.374021  0
15.386667  0.373739  0
15.413333  0.373457  0
15.440000  0.373175  0
15.466667  0.372893  0
15.493333  0.372611  0
15.520000  0.372328  0
15.546667  0.372046  0
15.573333  0.371764  0
15.600000  0.371482  0
15.626667  0.371200  0
15.653333  0.370917  0
15.680000  0.370635  0
15.706667  0.370353  0
15.733333  0.370071  0
15.760000  0.369789  0
15.786667  0.369507  0
15.813333  0.369224  0
15.840000  0.368942  0
15.866667  0.368660  0
15.893333  0.368378  0
15.920000  0.368096  0
15.946667  0.367813  0
15.973333  0.367531  0
16.000000  0.367249  0
16.026667  0.366967  0
16.053333  0.366685  0
16.080000  0.366402  0
16.106667  0.366120  0
16.133333  0.365838  0
16.160000  0.365556  0
16.186667  0.365274  0
16.213333  0.364992  0
16.240000  0.364709  0
16.266667  0.364427  0
16.293333  0.364145  0
16.320000  0.363863  0
16.346667  0.363581  0
16.373333  0.363298  0
16.400000  0.363016  0
16.426667  0.362734  0
16.453333  0.362452  0
16.480000  0.362170  0
16.506667  0.361888  0
16.533333  0.361605  0
16.560000  0.361323  0
16.586667  0.361041  0
16.613333  0.360759  0
16.640000  0.360477  0
16.666667  0.360194  0
16.693333  0.359912  0
16.720000  0.359630  0
16.746667  0.359348  0
16.773333  0.359066  0
16.800000  0.358784  0
16.826667  0.358501  0
16.853333  0.358219  0
16.880000  0.357937  0
16.906667  0.357655  0
16.933333  0.357373  0
16.960000  0.357090  0
16.986667  0.356808  0
17.013333  0.356526  0
17.040000  0.356244  0
17.066667  0.355962  0
17.093333  0.355680  0
17.120000  0.355397  0
17.146667  0.355115  0
17.173333  0.354833  0
17.200000  0.354551  0
17.226667  0.354269  0
17.253333  0.353986  0
17.280000  0.353704  0
17.306667  0.353422  0
17.333333  0.353140  0
17.360000  0.352858  0
17.386667  0.352576  0
17.413333  0.352293  0
17.440000  0.352011  0
17.466667  0.351729  0
17.493333  0.351447  0
17.520000  0.351165  0
17.546667  0.350882  0
17.573333  0.350600  0
17.600000  0.350318  0
17.626667  0.350036  0
17.653333  0.349754  0
17.680000  0.349471  0
17.706667  0.349189  0
17.733333  0.348907  0
17.760000  0.348625  0
17.786667  0.348343  0
17.813333  0.348061  0
17.840000  0.347780  0
17.866667  0.347499  0
17.893333  0.347221  0
17.920000  0.346945  0
17.946667  0.346674  0
17.973333  0.346411  0
18.000000  0.346160  0
18.026667  0.345925  0
18.053333  0.345715  0
18.080000  0.345534  0
18.106667  0.345391  0
18.133333  0.345292  0
18.160000  0.345241  0
