2.693333  0.711061  0
2.720000  0.710869  0
2.746667  0.710502  0
2.773333  0.709985  0
2.800000  0.709350  0
2.826667  0.708631  0
2.853333  0.707856  0
2.880000  0.707047  0
2.906667  0.706218  0
2.933333  0.705379  0
2.960000  0.704535  0
2.986667  0.703689  0
3.013333  0.702841  0
3.040000  0.701993  0
3.066667  0.701143  0
3.093333  0.700290  0
3.120000  0.699432  0
3.146667  0.698564  0
3.173333  0.697680  0
3.200000  0.696774  0
3.226667  0.695838  0
3.253333  0.694865  0
3.280000  0.693849  0
3.306667  0.692788  0
3.333333  0.691682  0
3.360000  0.690539  0
3.386667  0.689363  0
3.413333  0.688162  0
3.440000  0.686945  0
3.466667  0.685717  0
3.493333  0.684483  0
3.520000  0.683245  0
3.546667  0.682006  0
3.573333  0.680765  0
3.600000  0.679524  0
3.626667  0.678282  0
3.653333  0.677038  0
3.680000  0.675790  0
3.706667  0.674534  0
3.733333  0.673263  0
3.760000  0.671965  0
3.786667  0.670626  0
3.813333  0.669227  0
3.840000  0.667749  0
3.866667  0.666172  0
3.893333  0.664486  0
3.920000  0.662688  0
3.946667  0.660784  0
3.973333  0.658791  0
4.000000  0.656732  0
4.026667  0.654631  0
4.053333  0.652511  0
4.080000  0.650391  0
4.106667  0.648287  0
4.133333  0.646211  0
4.160000  0.644173  0
4.186667  0.642179  0
4.213333  0.640239  0
4.240000  0.638359  0
4.266667  0.636548  0
4.293333  0.634815  0
4.320000  0.633166  0
4.346667  0.631612  0
4.373333  0.630159  0
4.400000  0.628815  0
4.426667  0.627586  0
4.453333  0.626475  0
4.480000  0.625483  0
4.506667  0.624607  0
4.533333  0.623841  0
4.560000  0.623173  0
4.586667  0.622590  0
4.613333  0.622072  0
4.640000  0.621596  0
4.666667  0.621137  0
4.693333  0.620668  0
4.720000  0.620163  0
4.746667  0.619597  0
4.773333  0.618948  0
4.800000  0.618201  0
4.826667  0.617344  0
4.853333  0.616371  0
4.880000  0.615285  0
4.906667  0.614093  0
4.933333  0.612806  0
4.960000  0.611441  0
4.986667  0.610018  0
5.013333  0.608556  0
5.040000  0.607077  0
5.066667  0.605598  0
5.093333  0.604139  0
5.120000  0.602712  0
5.146667  0.601330  0
5.173333  0.600000  0
5.200000  0.598729  0
5.226667  0.597517  0
5.253333  0.596365  0
5.280000  0.595269  0
5.306667  0.594224  0
5.333333  0.593222  0
5.360000  0.592256  0
5.386667  0.591316  0
5.413333  0.590392  0
5.440000  0.589475  0
5.466667  0.588556  0
5.493333  0.587630  0
5.520000  0.586693  0
5.546667  0.585746  0
5.573333  0.584791  0
5.600000  0.583834  0
5.626667  0.582886  0
5.653333  0.581959  0
5.680000  0.581065  0
5.706667  0.580218  0
5.733333  0.579432  0
5.760000  0.578715  0
5.786667  0.578077  0
5.813333  0.577520  0
5.840000  0.577046  0
5.866667  0.576650  0
5.893333  0.576325  0
5.920000  0.576060  0
5.946667  0.575843  0
5.973333  0.575661  0
6.000000  0.575499  0
6.026667  0.575342  0
6.053333  0.575178  0
6.080000  0.574996  0
6.106667  0.574786  0
6.133333  0.574540  0
6.160000  0.574254  0
6.186667  0.573924  0
6.213333  0.573549  0
6.240000  0.573128  0
6.266667  0.572665  0
6.293333  0.572160  0
6.320000  0.571619  0
6.346667  0.571046  0
6.373333  0.570447  0
6.400000  0.569828  0
6.426667  0.569195  0
6.453333  0.568557  0
6.480000  0.567919  0
6.506667  0.567291  0
6.533333  0.566679  0
6.560000  0.566090  0
6.586667  0.565529  0
6.613333  0.565002  0
6.640000  0.564511  0
6.666667  0.564058  0
6.693333  0.563644  0
6.720000  0.563267  0
6.746667  0.562924  0
6.773333  0.562611  0
6.800000  0.562323  0
6.826667  0.562054  0
6.853333  0.561797  0
6.880000  0.561545  0
6.906667  0.561291  0
6.933333  0.561027  0
6.960000  0.560747  0
6.986667  0.560444  0
7.013333  0.560112  0
7.040000  0.559744  0
7.066667  0.559336  0
7.093333  0.558885  0
7.120000  0.558389  0
7.146667  0.557847  0
7.173333  0.557259  0
7.200000  0.556628  0
7.226667  0.555957  0
7.253333  0.555250  0
7.280000  0.554513  0
7.306667  0.553751  0
7.333333  0.552970  0
7.360000  0.552176  0
7.386667  0.551373  0
7.413333  0.550567  0
7.440000  0.549761  0
7.466667  0.548959  0
7.493333  0.548163  0
7.520000  0.547374  0
7.546667  0.546593  0
7.573333  0.545820  0
7.600000  0.545052  0
7.626667  0.544289  0
7.653333  0.543527  0
7.680000  0.542763  0
7.706667  0.541991  0
7.733333  0.541208  0
7.760000  0.540409  0
7.786667  0.539588  0
7.813333  0.538742  0
7.840000  0.537867  0
7.866667  0.536960  0
7.893333  0.536018  0
7.920000  0.535043  0
7.946667  0.534035  0
7.973333  0.532996  0
8.000000  0.531929  0
8.026667  0.530839  0
8.053333  0.529731  0
8.080000  0.528609  0
8.106667  0.527481  0
8.133333  0.526351  0
8.160000  0.525226  0
8.186667  0.524113  0
8.213333  0.523019  0
8.240000  0.521956  0
8.266667  0.520934  0
8.293333  0.519963  0
8.320000  0.519051  0
8.346667  0.518197  0
8.373333  0.517398  0
8.400000  0.516643  0
8.426667  0.515919  0
8.453333  0.515215  0
8.480000  0.514522  0
8.506667  0.513835  0
8.533333  0.513151  0
8.560000  0.512467  0
8.586667  0.511784  0
8.613333  0.511101  0
8.640000  0.510417  0
8.666667  0.509733  0
8.693333  0.509046  0
8.720000  0.508355  0
8.746667  0.507654  0
8.773333  0.506934  0
8.800000  0.506186  0
8.826667  0.505397  0
8.853333  0.504557  0
8.880000  0.503661  0
8.906667  0.502709  0
8.933333  0.501709  0
8.960000  0.500671  0
8.986667  0.499606  0
9.013333  0.498517  0
9.040000  0.497403  0
9.066667  0.496247  0
9.093333  0.495019  0
9.120000  0.493676  0
9.146667  0.492165  0
9.173333  0.490438  0
9.200000  0.488464  0
9.226667  0.486241  0
9.253333  0.483794  0
9.280000  0.481172  0
9.306667  0.478433  0
9.333333  0.475633  0
9.360000  0.472823  0
9.386667  0.470045  0
9.413333  0.467336  0
9.440000  0.464722  0
9.466667  0.462221  0
9.493333  0.459834  0
9.520000  0.457549  0
9.546667  0.455346  0
9.573333  0.453203  0
9.600000  0.451103  0
9.626667  0.449037  0
9.653333  0.447010  0
9.680000  0.445031  0
9.706667  0.443117  0
9.733333  0.441282  0
9.760000  0.439533  0
9.786667  0.437869  0
9.813333  0.436277  0
9.840000  0.434741  0
9.866667  0.433243  0
9.893333  0.431767  0
9.920000  0.430305  0
9.946667  0.428854  0
9.973333  0.427413  0
10.000000  0.425993  0
10.026667  0.424605  0
10.053333  0.423269  0
10.080000  0.422004  0
10.106667  0.420826  0
10.133333  0.419740  0
10.160000  0.418742  0
10.186667  0.417818  0
10.213333  0.416949  0
10.240000  0.416116  0
10.266667  0.415304  0
10.293333  0.414503  0
10.320000  0.413706  0
10.346667  0.412912  0
10.373333  0.412118  0
10.400000  0.411324  0
10.426667  0.410531  0
10.453333  0.409737  0
10.480000  0.408944  0
10.506667  0.408150  0
10.533333  0.407357  0
10.560000  0.406564  0
10.586667  0.405772  0
10.613333  0.404985  0
10.640000  0.404206  0
10.666667  0.403445  0
10.693333  0.402717  0
10.720000  0.402040  0
10.746667  0.401438  0
10.773333  0.400928  0
10.800000  0.400521  0
10.826667  0.400216  0
10.853333  0.399999  0
10.880000  0.399851  0
10.906667  0.399750  0
10.933333  0.399677  0
10.960000  0.399619  0
10.986667  0.399569  0
11.013333  0.399522  0
11.040000  0.399476  0
11.066667  0.399430  0
11.093333  0.399385  0
11.120000  0.399339  0
11.146667  0.399294  0
11.173333  0.399249  0
11.200000  0.399203  0
11.226667  0.399158  0
11.253333  0.399112  0
11.280000  0.399067  0
11.306667  0.399021  0
11.333333  0.398976  0
11.360000  0.398930  0
11.386667  0.398885  0
11.413333  0.398839  0
11.440000  0.398794  0
11.466667  0.398748  0
11.493333  0.398703  0
11.520000  0.398658  0
11.546667  0.398612  0
11.573333  0.398567  0
11.600000  0.398521  0
11.626667  0.398476  0
11.653333  0.398430  0
11.680000  0.398385  0
11.706667  0.398339  0
11.733333  0.398294  0
11.760000  0.398248  0
11.786667  0.398203  0
11.813333  0.398157  0
11.840000  0.398112  0
11.866667  0.398066  0
11.893333  0.398021  0
11.920000  0.397976  0
11.946667  0.397930  0
11.973333  0.397885  0
12.000000  0.397840  0
12.026667  0.397795  0
12.053333  0.397751  0
12.080000  0.397708  0
12.106667  0.397665  0
12.133333  0.397624  0
12.160000  0.397582  0
12.186667  0.397542  0
12.213333  0.397501  0
12.240000  0.397461  0
12.266667  0.397421  0
12.293333  0.397382  0
12.320000  0.397342  0
12.346667  0.397302  0
12.373333  0.397262  0
12.400000  0.397222  0
12.426667  0.397182  0
12.453333  0.397142  0
12.480000  0.397102  0
12.506667  0.397063  0
12.533333  0.397023  0
12.560000  0.396983  0
12.586667  0.396943  0
12.613333  0.396903  0
12.640000  0.396863  0
12.666667  0.396823  0
12.693333  0.396784  0
12.720000  0.396744  0
12.746667  0.396704  0
12.773333  0.396664  0
12.800000  0.396624  0
12.826667  0.396584  0
12.853333  0.396544  0
12.880000  0.396505  0
12.906667  0.396465  0
12.933333  0.396425  0
12.960000  0.396385  0
12.986667  0.396345  0
13.013333  0.396305  0
13.040000  0.396265  0
13.066667  0.396226  0
13.093333  0.396186  0
13.120000  0.396146  0
13.146667  0.396106  0
13.173333  0.396066  0
13.200000  0.396026  0
13.226667  0.395986  0
13.253333  0.395947  0
13.280000  0.395907  0
13.306667  0.395867  0
13.333333  0.395827  0
13.360000  0.395787  0
13.386667  0.395748  0
13.413333  0.395709  0
13.440000  0.395672  0
13.466667  0.395637  0
13.493333  0.395609  0
13.520000  0.395589  0
13.546667  0.395581  0
13.573333  0.395589  0
13.600000  0.395615  0
13.626667  0.395658  0
13.653333  0.395716  0
13.680000  0.395786  0
13.706667  0.395863  0
13.733333  0.395945  0
13.760000  0.396030  0
13.786667  0.396116  0
13.813333  0.396203  0
13.840000  0.396290  0
13.866667  0.396377  0
13.893333  0.396463  0
13.920000  0.396550  0
13.946667  0.396637  0
13.973333  0.396724  0
14.000000  0.396811  0
14.026667  0.396898  0
14.053333  0.396985  0
14.080000  0.397071  0
14.106667  0.397158  0
14.133333  0.397245  0
14.160000  0.397332  0
14.186667  0.397419  0
14.213333  0.397506  0
14.240000  0.397593  0
14.266667  0.397679  0
14.293333  0.397766  0
14.320000  0.397853  0
14.346667  0.397940  0
14.373333  0.398027  0
14.400000  0.398114  0
14.426667  0.398201  0
14.453333  0.398287  0
14.480000  0.398374  0
14.506667  0.398461  0
14.533333  0.398548  0
14.560000  0.398635  0
14.586667  0.398722  0
14.613333  0.398809  0
14.640000  0.398895  0
14.666667  0.398982  0
14.693333  0.399069  0
14.720000  0.399156  0
14.746667  0.399242  0
14.773333  0.399327  0
14.800000  0.399409  0
14.826667  0.399485  0
14.853333  0.399549  0
14.880000  0.399594  0
14.906667  0.399610  0
14.933333  0.399589  0
14.960000  0.399523  0
14.986667  0.399413  0
15.013333  0.399262  0
15.040000  0.399078  0
15.066667  0.398870  0
15.093333  0.398648  0
15.120000  0.398417  0
15.146667  0.398182  0
15.173333  0.397946  0
15.200000  0.397709  0
15.226667  0.397471  0
15.253333  0.397234  0
15.280000  0.396996  0
15.306667  0.396759  0
15.333333  0.396521  0
15.360000  0.396284  0
15.386667  0.396046  0
15.413333  0.395808  0
15.440000  0.395571  0
15.466667  0.395333  0
15.493333  0.395096  0
15.520000  0.394858  0
15.546667  0.394621  0
15.573333  0.394383  0
15.600000  0.394146  0
15.626667  0.393908  0
15.653333  0.393671  0
15.680000  0.393433  0
15.706667  0.393196  0
15.733333  0.392960  0
15.760000  0.392725  0
15.786667  0.392496  0
15.813333  0.392280  0
15.840000  0.392089  0
15.866667  0.391943  0
15.893333  0.391870  0
15.920000  0.391897  0
15.946667  0.391953  0
15.973333  0.392008  0
16.000000  0.392063  0
16.026667  0.392119  0
16.053333  0.392174  0
16.080000  0.392229  0
16.106667  0.392285  0
16.133333  0.392340  0
16.160000  0.392395  0
16.186667  0.392451  0
16.213333  0.392506  0
16.240000  0.392561  0
16.266667  0.392617  0
16.293333  0.392672  0
16.320000  0.392727  0
16.346667  0.392783  0
16.373333  0.392838  0
16.400000  0.392893  0
16.426667  0.392949  0
16.453333  0.393004  0
16.480000  0.393059  0
16.506667  0.393115  0
16.533333  0.393170  0
16.560000  0.393225  0
16.586667  0.393281  0
16.613333  0.393336  0
16.640000  0.393391  0
16.666667  0.393447  0
16.693333  0.393502  0
16.720000  0.393557  0
16.746667  0.393613  0
16.773333  0.393668  0
16.800000  0.393723  0
16.826667  0.393779  0
16.853333  0.393834  0
16.880000  0.393889  0
16.906667  0.393945  0
16.933333  0.394000  0
16.960000  0.394055  0
16.986667  0.394111  0
17.013333  0.394166  0
17.040000  0.394221  0
17.066667  0.394277  0
17.093333  0.394332  0
17.120000  0.394387  0
17.146667  0.394443  0
17.173333  0.394498  0
17.200000  0.394553  0
17.226667  0.394609  0
17.253333  0.394664  0
17.280000  0.394719  0
17.306667  0.394775  0
17.333333  0.394830  0
17.360000  0.394885  0
17.386667  0.394941  0
17.413333  0.394996  0
17.440000  0.395051  0
17.466667  0.395107  0
17.493333  0.395162  0
17.520000  0.395217  0
17.546667  0.395273  0
17.573333  0.395328  0
17.600000  0.395383  0
17.626667  0.395439  0
17.653333  0.395494  0
17.680000  0.395550  0
17.706667  0.395605  0
17.733333  0.395660  0
17.760000  0.395716  0
17.786667  0.395771  0
17.813333  0.395826  0
17.840000  0.395882  0
17.866667  0.395937  0
17.893333  0.395992  0
17.920000  0.396048  0
17.946667  0.396103  0
17.973333  0.396158  0
18.000000  0.396214  0
18.026667  0.396269  0
18.053333  0.396324  0
18.080000  0.396380  0
18.106667  0.396435  0
18.133333  0.396490  0
18.160000  0.396546  0
18.186667  0.396601  0
18.213333  0.396656  0
18.240000  0.396712  0
18.266667  0.396767  0
18.293333  0.396822  0
18.320000  0.396878  0
18.346667  0.396933  0
18.373333  0.396988  0
18.400000  0.397044  0
18.426667  0.396911  0
18.453333  0.396778  0
18.480000  0.396645  0
18.506667  0.396512  0
18.533333  0.396379  0
18.560000  0.396246  0
18.586667  0.396113  0
18.613333  0.395981  0
18.640000  0.395848  0
18.666667  0.395715  0
18.693333  0.395582  0
18.720000  0.395449  0
18.746667  0.395316  0
18.773333  0.395183  0
18.800000  0.395050  0
18.826667  0.394918  0
18.853333  0.394785  0
18.880000  0.394652  0
18.906667  0.394519  0
18.933333  0.394386  0
18.960000  0.394253  0
18.986667  0.394120  0
19.013333  0.393987  0
19.040000  0.393854  0
19.066667  0.393722  0
19.093333  0.393589  0
19.120000  0.393456  0
19.146667  0.393323  0
19.173333  0.393190  0
19.200000  0.393057  0
19.226667  0.392924  0
19.253333  0.392791  0
19.280000  0.392659  0
19.306667  0.392526  0
19.333333  0.392393  0
19.360000  0.392260  0
19.386667  0.392127  0
19.413333  0.391994  0
19.440000  0.391861  0
19.466667  0.391728  0
19.493333  0.391595  0
19.520000  0.391463  0
19.546667  0.391330  0
19.573333  0.391197  0
19.600000  0.391064  0
19.626667  0.390931  0
19.653333  0.390798  0
19.680000  0.390665  0
19.706667  0.390532  0
19.733333  0.390400  0
19.760000  0.390267  0
19.786667  0.390134  0
19.813333  0.390001  0
19.840000  0.389868  0
19.866667  0.389735  0
19.893333  0.389602  0
19.920000  0.389469  0
19.946667  0.389336  0
19.973333  0.389204  0
20.000000  0.389071  0
20.026667  0.388938  0
20.053333  0.388805  0
