2.853333  0.842949  0
2.880000  0.841739  0
2.906667  0.839415  0
2.933333  0.836147  0
2.960000  0.832145  0
2.986667  0.827622  0
3.013333  0.822763  0
3.040000  0.817715  0
3.066667  0.812580  0
3.093333  0.807422  0
3.120000  0.802280  0
3.146667  0.797171  0
3.173333  0.792106  0
3.200000  0.787091  0
3.226667  0.782138  0
3.253333  0.777266  0
3.280000  0.772509  0
3.306667  0.767905  0
3.333333  0.763503  0
3.360000  0.759345  0
3.386667  0.755461  0
3.413333  0.751860  0
3.440000  0.748531  0
3.466667  0.745440  0
3.493333  0.742542  0
3.520000  0.739788  0
3.546667  0.737134  0
3.573333  0.734542  0
3.600000  0.731988  0
3.626667  0.729455  0
3.653333  0.726934  0
3.680000  0.724421  0
3.706667  0.721913  0
3.733333  0.719411  0
3.760000  0.716915  0
3.786667  0.714428  0
3.813333  0.711957  0
3.840000  0.709509  0
3.866667  0.707099  0
3.893333  0.704742  0
3.920000  0.702458  0
3.946667  0.700264  0
3.973333  0.698173  0
4.000000  0.696191  0
4.026667  0.694315  0
4.053333  0.692535  0
4.080000  0.690834  0
4.106667  0.689193  0
4.133333  0.687597  0
4.160000  0.686031  0
4.186667  0.684490  0
4.213333  0.682968  0
4.240000  0.681470  0
4.266667  0.680000  0
4.293333  0.678566  0
4.320000  0.677178  0
4.346667  0.675845  0
4.373333  0.674576  0
4.400000  0.673376  0
4.426667  0.672244  0
4.453333  0.671170  0
4.480000  0.670131  0
4.506667  0.669095  0
4.533333  0.668020  0
4.560000  0.666862  0
4.586667  0.665585  0
4.613333  0.664164  0
4.640000  0.662594  0
4.666667  0.660887  0
4.693333  0.659067  0
4.720000  0.657160  0
4.746667  0.655191  0
4.773333  0.653175  0
4.800000  0.651122  0
4.826667  0.649033  0
4.853333  0.646905  0
4.880000  0.644735  0
4.906667  0.642524  0
4.933333  0.640275  0
4.960000  0.637996  0
4.986667  0.635699  0
5.013333  0.633398  0
5.040000  0.631107  0
5.066667  0.628842  0
5.093333  0.626620  0
5.120000  0.624455  0
5.146667  0.622362  0
5.173333  0.620353  0
5.200000  0.618440  0
5.226667  0.616633  0
5.253333  0.614937  0
5.280000  0.613360  0
5.306667  0.611903  0
5.333333  0.610568  0
5.360000  0.609352  0
5.386667  0.608253  0
5.413333  0.607266  0
5.440000  0.606383  0
5.466667  0.605596  0
5.493333  0.604896  0
5.520000  0.604272  0
5.546667  0.603715  0
5.573333  0.603213  0
5.600000  0.602756  0
5.626667  0.602335  0
5.653333  0.601940  0
5.680000  0.601563  0
5.706667  0.601198  0
5.733333  0.600839  0
5.760000  0.600481  0
5.786667  0.600123  0
5.813333  0.599764  0
5.840000  0.599402  0
5.866667  0.599038  0
5.893333  0.598675  0
5.920000  0.598314  0
5.946667  0.597958  0
5.973333  0.597610  0
6.000000  0.597273  0
6.026667  0.596948  0
6.053333  0.596638  0
6.080000  0.596344  0
6.106667  0.596069  0
6.133333  0.595811  0
6.160000  0.595571  0
6.186667  0.595349  0
6.213333  0.595143  0
6.240000  0.594951  0
6.266667  0.594772  0
6.293333  0.594603  0
6.320000  0.594440  0
6.346667  0.594282  0
6.373333  0.594124  0
6.400000  0.593963  0
6.426667  0.593794  0
6.453333  0.593614  0
6.480000  0.593418  0
6.506667  0.593203  0
6.533333  0.592963  0
6.560000  0.592696  0
6.586667  0.592396  0
6.613333  0.592062  0
6.640000  0.591689  0
6.666667  0.591276  0
6.693333  0.590821  0
6.720000  0.590323  0
6.746667  0.589783  0
6.773333  0.589201  0
6.800000  0.588580  0
6.826667  0.587921  0
6.853333  0.587228  0
6.880000  0.586506  0
6.906667  0.585758  0
6.933333  0.584989  0
6.960000  0.584206  0
6.986667  0.583413  0
7.013333  0.582616  0
7.040000  0.581821  0
7.066667  0.581031  0
7.093333  0.580253  0
7.120000  0.579491  0
7.146667  0.578747  0
7.173333  0.578026  0
7.200000  0.577330  0
7.226667  0.576661  0
7.253333  0.576019  0
7.280000  0.575404  0
7.306667  0.574818  0
7.333333  0.574258  0
7.360000  0.573722  0
7.386667  0.573210  0
7.413333  0.572717  0
7.440000  0.572241  0
7.466667  0.571780  0
7.493333  0.571329  0
7.520000  0.570887  0
7.546667  0.570449  0
7.573333  0.570014  0
7.600000  0.569579  0
7.626667  0.569143  0
7.653333  0.568704  0
7.680000  0.568261  0
7.706667  0.567815  0
7.733333  0.567366  0
7.760000  0.566913  0
7.786667  0.566459  0
7.813333  0.566005  0
7.840000  0.565552  0
7.866667  0.565101  0
7.893333  0.564654  0
7.920000  0.564212  0
7.946667  0.563778  0
7.973333  0.563350  0
8.000000  0.562931  0
8.026667  0.562521  0
8.053333  0.562119  0
8.080000  0.561726  0
8.106667  0.561340  0
8.133333  0.560962  0
8.160000  0.560589  0
8.186667  0.560222  0
8.213333  0.559858  0
8.240000  0.559497  0
8.266667  0.559137  0
8.293333  0.558777  0
8.320000  0.558416  0
8.346667  0.558053  0
8.373333  0.557687  0
8.400000  0.557316  0
8.426667  0.556941  0
8.453333  0.556560  0
8.480000  0.556173  0
8.506667  0.555779  0
8.533333  0.555378  0
8.560000  0.554969  0
8.586667  0.554551  0
8.613333  0.554124  0
8.640000  0.553687  0
8.666667  0.553240  0
8.693333  0.552781  0
8.720000  0.552312  0
8.746667  0.551830  0
8.773333  0.551337  0
8.800000  0.550832  0
8.826667  0.550316  0
8.853333  0.549788  0
8.880000  0.549251  0
8.906667  0.548704  0
8.933333  0.548149  0
8.960000  0.547588  0
8.986667  0.547021  0
9.013333  0.546451  0
9.040000  0.545880  0
9.066667  0.545308  0
9.093333  0.544738  0
9.120000  0.544171  0
9.146667  0.543609  0
9.173333  0.543052  0
9.200000  0.542502  0
9.226667  0.541959  0
9.253333  0.541423  0
9.280000  0.540895  0
9.306667  0.540375  0
9.333333  0.539861  0
9.360000  0.539354  0
9.386667  0.538852  0
9.413333  0.538355  0
9.440000  0.537862  0
9.466667  0.537372  0
9.493333  0.536884  0
9.520000  0.536397  0
9.546667  0.535912  0
9.573333  0.535429  0
9.600000  0.534947  0
9.626667  0.534467  0
9.653333  0.533990  0
9.680000  0.533518  0
9.706667  0.533053  0
9.733333  0.532596  0
9.760000  0.532151  0
9.786667  0.531719  0
9.813333  0.531305  0
9.840000  0.530910  0
9.866667  0.530537  0
9.893333  0.530190  0
9.920000  0.529870  0
9.946667  0.529580  0
9.973333  0.529320  0
10.000000  0.529093  0
10.026667  0.528897  0
10.053333  0.528733  0
10.080000  0.528599  0
10.106667  0.528494  0
10.133333  0.528415  0
10.160000  0.528360  0
10.186667  0.528324  0
10.213333  0.528305  0
10.240000  0.528299  0
10.266667  0.528300  0
10.293333  0.528306  0
10.320000  0.528312  0
10.346667  0.528315  0
10.373333  0.528310  0
10.400000  0.528296  0
10.426667  0.528269  0
10.453333  0.528227  0
10.480000  0.528169  0
10.506667  0.528094  0
10.533333  0.528000  0
10.560000  0.527889  0
10.586667  0.527759  0
10.613333  0.527613  0
10.640000  0.527450  0
10.666667  0.527272  0
10.693333  0.527079  0
10.720000  0.526875  0
10.746667  0.526659  0
10.773333  0.526433  0
10.800000  0.526199  0
10.826667  0.525957  0
10.853333  0.525709  0
10.880000  0.525456  0
10.906667  0.525199  0
10.933333  0.524938  0
10.960000  0.524674  0
10.986667  0.524408  0
11.013333  0.524140  0
11.040000  0.523872  0
11.066667  0.523603  0
11.093333  0.523334  0
11.120000  0.523066  0
11.146667  0.522799  0
11.173333  0.522533  0
11.200000  0.522270  0
11.226667  0.522009  0
11.253333  0.521751  0
11.280000  0.521496  0
11.306667  0.521243  0
11.333333  0.520994  0
11.360000  0.520747  0
11.386667  0.520503  0
11.413333  0.520260  0
11.440000  0.520018  0
11.466667  0.519775  0
11.493333  0.519531  0
11.520000  0.519284  0
11.546667  0.519031  0
11.573333  0.518772  0
11.600000  0.518504  0
11.626667  0.518226  0
11.653333  0.517935  0
11.680000  0.517628  0
11.706667  0.517305  0
11.733333  0.516962  0
11.760000  0.516597  0
11.786667  0.516209  0
11.813333  0.515795  0
11.840000  0.515355  0
11.866667  0.514886  0
11.893333  0.514388  0
11.920000  0.513859  0
11.946667  0.513301  0
11.973333  0.512713  0
12.000000  0.512096  0
12.026667  0.511451  0
12.053333  0.510781  0
12.080000  0.510087  0
12.106667  0.509373  0
12.133333  0.508642  0
12.160000  0.507897  0
12.186667  0.507143  0
12.213333  0.506382  0
12.240000  0.505618  0
12.266667  0.504856  0
12.293333  0.504098  0
12.320000  0.503348  0
12.346667  0.502609  0
12.373333  0.501883  0
12.400000  0.501173  0
12.426667  0.500482  0
12.453333  0.499810  0
12.480000  0.499160  0
12.506667  0.498533  0
12.533333  0.497931  0
12.560000  0.497355  0
12.586667  0.496807  0
12.613333  0.496287  0
12.640000  0.495795  0
12.666667  0.495333  0
12.693333  0.494901  0
12.720000  0.494498  0
12.746667  0.494123  0
12.773333  0.493776  0
12.800000  0.493455  0
12.826667  0.493159  0
12.853333  0.492884  0
12.880000  0.492629  0
12.906667  0.492391  0
12.933333  0.492168  0
12.960000  0.491958  0
12.986667  0.491758  0
13.013333  0.491567  0
13.040000  0.491384  0
13.066667  0.491208  0
13.093333  0.491039  0
13.120000  0.490877  0
13.146667  0.490723  0
13.173333  0.490577  0
13.200000  0.490442  0
13.226667  0.490317  0
13.253333  0.490204  0
13.280000  0.490103  0
13.306667  0.490015  0
13.333333  0.489940  0
13.360000  0.489878  0
13.386667  0.489826  0
13.413333  0.489783  0
13.440000  0.489748  0
13.466667  0.489716  0
13.493333  0.489685  0
13.520000  0.489651  0
13.546667  0.489609  0
13.573333  0.489556  0
13.600000  0.489488  0
13.626667  0.489401  0
13.653333  0.489290  0
13.680000  0.489152  0
13.706667  0.488984  0
13.733333  0.488783  0
13.760000  0.488547  0
13.786667  0.488275  0
13.813333  0.487966  0
13.840000  0.487620  0
13.866667  0.487238  0
13.893333  0.486821  0
13.920000  0.486371  0
13.946667  0.485892  0
13.973333  0.485388  0
14.000000  0.484863  0
14.026667  0.484323  0
14.053333  0.483772  0
14.080000  0.483218  0
14.106667  0.482665  0
14.133333  0.482120  0
14.160000  0.481589  0
14.186667  0.481077  0
14.213333  0.480589  0
14.240000  0.480130  0
14.266667  0.479702  0
14.293333  0.479308  0
14.320000  0.478949  0
14.346667  0.478626  0
14.373333  0.478338  0
14.400000  0.478084  0
14.426667  0.477862  0
14.453333  0.477669  0
14.480000  0.477500  0
14.506667  0.477354  0
14.533333  0.477226  0
14.560000  0.477112  0
14.586667  0.477009  0
14.613333  0.476662  0
14.640000  0.476315  0
14.666667  0.475968  0
14.693333  0.475621  0
14.720000  0.475274  0
14.746667  0.474927  0
14.773333  0.474580  0
14.800000  0.474233  0
14.826667  0.473886  0
14.853333  0.473540  0
14.880000  0.473193  0
14.906667  0.472846  0
14.933333  0.472499  0
14.960000  0.472152  0
14.986667  0.471805  0
15.013333  0.471458  0
15.040000  0.471111  0
15.066667  0.470764  0
15.093333  0.470417  0
15.120000  0.470070  0
15.146667  0.469723  0
15.173333  0.469376  0
15.200000  0.469029  0
15.226667  0.468682  0
15.253333  0.468335  0
15.280000  0.467988  0
15.306667  0.467642  0
15.333333  0.467295  0
15.360000  0.466948  0
15.386667  0.466601  0
15.413333  0.466254  0
15.440000  0.465907  0
15.466667  0.465560  0
15.493333  0.465213  0
15.520000  0.464866  0
15.546667  0.464519  0
15.573333  0.464172  0
15.600000  0.463825  0
15.626667  0.463478  0
15.653333  0.463131  0
15.680000  0.462784  0
15.706667  0.462437  0
15.733333  0.462090  0
15.760000  0.461743  0
15.786667  0.461397  0
15.813333  0.461050  0
15.840000  0.460703  0
15.866667  0.460356  0
15.893333  0.460009  0
15.920000  0.459662  0
15.946667  0.459315  0
15.973333  0.458968  0
16.000000  0.458621  0
16.026667  0.458274  0
16.053333  0.457927  0
16.080000  0.457642  0
16.106667  0.457363  0
16.133333  0.457085  0
16.160000  0.456807  0
16.186667  0.456528  0
16.213333  0.456250  0
16.240000  0.455972  0
16.266667  0.455693  0
16.293333  0.455415  0
16.320000  0.455137  0
16.346667  0.454859  0
16.373333  0.454580  0
16.400000  0.454302  0
16.426667  0.454024  0
16.453333  0.453745  0
16.480000  0.453467  0
16.506667  0.453189  0
16.533333  0.452910  0
16.560000  0.452632  0
16.586667  0.452354  0
16.613333  0.452075  0
16.640000  0.451797  0
16.666667  0.451519  0
16.693333  0.451240  0
16.720000  0.450962  0
16.746667  0.450684  0
16.773333  0.450405  0
16.800000  0.450127  0
16.826667  0.449849  0
16.853333  0.449570  0
16.880000  0.449292  0
16.906667  0.449014  0
16.933333  0.448735  0
16.960000  0.448457  0
16.986667  0.448179  0
17.013333  0.447900  0
17.040000  0.447622  0
17.066667  0.447344  0
17.093333  0.447065  0
17.120000  0.446787  0
17.146667  0.446509  0
17.173333  0.446231  0
17.200000  0.445952  0
17.226667  0.445674  0
17.253333  0.445396  0
17.280000  0.445117  0
17.306667  0.444839  0
17.333333  0.444561  0
17.360000  0.444282  0
17.386667  0.444004  0
17.413333  0.443726  0
17.440000  0.443447  0
17.466667  0.443169  0
17.493333  0.442891  0
17.520000  0.442612  0
17.546667  0.442334  0
17.573333  0.442056  0
17.600000  0.441777  0
17.626667  0.441499  0
17.653333  0.441221  0
17.680000  0.440942  0
17.706667  0.440664  0
17.733333  0.440386  0
17.760000  0.440107  0
17.786667  0.439829  0
17.813333  0.439551  0
17.840000  0.439272  0
17.866667  0.438994  0
17.893333  0.438716  0
17.920000  0.438437  0
17.946667  0.438159  0
17.973333  0.437881  0
18.000000  0.437603  0
18.026667  0.437324  0
18.053333  0.437046  0
18.080000  0.436768  0
18.106667  0.436489  0
18.133333  0.436211  0
18.160000  0.435933  0
18.186667  0.435654  0
18.213333  0.435376  0
18.240000  0.435098  0
18.266667  0.434819  0
18.293333  0.434541  0
18.320000  0.434263  0
18.346667  0.433984  0
18.373333  0.433706  0
18.400000  0.433428  0
18.426667  0.433189  0
18.453333  0.432964  0
18.480000  0.432738  0
18.506667  0.432512  0
18.533333  0.432286  0
18.560000  0.432060  0
18.586667  0.431834  0
18.613333  0.431608  0
18.640000  0.431383  0
18.666667  0.431157  0
18.693333  0.430931  0
18.720000  0.430705  0
18.746667  0.430479  0
18.773333  0.430253  0
18.800000  0.430027  0
18.826667  0.429801  0
18.853333  0.429576  0
18.880000  0.429350  0
18.906667  0.429124  0
18.933333  0.428898  0
18.960000  0.428672  0
18.986667  0.428446  0
19.013333  0.428220  0
19.040000  0.427994  0
19.066667  0.427769  0
19.093333  0.427543  0
19.120000  0.427317  0
19.146667  0.427091  0
19.173333  0.426865  0
19.200000  0.426639  0
19.226667  0.426413  0
19.253333  0.426188  0
19.280000  0.425962  0
19.306667  0.425736  0
19.333333  0.425510  0
19.360000  0.425284  0
19.386667  0.425058  0
19.413333  0.424832  0
19.440000  0.424606  0
19.466667  0.424381  0
19.493333  0.424155  0
19.520000  0.423929  0
19.546667  0.423703  0
19.573333  0.423477  0
19.600000  0.423251  0
19.626667  0.423025  0
19.653333  0.422799  0
19.680000  0.422574  0
19.706667  0.422348  0
19.733333  0.422122  0
19.760000  0.421896  0
19.786667  0.421670  0
19.813333  0.421444  0
19.840000  0.421218  0
19.866667  0.420993  0
19.893333  0.420767  0
19.920000  0.420541  0
19.946667  0.420315  0
19.973333  0.420089  0
20.000000  0.419863  0
20.026667  0.419637  0
20.053333  0.419411  0
20.080000  0.419186  0
20.106667  0.418960  0
20.133333  0.418734  0
20.160000  0.418508  0
20.186667  0.418282  0
20.213333  0.418056  0
20.240000  0.417830  0
20.266667  0.417604  0
20.293333  0.417379  0
20.320000  0.417153  0
20.346667  0.416927  0
20.373333  0.416701  0
20.400000  0.416475  0
20.426667  0.416249  0
20.453333  0.416023  0
20.480000  0.415798  0
20.506667  0.415572  0
20.533333  0.415346  0
20.560000  0.415120  0
20.586667  0.414894  0
20.613333  0.414668  0
20.640000  0.414442  0
20.666667  0.414216  0
20.693333  0.413991  0
20.720000  0.413765  0
20.746667  0.413539  0
20.773333  0.413313  0
20.800000  0.413087  0
20.826667  0.412861  0
20.853333  0.412635  0
20.880000  0.412409  0
20.906667  0.412184  0
20.933333  0.411958  0
20.960000  0.411732  0
20.986667  0.411506  0
21.013333  0.411280  0
21.040000  0.411054  0
21.066667  0.410828  0
21.093333  0.410602  0
21.120000  0.410377  0
21.146667  0.410151  0
21.173333  0.409925  0
21.200000  0.409699  0
21.226667  0.409473  0
21.253333  0.409247  0
21.280000  0.409021  0
21.306667  0.408796  0
21.333333  0.408570  0
21.360000  0.408344  0
21.386667  0.408118  0
21.413333  0.407892  0
21.440000  0.407666  0
21.466667  0.407440  0
21.493333  0.407214  0
21.520000  0.406989  0
21.546667  0.406763  0
21.573333  0.406537  0
21.600000  0.406311  0
21.626667  0.406085  0
21.653333  0.405859  0
21.680000  0.405633  0
21.706667  0.405407  0
21.733333  0.405182  0
21.760000  0.404956  0
21.786667  0.404730  0
21.813333  0.404504  0
21.840000  0.404278  0
21.866667  0.404052  0
21.893333  0.403826  0
21.920000  0.403601  0
21.946667  0.403375  0
21.973333  0.403149  0
22.000000  0.402923  0
22.026667  0.402697  0
22.053333  0.402471  0
22.080000  0.402245  0
22.106667  0.402019  0
22.133333  0.401794  0
22.160000  0.401568  0
22.186667  0.401342  0
22.213333  0.401116  0
22.240000  0.400890  0
22.266667  0.400664  0
22.293333  0.400438  0
22.320000  0.400212  0
22.346667  0.399987  0
22.373333  0.399761  0
22.400000  0.399535  0
22.426667  0.399309  0
22.453333  0.399083  0
22.480000  0.398857  0
22.506667  0.398631  0
22.533333  0.398406  0
22.560000  0.398180  0
22.586667  0.397954  0
22.613333  0.397728  0
22.640000  0.397502  0
22.666667  0.397276  0
22.693333  0.397050  0
22.720000  0.396824  0
22.746667  0.396599  0
22.773333  0.396373  0
22.800000  0.396147  0
22.826667  0.395921  0
22.853333  0.395695  0
22.880000  0.395469  0
22.906667  0.395437  0
22.933333  0.395419  0
22.960000  0.395401  0
22.986667  0.395384  0
23.013333  0.395366  0
23.040000  0.395348  0
23.066667  0.395330  0
23.093333  0.395313  0
23.120000  0.395295  0
23.146667  0.395277  0
23.173333  0.395259  0
23.200000  0.395242  0
23.226667  0.395224  0
23.253333  0.395206  0
23.280000  0.395189  0
23.306667  0.395171  0
23.333333  0.395153  0
23.360000  0.395135  0
23.386667  0.395118  0
23.413333  0.395100  0
23.440000  0.395082  0
23.466667  0.395064  0
23.493333  0.395047  0
23.520000  0.395029  0
23.546667  0.395011  0
23.573333  0.394993  0
23.600000  0.394976  0
23.626667  0.394958  0
23.653333  0.394940  0
23.680000  0.394922  0
23.706667  0.394905  0
23.733333  0.394887  0
23.760000  0.394869  0
23.786667  0.394851  0
23.813333  0.394834  0
23.840000  0.394816  0
23.866667  0.394798  0
23.893333  0.394780  0
23.920000  0.394763  0
23.946667  0.394745  0
23.973333  0.394727  0
24.000000  0.394709  0
24.026667  0.394692  0
24.053333  0.394674  0
24.080000  0.394656  0
24.106667  0.394639  0
24.133333  0.394621  0
24.160000  0.394603  0
24.186667  0.394585  0
24.213333  0.394568  0
24.240000  0.394550  0
24.266667  0.394532  0
24.293333  0.394514  0
24.320000  0.394497  0
24.346667  0.394479  0
24.373333  0.394461  0
24.400000  0.394443  0
24.426667  0.394426  0
24.453333  0.394408  0
24.480000  0.394390  0
24.506667  0.394372  0
24.533333  0.394355  0
24.560000  0.394337  0
24.586667  0.394319  0
24.613333  0.394301  0
24.640000  0.394284  0
24.666667  0.394266  0
24.693333  0.394248  0
24.720000  0.394230  0
24.746667  0.394213  0
24.773333  0.394195  0
24.800000  0.394177  0
24.826667  0.394159  0
24.853333  0.394142  0
24.880000  0.394124  0
24.906667  0.394106  0
24.933333  0.394089  0
24.960000  0.394071  0
24.986667  0.394053  0
25.013333  0.394035  0
25.040000  0.394018  0
25.066667  0.394000  0
25.093333  0.393982  0
25.120000  0.393964  0
25.146667  0.393947  0
25.173333  0.393929  0
25.200000  0.393911  0
25.226667  0.393893  0
25.253333  0.393876  0
25.280000  0.393858  0
25.306667  0.393840  0
25.333333  0.393822  0
25.360000  0.393805  0
25.386667  0.393787  0
25.413333  0.393769  0
25.440000  0.393751  0
25.466667  0.393734  0
25.493333  0.393716  0
25.520000  0.393698  0
25.546667  0.393680  0
25.573333  0.393663  0
25.600000  0.393645  0
25.626667  0.393627  0
25.653333  0.393609  0
25.680000  0.393592  0
25.706667  0.393574  0
25.733333  0.393556  0
25.760000  0.393538  0
25.786667  0.393521  0
25.813333  0.393503  0
25.840000  0.393485  0
25.866667  0.393468  0
25.893333  0.393450  0
25.920000  0.393432  0
25.946667  0.393414  0
25.973333  0.393397  0
26.000000  0.393379  0
26.026667  0.393361  0
26.053333  0.393343  0
26.080000  0.393326  0
26.106667  0.393308  0
26.133333  0.393290  0
26.160000  0.393272  0
26.186667  0.393255  0
26.213333  0.393237  0
