2.880000  0.948521  0
2.906667  0.947246  0
2.933333  0.944795  0
2.960000  0.941345  0
2.986667  0.937129  0
3.013333  0.932399  0
3.040000  0.927395  0
3.066667  0.922317  0
3.093333  0.917317  0
3.120000  0.912489  0
3.146667  0.907883  0
3.173333  0.903509  0
3.200000  0.899356  0
3.226667  0.895400  0
3.253333  0.891612  0
3.280000  0.887967  0
3.306667  0.884441  0
3.333333  0.881012  0
3.360000  0.877661  0
3.386667  0.874371  0
3.413333  0.871123  0
3.440000  0.867898  0
3.466667  0.864678  0
3.493333  0.861447  0
3.520000  0.858187  0
3.546667  0.854884  0
3.573333  0.851527  0
3.600000  0.848108  0
3.626667  0.844626  0
3.653333  0.841083  0
3.680000  0.837488  0
3.706667  0.833853  0
3.733333  0.830197  0
3.760000  0.826535  0
3.786667  0.822887  0
3.813333  0.819268  0
3.840000  0.815690  0
3.866667  0.812159  0
3.893333  0.808677  0
3.920000  0.805238  0
3.946667  0.801833  0
3.973333  0.798448  0
4.000000  0.795068  0
4.026667  0.791677  0
4.053333  0.788259  0
4.080000  0.784802  0
4.106667  0.781293  0
4.133333  0.777725  0
4.160000  0.774091  0
4.186667  0.770386  0
4.213333  0.766610  0
4.240000  0.762761  0
4.266667  0.758846  0
4.293333  0.754873  0
4.320000  0.750857  0
4.346667  0.746818  0
4.373333  0.742778  0
4.400000  0.738763  0
4.426667  0.734792  0
4.453333  0.730883  0
4.480000  0.727044  0
4.506667  0.723274  0
4.533333  0.719565  0
4.560000  0.715900  0
4.586667  0.712263  0
4.613333  0.708632  0
4.640000  0.704992  0
4.666667  0.701327  0
4.693333  0.697630  0
4.720000  0.693893  0
4.746667  0.690117  0
4.773333  0.686302  0
4.800000  0.682454  0
4.826667  0.678576  0
4.853333  0.674676  0
4.880000  0.670760  0
4.906667  0.666837  0
4.933333  0.662913  0
4.960000  0.658996  0
4.986667  0.655094  0
5.013333  0.651214  0
5.040000  0.647364  0
5.066667  0.643550  0
5.093333  0.639781  0
5.120000  0.636062  0
5.146667  0.632400  0
5.173333  0.628802  0
5.200000  0.625275  0
5.226667  0.621824  0
5.253333  0.618457  0
5.280000  0.615179  0
5.306667  0.611996  0
5.333333  0.608914  0
5.360000  0.605939  0
5.386667  0.603076  0
5.413333  0.600329  0
5.440000  0.597703  0
5.466667  0.595202  0
5.493333  0.592829  0
5.520000  0.590586  0
5.546667  0.588474  0
5.573333  0.586494  0
5.600000  0.584644  0
5.626667  0.582923  0
5.653333  0.581329  0
5.680000  0.579857  0
5.706667  0.578502  0
5.733333  0.577258  0
5.760000  0.576119  0
5.786667  0.575078  0
5.813333  0.574126  0
5.840000  0.573256  0
5.866667  0.572458  0
5.893333  0.571726  0
5.920000  0.571049  0
5.946667  0.570420  0
5.973333  0.569832  0
6.000000  0.569277  0
6.026667  0.568749  0
6.053333  0.568242  0
6.080000  0.567749  0
6.106667  0.567267  0
6.133333  0.566792  0
6.160000  0.566319  0
6.186667  0.565846  0
6.213333  0.565370  0
6.240000  0.564889  0
6.266667  0.564403  0
6.293333  0.563909  0
6.320000  0.563407  0
6.346667  0.562895  0
6.373333  0.562374  0
6.400000  0.561843  0
6.426667  0.561302  0
6.453333  0.560750  0
6.480000  0.560188  0
6.506667  0.559616  0
6.533333  0.559033  0
6.560000  0.558440  0
6.586667  0.557837  0
6.613333  0.557224  0
6.640000  0.556603  0
6.666667  0.555973  0
6.693333  0.555336  0
6.720000  0.554692  0
6.746667  0.554041  0
6.773333  0.553385  0
6.800000  0.552724  0
6.826667  0.552058  0
6.853333  0.551389  0
6.880000  0.550717  0
6.906667  0.550042  0
6.933333  0.549365  0
6.960000  0.548685  0
6.986667  0.548002  0
7.013333  0.547316  0
7.040000  0.546626  0
7.066667  0.545933  0
7.093333  0.545235  0
7.120000  0.544533  0
7.146667  0.543825  0
7.173333  0.543111  0
7.200000  0.542392  0
7.226667  0.541667  0
7.253333  0.540936  0
7.280000  0.540200  0
7.306667  0.539461  0
7.333333  0.538719  0
7.360000  0.537976  0
7.386667  0.537234  0
7.413333  0.536495  0
7.440000  0.535761  0
7.466667  0.535035  0
7.493333  0.534319  0
7.520000  0.533616  0
7.546667  0.532928  0
7.573333  0.532257  0
7.600000  0.531606  0
7.626667  0.530975  0
7.653333  0.530367  0
7.680000  0.529781  0
7.706667  0.529218  0
7.733333  0.528679  0
7.760000  0.528161  0
7.786667  0.527664  0
7.813333  0.527187  0
7.840000  0.526727  0
7.866667  0.526282  0
7.893333  0.525850  0
7.920000  0.525428  0
7.946667  0.525013  0
7.973333  0.524603  0
8.000000  0.524195  0
8.026667  0.523787  0
8.053333  0.523376  0
8.080000  0.522963  0
8.106667  0.522544  0
8.133333  0.522120  0
8.160000  0.521690  0
8.186667  0.521254  0
8.213333  0.520813  0
8.240000  0.520368  0
8.266667  0.519919  0
8.293333  0.519468  0
8.320000  0.519017  0
8.346667  0.518566  0
8.373333  0.518118  0
8.400000  0.517674  0
8.426667  0.517235  0
8.453333  0.516802  0
8.480000  0.516376  0
8.506667  0.515958  0
8.533333  0.515546  0
8.560000  0.515142  0
8.586667  0.514745  0
8.613333  0.514353  0
8.640000  0.513966  0
8.666667  0.513583  0
8.693333  0.513202  0
8.720000  0.512823  0
8.746667  0.512443  0
8.773333  0.512061  0
8.800000  0.511676  0
8.826667  0.511287  0
8.853333  0.510893  0
8.880000  0.510493  0
8.906667  0.510088  0
8.933333  0.509676  0
8.960000  0.509259  0
8.986667  0.508835  0
9.013333  0.508407  0
9.040000  0.507974  0
9.066667  0.507538  0
9.093333  0.507099  0
9.120000  0.506658  0
9.146667  0.506217  0
9.173333  0.505777  0
9.200000  0.505337  0
9.226667  0.504900  0
9.253333  0.504464  0
9.280000  0.504032  0
9.306667  0.503603  0
9.333333  0.503177  0
9.360000  0.502754  0
9.386667  0.502335  0
9.413333  0.501918  0
9.440000  0.501504  0
9.466667  0.501092  0
9.493333  0.500682  0
9.520000  0.500274  0
9.546667  0.499868  0
9.573333  0.499465  0
9.600000  0.499064  0
9.626667  0.498668  0
9.653333  0.498276  0
9.680000  0.497890  0
9.706667  0.497512  0
9.733333  0.497144  0
9.760000  0.496788  0
9.786667  0.496446  0
9.813333  0.496120  0
9.840000  0.495812  0
9.866667  0.495526  0
9.893333  0.495263  0
9.920000  0.495025  0
9.946667  0.494813  0
9.973333  0.494629  0
10.000000  0.494475  0
10.026667  0.494349  0
10.053333  0.494252  0
10.080000  0.494183  0
10.106667  0.494140  0
10.133333  0.494123  0
10.160000  0.494129  0
10.186667  0.494154  0
10.213333  0.494197  0
10.240000  0.494253  0
10.266667  0.494318  0
10.293333  0.494389  0
10.320000  0.494462  0
10.346667  0.494532  0
10.373333  0.494596  0
10.400000  0.494649  0
10.426667  0.494686  0
10.453333  0.494705  0
10.480000  0.494702  0
10.506667  0.494672  0
10.533333  0.494612  0
10.560000  0.494520  0
10.586667  0.494394  0
10.613333  0.494231  0
10.640000  0.494032  0
10.666667  0.493797  0
10.693333  0.493528  0
10.720000  0.493227  0
10.746667  0.492900  0
10.773333  0.492550  0
10.800000  0.492182  0
10.826667  0.491801  0
10.853333  0.491412  0
10.880000  0.491018  0
10.906667  0.490621  0
10.933333  0.490223  0
10.960000  0.489826  0
10.986667  0.489429  0
11.013333  0.489033  0
11.040000  0.488638  0
11.066667  0.488243  0
11.093333  0.487849  0
11.120000  0.487455  0
11.146667  0.487061  0
11.173333  0.486667  0
11.200000  0.486274  0
11.226667  0.485880  0
11.253333  0.485486  0
11.280000  0.485093  0
11.306667  0.484699  0
11.333333  0.484305  0
11.360000  0.483911  0
11.386667  0.483518  0
11.413333  0.483124  0
11.440000  0.482730  0
11.466667  0.482337  0
11.493333  0.481943  0
11.520000  0.481549  0
11.546667  0.481156  0
11.573333  0.480762  0
11.600000  0.480368  0
11.626667  0.479974  0
11.653333  0.479581  0
11.680000  0.479187  0
11.706667  0.478793  0
11.733333  0.478400  0
11.760000  0.478006  0
11.786667  0.477613  0
11.813333  0.477221  0
11.840000  0.476829  0
11.866667  0.476440  0
11.893333  0.476054  0
11.920000  0.475673  0
11.946667  0.475300  0
11.973333  0.474938  0
12.000000  0.474593  0
12.026667  0.474267  0
12.053333  0.473966  0
12.080000  0.473693  0
12.106667  0.473451  0
12.133333  0.473241  0
12.160000  0.473063  0
12.186667  0.472914  0
12.213333  0.472790  0
12.240000  0.472687  0
12.266667  0.472600  0
12.293333  0.472525  0
12.320000  0.472459  0
12.346667  0.472399  0
12.373333  0.472346  0
12.400000  0.472298  0
12.426667  0.472256  0
12.453333  0.472222  0
12.480000  0.472197  0
12.506667  0.472182  0
12.533333  0.472178  0
12.560000  0.472187  0
12.586667  0.472208  0
12.613333  0.472242  0
12.640000  0.472289  0
12.666667  0.472348  0
12.693333  0.472418  0
12.720000  0.472498  0
12.746667  0.472586  0
12.773333  0.472680  0
12.800000  0.472777  0
12.826667  0.472876  0
12.853333  0.472974  0
12.880000  0.473067  0
12.906667  0.473155  0
12.933333  0.473232  0
12.960000  0.473299  0
12.986667  0.473351  0
13.013333  0.473388  0
13.040000  0.473407  0
13.066667  0.473408  0
13.093333  0.473388  0
13.120000  0.473349  0
13.146667  0.473290  0
13.173333  0.473210  0
13.200000  0.473111  0
13.226667  0.472993  0
13.253333  0.472858  0
13.280000  0.472706  0
13.306667  0.472540  0
13.333333  0.472360  0
13.360000  0.472169  0
13.386667  0.471967  0
13.413333  0.471757  0
13.440000  0.471539  0
13.466667  0.471314  0
13.493333  0.471085  0
13.520000  0.470851  0
13.546667  0.470614  0
13.573333  0.470375  0
13.600000  0.470134  0
13.626667  0.469891  0
13.653333  0.469648  0
13.680000  0.469405  0
13.706667  0.469163  0
13.733333  0.468922  0
13.760000  0.468682  0
13.786667  0.468445  0
13.813333  0.468211  0
13.840000  0.467981  0
13.866667  0.467755  0
13.893333  0.467534  0
13.920000  0.467318  0
13.946667  0.467108  0
13.973333  0.466903  0
14.000000  0.466705  0
14.026667  0.466513  0
14.053333  0.466327  0
14.080000  0.466147  0
14.106667  0.465973  0
14.133333  0.465805  0
14.160000  0.465642  0
14.186667  0.465484  0
14.213333  0.465331  0
14.240000  0.465182  0
14.266667  0.465037  0
14.293333  0.464896  0
14.320000  0.464759  0
14.346667  0.464624  0
14.373333  0.464493  0
14.400000  0.464365  0
14.426667  0.464239  0
14.453333  0.464117  0
14.480000  0.463998  0
14.506667  0.463883  0
14.533333  0.463771  0
14.560000  0.463663  0
14.586667  0.463559  0
14.613333  0.463460  0
14.640000  0.463366  0
14.666667  0.463276  0
14.693333  0.463192  0
14.720000  0.463112  0
14.746667  0.463038  0
14.773333  0.462967  0
14.800000  0.462898  0
14.826667  0.462831  0
14.853333  0.462762  0
14.880000  0.462690  0
14.906667  0.462610  0
14.933333  0.462520  0
14.960000  0.462418  0
14.986667  0.462301  0
15.013333  0.462168  0
15.040000  0.462019  0
15.066667  0.461855  0
15.093333  0.461678  0
15.120000  0.461489  0
15.146667  0.461291  0
15.173333  0.461087  0
15.200000  0.460877  0
15.226667  0.460664  0
15.253333  0.460450  0
15.280000  0.460233  0
15.306667  0.460016  0
15.333333  0.459799  0
15.360000  0.459581  0
15.386667  0.459363  0
15.413333  0.459146  0
15.440000  0.458928  0
15.466667  0.458710  0
15.493333  0.458492  0
15.520000  0.458274  0
15.546667  0.458057  0
15.573333  0.457839  0
15.600000  0.457621  0
15.626667  0.457403  0
15.653333  0.457185  0
15.680000  0.456967  0
15.706667  0.456750  0
15.733333  0.456532  0
15.760000  0.456314  0
15.786667  0.456096  0
15.813333  0.455878  0
15.840000  0.455660  0
15.866667  0.455443  0
15.893333  0.455225  0
15.920000  0.455007  0
15.946667  0.454789  0
15.973333  0.454571  0
16.000000  0.454353  0
16.026667  0.454136  0
16.053333  0.453918  0
16.080000  0.453700  0
16.106667  0.453482  0
16.133333  0.453264  0
16.160000  0.453046  0
16.186667  0.452829  0
16.213333  0.452611  0
16.240000  0.452393  0
16.266667  0.452175  0
16.293333  0.451957  0
16.320000  0.451740  0
16.346667  0.451522  0
16.373333  0.451304  0
16.400000  0.451086  0
16.426667  0.450868  0
16.453333  0.450650  0
16.480000  0.450433  0
16.506667  0.450215  0
16.533333  0.449997  0
16.560000  0.449779  0
16.586667  0.449561  0
16.613333  0.449343  0
16.640000  0.449126  0
16.666667  0.448908  0
16.693333  0.448690  0
16.720000  0.448472  0
16.746667  0.448254  0
16.773333  0.448036  0
16.800000  0.447819  0
16.826667  0.447601  0
16.853333  0.447383  0
16.880000  0.447165  0
16.906667  0.446947  0
16.933333  0.446729  0
16.960000  0.446512  0
16.986667  0.446294  0
17.013333  0.446076  0
17.040000  0.445858  0
17.066667  0.445640  0
17.093333  0.445423  0
17.120000  0.445205  0
17.146667  0.444987  0
17.173333  0.444769  0
17.200000  0.444551  0
17.226667  0.444333  0
17.253333  0.444116  0
17.280000  0.443898  0
17.306667  0.443680  0
17.333333  0.443462  0
17.360000  0.443244  0
17.386667  0.443026  0
17.413333  0.442809  0
17.440000  0.442591  0
17.466667  0.442373  0
17.493333  0.442155  0
17.520000  0.441937  0
17.546667  0.441719  0
17.573333  0.441502  0
17.600000  0.441284  0
17.626667  0.441066  0
17.653333  0.440848  0
17.680000  0.440630  0
17.706667  0.440412  0
17.733333  0.440195  0
17.760000  0.439977  0
17.786667  0.439759  0
17.813333  0.439541  0
17.840000  0.439323  0
17.866667  0.439106  0
17.893333  0.438888  0
17.920000  0.438670  0
17.946667  0.438452  0
17.973333  0.438234  0
18.000000  0.438016  0
18.026667  0.437799  0
18.053333  0.437581  0
18.080000  0.437363  0
18.106667  0.437145  0
18.133333  0.436927  0
18.160000  0.436709  0
18.186667  0.436491  0
18.213333  0.436274  0
18.240000  0.436056  0
18.266667  0.435837  0
18.293333  0.435619  0
18.320000  0.435399  0
18.346667  0.435178  0
18.373333  0.434956  0
18.400000  0.434730  0
18.426667  0.434500  0
18.453333  0.434264  0
18.480000  0.434021  0
18.506667  0.433769  0
18.533333  0.433506  0
18.560000  0.433231  0
18.586667  0.432944  0
18.613333  0.432645  0
18.640000  0.432334  0
18.666667  0.432014  0
18.693333  0.431684  0
18.720000  0.431348  0
18.746667  0.431006  0
18.773333  0.430660  0
18.800000  0.430312  0
18.826667  0.429962  0
18.853333  0.429610  0
18.880000  0.429258  0
18.906667  0.428906  0
18.933333  0.428553  0
18.960000  0.428201  0
18.986667  0.427848  0
19.013333  0.427496  0
19.040000  0.427143  0
19.066667  0.426790  0
19.093333  0.426437  0
19.120000  0.426085  0
19.146667  0.425732  0
19.173333  0.425379  0
19.200000  0.425027  0
19.226667  0.424674  0
19.253333  0.424321  0
19.280000  0.423969  0
19.306667  0.423616  0
19.333333  0.423263  0
19.360000  0.422910  0
19.386667  0.422558  0
19.413333  0.422205  0
19.440000  0.421852  0
19.466667  0.421500  0
19.493333  0.421147  0
19.520000  0.420794  0
19.546667  0.420442  0
19.573333  0.420089  0
19.600000  0.419736  0
19.626667  0.419384  0
19.653333  0.419031  0
19.680000  0.418678  0
19.706667  0.418325  0
19.733333  0.417973  0
19.760000  0.417620  0
19.786667  0.417267  0
19.813333  0.416915  0
19.840000  0.416562  0
19.866667  0.416209  0
19.893333  0.415857  0
19.920000  0.415504  0
19.946667  0.415151  0
19.973333  0.414799  0
20.000000  0.414446  0
20.026667  0.414093  0
20.053333  0.413740  0
20.080000  0.413388  0
20.106667  0.413035  0
20.133333  0.412682  0
20.160000  0.412330  0
20.186667  0.411977  0
20.213333  0.411624  0
20.240000  0.411272  0
20.266667  0.410919  0
20.293333  0.410566  0
20.320000  0.410213  0
20.346667  0.409861  0
20.373333  0.409508  0
20.400000  0.409155  0
20.426667  0.408803  0
20.453333  0.408450  0
20.480000  0.408097  0
20.506667  0.407745  0
20.533333  0.407392  0
20.560000  0.407039  0
20.586667  0.406687  0
20.613333  0.406334  0
20.640000  0.405981  0
20.666667  0.405628  0
20.693333  0.405276  0
20.720000  0.404923  0
20.746667  0.404570  0
20.773333  0.404218  0
20.800000  0.403865  0
20.826667  0.403512  0
20.853333  0.403160  0
20.880000  0.402807  0
20.906667  0.402454  0
20.933333  0.402102  0
20.960000  0.401750  0
20.986667  0.401399  0
21.013333  0.401049  0
21.040000  0.400702  0
21.066667  0.400357  0
21.093333  0.400019  0
21.120000  0.399687  0
21.146667  0.399367  0
21.173333  0.399060  0
21.200000  0.398770  0
21.226667  0.398500  0
21.253333  0.398251  0
21.280000  0.398026  0
21.306667  0.397824  0
21.333333  0.397644  0
21.360000  0.397484  0
21.386667  0.397341  0
21.413333  0.397212  0
21.440000  0.397093  0
21.466667  0.396982  0
21.493333  0.396877  0
21.520000  0.396776  0
21.546667  0.396676  0
21.573333  0.396578  0
21.600000  0.396481  0
21.626667  0.396384  0
21.653333  0.396287  0
21.680000  0.396191  0
21.706667  0.396094  0
21.733333  0.395998  0
21.760000  0.395902  0
21.786667  0.395805  0
21.813333  0.395709  0
21.840000  0.395612  0
21.866667  0.395516  0
21.893333  0.395419  0
21.920000  0.395323  0
21.946667  0.395226  0
21.973333  0.395130  0
22.000000  0.395033  0
22.026667  0.394937  0
22.053333  0.394841  0
22.080000  0.394744  0
22.106667  0.394648  0
22.133333  0.394551  0
22.160000  0.394455  0
22.186667  0.394358  0
22.213333  0.394262  0
22.240000  0.394165  0
22.266667  0.394069  0
22.293333  0.393972  0
22.320000  0.393876  0
22.346667  0.393779  0
22.373333  0.393683  0
22.400000  0.393587  0
22.426667  0.393490  0
22.453333  0.393394  0
22.480000  0.393297  0
22.506667  0.393201  0
22.533333  0.393104  0
22.560000  0.393008  0
22.586667  0.392911  0
22.613333  0.392815  0
22.640000  0.392718  0
22.666667  0.392622  0
22.693333  0.392526  0
22.720000  0.392429  0
22.746667  0.392333  0
22.773333  0.392236  0
22.800000  0.392140  0
22.826667  0.392043  0
22.853333  0.391947  0
22.880000  0.391850  0
22.906667  0.391754  0
22.933333  0.391657  0
22.960000  0.391561  0
22.986667  0.391465  0
23.013333  0.391368  0
23.040000  0.391272  0
23.066667  0.391175  0
23.093333  0.391079  0
23.120000  0.390982  0
23.146667  0.390886  0
23.173333  0.390789  0
23.200000  0.390693  0
23.226667  0.390596  0
23.253333  0.390500  0
23.280000  0.390404  0
23.306667  0.390307  0
23.333333  0.390211  0
23.360000  0.390114  0
23.386667  0.390018  0
23.413333  0.389921  0
23.440000  0.389825  0
23.466667  0.389728  0
23.493333  0.389632  0
23.520000  0.389535  0
23.546667  0.389439  0
23.573333  0.389343  0
23.600000  0.389246  0
23.626667  0.389150  0
23.653333  0.389053  0
23.680000  0.388957  0
23.706667  0.388860  0
23.733333  0.388764  0
23.760000  0.388667  0
23.786667  0.388571  0
23.813333  0.388474  0
23.840000  0.388378  0
23.866667  0.388282  0
23.893333  0.388185  0
23.920000  0.388089  0
23.946667  0.387992  0
23.973333  0.387896  0
24.000000  0.387799  0
24.026667  0.387703  0
24.053333  0.387606  0
24.080000  0.387510  0
24.106667  0.387413  0
24.133333  0.387317  0
24.160000  0.387221  0
24.186667  0.387124  0
24.213333  0.387028  0
24.240000  0.386931  0
24.266667  0.386835  0
24.293333  0.386738  0
24.320000  0.386642  0
24.346667  0.386545  0
24.373333  0.386449  0
24.400000  0.386352  0
24.426667  0.386256  0
24.453333  0.386160  0
24.480000  0.386063  0
24.506667  0.385967  0
24.533333  0.385870  0
24.560000  0.385774  0
24.586667  0.385677  0
24.613333  0.385581  0
24.640000  0.385485  0
24.666667  0.385389  0
24.693333  0.385294  0
24.720000  0.385199  0
24.746667  0.385107  0
24.773333  0.385017  0
24.800000  0.384931  0
24.826667  0.384851  0
24.853333  0.384779  0
24.880000  0.384717  0
24.906667  0.384668  0
24.933333  0.384634  0
24.960000  0.384617  0
