2.720000  0.870607  0
2.746667  0.869889  0
2.773333  0.868484  0
2.800000  0.866453  0
2.826667  0.863877  0
2.853333  0.860847  0
2.880000  0.857460  0
2.906667  0.853805  0
2.933333  0.849962  0
2.960000  0.845997  0
2.986667  0.841961  0
3.013333  0.837894  0
3.040000  0.833822  0
3.066667  0.829763  0
3.093333  0.825728  0
3.120000  0.821723  0
3.146667  0.817750  0
3.173333  0.813814  0
3.200000  0.809915  0
3.226667  0.806058  0
3.253333  0.802251  0
3.280000  0.798502  0
3.306667  0.794824  0
3.333333  0.791230  0
3.360000  0.787734  0
3.386667  0.784349  0
3.413333  0.781083  0
3.440000  0.777943  0
3.466667  0.774927  0
3.493333  0.772029  0
3.520000  0.769241  0
3.546667  0.766547  0
3.573333  0.763933  0
3.600000  0.761383  0
3.626667  0.758884  0
3.653333  0.756423  0
3.680000  0.753992  0
3.706667  0.751585  0
3.733333  0.749200  0
3.760000  0.746836  0
3.786667  0.744496  0
3.813333  0.742181  0
3.840000  0.739896  0
3.866667  0.737643  0
3.893333  0.735425  0
3.920000  0.733242  0
3.946667  0.731096  0
3.973333  0.728986  0
4.000000  0.726909  0
4.026667  0.724866  0
4.053333  0.722857  0
4.080000  0.720884  0
4.106667  0.718953  0
4.133333  0.717070  0
4.160000  0.715247  0
4.186667  0.713496  0
4.213333  0.711828  0
4.240000  0.710256  0
4.266667  0.708789  0
4.293333  0.707431  0
4.320000  0.706185  0
4.346667  0.705044  0
4.373333  0.704002  0
4.400000  0.703047  0
4.426667  0.702164  0
4.453333  0.701341  0
4.480000  0.700564  0
4.506667  0.699822  0
4.533333  0.699105  0
4.560000  0.698405  0
4.586667  0.697719  0
4.613333  0.697041  0
4.640000  0.696370  0
4.666667  0.695703  0
4.693333  0.695039  0
4.720000  0.694376  0
4.746667  0.693712  0
4.773333  0.693044  0
4.800000  0.692369  0
4.826667  0.691681  0
4.853333  0.690977  0
4.880000  0.690250  0
4.906667  0.689493  0
4.933333  0.688701  0
4.960000  0.687869  0
4.986667  0.686992  0
5.013333  0.686069  0
5.040000  0.685099  0
5.066667  0.684083  0
5.093333  0.683025  0
5.120000  0.681929  0
5.146667  0.680799  0
5.173333  0.679639  0
5.200000  0.678453  0
5.226667  0.677242  0
5.253333  0.676009  0
5.280000  0.674752  0
5.306667  0.673471  0
5.333333  0.672164  0
5.360000  0.670830  0
5.386667  0.669465  0
5.413333  0.668065  0
5.440000  0.666624  0
5.466667  0.665134  0
5.493333  0.663581  0
5.520000  0.661951  0
5.546667  0.660223  0
5.573333  0.658377  0
5.600000  0.656391  0
5.626667  0.654244  0
5.653333  0.651922  0
5.680000  0.649416  0
5.706667  0.646728  0
5.733333  0.643867  0
5.760000  0.640853  0
5.786667  0.637715  0
5.813333  0.634487  0
5.840000  0.631204  0
5.866667  0.627906  0
5.893333  0.624628  0
5.920000  0.621402  0
5.946667  0.618255  0
5.973333  0.615207  0
6.000000  0.612269  0
6.026667  0.609447  0
6.053333  0.606741  0
6.080000  0.604147  0
6.106667  0.601656  0
6.133333  0.599261  0
6.160000  0.596953  0
6.186667  0.594727  0
6.213333  0.592576  0
6.240000  0.590497  0
6.266667  0.588485  0
6.293333  0.586536  0
6.320000  0.584645  0
6.346667  0.582804  0
6.373333  0.581006  0
6.400000  0.579240  0
6.426667  0.577495  0
6.453333  0.575762  0
6.480000  0.574030  0
6.506667  0.572287  0
6.533333  0.570525  0
6.560000  0.568735  0
6.586667  0.566909  0
6.613333  0.565040  0
6.640000  0.563122  0
6.666667  0.561150  0
6.693333  0.559121  0
6.720000  0.557032  0
6.746667  0.554887  0
6.773333  0.552694  0
6.800000  0.550469  0
6.826667  0.548236  0
6.853333  0.546025  0
6.880000  0.543873  0
6.906667  0.541818  0
6.933333  0.539896  0
6.960000  0.538137  0
6.986667  0.536559  0
7.013333  0.535169  0
7.040000  0.533961  0
7.066667  0.532920  0
7.093333  0.532021  0
7.120000  0.531236  0
7.146667  0.530536  0
7.173333  0.529892  0
7.200000  0.529279  0
7.226667  0.528679  0
7.253333  0.528074  0
7.280000  0.527454  0
7.306667  0.526812  0
7.333333  0.526146  0
7.360000  0.525454  0
7.386667  0.524741  0
7.413333  0.524011  0
7.440000  0.523271  0
7.466667  0.522529  0
7.493333  0.521792  0
7.520000  0.521070  0
7.546667  0.520371  0
7.573333  0.519702  0
7.600000  0.519070  0
7.626667  0.518478  0
7.653333  0.517931  0
7.680000  0.517429  0
7.706667  0.516970  0
7.733333  0.516549  0
7.760000  0.516158  0
7.786667  0.515788  0
7.813333  0.515423  0
7.840000  0.515049  0
7.866667  0.514647  0
7.893333  0.514199  0
7.920000  0.513685  0
7.946667  0.513090  0
7.973333  0.512399  0
8.000000  0.511606  0
8.026667  0.510707  0
8.053333  0.509707  0
8.080000  0.508617  0
8.106667  0.507455  0
8.133333  0.506245  0
8.160000  0.505014  0
8.186667  0.503791  0
8.213333  0.502603  0
8.240000  0.501476  0
8.266667  0.500431  0
8.293333  0.499481  0
8.320000  0.498635  0
8.346667  0.497892  0
8.373333  0.497248  0
8.400000  0.496692  0
8.426667  0.496211  0
8.453333  0.495788  0
8.480000  0.495409  0
8.506667  0.495057  0
8.533333  0.494719  0
8.560000  0.494386  0
8.586667  0.494046  0
8.613333  0.493693  0
8.640000  0.493319  0
8.666667  0.492921  0
8.693333  0.492490  0
8.720000  0.492023  0
8.746667  0.491513  0
8.773333  0.490957  0
8.800000  0.490352  0
8.826667  0.489697  0
8.853333  0.488995  0
8.880000  0.488253  0
8.906667  0.487481  0
8.933333  0.486694  0
8.960000  0.485908  0
8.986667  0.485142  0
9.013333  0.484417  0
9.040000  0.483750  0
9.066667  0.483157  0
9.093333  0.482652  0
9.120000  0.482241  0
9.146667  0.481928  0
9.173333  0.481713  0
9.200000  0.481589  0
9.226667  0.481547  0
9.253333  0.481576  0
9.280000  0.481661  0
9.306667  0.481788  0
9.333333  0.481942  0
9.360000  0.482108  0
9.386667  0.482273  0
9.413333  0.482425  0
9.440000  0.482554  0
9.466667  0.482653  0
9.493333  0.482717  0
9.520000  0.482745  0
9.546667  0.482737  0
9.573333  0.482696  0
9.600000  0.482629  0
9.626667  0.482541  0
9.653333  0.482440  0
9.680000  0.482334  0
9.706667  0.482230  0
9.733333  0.482132  0
9.760000  0.482046  0
9.786667  0.481972  0
9.813333  0.481913  0
9.840000  0.481867  0
9.866667  0.481834  0
9.893333  0.481811  0
9.920000  0.481796  0
9.946667  0.481787  0
9.973333  0.481783  0
10.000000  0.481782  0
10.026667  0.481783  0
10.053333  0.481786  0
10.080000  0.481789  0
10.106667  0.481793  0
10.133333  0.481798  0
10.160000  0.481802  0
10.186667  0.481807  0
10.213333  0.481811  0
10.240000  0.481816  0
10.266667  0.481821  0
10.293333  0.481827  0
10.320000  0.481833  0
10.346667  0.481840  0
10.373333  0.481848  0
10.400000  0.481858  0
10.426667  0.481872  0
10.453333  0.481889  0
10.480000  0.481911  0
10.506667  0.481939  0
10.533333  0.481976  0
10.560000  0.482022  0
10.586667  0.482080  0
10.613333  0.482150  0
10.640000  0.482236  0
10.666667  0.482337  0
10.693333  0.482454  0
10.720000  0.482588  0
10.746667  0.482737  0
10.773333  0.482899  0
10.800000  0.483070  0
10.826667  0.483247  0
10.853333  0.483424  0
10.880000  0.483595  0
10.906667  0.483753  0
10.933333  0.483892  0
10.960000  0.484007  0
10.986667  0.484091  0
11.013333  0.484142  0
11.040000  0.484156  0
11.066667  0.484134  0
11.093333  0.484074  0
11.120000  0.483979  0
11.146667  0.483850  0
11.173333  0.483691  0
11.200000  0.483504  0
11.226667  0.483294  0
11.253333  0.483062  0
11.280000  0.482813  0
11.306667  0.482550  0
11.333333  0.482276  0
11.360000  0.481996  0
11.386667  0.481713  0
11.413333  0.481430  0
11.440000  0.481151  0
11.466667  0.480879  0
11.493333  0.480615  0
11.520000  0.480363  0
11.546667  0.480122  0
11.573333  0.479895  0
11.600000  0.479679  0
11.626667  0.479476  0
11.653333  0.479285  0
11.680000  0.479103  0
11.706667  0.478932  0
11.733333  0.478769  0
11.760000  0.478613  0
11.786667  0.478464  0
11.813333  0.478322  0
11.840000  0.478184  0
11.866667  0.478049  0
11.893333  0.477917  0
11.920000  0.477785  0
11.946667  0.477652  0
11.973333  0.477514  0
12.000000  0.477371  0
12.026667  0.477219  0
12.053333  0.477055  0
12.080000  0.476879  0
12.106667  0.476687  0
12.133333  0.476477  0
12.160000  0.476249  0
12.186667  0.476001  0
12.213333  0.475733  0
12.240000  0.475444  0
12.266667  0.475136  0
12.293333  0.474808  0
12.320000  0.474462  0
12.346667  0.474099  0
12.373333  0.473721  0
12.400000  0.473330  0
12.426667  0.472927  0
12.453333  0.472514  0
12.480000  0.472093  0
12.506667  0.471665  0
12.533333  0.471231  0
12.560000  0.470791  0
12.586667  0.470348  0
12.613333  0.469900  0
12.640000  0.469450  0
12.666667  0.468996  0
12.693333  0.468540  0
12.720000  0.468083  0
12.746667  0.467626  0
12.773333  0.467170  0
12.800000  0.466715  0
12.826667  0.466264  0
12.853333  0.465817  0
12.880000  0.465375  0
12.906667  0.464938  0
12.933333  0.464508  0
12.960000  0.464083  0
12.986667  0.463663  0
13.013333  0.463248  0
13.040000  0.462836  0
13.066667  0.462426  0
13.093333  0.462018  0
13.120000  0.461610  0
13.146667  0.461203  0
13.173333  0.460795  0
13.200000  0.460387  0
13.226667  0.459979  0
13.253333  0.459570  0
13.280000  0.459161  0
13.306667  0.458751  0
13.333333  0.458340  0
13.360000  0.457928  0
13.386667  0.457514  0
13.413333  0.457098  0
13.440000  0.456679  0
13.466667  0.456256  0
13.493333  0.455830  0
13.520000  0.455399  0
13.546667  0.454964  0
13.573333  0.454525  0
13.600000  0.454081  0
13.626667  0.453631  0
13.653333  0.453176  0
13.680000  0.452714  0
13.706667  0.452242  0
13.733333  0.451759  0
13.760000  0.451261  0
13.786667  0.450744  0
13.813333  0.450203  0
13.840000  0.449634  0
13.866667  0.449032  0
13.893333  0.448395  0
13.920000  0.447720  0
13.946667  0.447010  0
13.973333  0.446269  0
14.000000  0.445504  0
14.026667  0.444729  0
14.053333  0.443956  0
14.080000  0.443201  0
14.106667  0.442479  0
14.133333  0.441805  0
14.160000  0.441187  0
14.186667  0.440632  0
14.213333  0.440142  0
14.240000  0.439714  0
14.266667  0.439343  0
14.293333  0.439019  0
14.320000  0.438736  0
14.346667  0.438482  0
14.373333  0.438251  0
14.400000  0.438036  0
14.426667  0.437832  0
14.453333  0.437634  0
14.480000  0.437441  0
14.506667  0.437249  0
14.533333  0.437060  0
14.560000  0.436871  0
14.586667  0.436682  0
14.613333  0.436494  0
14.640000  0.436305  0
14.666667  0.436117  0
14.693333  0.435928  0
14.720000  0.435740  0
14.746667  0.435552  0
14.773333  0.435363  0
14.800000  0.435175  0
14.826667  0.434987  0
14.853333  0.434799  0
14.880000  0.434610  0
14.906667  0.434422  0
14.933333  0.434234  0
14.960000  0.434045  0
14.986667  0.433857  0
15.013333  0.433669  0
15.040000  0.433480  0
15.066667  0.433292  0
15.093333  0.433104  0
15.120000  0.432915  0
15.146667  0.432727  0
15.173333  0.432539  0
15.200000  0.432350  0
15.226667  0.432162  0
15.253333  0.431974  0
15.280000  0.431785  0
15.306667  0.431597  0
15.333333  0.431409  0
15.360000  0.431220  0
15.386667  0.431032  0
15.413333  0.430843  0
15.440000  0.430655  0
15.466667  0.430466  0
15.493333  0.430277  0
15.520000  0.430088  0
15.546667  0.429899  0
15.573333  0.429709  0
15.600000  0.429518  0
15.626667  0.429327  0
15.653333  0.429135  0
15.680000  0.428942  0
15.706667  0.428748  0
15.733333  0.428554  0
15.760000  0.428358  0
15.786667  0.428162  0
15.813333  0.427965  0
15.840000  0.427767  0
15.866667  0.427569  0
15.893333  0.427371  0
15.920000  0.427172  0
15.946667  0.426974  0
15.973333  0.426775  0
16.000000  0.426576  0
16.026667  0.426377  0
16.053333  0.426178  0
16.080000  0.425979  0
16.106667  0.425780  0
16.133333  0.425581  0
16.160000  0.425382  0
16.186667  0.425183  0
16.213333  0.424985  0
16.240000  0.424786  0
16.266667  0.424587  0
16.293333  0.424388  0
16.320000  0.424189  0
16.346667  0.423990  0
16.373333  0.423791  0
16.400000  0.423592  0
16.426667  0.423393  0
16.453333  0.423194  0
16.480000  0.422995  0
16.506667  0.422796  0
16.533333  0.422597  0
16.560000  0.422398  0
16.586667  0.422199  0
16.613333  0.422000  0
16.640000  0.421801  0
16.666667  0.421602  0
16.693333  0.421403  0
16.720000  0.421204  0
16.746667  0.421005  0
16.773333  0.420806  0
16.800000  0.420608  0
16.826667  0.420409  0
16.853333  0.420210  0
16.880000  0.420011  0
16.906667  0.419812  0
16.933333  0.419613  0
16.960000  0.419414  0
16.986667  0.419215  0
17.013333  0.419016  0
17.040000  0.418817  0
17.066667  0.418618  0
17.093333  0.418419  0
17.120000  0.418220  0
17.146667  0.418021  0
17.173333  0.417822  0
17.200000  0.417623  0
17.226667  0.417424  0
17.253333  0.417225  0
17.280000  0.417026  0
17.306667  0.416827  0
17.333333  0.416628  0
17.360000  0.416429  0
17.386667  0.416230  0
17.413333  0.416032  0
17.440000  0.415833  0
17.466667  0.415634  0
17.493333  0.415435  0
17.520000  0.415236  0
17.546667  0.415037  0
17.573333  0.414838  0
17.600000  0.414639  0
17.626667  0.414440  0
17.653333  0.414241  0
17.680000  0.414042  0
17.706667  0.413843  0
17.733333  0.413644  0
17.760000  0.413446  0
17.786667  0.413247  0
17.813333  0.413050  0
17.840000  0.412853  0
17.866667  0.412657  0
17.893333  0.412463  0
17.920000  0.412272  0
17.946667  0.412084  0
17.973333  0.411901  0
18.000000  0.411723  0
18.026667  0.411552  0
18.053333  0.411387  0
18.080000  0.411231  0
18.106667  0.411082  0
18.133333  0.410941  0
18.160000  0.410807  0
18.186667  0.410679  0
18.213333  0.410557  0
18.240000  0.410439  0
18.266667  0.410325  0
18.293333  0.410213  0
18.320000  0.410103  0
18.346667  0.409995  0
18.373333  0.409887  0
18.400000  0.409779  0
18.426667  0.409672  0
18.453333  0.409565  0
18.480000  0.409458  0
18.506667  0.409352  0
18.533333  0.409245  0
18.560000  0.409138  0
18.586667  0.409031  0
18.613333  0.408924  0
18.640000  0.408818  0
18.666667  0.408711  0
18.693333  0.408604  0
18.720000  0.408497  0
18.746667  0.408391  0
18.773333  0.408284  0
18.800000  0.408177  0
18.826667  0.408070  0
18.853333  0.407963  0
18.880000  0.407857  0
18.906667  0.407750  0
18.933333  0.407643  0
18.960000  0.407536  0
18.986667  0.407430  0
19.013333  0.407323  0
19.040000  0.407216  0
19.066667  0.407109  0
19.093333  0.407002  0
19.120000  0.406896  0
19.146667  0.406789  0
19.173333  0.406682  0
19.200000  0.406575  0
19.226667  0.406469  0
19.253333  0.406362  0
19.280000  0.406255  0
19.306667  0.406148  0
19.333333  0.406041  0
19.360000  0.405935  0
19.386667  0.405828  0
19.413333  0.405721  0
19.440000  0.405614  0
19.466667  0.405508  0
19.493333  0.405401  0
19.520000  0.405294  0
19.546667  0.405187  0
19.573333  0.405080  0
19.600000  0.404974  0
19.626667  0.404867  0
19.653333  0.404760  0
19.680000  0.404653  0
19.706667  0.404547  0
19.733333  0.404440  0
19.760000  0.404333  0
19.786667  0.404226  0
19.813333  0.404119  0
19.840000  0.404013  0
19.866667  0.403906  0
19.893333  0.403799  0
19.920000  0.403692  0
19.946667  0.403586  0
19.973333  0.403479  0
20.000000  0.403372  0
20.026667  0.403265  0
20.053333  0.403158  0
20.080000  0.403052  0
20.106667  0.402945  0
20.133333  0.402838  0
20.160000  0.402731  0
20.186667  0.402625  0
20.213333  0.402518  0
20.240000  0.402411  0
20.266667  0.402304  0
20.293333  0.402197  0
20.320000  0.402091  0
20.346667  0.401984  0
20.373333  0.401877  0
20.400000  0.401770  0
20.426667  0.401663  0
20.453333  0.401557  0
20.480000  0.401450  0
20.506667  0.401343  0
20.533333  0.401236  0
20.560000  0.401130  0
20.586667  0.401023  0
20.613333  0.400916  0
20.640000  0.400809  0
20.666667  0.400702  0
20.693333  0.400596  0
20.720000  0.400489  0
20.746667  0.400382  0
20.773333  0.400275  0
20.800000  0.400169  0
20.826667  0.400062  0
20.853333  0.399955  0
20.880000  0.399848  0
20.906667  0.399741  0
20.933333  0.399635  0
20.960000  0.399528  0
20.986667  0.399421  0
21.013333  0.399314  0
21.040000  0.399208  0
21.066667  0.399101  0
21.093333  0.398994  0
21.120000  0.398887  0
21.146667  0.398780  0
21.173333  0.398674  0
21.200000  0.398567  0
21.226667  0.398460  0
21.253333  0.398353  0
21.280000  0.398247  0
21.306667  0.398140  0
21.333333  0.398033  0
21.360000  0.397926  0
21.386667  0.397819  0
21.413333  0.397713  0
21.440000  0.397606  0
21.466667  0.397499  0
21.493333  0.397392  0
21.520000  0.397286  0
21.546667  0.397179  0
21.573333  0.397072  0
21.600000  0.396965  0
21.626667  0.396858  0
21.653333  0.396752  0
21.680000  0.396645  0
21.706667  0.396538  0
21.733333  0.396431  0
21.760000  0.396325  0
21.786667  0.396218  0
21.813333  0.396111  0
21.840000  0.396004  0
21.866667  0.395897  0
21.893333  0.395791  0
21.920000  0.395684  0
21.946667  0.395577  0
21.973333  0.395470  0
22.000000  0.395364  0
22.026667  0.395257  0
22.053333  0.395150  0
22.080000  0.395043  0
22.106667  0.394936  0
22.133333  0.394830  0
22.160000  0.394723  0
22.186667  0.394616  0
22.213333  0.394510  0
22.240000  0.394404  0
22.266667  0.394299  0
22.293333  0.394194  0
22.320000  0.394091  0
22.346667  0.393990  0
22.373333  0.393892  0
22.400000  0.393798  0
22.426667  0.393709  0
22.453333  0.393626  0
22.480000  0.393550  0
22.506667  0.393483  0
22.533333  0.393425  0
22.560000  0.393376  0
22.586667  0.393335  0
22.613333  0.393303  0
22.640000  0.393279  0
22.666667  0.393261  0
22.693333  0.393248  0
22.720000  0.393239  0
22.746667  0.393233  0
22.773333  0.393229  0
22.800000  0.393226  0
22.826667  0.393225  0
22.853333  0.393224  0
22.880000  0.393224  0
22.906667  0.393224  0
22.933333  0.393224  0
22.960000  0.393224  0
22.986667  0.393224  0
23.013333  0.393223  0
23.040000  0.393223  0
23.066667  0.393223  0
23.093333  0.393223  0
23.120000  0.393223  0
23.146667  0.393223  0
23.173333  0.393223  0
23.200000  0.393223  0
23.226667  0.393223  0
23.253333  0.393223  0
23.280000  0.393223  0
23.306667  0.393223  0
23.333333  0.393223  0
23.360000  0.393223  0
23.386667  0.393223  0
23.413333  0.393223  0
23.440000  0.393223  0
23.466667  0.393223  0
23.493333  0.393223  0
23.520000  0.393223  0
23.546667  0.393223  0
23.573333  0.393223  0
23.600000  0.393223  0
23.626667  0.393223  0
23.653333  0.393223  0
23.680000  0.393223  0
23.706667  0.393223  0
23.733333  0.393223  0
23.760000  0.393223  0
23.786667  0.393223  0
23.813333  0.393223  0
23.840000  0.393223  0
23.866667  0.393223  0
23.893333  0.393223  0
23.920000  0.393223  0
23.946667  0.393223  0
23.973333  0.393223  0
24.000000  0.393223  0
24.026667  0.393223  0
24.053333  0.393223  0
24.080000  0.393223  0
24.106667  0.393223  0
24.133333  0.393223  0
24.160000  0.393223  0
24.186667  0.393223  0
24.213333  0.393223  0
24.240000  0.393223  0
24.266667  0.393223  0
24.293333  0.393223  0
24.320000  0.393223  0
24.346667  0.393223  0
24.373333  0.393223  0
24.400000  0.393223  0
24.426667  0.393223  0
24.453333  0.393223  0
24.480000  0.393223  0
24.506667  0.393223  0
24.533333  0.393223  0
24.560000  0.393223  0
24.586667  0.393223  0
24.613333  0.393223  0
24.640000  0.393223  0
24.666667  0.393223  0
24.693333  0.393223  0
24.720000  0.393223  0
24.746667  0.393223  0
24.773333  0.393223  0
24.800000  0.393223  0
24.826667  0.393223  0
24.853333  0.393223  0
24.880000  0.393223  0
24.906667  0.393223  0
24.933333  0.393223  0
24.960000  0.393223  0
24.986667  0.393223  0
25.013333  0.393223  0
25.040000  0.393223  0
25.066667  0.393223  0
25.093333  0.393223  0
25.120000  0.393223  0
25.146667  0.393223  0
25.173333  0.393223  0
25.200000  0.393223  0
25.226667  0.393223  0
25.253333  0.393223  0
25.280000  0.393223  0
25.306667  0.393223  0
25.333333  0.393223  0
25.360000  0.393223  0
25.386667  0.393223  0
25.413333  0.393223  0
25.440000  0.393223  0
25.466667  0.393223  0
25.493333  0.393223  0
25.520000  0.393223  0
25.546667  0.393223  0
25.573333  0.393223  0
25.600000  0.393223  0
25.626667  0.393223  0
25.653333  0.393223  0
25.680000  0.393223  0
25.706667  0.393223  0
25.733333  0.393223  0
25.760000  0.393223  0
25.786667  0.393223  0
25.813333  0.393223  0
25.840000  0.393223  0
25.866667  0.393223  0
25.893333  0.393223  0
25.920000  0.393223  0
25.946667  0.393223  0
25.973333  0.393223  0
26.000000  0.393223  0
26.026667  0.393223  0
26.053333  0.393223  0
26.080000  0.393223  0
26.106667  0.393223  0
26.133333  0.393223  0
26.160000  0.393223  0
26.186667  0.393223  0
26.213333  0.393223  0
26.240000  0.393223  0
26.266667  0.393223  0
26.293333  0.393223  0
26.320000  0.393223  0
26.346667  0.393223  0
