3.360000  0.757025  0
3.386667  0.753707  0
3.413333  0.748249  0
3.440000  0.741909  0
3.466667  0.735338  0
3.493333  0.728735  0
3.520000  0.722149  0
3.546667  0.715627  0
3.573333  0.709226  0
3.600000  0.702969  0
3.626667  0.696820  0
3.653333  0.690719  0
3.680000  0.684634  0
3.706667  0.678562  0
3.733333  0.672554  0
3.760000  0.666779  0
3.786667  0.661530  0
3.813333  0.657025  0
3.840000  0.653187  0
3.866667  0.649731  0
3.893333  0.646418  0
3.920000  0.643139  0
3.946667  0.639865  0
3.973333  0.636592  0
4.000000  0.633318  0
4.026667  0.630047  0
4.053333  0.626788  0
4.080000  0.623575  0
4.106667  0.620475  0
4.133333  0.617557  0
4.160000  0.614823  0
4.186667  0.612210  0
4.213333  0.609648  0
4.240000  0.607100  0
4.266667  0.604553  0
4.293333  0.602007  0
4.320000  0.599461  0
4.346667  0.596916  0
4.373333  0.594374  0
4.400000  0.591848  0
4.426667  0.589368  0
4.453333  0.586973  0
4.480000  0.584676  0
4.506667  0.582450  0
4.533333  0.580257  0
4.560000  0.578073  0
4.586667  0.575890  0
4.613333  0.573704  0
4.640000  0.571496  0
4.666667  0.569212  0
4.693333  0.566769  0
4.720000  0.564121  0
4.746667  0.561312  0
4.773333  0.558429  0
4.800000  0.555523  0
4.826667  0.552613  0
4.853333  0.549697  0
4.880000  0.546744  0
4.906667  0.543665  0
4.933333  0.540303  0
4.960000  0.536557  0
4.986667  0.532490  0
5.013333  0.528281  0
5.040000  0.524086  0
5.066667  0.519964  0
5.093333  0.515883  0
5.120000  0.511791  0
5.146667  0.507660  0
5.173333  0.503493  0
5.200000  0.499304  0
5.226667  0.495110  0
5.253333  0.490929  0
5.280000  0.486777  0
5.306667  0.482673  0
5.333333  0.478632  0
5.360000  0.474672  0
5.386667  0.470808  0
5.413333  0.467051  0
5.440000  0.463416  0
5.466667  0.459912  0
5.493333  0.456549  0
5.520000  0.453332  0
5.546667  0.450269  0
5.573333  0.447363  0
5.600000  0.444617  0
5.626667  0.442030  0
5.653333  0.439603  0
5.680000  0.437335  0
5.706667  0.435222  0
5.733333  0.433260  0
5.760000  0.431445  0
5.786667  0.429772  0
5.813333  0.428234  0
5.840000  0.426825  0
5.866667  0.425539  0
5.893333  0.424366  0
5.920000  0.423302  0
5.946667  0.422336  0
5.973333  0.421463  0
6.000000  0.420674  0
6.026667  0.419962  0
6.053333  0.419320  0
6.080000  0.418739  0
6.106667  0.418215  0
6.133333  0.417740  0
6.160000  0.417308  0
6.186667  0.416914  0
6.213333  0.416551  0
6.240000  0.416217  0
6.266667  0.415905  0
6.293333  0.415612  0
6.320000  0.415334  0
6.346667  0.415067  0
6.373333  0.414810  0
6.400000  0.414558  0
6.426667  0.414309  0
6.453333  0.414061  0
6.480000  0.413812  0
6.506667  0.413560  0
6.533333  0.413303  0
6.560000  0.413040  0
6.586667  0.412769  0
6.613333  0.412489  0
6.640000  0.412199  0
6.666667  0.411898  0
6.693333  0.411585  0
6.720000  0.411259  0
6.746667  0.410920  0
6.773333  0.410568  0
6.800000  0.410201  0
6.826667  0.409820  0
6.853333  0.409425  0
6.880000  0.409015  0
6.906667  0.408590  0
6.933333  0.408151  0
6.960000  0.407698  0
6.986667  0.407230  0
7.013333  0.406749  0
7.040000  0.406254  0
7.066667  0.405745  0
7.093333  0.405224  0
7.120000  0.404690  0
7.146667  0.404144  0
7.173333  0.403587  0
7.200000  0.403017  0
7.226667  0.402437  0
7.253333  0.401845  0
7.280000  0.401242  0
7.306667  0.400628  0
7.333333  0.400003  0
7.360000  0.399366  0
7.386667  0.398718  0
7.413333  0.398059  0
7.440000  0.397387  0
7.466667  0.396703  0
7.493333  0.396006  0
7.520000  0.395297  0
7.546667  0.394575  0
7.573333  0.393840  0
7.600000  0.393092  0
7.626667  0.392333  0
7.653333  0.391562  0
7.680000  0.390780  0
7.706667  0.389989  0
7.733333  0.389189  0
7.760000  0.388383  0
7.786667  0.387571  0
7.813333  0.386756  0
7.840000  0.385939  0
7.866667  0.385123  0
7.893333  0.384310  0
7.920000  0.383501  0
7.946667  0.382700  0
7.973333  0.381908  0
8.000000  0.381126  0
8.026667  0.380357  0
8.053333  0.379603  0
8.080000  0.378864  0
8.106667  0.378141  0
8.133333  0.377436  0
8.160000  0.376749  0
8.186667  0.376080  0
8.213333  0.375428  0
8.240000  0.374795  0
8.266667  0.374179  0
8.293333  0.373579  0
8.320000  0.372995  0
8.346667  0.372426  0
8.373333  0.371871  0
8.400000  0.371328  0
8.426667  0.370797  0
8.453333  0.370277  0
8.480000  0.369766  0
8.506667  0.369265  0
8.533333  0.368771  0
8.560000  0.368285  0
8.586667  0.367806  0
8.613333  0.367335  0
8.640000  0.366870  0
8.666667  0.366413  0
8.693333  0.365963  0
8.720000  0.365521  0
8.746667  0.365088  0
8.773333  0.364663  0
8.800000  0.364247  0
8.826667  0.363842  0
8.853333  0.363446  0
8.880000  0.363061  0
8.906667  0.362687  0
8.933333  0.362323  0
8.960000  0.361970  0
8.986667  0.361628  0
9.013333  0.361295  0
9.040000  0.360972  0
9.066667  0.360657  0
9.093333  0.360351  0
9.120000  0.360051  0
9.146667  0.359757  0
9.173333  0.359468  0
9.200000  0.359183  0
9.226667  0.358902  0
9.253333  0.358622  0
9.280000  0.358344  0
9.306667  0.358066  0
9.333333  0.357789  0
9.360000  0.357511  0
9.386667  0.357232  0
9.413333  0.356952  0
9.440000  0.356672  0
9.466667  0.356390  0
9.493333  0.356107  0
9.520000  0.355823  0
9.546667  0.355539  0
9.573333  0.355253  0
9.600000  0.354968  0
9.626667  0.354682  0
9.653333  0.354396  0
9.680000  0.354111  0
9.706667  0.353825  0
9.733333  0.353540  0
9.760000  0.353256  0
9.786667  0.352973  0
9.813333  0.352691  0
9.840000  0.352411  0
9.866667  0.352132  0
9.893333  0.351854  0
9.920000  0.351579  0
9.946667  0.351306  0
9.973333  0.351036  0
10.000000  0.350769  0
10.026667  0.350504  0
10.053333  0.350243  0
10.080000  0.349986  0
10.106667  0.349732  0
10.133333  0.349483  0
10.160000  0.349237  0
10.186667  0.348995  0
10.213333  0.348757  0
10.240000  0.348523  0
10.266667  0.348293  0
10.293333  0.348065  0
10.320000  0.347841  0
10.346667  0.347619  0
10.373333  0.347400  0
10.400000  0.347182  0
10.426667  0.346966  0
10.453333  0.346751  0
10.480000  0.346536  0
10.506667  0.346321  0
10.533333  0.346106  0
10.560000  0.345890  0
10.586667  0.345674  0
10.613333  0.345456  0
10.640000  0.345238  0
10.666667  0.345018  0
10.693333  0.344797  0
10.720000  0.344575  0
10.746667  0.344353  0
10.773333  0.344129  0
10.800000  0.343905  0
10.826667  0.343680  0
10.853333  0.343456  0
10.880000  0.343232  0
10.906667  0.343009  0
10.933333  0.342787  0
10.960000  0.342567  0
10.986667  0.342349  0
11.013333  0.342134  0
11.040000  0.341922  0
11.066667  0.341715  0
11.093333  0.341512  0
11.120000  0.341315  0
11.146667  0.341125  0
11.173333  0.340941  0
11.200000  0.340765  0
11.226667  0.340597  0
11.253333  0.340439  0
11.280000  0.340290  0
11.306667  0.340151  0
11.333333  0.340021  0
11.360000  0.339900  0
11.386667  0.339788  0
11.413333  0.339682  0
11.440000  0.339582  0
11.466667  0.339486  0
11.493333  0.339393  0
11.520000  0.339300  0
11.546667  0.339207  0
11.573333  0.339112  0
11.600000  0.339014  0
11.626667  0.338914  0
11.653333  0.338811  0
11.680000  0.338705  0
11.706667  0.338596  0
11.733333  0.338486  0
11.760000  0.338373  0
11.786667  0.338260  0
11.813333  0.338146  0
11.840000  0.338031  0
11.866667  0.337915  0
11.893333  0.337800  0
11.920000  0.337684  0
11.946667  0.337568  0
11.973333  0.337452  0
12.000000  0.337336  0
12.026667  0.337220  0
12.053333  0.337104  0
12.080000  0.336988  0
12.106667  0.336872  0
12.133333  0.336756  0
12.160000  0.336640  0
12.186667  0.336524  0
12.213333  0.336408  0
12.240000  0.336292  0
12.266667  0.336176  0
12.293333  0.336060  0
12.320000  0.335944  0
12.346667  0.335828  0
12.373333  0.335712  0
12.400000  0.335596  0
12.426667  0.335480  0
12.453333  0.335364  0
12.480000  0.335248  0
12.506667  0.335132  0
12.533333  0.335016  0
12.560000  0.334900  0
12.586667  0.334784  0
12.613333  0.334668  0
12.640000  0.334552  0
12.666667  0.334436  0
12.693333  0.334320  0
12.720000  0.334204  0
12.746667  0.334088  0
12.773333  0.333972  0
12.800000  0.333856  0
12.826667  0.333740  0
12.853333  0.333624  0
12.880000  0.333508  0
12.906667  0.333392  0
12.933333  0.333277  0
12.960000  0.333161  0
12.986667  0.333045  0
13.013333  0.332929  0
13.040000  0.332813  0
13.066667  0.332697  0
13.093333  0.332581  0
13.120000  0.332465  0
13.146667  0.332349  0
13.173333  0.332233  0
13.200000  0.332117  0
13.226667  0.332001  0
13.253333  0.331885  0
13.280000  0.331769  0
13.306667  0.331653  0
13.333333  0.331537  0
13.360000  0.331421  0
13.386667  0.331305  0
13.413333  0.331189  0
13.440000  0.331073  0
13.466667  0.330957  0
13.493333  0.330841  0
13.520000  0.330725  0
13.546667  0.330609  0
13.573333  0.330493  0
13.600000  0.330377  0
13.626667  0.330261  0
13.653333  0.330145  0
13.680000  0.330029  0
13.706667  0.329913  0
13.733333  0.329797  0
13.760000  0.329681  0
13.786667  0.329565  0
13.813333  0.329449  0
13.840000  0.329333  0
13.866667  0.329217  0
13.893333  0.329101  0
13.920000  0.328985  0
13.946667  0.328869  0
13.973333  0.328753  0
14.000000  0.328637  0
14.026667  0.328521  0
14.053333  0.328405  0
14.080000  0.328289  0
14.106667  0.328173  0
14.133333  0.328057  0
14.160000  0.327941  0
14.186667  0.327825  0
14.213333  0.327709  0
14.240000  0.327593  0
14.266667  0.327477  0
14.293333  0.327361  0
14.320000  0.327245  0
14.346667  0.327129  0
14.373333  0.327013  0
14.400000  0.326897  0
14.426667  0.326781  0
14.453333  0.326665  0
14.480000  0.326549  0
14.506667  0.326433  0
14.533333  0.326317  0
14.560000  0.326201  0
14.586667  0.326085  0
14.613333  0.325969  0
14.640000  0.325853  0
14.666667  0.325737  0
14.693333  0.325621  0
14.720000  0.325505  0
14.746667  0.325389  0
14.773333  0.325273  0
14.800000  0.325157  0
14.826667  0.325041  0
14.853333  0.324925  0
14.880000  0.324809  0
14.906667  0.324693  0
14.933333  0.324577  0
14.960000  0.324461  0
14.986667  0.324345  0
15.013333  0.324229  0
15.040000  0.324113  0
15.066667  0.323997  0
15.093333  0.323881  0
15.120000  0.323765  0
15.146667  0.323649  0
15.173333  0.323533  0
15.200000  0.323417  0
15.226667  0.323301  0
15.253333  0.323186  0
15.280000  0.323070  0
15.306667  0.322954  0
15.333333  0.322838  0
15.360000  0.322722  0
15.386667  0.322606  0
15.413333  0.322490  0
15.440000  0.322374  0
15.466667  0.322258  0
15.493333  0.322142  0
15.520000  0.322026  0
15.546667  0.321910  0
15.573333  0.321794  0
15.600000  0.321678  0
15.626667  0.321562  0
15.653333  0.321446  0
15.680000  0.321330  0
15.706667  0.321214  0
15.733333  0.321098  0
15.760000  0.320982  0
15.786667  0.320866  0
15.813333  0.320750  0
15.840000  0.320634  0
15.866667  0.320518  0
15.893333  0.320402  0
15.920000  0.320286  0
15.946667  0.320170  0
15.973333  0.320054  0
16.000000  0.319938  0
16.026667  0.319822  0
16.053333  0.319706  0
16.080000  0.319590  0
16.106667  0.319474  0
16.133333  0.319358  0
16.160000  0.319242  0
16.186667  0.319126  0
16.213333  0.319010  0
16.240000  0.318894  0
16.266667  0.318778  0
16.293333  0.318662  0
16.320000  0.318546  0
16.346667  0.318430  0
16.373333  0.318314  0
16.400000  0.318198  0
16.426667  0.318082  0
16.453333  0.317966  0
16.480000  0.317850  0
16.506667  0.317734  0
16.533333  0.317618  0
16.560000  0.317502  0
16.586667  0.317386  0
16.613333  0.317270  0
16.640000  0.317154  0
16.666667  0.317038  0
16.693333  0.316922  0
16.720000  0.316806  0
16.746667  0.316690  0
16.773333  0.316574  0
16.800000  0.316458  0
16.826667  0.316342  0
16.853333  0.316226  0
16.880000  0.316110  0
16.906667  0.315994  0
16.933333  0.315878  0
16.960000  0.315762  0
16.986667  0.315646  0
17.013333  0.315530  0
17.040000  0.315414  0
17.066667  0.315298  0
17.093333  0.315182  0
17.120000  0.315066  0
17.146667  0.314950  0
17.173333  0.314834  0
17.200000  0.314718  0
17.226667  0.314602  0
17.253333  0.314486  0
17.280000  0.314370  0
17.306667  0.314254  0
17.333333  0.314138  0
17.360000  0.314022  0
17.386667  0.313906  0
17.413333  0.313790  0
17.440000  0.313674  0
17.466667  0.313558  0
17.493333  0.313442  0
17.520000  0.313326  0
17.546667  0.313211  0
17.573333  0.313095  0
17.600000  0.312979  0
17.626667  0.312863  0
17.653333  0.312747  0
17.680000  0.312631  0
17.706667  0.312515  0
17.733333  0.312399  0
17.760000  0.312284  0
17.786667  0.312169  0
17.813333  0.312056  0
17.840000  0.311943  0
17.866667  0.311833  0
17.893333  0.311726  0
17.920000  0.311624  0
17.946667  0.311528  0
17.973333  0.311440  0
18.000000  0.311362  0
18.026667  0.311296  0
18.053333  0.311245  0
18.080000  0.311210  0
18.106667  0.311192  0
