3.120000  0.851136  0
3.146667  0.849650  0
3.173333  0.846935  0
3.200000  0.843380  0
3.226667  0.839350  0
3.253333  0.835099  0
3.280000  0.830762  0
3.306667  0.826398  0
3.333333  0.822027  0
3.360000  0.817654  0
3.386667  0.813282  0
3.413333  0.808909  0
3.440000  0.804536  0
3.466667  0.800163  0
3.493333  0.795790  0
3.520000  0.791417  0
3.546667  0.787044  0
3.573333  0.782672  0
3.600000  0.778299  0
3.626667  0.773926  0
3.653333  0.769553  0
3.680000  0.765180  0
3.706667  0.760807  0
3.733333  0.756435  0
3.760000  0.752062  0
3.786667  0.747689  0
3.813333  0.743316  0
3.840000  0.738943  0
3.866667  0.734570  0
3.893333  0.730197  0
3.920000  0.725825  0
3.946667  0.721452  0
3.973333  0.717079  0
4.000000  0.712706  0
4.026667  0.708333  0
4.053333  0.703960  0
4.080000  0.699587  0
4.106667  0.695214  0
4.133333  0.690839  0
4.160000  0.686455  0
4.186667  0.682047  0
4.213333  0.677575  0
4.240000  0.672959  0
4.266667  0.668079  0
4.293333  0.662784  0
4.320000  0.656931  0
4.346667  0.650420  0
4.373333  0.643224  0
4.400000  0.635387  0
4.426667  0.627011  0
4.453333  0.618235  0
4.480000  0.609223  0
4.506667  0.600148  0
4.533333  0.591181  0
4.560000  0.582483  0
4.586667  0.574193  0
4.613333  0.566420  0
4.640000  0.559245  0
4.666667  0.552712  0
4.693333  0.546836  0
4.720000  0.541605  0
4.746667  0.536982  0
4.773333  0.532918  0
4.800000  0.529353  0
4.826667  0.526223  0
4.853333  0.523466  0
4.880000  0.521026  0
4.906667  0.518853  0
4.933333  0.516904  0
4.960000  0.515146  0
4.986667  0.513554  0
5.013333  0.512107  0
5.040000  0.510789  0
5.066667  0.509591  0
5.093333  0.508501  0
5.120000  0.507515  0
5.146667  0.506626  0
5.173333  0.505830  0
5.200000  0.505125  0
5.226667  0.504510  0
5.253333  0.503983  0
5.280000  0.503545  0
5.306667  0.503194  0
5.333333  0.502926  0
5.360000  0.502736  0
5.386667  0.502612  0
5.413333  0.502538  0
5.440000  0.502489  0
5.466667  0.502440  0
5.493333  0.502357  0
5.520000  0.502208  0
5.546667  0.501960  0
5.573333  0.501583  0
5.600000  0.501053  0
5.626667  0.500352  0
5.653333  0.499471  0
5.680000  0.498407  0
5.706667  0.497166  0
5.733333  0.495757  0
5.760000  0.494195  0
5.786667  0.492495  0
5.813333  0.490673  0
5.840000  0.488747  0
5.866667  0.486733  0
5.893333  0.484644  0
5.920000  0.482496  0
5.946667  0.480303  0
5.973333  0.478075  0
6.000000  0.475825  0
6.026667  0.473562  0
6.053333  0.471295  0
6.080000  0.469030  0
6.106667  0.466773  0
6.133333  0.464527  0
6.160000  0.462297  0
6.186667  0.460088  0
6.213333  0.457904  0
6.240000  0.455754  0
6.266667  0.453644  0
6.293333  0.451585  0
6.320000  0.449588  0
6.346667  0.447665  0
6.373333  0.445828  0
6.400000  0.444089  0
6.426667  0.442460  0
6.453333  0.440950  0
6.480000  0.439570  0
6.506667  0.438327  0
6.533333  0.437228  0
6.560000  0.436274  0
6.586667  0.435468  0
6.613333  0.434805  0
6.640000  0.434280  0
6.666667  0.433882  0
6.693333  0.433597  0
6.720000  0.433409  0
6.746667  0.433297  0
6.773333  0.433241  0
6.800000  0.433218  0
6.826667  0.433209  0
6.853333  0.433193  0
6.880000  0.433156  0
6.906667  0.433086  0
6.933333  0.432975  0
6.960000  0.432822  0
6.986667  0.432630  0
7.013333  0.432405  0
7.040000  0.432158  0
7.066667  0.431902  0
7.093333  0.431651  0
7.120000  0.431419  0
7.146667  0.431220  0
7.173333  0.431064  0
7.200000  0.430958  0
7.226667  0.430906  0
7.253333  0.430908  0
7.280000  0.430960  0
7.306667  0.431055  0
7.333333  0.431181  0
7.360000  0.431328  0
7.386667  0.431479  0
7.413333  0.431620  0
7.440000  0.431736  0
7.466667  0.431814  0
7.493333  0.431841  0
7.520000  0.431806  0
7.546667  0.431703  0
7.573333  0.431525  0
7.600000  0.431271  0
7.626667  0.430937  0
7.653333  0.430527  0
7.680000  0.430043  0
7.706667  0.429487  0
7.733333  0.428865  0
7.760000  0.428181  0
7.786667  0.427439  0
7.813333  0.426644  0
7.840000  0.425802  0
7.866667  0.424916  0
7.893333  0.423992  0
7.920000  0.423035  0
7.946667  0.422050  0
7.973333  0.421043  0
8.000000  0.420022  0
8.026667  0.418993  0
8.053333  0.417962  0
8.080000  0.416937  0
8.106667  0.415923  0
8.133333  0.414926  0
8.160000  0.413952  0
8.186667  0.413005  0
8.213333  0.412089  0
8.240000  0.411205  0
8.266667  0.410356  0
8.293333  0.409545  0
8.320000  0.408771  0
8.346667  0.408037  0
8.373333  0.407341  0
8.400000  0.406686  0
8.426667  0.406070  0
8.453333  0.405493  0
8.480000  0.404954  0
8.506667  0.404455  0
8.533333  0.403994  0
8.560000  0.403571  0
8.586667  0.403190  0
8.613333  0.402850  0
8.640000  0.402555  0
8.666667  0.402307  0
8.693333  0.402110  0
8.720000  0.401965  0
8.746667  0.401873  0
8.773333  0.401834  0
8.800000  0.401845  0
8.826667  0.401900  0
8.853333  0.401993  0
8.880000  0.402116  0
8.906667  0.402257  0
8.933333  0.402408  0
8.960000  0.402558  0
8.986667  0.402698  0
9.013333  0.402822  0
9.040000  0.402925  0
9.066667  0.403003  0
9.093333  0.403055  0
9.120000  0.403082  0
9.146667  0.403083  0
9.173333  0.403061  0
9.200000  0.403017  0
9.226667  0.402952  0
9.253333  0.402869  0
9.280000  0.402768  0
9.306667  0.402650  0
9.333333  0.402515  0
9.360000  0.402366  0
9.386667  0.402203  0
9.413333  0.402029  0
9.440000  0.401846  0
9.466667  0.401657  0
9.493333  0.401467  0
9.520000  0.401278  0
9.546667  0.401096  0
9.573333  0.400925  0
9.600000  0.400767  0
9.626667  0.400627  0
9.653333  0.400506  0
9.680000  0.400405  0
9.706667  0.400325  0
9.733333  0.400262  0
9.760000  0.400217  0
9.786667  0.400186  0
9.813333  0.400165  0
9.840000  0.400153  0
9.866667  0.400147  0
9.893333  0.400144  0
9.920000  0.400143  0
9.946667  0.400141  0
9.973333  0.400133  0
10.000000  0.400115  0
10.026667  0.400077  0
10.053333  0.400009  0
10.080000  0.399899  0
10.106667  0.399738  0
10.133333  0.399519  0
10.160000  0.399248  0
10.186667  0.398935  0
10.213333  0.398604  0
10.240000  0.398281  0
10.266667  0.397990  0
10.293333  0.397745  0
10.320000  0.397552  0
10.346667  0.397407  0
10.373333  0.397298  0
10.400000  0.397214  0
10.426667  0.397145  0
10.453333  0.397085  0
10.480000  0.397028  0
10.506667  0.396972  0
10.533333  0.396918  0
10.560000  0.396863  0
10.586667  0.396809  0
10.613333  0.396754  0
10.640000  0.396700  0
10.666667  0.396646  0
10.693333  0.396591  0
10.720000  0.396537  0
10.746667  0.396483  0
10.773333  0.396428  0
10.800000  0.396374  0
10.826667  0.396320  0
10.853333  0.396265  0
10.880000  0.396211  0
10.906667  0.396156  0
10.933333  0.396102  0
10.960000  0.396048  0
10.986667  0.395993  0
11.013333  0.395939  0
11.040000  0.395885  0
11.066667  0.395830  0
11.093333  0.395776  0
11.120000  0.395721  0
11.146667  0.395667  0
11.173333  0.395613  0
11.200000  0.395558  0
11.226667  0.395504  0
11.253333  0.395449  0
11.280000  0.395394  0
11.306667  0.395338  0
11.333333  0.395279  0
11.360000  0.395216  0
11.386667  0.395145  0
11.413333  0.395062  0
11.440000  0.394963  0
11.466667  0.394843  0
11.493333  0.394698  0
11.520000  0.394526  0
11.546667  0.394329  0
11.573333  0.394109  0
11.600000  0.393870  0
11.626667  0.393615  0
11.653333  0.393349  0
11.680000  0.393074  0
11.706667  0.392789  0
11.733333  0.392493  0
11.760000  0.392186  0
11.786667  0.391864  0
11.813333  0.391526  0
11.840000  0.391171  0
11.866667  0.390798  0
11.893333  0.390409  0
11.920000  0.390006  0
11.946667  0.389593  0
11.973333  0.389172  0
12.000000  0.388746  0
12.026667  0.388319  0
12.053333  0.387892  0
12.080000  0.387464  0
12.106667  0.387036  0
12.133333  0.386606  0
12.160000  0.386172  0
12.186667  0.385732  0
12.213333  0.385285  0
12.240000  0.384829  0
12.266667  0.384366  0
12.293333  0.383897  0
12.320000  0.383427  0
12.346667  0.382959  0
12.373333  0.382499  0
12.400000  0.382053  0
12.426667  0.381627  0
12.453333  0.381224  0
12.480000  0.380848  0
12.506667  0.380501  0
12.533333  0.380183  0
12.560000  0.379894  0
12.586667  0.379630  0
12.613333  0.379389  0
12.640000  0.379165  0
12.666667  0.378955  0
12.693333  0.378755  0
12.720000  0.378561  0
12.746667  0.378372  0
12.773333  0.378184  0
12.800000  0.377998  0
12.826667  0.377813  0
12.853333  0.377630  0
12.880000  0.377449  0
12.906667  0.377271  0
12.933333  0.377098  0
12.960000  0.376928  0
12.986667  0.376763  0
13.013333  0.376601  0
13.040000  0.376442  0
13.066667  0.376285  0
13.093333  0.376128  0
13.120000  0.375970  0
13.146667  0.375811  0
13.173333  0.375651  0
13.200000  0.375489  0
13.226667  0.375327  0
13.253333  0.375164  0
13.280000  0.375002  0
13.306667  0.374843  0
13.333333  0.374687  0
13.360000  0.374535  0
13.386667  0.374388  0
13.413333  0.374246  0
13.440000  0.374108  0
13.466667  0.373975  0
13.493333  0.373843  0
13.520000  0.373712  0
13.546667  0.373579  0
13.573333  0.373443  0
13.600000  0.373302  0
13.626667  0.373155  0
13.653333  0.373000  0
13.680000  0.372837  0
13.706667  0.372667  0
13.733333  0.372490  0
13.760000  0.372309  0
13.786667  0.372123  0
13.813333  0.371936  0
13.840000  0.371748  0
13.866667  0.371560  0
13.893333  0.371372  0
13.920000  0.371185  0
13.946667  0.370997  0
13.973333  0.370806  0
14.000000  0.370611  0
14.026667  0.370409  0
14.053333  0.370198  0
14.080000  0.369976  0
14.106667  0.369740  0
14.133333  0.369490  0
14.160000  0.369224  0
14.186667  0.368941  0
14.213333  0.368639  0
14.240000  0.368319  0
14.266667  0.367978  0
14.293333  0.367616  0
14.320000  0.367232  0
14.346667  0.366825  0
14.373333  0.366395  0
14.400000  0.365942  0
14.426667  0.365466  0
14.453333  0.364968  0
14.480000  0.364451  0
14.506667  0.363917  0
14.533333  0.363369  0
14.560000  0.362812  0
14.586667  0.362250  0
14.613333  0.361688  0
14.640000  0.361131  0
14.666667  0.360583  0
14.693333  0.360050  0
14.720000  0.359536  0
14.746667  0.359046  0
14.773333  0.358585  0
14.800000  0.358155  0
14.826667  0.357763  0
14.853333  0.357412  0
14.880000  0.357108  0
14.906667  0.356856  0
14.933333  0.356660  0
14.960000  0.356526  0
14.986667  0.356458  0
15.013333  0.356376  0
15.040000  0.356293  0
15.066667  0.356210  0
15.093333  0.356127  0
15.120000  0.356044  0
15.146667  0.355961  0
15.173333  0.355878  0
15.200000  0.355795  0
15.226667  0.355712  0
15.253333  0.355629  0
15.280000  0.355546  0
15.306667  0.355463  0
15.333333  0.355381  0
15.360000  0.355298  0
15.386667  0.355215  0
15.413333  0.355132  0
15.440000  0.355049  0
15.466667  0.354966  0
15.493333  0.354883  0
15.520000  0.354800  0
15.546667  0.354717  0
15.573333  0.354634  0
15.600000  0.354551  0
15.626667  0.354469  0
15.653333  0.354386  0
15.680000  0.354303  0
15.706667  0.354220  0
15.733333  0.354137  0
15.760000  0.354054  0
15.786667  0.353971  0
15.813333  0.353888  0
15.840000  0.353805  0
15.866667  0.353722  0
15.893333  0.353639  0
15.920000  0.353557  0
15.946667  0.353474  0
15.973333  0.353391  0
16.000000  0.353308  0
16.026667  0.353225  0
16.053333  0.353142  0
16.080000  0.353059  0
16.106667  0.352976  0
16.133333  0.352893  0
16.160000  0.352810  0
16.186667  0.352727  0
16.213333  0.352645  0
16.240000  0.352562  0
16.266667  0.352479  0
16.293333  0.352396  0
16.320000  0.352313  0
16.346667  0.352230  0
16.373333  0.352147  0
16.400000  0.352064  0
16.426667  0.351981  0
16.453333  0.351898  0
16.480000  0.351815  0
16.506667  0.351733  0
16.533333  0.351650  0
16.560000  0.351567  0
16.586667  0.351484  0
16.613333  0.351401  0
16.640000  0.351318  0
16.666667  0.351235  0
16.693333  0.351152  0
16.720000  0.351069  0
16.746667  0.350986  0
16.773333  0.350903  0
16.800000  0.350821  0
16.826667  0.350738  0
16.853333  0.350655  0
16.880000  0.350572  0
16.906667  0.350489  0
16.933333  0.350406  0
16.960000  0.350323  0
16.986667  0.350240  0
17.013333  0.350157  0
17.040000  0.350074  0
17.066667  0.349991  0
17.093333  0.349908  0
17.120000  0.349826  0
17.146667  0.349743  0
17.173333  0.349660  0
17.200000  0.349577  0
17.226667  0.349494  0
17.253333  0.349411  0
17.280000  0.349328  0
17.306667  0.349245  0
17.333333  0.349162  0
17.360000  0.349079  0
17.386667  0.348996  0
17.413333  0.348914  0
17.440000  0.348831  0
17.466667  0.348748  0
17.493333  0.348665  0
17.520000  0.348582  0
17.546667  0.348499  0
17.573333  0.348416  0
17.600000  0.348333  0
17.626667  0.348250  0
17.653333  0.348167  0
17.680000  0.348084  0
17.706667  0.348002  0
17.733333  0.347919  0
17.760000  0.347836  0
17.786667  0.347753  0
17.813333  0.347670  0
17.840000  0.347587  0
17.866667  0.347504  0
17.893333  0.347421  0
17.920000  0.347338  0
17.946667  0.347255  0
17.973333  0.347172  0
18.000000  0.347090  0
18.026667  0.347007  0
18.053333  0.346924  0
18.080000  0.346841  0
18.106667  0.346758  0
18.133333  0.346675  0
18.160000  0.346592  0
18.186667  0.346509  0
18.213333  0.346426  0
18.240000  0.346343  0
18.266667  0.346260  0
18.293333  0.346178  0
18.320000  0.346095  0
18.346667  0.346012  0
18.373333  0.345929  0
18.400000  0.345846  0
18.426667  0.345763  0
18.453333  0.345680  0
18.480000  0.345597  0
18.506667  0.345514  0
18.533333  0.345431  0
18.560000  0.345348  0
18.586667  0.345265  0
18.613333  0.345183  0
18.640000  0.345100  0
18.666667  0.345017  0
18.693333  0.344934  0
18.720000  0.344851  0
18.746667  0.344768  0
18.773333  0.344685  0
18.800000  0.344602  0
18.826667  0.344519  0
18.853333  0.344436  0
18.880000  0.344353  0
18.906667  0.344271  0
18.933333  0.344188  0
18.960000  0.344105  0
18.986667  0.344022  0
19.013333  0.343939  0
19.040000  0.343856  0
19.066667  0.343773  0
19.093333  0.343690  0
19.120000  0.343607  0
19.146667  0.343524  0
19.173333  0.343441  0
19.200000  0.343359  0
19.226667  0.343276  0
19.253333  0.343193  0
19.280000  0.343110  0
19.306667  0.343027  0
19.333333  0.342944  0
19.360000  0.342861  0
19.386667  0.342778  0
19.413333  0.342695  0
19.440000  0.342612  0
19.466667  0.342529  0
19.493333  0.342447  0
19.520000  0.342364  0
19.546667  0.342281  0
19.573333  0.342198  0
19.600000  0.342115  0
19.626667  0.342032  0
19.653333  0.341949  0
19.680000  0.341866  0
19.706667  0.341783  0
19.733333  0.341700  0
19.760000  0.341617  0
19.786667  0.341535  0
19.813333  0.341452  0
19.840000  0.341369  0
19.866667  0.341286  0
19.893333  0.341203  0
19.920000  0.341120  0
19.946667  0.341037  0
19.973333  0.340954  0
20.000000  0.340871  0
20.026667  0.340788  0
20.053333  0.340705  0
20.080000  0.340622  0
20.106667  0.340540  0
20.133333  0.340457  0
20.160000  0.340374  0
20.186667  0.340291  0
20.213333  0.340208  0
20.240000  0.340125  0
20.266667  0.340042  0
20.293333  0.339959  0
20.320000  0.339876  0
20.346667  0.339793  0
20.373333  0.339710  0
20.400000  0.339628  0
20.426667  0.339545  0
20.453333  0.339462  0
20.480000  0.339379  0
20.506667  0.339296  0
20.533333  0.339213  0
20.560000  0.339130  0
20.586667  0.339047  0
20.613333  0.338964  0
20.640000  0.338881  0
20.666667  0.338798  0
20.693333  0.338716  0
20.720000  0.338633  0
20.746667  0.338550  0
20.773333  0.338467  0
20.800000  0.338384  0
20.826667  0.338301  0
20.853333  0.338218  0
20.880000  0.338135  0
20.906667  0.338052  0
20.933333  0.337969  0
20.960000  0.337886  0
20.986667  0.337804  0
21.013333  0.337721  0
21.040000  0.337638  0
21.066667  0.337555  0
21.093333  0.337472  0
21.120000  0.337389  0
21.146667  0.337306  0
21.173333  0.337223  0
21.200000  0.337140  0
21.226667  0.337057  0
21.253333  0.336974  0
21.280000  0.336892  0
21.306667  0.336809  0
21.333333  0.336726  0
21.360000  0.336643  0
21.386667  0.336560  0
21.413333  0.336477  0
21.440000  0.336394  0
21.466667  0.336311  0
21.493333  0.336228  0
21.520000  0.336145  0
21.546667  0.336062  0
21.573333  0.335979  0
21.600000  0.335897  0
21.626667  0.335814  0
21.653333  0.335731  0
21.680000  0.335648  0
21.706667  0.335565  0
21.733333  0.335482  0
21.760000  0.335399  0
21.786667  0.335316  0
21.813333  0.335233  0
21.840000  0.335150  0
21.866667  0.335067  0
21.893333  0.334985  0
21.920000  0.334902  0
21.946667  0.334819  0
21.973333  0.334736  0
22.000000  0.334653  0
22.026667  0.334570  0
22.053333  0.334487  0
22.080000  0.334404  0
22.106667  0.334321  0
22.133333  0.334238  0
22.160000  0.334155  0
22.186667  0.334073  0
22.213333  0.333990  0
22.240000  0.333907  0
22.266667  0.333824  0
22.293333  0.333741  0
22.320000  0.333658  0
22.346667  0.333575  0
22.373333  0.333492  0
22.400000  0.333409  0
22.426667  0.333326  0
22.453333  0.333243  0
22.480000  0.333161  0
22.506667  0.333078  0
22.533333  0.332995  0
22.560000  0.332912  0
22.586667  0.332829  0
22.613333  0.332746  0
22.640000  0.332663  0
22.666667  0.332580  0
22.693333  0.332497  0
22.720000  0.332414  0
22.746667  0.332331  0
22.773333  0.332249  0
22.800000  0.332166  0
22.826667  0.332083  0
22.853333  0.332000  0
22.880000  0.331917  0
22.906667  0.331834  0
22.933333  0.331751  0
22.960000  0.331668  0
22.986667  0.331585  0
23.013333  0.331502  0
23.040000  0.331419  0
23.066667  0.331337  0
23.093333  0.331254  0
23.120000  0.331171  0
23.146667  0.331088  0
23.173333  0.331005  0
23.200000  0.330922  0
23.226667  0.330839  0
23.253333  0.330756  0
23.280000  0.330673  0
23.306667  0.330590  0
23.333333  0.330507  0
23.360000  0.330424  0
23.386667  0.330342  0
23.413333  0.330259  0
23.440000  0.330176  0
23.466667  0.330093  0
23.493333  0.330010  0
23.520000  0.329927  0
23.546667  0.329844  0
23.573333  0.329761  0
23.600000  0.329678  0
23.626667  0.329595  0
23.653333  0.329512  0
23.680000  0.329430  0
23.706667  0.329347  0
23.733333  0.329264  0
23.760000  0.329181  0
23.786667  0.329098  0
23.813333  0.329015  0
23.840000  0.328932  0
23.866667  0.328849  0
23.893333  0.328766  0
23.920000  0.328683  0
23.946667  0.328600  0
23.973333  0.328518  0
24.000000  0.328435  0
24.026667  0.328352  0
24.053333  0.328269  0
24.080000  0.328186  0
24.106667  0.328103  0
24.133333  0.328020  0
24.160000  0.327937  0
24.186667  0.327854  0
24.213333  0.327771  0
24.240000  0.327688  0
24.266667  0.327606  0
24.293333  0.327523  0
24.320000  0.327440  0
24.346667  0.327357  0
24.373333  0.327274  0
24.400000  0.327191  0
24.426667  0.327108  0
24.453333  0.327025  0
24.480000  0.326942  0
24.506667  0.326859  0
24.533333  0.326776  0
24.560000  0.326694  0
24.586667  0.326611  0
24.613333  0.326528  0
24.640000  0.326445  0
24.666667  0.326362  0
24.693333  0.326279  0
24.720000  0.326196  0
24.746667  0.326113  0
24.773333  0.326030  0
24.800000  0.325947  0
24.826667  0.325864  0
24.853333  0.325781  0
24.880000  0.325699  0
24.906667  0.325616  0
24.933333  0.325533  0
24.960000  0.325450  0
24.986667  0.325367  0
25.013333  0.325284  0
25.040000  0.325201  0
25.066667  0.325118  0
25.093333  0.325035  0
25.120000  0.324952  0
25.146667  0.324869  0
25.173333  0.324787  0
25.200000  0.324704  0
25.226667  0.324621  0
25.253333  0.324538  0
25.280000  0.324455  0
25.306667  0.324372  0
25.333333  0.324289  0
25.360000  0.324206  0
25.386667  0.324123  0
