3.680000  0.776158  0
3.706667  0.774224  0
3.733333  0.772289  0
3.760000  0.770354  0
3.786667  0.768419  0
3.813333  0.766485  0
3.840000  0.764550  0
3.866667  0.762615  0
3.893333  0.760681  0
3.920000  0.758746  0
3.946667  0.756811  0
3.973333  0.754876  0
4.000000  0.752942  0
4.026667  0.751007  0
4.053333  0.749072  0
4.080000  0.747138  0
4.106667  0.745203  0
4.133333  0.743632  0
4.160000  0.740780  0
4.186667  0.737121  0
4.213333  0.733164  0
4.240000  0.729334  0
4.266667  0.725923  0
4.293333  0.723081  0
4.320000  0.720836  0
4.346667  0.719117  0
4.373333  0.717783  0
4.400000  0.716656  0
4.426667  0.715549  0
4.453333  0.714291  0
4.480000  0.712751  0
4.506667  0.710850  0
4.533333  0.708559  0
4.560000  0.705898  0
4.586667  0.702921  0
4.613333  0.699702  0
4.640000  0.696321  0
4.666667  0.692854  0
4.693333  0.689363  0
4.720000  0.685895  0
4.746667  0.682486  0
4.773333  0.679158  0
4.800000  0.675930  0
4.826667  0.672814  0
4.853333  0.669824  0
4.880000  0.666972  0
4.906667  0.664269  0
4.933333  0.661722  0
4.960000  0.659336  0
4.986667  0.657112  0
5.013333  0.655046  0
5.040000  0.653136  0
5.066667  0.651373  0
5.093333  0.649755  0
5.120000  0.648276  0
5.146667  0.646933  0
5.173333  0.645719  0
5.200000  0.644628  0
5.226667  0.643648  0
5.253333  0.642759  0
5.280000  0.641936  0
5.306667  0.641147  0
5.333333  0.640357  0
5.360000  0.639528  0
5.386667  0.638631  0
5.413333  0.637644  0
5.440000  0.636560  0
5.466667  0.635392  0
5.493333  0.634163  0
5.520000  0.632915  0
5.546667  0.631692  0
5.573333  0.630540  0
5.600000  0.629499  0
5.626667  0.628599  0
5.653333  0.627859  0
5.680000  0.627286  0
5.706667  0.626881  0
5.733333  0.626637  0
5.760000  0.626545  0
5.786667  0.626595  0
5.813333  0.626773  0
5.840000  0.627063  0
5.866667  0.627444  0
5.893333  0.627890  0
5.920000  0.628365  0
5.946667  0.628832  0
5.973333  0.629251  0
6.000000  0.629585  0
6.026667  0.629804  0
6.053333  0.629889  0
6.080000  0.629832  0
6.106667  0.629639  0
6.133333  0.629322  0
6.160000  0.628901  0
6.186667  0.628394  0
6.213333  0.627818  0
6.240000  0.627188  0
6.266667  0.626512  0
6.293333  0.625799  0
6.320000  0.625057  0
6.346667  0.624301  0
6.373333  0.623552  0
6.400000  0.622839  0
6.426667  0.622199  0
6.453333  0.621668  0
6.480000  0.621279  0
6.506667  0.621052  0
6.533333  0.620987  0
6.560000  0.621062  0
6.586667  0.621235  0
6.613333  0.621446  0
6.640000  0.621630  0
6.666667  0.621730  0
6.693333  0.621702  0
6.720000  0.621523  0
6.746667  0.621193  0
6.773333  0.620731  0
6.800000  0.620164  0
6.826667  0.619522  0
6.853333  0.618828  0
6.880000  0.618090  0
6.906667  0.617301  0
6.933333  0.616435  0
6.960000  0.615452  0
6.986667  0.614308  0
7.013333  0.612961  0
7.040000  0.611380  0
7.066667  0.609556  0
7.093333  0.607503  0
7.120000  0.605258  0
7.146667  0.602874  0
7.173333  0.600411  0
7.200000  0.597926  0
7.226667  0.595468  0
7.253333  0.593070  0
7.280000  0.590749  0
7.306667  0.588513  0
7.333333  0.586359  0
7.360000  0.584280  0
7.386667  0.582272  0
7.413333  0.580327  0
7.440000  0.578442  0
7.466667  0.576614  0
7.493333  0.574844  0
7.520000  0.573134  0
7.546667  0.571485  0
7.573333  0.569899  0
7.600000  0.568377  0
7.626667  0.566912  0
7.653333  0.565493  0
7.680000  0.564097  0
7.706667  0.562701  0
7.733333  0.561275  0
7.760000  0.559792  0
7.786667  0.558235  0
7.813333  0.556596  0
7.840000  0.554880  0
7.866667  0.553107  0
7.893333  0.551303  0
7.920000  0.549494  0
7.946667  0.547703  0
7.973333  0.545942  0
8.000000  0.544209  0
8.026667  0.542490  0
8.053333  0.540761  0
8.080000  0.538997  0
8.106667  0.537177  0
8.133333  0.535297  0
8.160000  0.533367  0
8.186667  0.531416  0
8.213333  0.529489  0
8.240000  0.527637  0
8.266667  0.525913  0
8.293333  0.524359  0
8.320000  0.522998  0
8.346667  0.521838  0
8.373333  0.520863  0
8.400000  0.520047  0
8.426667  0.519353  0
8.453333  0.518745  0
8.480000  0.518190  0
8.506667  0.517666  0
8.533333  0.517162  0
8.560000  0.516675  0
8.586667  0.516209  0
8.613333  0.515771  0
8.640000  0.515368  0
8.666667  0.515004  0
8.693333  0.514681  0
8.720000  0.514397  0
8.746667  0.514147  0
8.773333  0.513923  0
8.800000  0.513720  0
8.826667  0.513528  0
8.853333  0.513345  0
8.880000  0.513165  0
8.906667  0.512991  0
8.933333  0.512820  0
8.960000  0.512649  0
8.986667  0.512469  0
9.013333  0.512266  0
9.040000  0.512025  0
9.066667  0.511737  0
9.093333  0.511400  0
9.120000  0.511021  0
9.146667  0.510612  0
9.173333  0.510185  0
9.200000  0.509755  0
9.226667  0.509334  0
9.253333  0.508934  0
9.280000  0.508565  0
9.306667  0.508236  0
9.333333  0.507957  0
9.360000  0.507735  0
9.386667  0.507575  0
9.413333  0.507481  0
9.440000  0.507453  0
9.466667  0.507489  0
9.493333  0.507580  0
9.520000  0.507714  0
9.546667  0.507874  0
9.573333  0.508042  0
9.600000  0.508198  0
9.626667  0.508323  0
9.653333  0.508405  0
9.680000  0.508436  0
9.706667  0.508418  0
9.733333  0.508364  0
9.760000  0.508291  0
9.786667  0.508223  0
9.813333  0.508180  0
9.840000  0.508179  0
9.866667  0.508222  0
9.893333  0.508298  0
9.920000  0.508384  0
9.946667  0.508445  0
9.973333  0.508444  0
10.000000  0.508353  0
10.026667  0.508156  0
10.053333  0.507855  0
10.080000  0.507475  0
10.106667  0.507054  0
10.133333  0.506633  0
10.160000  0.506242  0
10.186667  0.505897  0
10.213333  0.505596  0
10.240000  0.505334  0
10.266667  0.505112  0
10.293333  0.504938  0
10.320000  0.504827  0
10.346667  0.504799  0
10.373333  0.504876  0
10.400000  0.505077  0
10.426667  0.505424  0
10.453333  0.505930  0
10.480000  0.506604  0
10.506667  0.507439  0
10.533333  0.508412  0
10.560000  0.509489  0
10.586667  0.510623  0
10.613333  0.511765  0
10.640000  0.512871  0
10.666667  0.513903  0
10.693333  0.514833  0
10.720000  0.515642  0
10.746667  0.516312  0
10.773333  0.516821  0
10.800000  0.517142  0
10.826667  0.517241  0
10.853333  0.517084  0
10.880000  0.516639  0
10.906667  0.515894  0
10.933333  0.514855  0
10.960000  0.513558  0
10.986667  0.512069  0
11.013333  0.510478  0
11.040000  0.508886  0
11.066667  0.507400  0
11.093333  0.506111  0
11.120000  0.505085  0
11.146667  0.504355  0
11.173333  0.503923  0
11.200000  0.503760  0
11.226667  0.503816  0
11.253333  0.504034  0
11.280000  0.504352  0
11.306667  0.504710  0
11.333333  0.505054  0
11.360000  0.505344  0
11.386667  0.505564  0
11.413333  0.505715  0
11.440000  0.505817  0
11.466667  0.505888  0
11.493333  0.505944  0
11.520000  0.505995  0
11.546667  0.506043  0
11.573333  0.506091  0
11.600000  0.506139  0
11.626667  0.506187  0
11.653333  0.506235  0
11.680000  0.506283  0
11.706667  0.506331  0
11.733333  0.506379  0
11.760000  0.506427  0
11.786667  0.506475  0
11.813333  0.506523  0
11.840000  0.506571  0
11.866667  0.506619  0
11.893333  0.506667  0
11.920000  0.506715  0
11.946667  0.506763  0
11.973333  0.506811  0
12.000000  0.506859  0
12.026667  0.506906  0
12.053333  0.506954  0
12.080000  0.507002  0
12.106667  0.507050  0
12.133333  0.507098  0
12.160000  0.507147  0
12.186667  0.507198  0
12.213333  0.507256  0
12.240000  0.507335  0
12.266667  0.507460  0
12.293333  0.507669  0
12.320000  0.508000  0
12.346667  0.508467  0
12.373333  0.509044  0
12.400000  0.509670  0
12.426667  0.510277  0
12.453333  0.510827  0
12.480000  0.511315  0
12.506667  0.511761  0
12.533333  0.512193  0
12.560000  0.512637  0
12.586667  0.513118  0
12.613333  0.513656  0
12.640000  0.514262  0
12.666667  0.514936  0
12.693333  0.515666  0
12.720000  0.516420  0
12.746667  0.517150  0
12.773333  0.517790  0
12.800000  0.518269  0
12.826667  0.518520  0
12.853333  0.518499  0
12.880000  0.518187  0
12.906667  0.517584  0
12.933333  0.516706  0
12.960000  0.515579  0
12.986667  0.514238  0
13.013333  0.512725  0
13.040000  0.511087  0
13.066667  0.509378  0
13.093333  0.507653  0
13.120000  0.505965  0
13.146667  0.504365  0
13.173333  0.502890  0
13.200000  0.501570  0
13.226667  0.500418  0
13.253333  0.499440  0
13.280000  0.498636  0
13.306667  0.498004  0
13.333333  0.497544  0
13.360000  0.497263  0
13.386667  0.497170  0
13.413333  0.497273  0
13.440000  0.497576  0
13.466667  0.498071  0
13.493333  0.498737  0
13.520000  0.499536  0
13.546667  0.500421  0
13.573333  0.501336  0
13.600000  0.502226  0
13.626667  0.503041  0
13.653333  0.503740  0
13.680000  0.504293  0
13.706667  0.504684  0
13.733333  0.504904  0
13.760000  0.504955  0
13.786667  0.504844  0
13.813333  0.504580  0
13.840000  0.504179  0
13.866667  0.503654  0
13.893333  0.503025  0
13.920000  0.502313  0
13.946667  0.501541  0
13.973333  0.500737  0
14.000000  0.499927  0
14.026667  0.499136  0
14.053333  0.498387  0
14.080000  0.497695  0
14.106667  0.497071  0
14.133333  0.496516  0
14.160000  0.496028  0
14.186667  0.495598  0
14.213333  0.495214  0
14.240000  0.494861  0
14.266667  0.494524  0
14.293333  0.494190  0
14.320000  0.493847  0
14.346667  0.493491  0
14.373333  0.493120  0
14.400000  0.492739  0
14.426667  0.492357  0
14.453333  0.491986  0
14.480000  0.491636  0
14.506667  0.491318  0
14.533333  0.491036  0
14.560000  0.490792  0
14.586667  0.490582  0
14.613333  0.490400  0
14.640000  0.490240  0
14.666667  0.490097  0
14.693333  0.489967  0
14.720000  0.489850  0
14.746667  0.489748  0
14.773333  0.489661  0
14.800000  0.489591  0
14.826667  0.489536  0
14.853333  0.489493  0
14.880000  0.489456  0
14.906667  0.489424  0
14.933333  0.489397  0
14.960000  0.489375  0
14.986667  0.489363  0
15.013333  0.488956  0
15.040000  0.488550  0
15.066667  0.488143  0
15.093333  0.487736  0
15.120000  0.487329  0
15.146667  0.486922  0
15.173333  0.486515  0
15.200000  0.486108  0
15.226667  0.485702  0
15.253333  0.485295  0
15.280000  0.484888  0
15.306667  0.484481  0
15.333333  0.484074  0
15.360000  0.483667  0
15.386667  0.483260  0
15.413333  0.482854  0
15.440000  0.482447  0
15.466667  0.482040  0
15.493333  0.481633  0
15.520000  0.481226  0
15.546667  0.480819  0
15.573333  0.480412  0
15.600000  0.480006  0
15.626667  0.479599  0
15.653333  0.479192  0
15.680000  0.478785  0
15.706667  0.478378  0
15.733333  0.477971  0
15.760000  0.477564  0
15.786667  0.477158  0
15.813333  0.476751  0
15.840000  0.476344  0
15.866667  0.475937  0
15.893333  0.475530  0
15.920000  0.475123  0
15.946667  0.474716  0
15.973333  0.474310  0
16.000000  0.473903  0
16.026667  0.473496  0
16.053333  0.473089  0
16.080000  0.472682  0
16.106667  0.472275  0
16.133333  0.471868  0
16.160000  0.471462  0
16.186667  0.471055  0
16.213333  0.470648  0
16.240000  0.470241  0
16.266667  0.469834  0
16.293333  0.469427  0
16.320000  0.469020  0
16.346667  0.468614  0
16.373333  0.468207  0
16.400000  0.467800  0
16.426667  0.467393  0
16.453333  0.466986  0
16.480000  0.466602  0
16.506667  0.466236  0
16.533333  0.465869  0
16.560000  0.465503  0
16.586667  0.465136  0
16.613333  0.464769  0
16.640000  0.464403  0
16.666667  0.464036  0
16.693333  0.463670  0
16.720000  0.463303  0
16.746667  0.462936  0
16.773333  0.462570  0
16.800000  0.462203  0
16.826667  0.461837  0
16.853333  0.461470  0
16.880000  0.461104  0
16.906667  0.460737  0
16.933333  0.460370  0
16.960000  0.460004  0
16.986667  0.459637  0
17.013333  0.459271  0
17.040000  0.458904  0
17.066667  0.458537  0
17.093333  0.458171  0
17.120000  0.457804  0
17.146667  0.457438  0
17.173333  0.457071  0
17.200000  0.456705  0
17.226667  0.456338  0
17.253333  0.455971  0
17.280000  0.455605  0
17.306667  0.455238  0
17.333333  0.454872  0
17.360000  0.454505  0
17.386667  0.454139  0
17.413333  0.453772  0
17.440000  0.453405  0
17.466667  0.453039  0
17.493333  0.452672  0
17.520000  0.452306  0
17.546667  0.451939  0
17.573333  0.451572  0
17.600000  0.451206  0
17.626667  0.450839  0
17.653333  0.450473  0
17.680000  0.450106  0
17.706667  0.449740  0
17.733333  0.449373  0
17.760000  0.449006  0
17.786667  0.448640  0
17.813333  0.448273  0
17.840000  0.447907  0
17.866667  0.447540  0
17.893333  0.447173  0
17.920000  0.446807  0
17.946667  0.446440  0
17.973333  0.446074  0
18.000000  0.445707  0
18.026667  0.445341  0
18.053333  0.444974  0
18.080000  0.444607  0
18.106667  0.444241  0
18.133333  0.443874  0
18.160000  0.443508  0
18.186667  0.443141  0
18.213333  0.442775  0
18.240000  0.442408  0
18.266667  0.442041  0
18.293333  0.441675  0
18.320000  0.441308  0
18.346667  0.440942  0
18.373333  0.440575  0
18.400000  0.440208  0
18.426667  0.439842  0
18.453333  0.439475  0
18.480000  0.439109  0
18.506667  0.438742  0
18.533333  0.438376  0
18.560000  0.438009  0
18.586667  0.437642  0
18.613333  0.437276  0
18.640000  0.436909  0
18.666667  0.436543  0
18.693333  0.436176  0
18.720000  0.435809  0
18.746667  0.435443  0
18.773333  0.435076  0
18.800000  0.434710  0
18.826667  0.434343  0
18.853333  0.433977  0
18.880000  0.433610  0
18.906667  0.433243  0
18.933333  0.432877  0
18.960000  0.432510  0
18.986667  0.432144  0
19.013333  0.431777  0
19.040000  0.431411  0
19.066667  0.431082  0
19.093333  0.430873  0
19.120000  0.430664  0
19.146667  0.430455  0
19.173333  0.430247  0
19.200000  0.430038  0
19.226667  0.429829  0
19.253333  0.429620  0
19.280000  0.429411  0
19.306667  0.429202  0
19.333333  0.428994  0
19.360000  0.428785  0
19.386667  0.428576  0
19.413333  0.428367  0
19.440000  0.428158  0
19.466667  0.427949  0
19.493333  0.427741  0
19.520000  0.427532  0
19.546667  0.427323  0
19.573333  0.427114  0
19.600000  0.426905  0
19.626667  0.426696  0
19.653333  0.426488  0
19.680000  0.426279  0
19.706667  0.426070  0
19.733333  0.425861  0
19.760000  0.425652  0
19.786667  0.425443  0
19.813333  0.425235  0
19.840000  0.425026  0
19.866667  0.424817  0
19.893333  0.424608  0
19.920000  0.424399  0
19.946667  0.424190  0
19.973333  0.423982  0
20.000000  0.423773  0
20.026667  0.423564  0
20.053333  0.423355  0
20.080000  0.423146  0
20.106667  0.422937  0
20.133333  0.422729  0
20.160000  0.422520  0
20.186667  0.422311  0
20.213333  0.422102  0
20.240000  0.421893  0
20.266667  0.421684  0
20.293333  0.421476  0
20.320000  0.421267  0
20.346667  0.421058  0
20.373333  0.420849  0
20.400000  0.420640  0
20.426667  0.420432  0
20.453333  0.420223  0
20.480000  0.420014  0
20.506667  0.419805  0
20.533333  0.419596  0
20.560000  0.419387  0
20.586667  0.419179  0
20.613333  0.418970  0
20.640000  0.418761  0
20.666667  0.418552  0
20.693333  0.418343  0
20.720000  0.418134  0
20.746667  0.417926  0
20.773333  0.417717  0
20.800000  0.417508  0
20.826667  0.417299  0
20.853333  0.417090  0
20.880000  0.416881  0
20.906667  0.416673  0
20.933333  0.416464  0
20.960000  0.416255  0
20.986667  0.416046  0
21.013333  0.415837  0
21.040000  0.415628  0
21.066667  0.415420  0
21.093333  0.415211  0
21.120000  0.415002  0
21.146667  0.414793  0
21.173333  0.414584  0
21.200000  0.414375  0
21.226667  0.414167  0
21.253333  0.413958  0
21.280000  0.413749  0
21.306667  0.413540  0
21.333333  0.413331  0
21.360000  0.413122  0
21.386667  0.412914  0
21.413333  0.412705  0
21.440000  0.412496  0
21.466667  0.412287  0
21.493333  0.412078  0
21.520000  0.411869  0
21.546667  0.411661  0
21.573333  0.411452  0
21.600000  0.411243  0
21.626667  0.411034  0
21.653333  0.410825  0
21.680000  0.410616  0
21.706667  0.410408  0
21.733333  0.410199  0
21.760000  0.409990  0
21.786667  0.409781  0
21.813333  0.409572  0
21.840000  0.409363  0
21.866667  0.409155  0
21.893333  0.408946  0
21.920000  0.408737  0
21.946667  0.408528  0
21.973333  0.408319  0
22.000000  0.408110  0
22.026667  0.407902  0
22.053333  0.407693  0
22.080000  0.407484  0
22.106667  0.407275  0
22.133333  0.407066  0
22.160000  0.406857  0
22.186667  0.406649  0
22.213333  0.406440  0
22.240000  0.406231  0
22.266667  0.406022  0
22.293333  0.405813  0
22.320000  0.405604  0
22.346667  0.405396  0
22.373333  0.405187  0
22.400000  0.404978  0
22.426667  0.404769  0
22.453333  0.404560  0
22.480000  0.404351  0
22.506667  0.404143  0
22.533333  0.403934  0
22.560000  0.403725  0
22.586667  0.403516  0
22.613333  0.403307  0
22.640000  0.403098  0
22.666667  0.402890  0
22.693333  0.402681  0
22.720000  0.402472  0
22.746667  0.402263  0
22.773333  0.402054  0
22.800000  0.401845  0
22.826667  0.401637  0
22.853333  0.401428  0
22.880000  0.401219  0
22.906667  0.401010  0
22.933333  0.400801  0
22.960000  0.400592  0
22.986667  0.400384  0
23.013333  0.400175  0
23.040000  0.399966  0
23.066667  0.399757  0
23.093333  0.399548  0
23.120000  0.399339  0
23.146667  0.399131  0
23.173333  0.398922  0
23.200000  0.398713  0
23.226667  0.398504  0
23.253333  0.398295  0
23.280000  0.398086  0
23.306667  0.397878  0
23.333333  0.397677  0
23.360000  0.397588  0
23.386667  0.397499  0
23.413333  0.397409  0
23.440000  0.397320  0
23.466667  0.397231  0
23.493333  0.397142  0
23.520000  0.397052  0
23.546667  0.396963  0
23.573333  0.396874  0
23.600000  0.396785  0
23.626667  0.396695  0
23.653333  0.396606  0
23.680000  0.396517  0
23.706667  0.396428  0
23.733333  0.396338  0
23.760000  0.396249  0
23.786667  0.396160  0
23.813333  0.396071  0
23.840000  0.395981  0
23.866667  0.395892  0
23.893333  0.395803  0
23.920000  0.395713  0
23.946667  0.395624  0
23.973333  0.395535  0
24.000000  0.395446  0
24.026667  0.395356  0
24.053333  0.395267  0
24.080000  0.395178  0
24.106667  0.395089  0
24.133333  0.394999  0
24.160000  0.394910  0
24.186667  0.394821  0
24.213333  0.394732  0
24.240000  0.394642  0
24.266667  0.394553  0
24.293333  0.394464  0
24.320000  0.394375  0
24.346667  0.394285  0
24.373333  0.394196  0
24.400000  0.394107  0
24.426667  0.394018  0
24.453333  0.393928  0
24.480000  0.393839  0
24.506667  0.393750  0
24.533333  0.393661  0
24.560000  0.393571  0
24.586667  0.393482  0
24.613333  0.393393  0
24.640000  0.393304  0
24.666667  0.393214  0
24.693333  0.393125  0
24.720000  0.393036  0
24.746667  0.392947  0
24.773333  0.392857  0
24.800000  0.392768  0
24.826667  0.392679  0
24.853333  0.392590  0
24.880000  0.392500  0
24.906667  0.392411  0
24.933333  0.392322  0
24.960000  0.392233  0
24.986667  0.392143  0
25.013333  0.392054  0
25.040000  0.391965  0
25.066667  0.391875  0
25.093333  0.391786  0
25.120000  0.391697  0
25.146667  0.391608  0
25.173333  0.391518  0
25.200000  0.391429  0
25.226667  0.391340  0
25.253333  0.391251  0
25.280000  0.391161  0
25.306667  0.391072  0
25.333333  0.390983  0
25.360000  0.390894  0
25.386667  0.390804  0
25.413333  0.390715  0
25.440000  0.390626  0
25.466667  0.390537  0
25.493333  0.390447  0
25.520000  0.390358  0
25.546667  0.390269  0
25.573333  0.390180  0
25.600000  0.390090  0
25.626667  0.390001  0
25.653333  0.389912  0
25.680000  0.389823  0
25.706667  0.389733  0
25.733333  0.389644  0
25.760000  0.389555  0
25.786667  0.389466  0
25.813333  0.389376  0
25.840000  0.389287  0
25.866667  0.389198  0
25.893333  0.389109  0
25.920000  0.389019  0
25.946667  0.388930  0
25.973333  0.388841  0
26.000000  0.388752  0
26.026667  0.388662  0
26.053333  0.388573  0
26.080000  0.388484  0
26.106667  0.388395  0
26.133333  0.388305  0
26.160000  0.388216  0
26.186667  0.388127  0
26.213333  0.388037  0
26.240000  0.387948  0
26.266667  0.387859  0
26.293333  0.387770  0
26.320000  0.387680  0
26.346667  0.387591  0
26.373333  0.387502  0
26.400000  0.387413  0
26.426667  0.387323  0
26.453333  0.387234  0
26.480000  0.387145  0
26.506667  0.387056  0
26.533333  0.386966  0
26.560000  0.386877  0
26.586667  0.386788  0
26.613333  0.386699  0
26.640000  0.386609  0
