2.853333  0.899168  0
2.880000  0.897306  0
2.906667  0.893906  0
2.933333  0.889453  0
2.960000  0.884405  0
2.986667  0.879080  0
3.013333  0.873651  0
3.040000  0.868195  0
3.066667  0.862752  0
3.093333  0.857365  0
3.120000  0.852095  0
3.146667  0.847027  0
3.173333  0.842243  0
3.200000  0.837791  0
3.226667  0.833655  0
3.253333  0.829771  0
3.280000  0.826050  0
3.306667  0.822419  0
3.333333  0.818827  0
3.360000  0.815250  0
3.386667  0.811678  0
3.413333  0.808107  0
3.440000  0.804536  0
3.466667  0.800967  0
3.493333  0.797405  0
3.520000  0.793863  0
3.546667  0.790370  0
3.573333  0.786980  0
3.600000  0.783760  0
3.626667  0.780775  0
3.653333  0.778057  0
3.680000  0.775588  0
3.706667  0.773310  0
3.733333  0.771153  0
3.760000  0.769059  0
3.786667  0.766992  0
3.813333  0.764936  0
3.840000  0.762890  0
3.866667  0.760863  0
3.893333  0.758884  0
3.920000  0.757002  0
3.946667  0.755284  0
3.973333  0.753792  0
4.000000  0.752559  0
4.026667  0.751567  0
4.053333  0.750763  0
4.080000  0.750077  0
4.106667  0.749455  0
4.133333  0.748859  0
4.160000  0.748274  0
4.186667  0.747691  0
4.213333  0.747107  0
4.240000  0.746521  0
4.266667  0.745923  0
4.293333  0.745297  0
4.320000  0.744609  0
4.346667  0.743812  0
4.373333  0.742856  0
4.400000  0.741706  0
4.426667  0.740364  0
4.453333  0.738861  0
4.480000  0.737248  0
4.506667  0.735574  0
4.533333  0.733870  0
4.560000  0.732155  0
4.586667  0.730437  0
4.613333  0.728718  0
4.640000  0.726999  0
4.666667  0.725279  0
4.693333  0.723558  0
4.720000  0.721834  0
4.746667  0.720101  0
4.773333  0.718350  0
4.800000  0.716568  0
4.826667  0.714741  0
4.853333  0.712862  0
4.880000  0.710932  0
4.906667  0.708961  0
4.933333  0.706962  0
4.960000  0.704949  0
4.986667  0.702928  0
5.013333  0.700905  0
5.040000  0.698881  0
5.066667  0.696857  0
5.093333  0.694833  0
5.120000  0.692808  0
5.146667  0.690783  0
5.173333  0.688754  0
5.200000  0.686714  0
5.226667  0.684648  0
5.253333  0.682530  0
5.280000  0.680324  0
5.306667  0.678001  0
5.333333  0.675550  0
5.360000  0.672982  0
5.386667  0.670327  0
5.413333  0.667620  0
5.440000  0.664888  0
5.466667  0.662144  0
5.493333  0.659398  0
5.520000  0.656652  0
5.546667  0.653913  0
5.573333  0.651189  0
5.600000  0.648504  0
5.626667  0.645888  0
5.653333  0.643383  0
5.680000  0.641020  0
5.706667  0.638806  0
5.733333  0.636723  0
5.760000  0.634734  0
5.786667  0.632800  0
5.813333  0.630893  0
5.840000  0.628997  0
5.866667  0.627104  0
5.893333  0.625213  0
5.920000  0.623321  0
5.946667  0.621429  0
5.973333  0.619534  0
6.000000  0.617632  0
6.026667  0.615718  0
6.053333  0.613783  0
6.080000  0.611818  0
6.106667  0.609820  0
6.133333  0.607792  0
6.160000  0.605741  0
6.186667  0.603676  0
6.213333  0.601606  0
6.240000  0.599543  0
6.266667  0.597508  0
6.293333  0.595540  0
6.320000  0.593700  0
6.346667  0.592063  0
6.373333  0.590688  0
6.400000  0.589597  0
6.426667  0.588755  0
6.453333  0.588098  0
6.480000  0.587563  0
6.506667  0.587114  0
6.533333  0.586751  0
6.560000  0.586494  0
6.586667  0.586351  0
6.613333  0.586287  0
6.640000  0.586229  0
6.666667  0.586098  0
6.693333  0.585854  0
6.720000  0.585500  0
6.746667  0.585041  0
6.773333  0.584443  0
6.800000  0.583637  0
6.826667  0.582567  0
6.853333  0.581248  0
6.880000  0.579786  0
6.906667  0.578351  0
6.933333  0.577149  0
6.960000  0.576355  0
6.986667  0.576027  0
7.013333  0.576040  0
7.040000  0.576107  0
7.066667  0.575943  0
7.093333  0.575429  0
7.120000  0.574651  0
7.146667  0.573764  0
7.173333  0.572840  0
7.200000  0.571838  0
7.226667  0.570694  0
7.253333  0.569424  0
7.280000  0.568141  0
7.306667  0.567002  0
7.333333  0.566134  0
7.360000  0.565577  0
7.386667  0.565248  0
7.413333  0.564965  0
7.440000  0.564532  0
7.466667  0.563841  0
7.493333  0.562941  0
7.520000  0.561986  0
7.546667  0.561112  0
7.573333  0.560359  0
7.600000  0.559682  0
7.626667  0.559034  0
7.653333  0.558417  0
7.680000  0.557851  0
7.706667  0.557320  0
7.733333  0.556762  0
7.760000  0.556121  0
7.786667  0.555398  0
7.813333  0.554628  0
7.840000  0.553820  0
7.866667  0.552914  0
7.893333  0.551812  0
7.920000  0.550466  0
7.946667  0.548940  0
7.973333  0.547406  0
8.000000  0.546063  0
8.026667  0.545037  0
8.053333  0.544305  0
8.080000  0.543693  0
8.106667  0.542951  0
8.133333  0.541871  0
8.160000  0.540398  0
8.186667  0.538666  0
8.213333  0.536926  0
8.240000  0.535426  0
8.266667  0.534304  0
8.293333  0.533557  0
8.320000  0.533080  0
8.346667  0.532720  0
8.373333  0.532344  0
8.400000  0.531883  0
8.426667  0.531333  0
8.453333  0.530721  0
8.480000  0.530053  0
8.506667  0.529295  0
8.533333  0.528405  0
8.560000  0.527393  0
8.586667  0.526355  0
8.613333  0.525457  0
8.640000  0.524855  0
8.666667  0.524606  0
8.693333  0.524635  0
8.720000  0.524780  0
8.746667  0.524891  0
8.773333  0.524890  0
8.800000  0.524775  0
8.826667  0.524580  0
8.853333  0.524341  0
8.880000  0.524077  0
8.906667  0.523802  0
8.933333  0.523520  0
8.960000  0.523235  0
8.986667  0.522949  0
9.013333  0.522662  0
9.040000  0.522376  0
9.066667  0.522089  0
9.093333  0.521802  0
9.120000  0.521515  0
9.146667  0.521228  0
9.173333  0.520942  0
9.200000  0.520655  0
9.226667  0.520368  0
9.253333  0.520081  0
9.280000  0.519794  0
9.306667  0.519505  0
9.333333  0.519215  0
9.360000  0.518921  0
9.386667  0.518623  0
9.413333  0.518321  0
9.440000  0.518013  0
9.466667  0.517703  0
9.493333  0.517390  0
9.520000  0.517077  0
9.546667  0.516763  0
9.573333  0.516449  0
9.600000  0.516135  0
9.626667  0.515821  0
9.653333  0.515507  0
9.680000  0.515193  0
9.706667  0.514879  0
9.733333  0.514565  0
9.760000  0.514251  0
9.786667  0.513937  0
9.813333  0.513623  0
9.840000  0.513309  0
9.866667  0.512995  0
9.893333  0.512681  0
9.920000  0.512367  0
9.946667  0.512053  0
9.973333  0.511739  0
10.000000  0.511425  0
10.026667  0.511111  0
10.053333  0.510797  0
10.080000  0.510483  0
10.106667  0.510169  0
10.133333  0.509855  0
10.160000  0.509542  0
10.186667  0.509228  0
10.213333  0.508914  0
10.240000  0.508600  0
10.266667  0.508286  0
10.293333  0.507972  0
10.320000  0.507658  0
10.346667  0.507344  0
10.373333  0.507030  0
10.400000  0.506716  0
10.426667  0.506402  0
10.453333  0.506088  0
10.480000  0.505774  0
10.506667  0.505460  0
10.533333  0.505146  0
10.560000  0.504832  0
10.586667  0.504518  0
10.613333  0.504204  0
10.640000  0.503890  0
10.666667  0.503576  0
10.693333  0.503262  0
10.720000  0.502948  0
10.746667  0.502634  0
10.773333  0.502320  0
10.800000  0.502006  0
10.826667  0.501692  0
10.853333  0.501378  0
10.880000  0.501064  0
10.906667  0.500750  0
10.933333  0.500436  0
10.960000  0.500122  0
10.986667  0.499808  0
11.013333  0.499494  0
11.040000  0.499180  0
11.066667  0.498866  0
11.093333  0.498552  0
11.120000  0.498238  0
11.146667  0.497924  0
11.173333  0.497610  0
11.200000  0.497296  0
11.226667  0.496982  0
11.253333  0.496668  0
11.280000  0.496354  0
11.306667  0.496040  0
11.333333  0.495726  0
11.360000  0.495412  0
11.386667  0.495098  0
11.413333  0.494784  0
11.440000  0.494470  0
11.466667  0.494156  0
11.493333  0.493842  0
11.520000  0.493528  0
11.546667  0.493214  0
11.573333  0.492900  0
11.600000  0.492586  0
11.626667  0.492272  0
11.653333  0.491958  0
11.680000  0.491644  0
11.706667  0.491330  0
11.733333  0.491016  0
11.760000  0.490702  0
11.786667  0.490388  0
11.813333  0.490074  0
11.840000  0.489760  0
11.866667  0.489446  0
11.893333  0.489132  0
11.920000  0.488818  0
11.946667  0.488504  0
11.973333  0.488190  0
12.000000  0.487876  0
12.026667  0.487562  0
12.053333  0.487248  0
12.080000  0.486934  0
12.106667  0.486620  0
12.133333  0.486306  0
12.160000  0.485992  0
12.186667  0.485678  0
12.213333  0.485364  0
12.240000  0.485050  0
12.266667  0.484736  0
12.293333  0.484422  0
12.320000  0.484108  0
12.346667  0.483794  0
12.373333  0.483480  0
12.400000  0.483166  0
12.426667  0.482852  0
12.453333  0.482538  0
12.480000  0.482224  0
12.506667  0.481910  0
12.533333  0.481596  0
12.560000  0.481282  0
12.586667  0.480968  0
12.613333  0.480654  0
12.640000  0.480340  0
12.666667  0.480026  0
12.693333  0.479712  0
12.720000  0.479398  0
12.746667  0.479084  0
12.773333  0.478770  0
12.800000  0.478456  0
12.826667  0.478142  0
12.853333  0.477829  0
12.880000  0.477516  0
12.906667  0.477204  0
12.933333  0.476896  0
12.960000  0.476594  0
12.986667  0.476304  0
13.013333  0.476030  0
13.040000  0.475775  0
13.066667  0.475540  0
13.093333  0.475322  0
13.120000  0.475118  0
13.146667  0.474922  0
13.173333  0.474730  0
13.200000  0.474541  0
13.226667  0.474352  0
13.253333  0.474163  0
13.280000  0.473975  0
13.306667  0.473787  0
13.333333  0.473598  0
13.360000  0.473410  0
13.386667  0.473221  0
13.413333  0.473033  0
13.440000  0.472845  0
13.466667  0.472656  0
13.493333  0.472468  0
13.520000  0.472279  0
13.546667  0.472091  0
13.573333  0.471903  0
13.600000  0.471714  0
13.626667  0.471526  0
13.653333  0.471337  0
13.680000  0.471149  0
13.706667  0.470961  0
13.733333  0.470772  0
13.760000  0.470584  0
13.786667  0.470395  0
13.813333  0.470207  0
13.840000  0.470019  0
13.866667  0.469830  0
13.893333  0.469642  0
13.920000  0.469453  0
13.946667  0.469265  0
13.973333  0.469077  0
14.000000  0.468888  0
14.026667  0.468700  0
14.053333  0.468511  0
14.080000  0.468323  0
14.106667  0.468135  0
14.133333  0.467946  0
14.160000  0.467758  0
14.186667  0.467569  0
14.213333  0.467381  0
14.240000  0.467193  0
14.266667  0.467004  0
14.293333  0.466816  0
14.320000  0.466627  0
14.346667  0.466439  0
14.373333  0.466251  0
14.400000  0.466062  0
14.426667  0.465874  0
14.453333  0.465685  0
14.480000  0.465497  0
14.506667  0.465309  0
14.533333  0.465120  0
14.560000  0.464932  0
14.586667  0.464743  0
14.613333  0.464555  0
14.640000  0.464367  0
14.666667  0.464178  0
14.693333  0.463990  0
14.720000  0.463801  0
14.746667  0.463613  0
14.773333  0.463425  0
14.800000  0.463236  0
14.826667  0.463048  0
14.853333  0.462859  0
14.880000  0.462671  0
14.906667  0.462483  0
14.933333  0.462294  0
14.960000  0.462106  0
14.986667  0.461917  0
15.013333  0.461729  0
15.040000  0.461541  0
15.066667  0.461352  0
15.093333  0.461164  0
15.120000  0.460975  0
15.146667  0.460787  0
15.173333  0.460599  0
15.200000  0.460410  0
15.226667  0.460222  0
15.253333  0.460033  0
15.280000  0.459845  0
15.306667  0.459657  0
15.333333  0.459468  0
15.360000  0.459280  0
15.386667  0.459091  0
15.413333  0.458903  0
15.440000  0.458715  0
15.466667  0.458526  0
15.493333  0.458338  0
15.520000  0.458149  0
15.546667  0.457961  0
15.573333  0.457773  0
15.600000  0.457584  0
15.626667  0.457396  0
15.653333  0.457208  0
15.680000  0.457019  0
15.706667  0.456832  0
15.733333  0.456646  0
15.760000  0.456466  0
15.786667  0.456298  0
15.813333  0.456152  0
15.840000  0.456043  0
15.866667  0.455984  0
