3.040000  0.795241  0
3.066667  0.794596  0
3.093333  0.793361  0
3.120000  0.791629  0
3.146667  0.789513  0
3.173333  0.787117  0
3.200000  0.784522  0
3.226667  0.781774  0
3.253333  0.778882  0
3.280000  0.775829  0
3.306667  0.772576  0
3.333333  0.769078  0
3.360000  0.765303  0
3.386667  0.761240  0
3.413333  0.756906  0
3.440000  0.752350  0
3.466667  0.747641  0
3.493333  0.742860  0
3.520000  0.738086  0
3.546667  0.733385  0
3.573333  0.728804  0
3.600000  0.724366  0
3.626667  0.720072  0
3.653333  0.715906  0
3.680000  0.711842  0
3.706667  0.707853  0
3.733333  0.703911  0
3.760000  0.699998  0
3.786667  0.696098  0
3.813333  0.692201  0
3.840000  0.688298  0
3.866667  0.684385  0
3.893333  0.680467  0
3.920000  0.676556  0
3.946667  0.672688  0
3.973333  0.668914  0
4.000000  0.665305  0
4.026667  0.661933  0
4.053333  0.658854  0
4.080000  0.656087  0
4.106667  0.653606  0
4.133333  0.651341  0
4.160000  0.649196  0
4.186667  0.647072  0
4.213333  0.644880  0
4.240000  0.642556  0
4.266667  0.640064  0
4.293333  0.637390  0
4.320000  0.634537  0
4.346667  0.631516  0
4.373333  0.628347  0
4.400000  0.625052  0
4.426667  0.621655  0
4.453333  0.618180  0
4.480000  0.614652  0
4.506667  0.611095  0
4.533333  0.607532  0
4.560000  0.603985  0
4.586667  0.600475  0
4.613333  0.597021  0
4.640000  0.593640  0
4.666667  0.590349  0
4.693333  0.587162  0
4.720000  0.584090  0
4.746667  0.581145  0
4.773333  0.578334  0
4.800000  0.575665  0
4.826667  0.573144  0
4.853333  0.570775  0
4.880000  0.568559  0
4.906667  0.566498  0
4.933333  0.564590  0
4.960000  0.562833  0
4.986667  0.561222  0
5.013333  0.559751  0
5.040000  0.558413  0
5.066667  0.557199  0
5.093333  0.556098  0
5.120000  0.555100  0
5.146667  0.554193  0
5.173333  0.553367  0
5.200000  0.552609  0
5.226667  0.551908  0
5.253333  0.551254  0
5.280000  0.550637  0
5.306667  0.550048  0
5.333333  0.549480  0
5.360000  0.548927  0
5.386667  0.548382  0
5.413333  0.547843  0
5.440000  0.547306  0
5.466667  0.546768  0
5.493333  0.546227  0
5.520000  0.545683  0
5.546667  0.545133  0
5.573333  0.544576  0
5.600000  0.544011  0
5.626667  0.543436  0
5.653333  0.542849  0
5.680000  0.542247  0
5.706667  0.541627  0
5.733333  0.540985  0
5.760000  0.540316  0
5.786667  0.539617  0
5.813333  0.538881  0
5.840000  0.538102  0
5.866667  0.537275  0
5.893333  0.536394  0
5.920000  0.535454  0
5.946667  0.534449  0
5.973333  0.533378  0
6.000000  0.532240  0
6.026667  0.531040  0
6.053333  0.529786  0
6.080000  0.528489  0
6.106667  0.527169  0
6.133333  0.525845  0
6.160000  0.524541  0
6.186667  0.523281  0
6.213333  0.522084  0
6.240000  0.520964  0
6.266667  0.519928  0
6.293333  0.518971  0
6.320000  0.518082  0
6.346667  0.517243  0
6.373333  0.516429  0
6.400000  0.515613  0
6.426667  0.514773  0
6.453333  0.513887  0
6.480000  0.512940  0
6.506667  0.511922  0
6.533333  0.510828  0
6.560000  0.509655  0
6.586667  0.508399  0
6.613333  0.507054  0
6.640000  0.505611  0
6.666667  0.504059  0
6.693333  0.502386  0
6.720000  0.500584  0
6.746667  0.498653  0
6.773333  0.496602  0
6.800000  0.494450  0
6.826667  0.492229  0
6.853333  0.489976  0
6.880000  0.487735  0
6.906667  0.485551  0
6.933333  0.483464  0
6.960000  0.481507  0
6.986667  0.479703  0
7.013333  0.478059  0
7.040000  0.476570  0
7.066667  0.475216  0
7.093333  0.473969  0
7.120000  0.472791  0
7.146667  0.471645  0
7.173333  0.470492  0
7.200000  0.469304  0
7.226667  0.468059  0
7.253333  0.466745  0
7.280000  0.465362  0
7.306667  0.463917  0
7.333333  0.462422  0
7.360000  0.460893  0
7.386667  0.459345  0
7.413333  0.457794  0
7.440000  0.456250  0
7.466667  0.454721  0
7.493333  0.453213  0
7.520000  0.451728  0
7.546667  0.450267  0
7.573333  0.448832  0
7.600000  0.447423  0
7.626667  0.446042  0
7.653333  0.444690  0
7.680000  0.443370  0
7.706667  0.442085  0
7.733333  0.440839  0
7.760000  0.439636  0
7.786667  0.438479  0
7.813333  0.437373  0
7.840000  0.436320  0
7.866667  0.435323  0
7.893333  0.434384  0
7.920000  0.433503  0
7.946667  0.432679  0
7.973333  0.431912  0
8.000000  0.431198  0
8.026667  0.430535  0
8.053333  0.429919  0
8.080000  0.429343  0
8.106667  0.428804  0
8.133333  0.428295  0
8.160000  0.427810  0
8.186667  0.427345  0
8.213333  0.426892  0
8.240000  0.426448  0
8.266667  0.426006  0
8.293333  0.425564  0
8.320000  0.425117  0
8.346667  0.424663  0
8.373333  0.424200  0
8.400000  0.423726  0
8.426667  0.423240  0
8.453333  0.422742  0
8.480000  0.422232  0
8.506667  0.421709  0
8.533333  0.421176  0
8.560000  0.420632  0
8.586667  0.420078  0
8.613333  0.419515  0
8.640000  0.418944  0
8.666667  0.418366  0
8.693333  0.417781  0
8.720000  0.417191  0
8.746667  0.416594  0
8.773333  0.415993  0
8.800000  0.415387  0
8.826667  0.414777  0
8.853333  0.414164  0
8.880000  0.413547  0
8.906667  0.412928  0
8.933333  0.412308  0
8.960000  0.411687  0
8.986667  0.411066  0
9.013333  0.410447  0
9.040000  0.409832  0
9.066667  0.409221  0
9.093333  0.408616  0
9.120000  0.408019  0
9.146667  0.407431  0
9.173333  0.406855  0
9.200000  0.406290  0
9.226667  0.405740  0
9.253333  0.405205  0
9.280000  0.404686  0
9.306667  0.404183  0
9.333333  0.403699  0
9.360000  0.403232  0
9.386667  0.402783  0
9.413333  0.402352  0
9.440000  0.401938  0
9.466667  0.401543  0
9.493333  0.401164  0
9.520000  0.400801  0
9.546667  0.400454  0
9.573333  0.400123  0
9.600000  0.399805  0
9.626667  0.399502  0
9.653333  0.399213  0
9.680000  0.398936  0
9.706667  0.398672  0
9.733333  0.398421  0
9.760000  0.398182  0
9.786667  0.397955  0
9.813333  0.397740  0
9.840000  0.397536  0
9.866667  0.397344  0
9.893333  0.397162  0
9.920000  0.396991  0
9.946667  0.396829  0
9.973333  0.396676  0
10.000000  0.396531  0
10.026667  0.396392  0
10.053333  0.396259  0
10.080000  0.396130  0
10.106667  0.396003  0
10.133333  0.395878  0
10.160000  0.395753  0
10.186667  0.395625  0
10.213333  0.395495  0
10.240000  0.395360  0
10.266667  0.395219  0
10.293333  0.395072  0
10.320000  0.394917  0
10.346667  0.394755  0
10.373333  0.394584  0
10.400000  0.394404  0
10.426667  0.394215  0
10.453333  0.394018  0
10.480000  0.393812  0
10.506667  0.393598  0
10.533333  0.393376  0
10.560000  0.393147  0
10.586667  0.392911  0
10.613333  0.392668  0
10.640000  0.392420  0
10.666667  0.392167  0
10.693333  0.391908  0
10.720000  0.391645  0
10.746667  0.391378  0
10.773333  0.391108  0
10.800000  0.390834  0
10.826667  0.390557  0
10.853333  0.390277  0
10.880000  0.389994  0
10.906667  0.389710  0
10.933333  0.389423  0
10.960000  0.389135  0
10.986667  0.388846  0
11.013333  0.388557  0
11.040000  0.388267  0
11.066667  0.387977  0
11.093333  0.387688  0
11.120000  0.387400  0
11.146667  0.387113  0
11.173333  0.386827  0
11.200000  0.386544  0
11.226667  0.386263  0
11.253333  0.385984  0
11.280000  0.385708  0
11.306667  0.385434  0
11.333333  0.385163  0
11.360000  0.384895  0
11.386667  0.384630  0
11.413333  0.384367  0
11.440000  0.384108  0
11.466667  0.383851  0
11.493333  0.383597  0
11.520000  0.383346  0
11.546667  0.383098  0
11.573333  0.382853  0
11.600000  0.382611  0
11.626667  0.382371  0
11.653333  0.382133  0
11.680000  0.381898  0
11.706667  0.381665  0
11.733333  0.381434  0
11.760000  0.381204  0
11.786667  0.380976  0
11.813333  0.380748  0
11.840000  0.380520  0
11.866667  0.380292  0
11.893333  0.380064  0
11.920000  0.379834  0
11.946667  0.379603  0
11.973333  0.379370  0
12.000000  0.379136  0
12.026667  0.378899  0
12.053333  0.378660  0
12.080000  0.378420  0
12.106667  0.378177  0
12.133333  0.377933  0
12.160000  0.377688  0
12.186667  0.377442  0
12.213333  0.377196  0
12.240000  0.376950  0
12.266667  0.376705  0
12.293333  0.376461  0
12.320000  0.376219  0
12.346667  0.375979  0
12.373333  0.375742  0
12.400000  0.375507  0
12.426667  0.375276  0
12.453333  0.375049  0
12.480000  0.374825  0
12.506667  0.374605  0
12.533333  0.374388  0
12.560000  0.374176  0
12.586667  0.373967  0
12.613333  0.373762  0
12.640000  0.373560  0
12.666667  0.373362  0
12.693333  0.373166  0
12.720000  0.372973  0
12.746667  0.372783  0
12.773333  0.372596  0
12.800000  0.372410  0
12.826667  0.372227  0
12.853333  0.372045  0
12.880000  0.371865  0
12.906667  0.371686  0
12.933333  0.371508  0
12.960000  0.371332  0
12.986667  0.371157  0
13.013333  0.370983  0
13.040000  0.370810  0
13.066667  0.370638  0
13.093333  0.370466  0
13.120000  0.370296  0
13.146667  0.370126  0
13.173333  0.369957  0
13.200000  0.369788  0
13.226667  0.369620  0
13.253333  0.369452  0
13.280000  0.369285  0
13.306667  0.369118  0
13.333333  0.368950  0
13.360000  0.368783  0
13.386667  0.368615  0
13.413333  0.368448  0
13.440000  0.368280  0
13.466667  0.368111  0
13.493333  0.367942  0
13.520000  0.367773  0
13.546667  0.367603  0
13.573333  0.367434  0
13.600000  0.367264  0
13.626667  0.367095  0
13.653333  0.366927  0
13.680000  0.366760  0
13.706667  0.366595  0
13.733333  0.366431  0
13.760000  0.366271  0
13.786667  0.366114  0
13.813333  0.365961  0
13.840000  0.365813  0
13.866667  0.365670  0
13.893333  0.365533  0
13.920000  0.365403  0
13.946667  0.365280  0
13.973333  0.365165  0
14.000000  0.365059  0
14.026667  0.364962  0
14.053333  0.364874  0
14.080000  0.364794  0
14.106667  0.364723  0
14.133333  0.364658  0
14.160000  0.364597  0
14.186667  0.364538  0
14.213333  0.364480  0
14.240000  0.364420  0
14.266667  0.364357  0
14.293333  0.364291  0
14.320000  0.364222  0
14.346667  0.364151  0
14.373333  0.364078  0
14.400000  0.364004  0
14.426667  0.363929  0
14.453333  0.363854  0
14.480000  0.363779  0
14.506667  0.363703  0
14.533333  0.363628  0
14.560000  0.363553  0
14.586667  0.363477  0
14.613333  0.363402  0
14.640000  0.363327  0
14.666667  0.363252  0
14.693333  0.363176  0
14.720000  0.363101  0
14.746667  0.363026  0
14.773333  0.362950  0
14.800000  0.362875  0
14.826667  0.362800  0
14.853333  0.362724  0
14.880000  0.362649  0
14.906667  0.362574  0
14.933333  0.362498  0
14.960000  0.362423  0
14.986667  0.362348  0
15.013333  0.362273  0
15.040000  0.362197  0
15.066667  0.362122  0
15.093333  0.362047  0
15.120000  0.361971  0
15.146667  0.361896  0
15.173333  0.361821  0
15.200000  0.361745  0
15.226667  0.361670  0
15.253333  0.361595  0
15.280000  0.361519  0
15.306667  0.361444  0
15.333333  0.361369  0
15.360000  0.361294  0
15.386667  0.361218  0
15.413333  0.361143  0
15.440000  0.361068  0
15.466667  0.360992  0
15.493333  0.360917  0
15.520000  0.360842  0
15.546667  0.360766  0
15.573333  0.360691  0
15.600000  0.360616  0
15.626667  0.360540  0
15.653333  0.360465  0
15.680000  0.360390  0
15.706667  0.360315  0
15.733333  0.360239  0
15.760000  0.360164  0
15.786667  0.360089  0
15.813333  0.360013  0
15.840000  0.359938  0
15.866667  0.359863  0
15.893333  0.359787  0
15.920000  0.359712  0
15.946667  0.359637  0
15.973333  0.359561  0
16.000000  0.359486  0
16.026667  0.359411  0
16.053333  0.359336  0
16.080000  0.359260  0
16.106667  0.359185  0
16.133333  0.359110  0
16.160000  0.359034  0
16.186667  0.358959  0
16.213333  0.358884  0
16.240000  0.358808  0
16.266667  0.358733  0
16.293333  0.358658  0
16.320000  0.358582  0
16.346667  0.358507  0
16.373333  0.358432  0
16.400000  0.358357  0
16.426667  0.358281  0
16.453333  0.358206  0
16.480000  0.358131  0
16.506667  0.358055  0
16.533333  0.357980  0
16.560000  0.357905  0
16.586667  0.357829  0
16.613333  0.357754  0
16.640000  0.357679  0
16.666667  0.357603  0
16.693333  0.357528  0
16.720000  0.357453  0
16.746667  0.357378  0
16.773333  0.357302  0
16.800000  0.357227  0
16.826667  0.357152  0
16.853333  0.357076  0
16.880000  0.357001  0
16.906667  0.356926  0
16.933333  0.356850  0
16.960000  0.356775  0
16.986667  0.356700  0
17.013333  0.356624  0
17.040000  0.356549  0
17.066667  0.356474  0
17.093333  0.356399  0
17.120000  0.356323  0
17.146667  0.356248  0
17.173333  0.356173  0
17.200000  0.356097  0
17.226667  0.356022  0
17.253333  0.355947  0
17.280000  0.355871  0
17.306667  0.355796  0
17.333333  0.355721  0
17.360000  0.355645  0
17.386667  0.355570  0
17.413333  0.355495  0
17.440000  0.355420  0
17.466667  0.355344  0
17.493333  0.355269  0
17.520000  0.355194  0
17.546667  0.355118  0
17.573333  0.355043  0
17.600000  0.354968  0
17.626667  0.354892  0
17.653333  0.354817  0
17.680000  0.354742  0
17.706667  0.354666  0
17.733333  0.354591  0
17.760000  0.354516  0
17.786667  0.354441  0
17.813333  0.354365  0
17.840000  0.354290  0
17.866667  0.354215  0
17.893333  0.354139  0
17.920000  0.354064  0
17.946667  0.353989  0
17.973333  0.353913  0
18.000000  0.353838  0
18.026667  0.353763  0
18.053333  0.353687  0
18.080000  0.353612  0
18.106667  0.353537  0
18.133333  0.353462  0
18.160000  0.353386  0
18.186667  0.353311  0
18.213333  0.353236  0
18.240000  0.353160  0
18.266667  0.353085  0
18.293333  0.353010  0
18.320000  0.352934  0
18.346667  0.352859  0
18.373333  0.352784  0
18.400000  0.352708  0
18.426667  0.352633  0
18.453333  0.352558  0
18.480000  0.352483  0
18.506667  0.352407  0
18.533333  0.352332  0
18.560000  0.352257  0
18.586667  0.352181  0
18.613333  0.352106  0
18.640000  0.352031  0
18.666667  0.351955  0
18.693333  0.351880  0
18.720000  0.351805  0
18.746667  0.351729  0
18.773333  0.351654  0
18.800000  0.351579  0
18.826667  0.351504  0
18.853333  0.351428  0
18.880000  0.351353  0
18.906667  0.351278  0
18.933333  0.351202  0
18.960000  0.351127  0
18.986667  0.351052  0
19.013333  0.350976  0
19.040000  0.350901  0
19.066667  0.350826  0
19.093333  0.350750  0
19.120000  0.350675  0
19.146667  0.350600  0
19.173333  0.350524  0
19.200000  0.350449  0
19.226667  0.350374  0
19.253333  0.350299  0
19.280000  0.350223  0
19.306667  0.350148  0
19.333333  0.350073  0
19.360000  0.349997  0
19.386667  0.349922  0
19.413333  0.349847  0
19.440000  0.349771  0
19.466667  0.349696  0
19.493333  0.349621  0
19.520000  0.349545  0
19.546667  0.349470  0
19.573333  0.349395  0
19.600000  0.349320  0
19.626667  0.349244  0
19.653333  0.349169  0
19.680000  0.349094  0
19.706667  0.349018  0
19.733333  0.348943  0
19.760000  0.348868  0
19.786667  0.348792  0
19.813333  0.348717  0
19.840000  0.348642  0
19.866667  0.348566  0
19.893333  0.348491  0
19.920000  0.348416  0
19.946667  0.348341  0
19.973333  0.348265  0
20.000000  0.348190  0
20.026667  0.348115  0
20.053333  0.348039  0
20.080000  0.347964  0
20.106667  0.347889  0
20.133333  0.347813  0
20.160000  0.347738  0
20.186667  0.347663  0
20.213333  0.347587  0
20.240000  0.347512  0
20.266667  0.347437  0
20.293333  0.347362  0
20.320000  0.347286  0
20.346667  0.347211  0
20.373333  0.347136  0
20.400000  0.347060  0
20.426667  0.346985  0
20.453333  0.346910  0
20.480000  0.346834  0
20.506667  0.346759  0
20.533333  0.346684  0
20.560000  0.346608  0
20.586667  0.346533  0
20.613333  0.346458  0
20.640000  0.346383  0
20.666667  0.346307  0
20.693333  0.346232  0
20.720000  0.346157  0
20.746667  0.346081  0
20.773333  0.346006  0
20.800000  0.345931  0
20.826667  0.345855  0
20.853333  0.345780  0
20.880000  0.345705  0
20.906667  0.345629  0
20.933333  0.345554  0
20.960000  0.345479  0
20.986667  0.345404  0
21.013333  0.345328  0
21.040000  0.345253  0
21.066667  0.345178  0
21.093333  0.345102  0
21.120000  0.345027  0
21.146667  0.344952  0
21.173333  0.344876  0
21.200000  0.344801  0
21.226667  0.344726  0
21.253333  0.344650  0
21.280000  0.344575  0
21.306667  0.344500  0
21.333333  0.344425  0
21.360000  0.344349  0
21.386667  0.344274  0
21.413333  0.344199  0
21.440000  0.344123  0
21.466667  0.344048  0
21.493333  0.343973  0
21.520000  0.343897  0
21.546667  0.343822  0
21.573333  0.343747  0
21.600000  0.343671  0
21.626667  0.343596  0
21.653333  0.343521  0
21.680000  0.343446  0
21.706667  0.343370  0
21.733333  0.343295  0
21.760000  0.343220  0
21.786667  0.343144  0
21.813333  0.343069  0
21.840000  0.342994  0
21.866667  0.342918  0
21.893333  0.342843  0
21.920000  0.342768  0
21.946667  0.342692  0
21.973333  0.342617  0
22.000000  0.342542  0
22.026667  0.342467  0
22.053333  0.342391  0
22.080000  0.342316  0
22.106667  0.342241  0
22.133333  0.342165  0
22.160000  0.342090  0
22.186667  0.342015  0
22.213333  0.341939  0
22.240000  0.341864  0
22.266667  0.341789  0
22.293333  0.341713  0
22.320000  0.341638  0
22.346667  0.341563  0
22.373333  0.341488  0
22.400000  0.341412  0
22.426667  0.341337  0
22.453333  0.341262  0
22.480000  0.341186  0
22.506667  0.341111  0
22.533333  0.341036  0
22.560000  0.340960  0
22.586667  0.340885  0
22.613333  0.340810  0
22.640000  0.340734  0
22.666667  0.340659  0
22.693333  0.340584  0
22.720000  0.340509  0
22.746667  0.340434  0
22.773333  0.340359  0
22.800000  0.340285  0
22.826667  0.340212  0
22.853333  0.340142  0
22.880000  0.340077  0
22.906667  0.340019  0
22.933333  0.339972  0
22.960000  0.339938  0
22.986667  0.339920  0
