2.613333  0.919600  0
2.640000  0.919169  0
2.666667  0.918317  0
2.693333  0.917058  0
2.720000  0.915415  0
2.746667  0.913417  0
2.773333  0.911097  0
2.800000  0.908489  0
2.826667  0.905632  0
2.853333  0.902563  0
2.880000  0.899319  0
2.906667  0.895933  0
2.933333  0.892437  0
2.960000  0.888861  0
2.986667  0.885229  0
3.013333  0.881563  0
3.040000  0.877883  0
3.066667  0.874203  0
3.093333  0.870537  0
3.120000  0.866895  0
3.146667  0.863286  0
3.173333  0.859716  0
3.200000  0.856190  0
3.226667  0.852714  0
3.253333  0.849291  0
3.280000  0.845923  0
3.306667  0.842613  0
3.333333  0.839365  0
3.360000  0.836179  0
3.386667  0.833060  0
3.413333  0.830009  0
3.440000  0.827031  0
3.466667  0.824128  0
3.493333  0.821304  0
3.520000  0.818564  0
3.546667  0.815912  0
3.573333  0.813352  0
3.600000  0.810891  0
3.626667  0.808532  0
3.653333  0.806280  0
3.680000  0.804141  0
3.706667  0.802118  0
3.733333  0.800215  0
3.760000  0.798434  0
3.786667  0.796777  0
3.813333  0.795244  0
3.840000  0.793836  0
3.866667  0.792548  0
3.893333  0.791379  0
3.920000  0.790323  0
3.946667  0.789374  0
3.973333  0.788525  0
4.000000  0.787768  0
4.026667  0.787094  0
4.053333  0.786493  0
4.080000  0.785955  0
4.106667  0.785470  0
4.133333  0.785026  0
4.160000  0.784614  0
4.186667  0.784223  0
4.213333  0.783842  0
4.240000  0.783460  0
4.266667  0.783069  0
4.293333  0.782659  0
4.320000  0.782222  0
4.346667  0.781749  0
4.373333  0.781235  0
4.400000  0.780674  0
4.426667  0.780061  0
4.453333  0.779393  0
4.480000  0.778669  0
4.506667  0.777886  0
4.533333  0.777045  0
4.560000  0.776146  0
4.586667  0.775192  0
4.613333  0.774185  0
4.640000  0.773128  0
4.666667  0.772023  0
4.693333  0.770874  0
4.720000  0.769686  0
4.746667  0.768462  0
4.773333  0.767206  0
4.800000  0.765921  0
4.826667  0.764612  0
4.853333  0.763281  0
4.880000  0.761933  0
4.906667  0.760568  0
4.933333  0.759190  0
4.960000  0.757799  0
4.986667  0.756398  0
5.013333  0.754985  0
5.040000  0.753562  0
5.066667  0.752126  0
5.093333  0.750675  0
5.120000  0.749209  0
5.146667  0.747722  0
5.173333  0.746212  0
5.200000  0.744674  0
5.226667  0.743103  0
5.253333  0.741493  0
5.280000  0.739837  0
5.306667  0.738128  0
5.333333  0.736358  0
5.360000  0.734517  0
5.386667  0.732596  0
5.413333  0.730584  0
5.440000  0.728470  0
5.466667  0.726243  0
5.493333  0.723890  0
5.520000  0.721402  0
5.546667  0.718767  0
5.573333  0.715976  0
5.600000  0.713020  0
5.626667  0.709893  0
5.653333  0.706592  0
5.680000  0.703114  0
5.706667  0.699460  0
5.733333  0.695636  0
5.760000  0.691648  0
5.786667  0.687508  0
5.813333  0.683230  0
5.840000  0.678833  0
5.866667  0.674336  0
5.893333  0.669764  0
5.920000  0.665142  0
5.946667  0.660497  0
5.973333  0.655857  0
6.000000  0.651250  0
6.026667  0.646703  0
6.053333  0.642242  0
6.080000  0.637891  0
6.106667  0.633670  0
6.133333  0.629599  0
6.160000  0.625691  0
6.186667  0.621960  0
6.213333  0.618413  0
6.240000  0.615057  0
6.266667  0.611894  0
6.293333  0.608926  0
6.320000  0.606151  0
6.346667  0.603568  0
6.373333  0.601172  0
6.400000  0.598960  0
6.426667  0.596927  0
6.453333  0.595069  0
6.480000  0.593381  0
6.506667  0.591858  0
6.533333  0.590492  0
6.560000  0.589276  0
6.586667  0.588202  0
6.613333  0.587259  0
6.640000  0.586436  0
6.666667  0.585720  0
6.693333  0.585095  0
6.720000  0.584548  0
6.746667  0.584062  0
6.773333  0.583623  0
6.800000  0.583214  0
6.826667  0.582823  0
6.853333  0.582439  0
6.880000  0.582050  0
6.906667  0.581649  0
6.933333  0.581230  0
6.960000  0.580787  0
6.986667  0.580320  0
7.013333  0.579825  0
7.040000  0.579304  0
7.066667  0.578758  0
7.093333  0.578188  0
7.120000  0.577597  0
7.146667  0.576988  0
7.173333  0.576365  0
7.200000  0.575733  0
7.226667  0.575096  0
7.253333  0.574458  0
7.280000  0.573824  0
7.306667  0.573200  0
7.333333  0.572590  0
7.360000  0.571998  0
7.386667  0.571429  0
7.413333  0.570885  0
7.440000  0.570370  0
7.466667  0.569883  0
7.493333  0.569426  0
7.520000  0.568995  0
7.546667  0.568589  0
7.573333  0.568201  0
7.600000  0.567826  0
7.626667  0.567456  0
7.653333  0.567081  0
7.680000  0.566692  0
7.706667  0.566280  0
7.733333  0.565836  0
7.760000  0.565351  0
7.786667  0.564821  0
7.813333  0.564240  0
7.840000  0.563607  0
7.866667  0.562925  0
7.893333  0.562195  0
7.920000  0.561426  0
7.946667  0.560623  0
7.973333  0.559797  0
8.000000  0.558955  0
8.026667  0.558106  0
8.053333  0.557257  0
8.080000  0.556412  0
8.106667  0.555573  0
8.133333  0.554739  0
8.160000  0.553907  0
8.186667  0.553070  0
8.213333  0.552222  0
8.240000  0.551355  0
8.266667  0.550460  0
8.293333  0.549532  0
8.320000  0.548566  0
8.346667  0.547558  0
8.373333  0.546508  0
8.400000  0.545418  0
8.426667  0.544292  0
8.453333  0.543133  0
8.480000  0.541949  0
8.506667  0.540743  0
8.533333  0.539519  0
8.560000  0.538282  0
8.586667  0.537032  0
8.613333  0.535770  0
8.640000  0.534495  0
8.666667  0.533204  0
8.693333  0.531896  0
8.720000  0.530567  0
8.746667  0.529217  0
8.773333  0.527845  0
8.800000  0.526453  0
8.826667  0.525045  0
8.853333  0.523626  0
8.880000  0.522204  0
8.906667  0.520791  0
8.933333  0.519397  0
8.960000  0.518036  0
8.986667  0.516722  0
9.013333  0.515470  0
9.040000  0.514292  0
9.066667  0.513203  0
9.093333  0.512212  0
9.120000  0.511330  0
9.146667  0.510561  0
9.173333  0.509906  0
9.200000  0.509365  0
9.226667  0.508929  0
9.253333  0.508586  0
9.280000  0.508318  0
9.306667  0.508104  0
9.333333  0.507918  0
9.360000  0.507730  0
9.386667  0.507512  0
9.413333  0.507236  0
9.440000  0.506874  0
9.466667  0.506405  0
9.493333  0.505812  0
9.520000  0.505087  0
9.546667  0.504226  0
9.573333  0.503234  0
9.600000  0.502120  0
9.626667  0.500899  0
9.653333  0.499589  0
9.680000  0.498209  0
9.706667  0.496777  0
9.733333  0.495314  0
9.760000  0.493836  0
9.786667  0.492359  0
9.813333  0.490896  0
9.840000  0.489462  0
9.866667  0.488070  0
9.893333  0.486732  0
9.920000  0.485462  0
9.946667  0.484275  0
9.973333  0.483182  0
10.000000  0.482196  0
10.026667  0.481326  0
10.053333  0.480578  0
10.080000  0.479952  0
10.106667  0.479445  0
10.133333  0.479049  0
10.160000  0.478751  0
10.186667  0.478535  0
10.213333  0.478384  0
10.240000  0.478280  0
10.266667  0.478208  0
10.293333  0.478151  0
10.320000  0.478100  0
10.346667  0.478047  0
10.373333  0.477988  0
10.400000  0.477921  0
10.426667  0.477848  0
10.453333  0.477771  0
10.480000  0.477694  0
10.506667  0.477618  0
10.533333  0.477546  0
10.560000  0.477478  0
10.586667  0.477412  0
10.613333  0.477346  0
10.640000  0.477274  0
10.666667  0.477191  0
10.693333  0.477090  0
10.720000  0.476963  0
10.746667  0.476805  0
10.773333  0.476609  0
10.800000  0.476372  0
10.826667  0.476091  0
10.853333  0.475768  0
10.880000  0.475406  0
10.906667  0.475012  0
10.933333  0.474596  0
10.960000  0.474169  0
10.986667  0.473745  0
11.013333  0.473339  0
11.040000  0.472967  0
11.066667  0.472641  0
11.093333  0.472376  0
11.120000  0.472182  0
11.146667  0.472067  0
11.173333  0.472035  0
11.200000  0.472088  0
11.226667  0.472224  0
11.253333  0.472439  0
11.280000  0.472723  0
11.306667  0.473067  0
11.333333  0.473458  0
11.360000  0.473884  0
11.386667  0.474329  0
11.413333  0.474781  0
11.440000  0.475228  0
11.466667  0.475657  0
11.493333  0.476061  0
11.520000  0.476432  0
11.546667  0.476765  0
11.573333  0.477058  0
11.600000  0.477311  0
11.626667  0.477524  0
11.653333  0.477699  0
11.680000  0.477837  0
11.706667  0.477942  0
11.733333  0.478015  0
11.760000  0.478058  0
11.786667  0.478071  0
11.813333  0.478057  0
11.840000  0.478014  0
11.866667  0.477946  0
11.893333  0.477851  0
11.920000  0.477732  0
11.946667  0.477591  0
11.973333  0.477429  0
12.000000  0.477252  0
12.026667  0.477061  0
12.053333  0.476861  0
12.080000  0.476656  0
12.106667  0.476450  0
12.133333  0.476247  0
12.160000  0.476051  0
12.186667  0.475863  0
12.213333  0.475687  0
12.240000  0.475523  0
12.266667  0.475374  0
12.293333  0.475240  0
12.320000  0.475121  0
12.346667  0.475017  0
12.373333  0.474927  0
12.400000  0.474852  0
12.426667  0.474789  0
12.453333  0.474738  0
12.480000  0.474700  0
12.506667  0.474672  0
12.533333  0.474654  0
12.560000  0.474645  0
12.586667  0.474644  0
12.613333  0.474651  0
12.640000  0.474663  0
12.666667  0.474680  0
12.693333  0.474699  0
12.720000  0.474720  0
12.746667  0.474742  0
12.773333  0.474762  0
12.800000  0.474780  0
12.826667  0.474796  0
12.853333  0.474809  0
12.880000  0.474821  0
12.906667  0.474831  0
12.933333  0.474843  0
12.960000  0.474859  0
12.986667  0.474883  0
13.013333  0.474917  0
13.040000  0.474965  0
13.066667  0.475033  0
13.093333  0.475124  0
13.120000  0.475241  0
13.146667  0.475388  0
13.173333  0.475567  0
13.200000  0.475780  0
13.226667  0.476026  0
13.253333  0.476304  0
13.280000  0.476611  0
13.306667  0.476942  0
13.333333  0.477293  0
13.360000  0.477654  0
13.386667  0.478020  0
13.413333  0.478380  0
13.440000  0.478726  0
13.466667  0.479048  0
13.493333  0.479340  0
13.520000  0.479593  0
13.546667  0.479803  0
13.573333  0.479965  0
13.600000  0.480078  0
13.626667  0.480141  0
13.653333  0.480155  0
13.680000  0.480125  0
13.706667  0.480053  0
13.733333  0.479945  0
13.760000  0.479808  0
13.786667  0.479647  0
13.813333  0.479468  0
13.840000  0.479280  0
13.866667  0.479087  0
13.893333  0.478897  0
13.920000  0.478714  0
13.946667  0.478546  0
13.973333  0.478397  0
14.000000  0.478272  0
14.026667  0.478176  0
14.053333  0.478111  0
14.080000  0.478082  0
14.106667  0.478091  0
14.133333  0.478141  0
14.160000  0.478232  0
14.186667  0.478367  0
14.213333  0.478545  0
14.240000  0.478768  0
14.266667  0.479033  0
14.293333  0.479340  0
14.320000  0.479686  0
14.346667  0.480067  0
14.373333  0.480479  0
14.400000  0.480914  0
14.426667  0.481365  0
14.453333  0.481820  0
14.480000  0.482268  0
14.506667  0.482695  0
14.533333  0.483087  0
14.560000  0.483429  0
14.586667  0.483706  0
14.613333  0.483905  0
14.640000  0.484013  0
14.666667  0.484022  0
14.693333  0.483925  0
14.720000  0.483722  0
14.746667  0.483412  0
14.773333  0.483004  0
14.800000  0.482505  0
14.826667  0.481928  0
14.853333  0.481288  0
14.880000  0.480601  0
14.906667  0.479884  0
14.933333  0.479152  0
14.960000  0.478421  0
14.986667  0.477704  0
15.013333  0.477011  0
15.040000  0.476350  0
15.066667  0.475727  0
15.093333  0.475145  0
15.120000  0.474606  0
15.146667  0.474107  0
15.173333  0.473647  0
15.200000  0.473222  0
15.226667  0.472828  0
15.253333  0.472461  0
15.280000  0.472116  0
15.306667  0.471790  0
15.333333  0.471479  0
15.360000  0.471180  0
15.386667  0.470889  0
15.413333  0.470606  0
15.440000  0.470327  0
15.466667  0.470052  0
15.493333  0.469780  0
15.520000  0.469510  0
15.546667  0.469240  0
15.573333  0.468972  0
15.600000  0.468704  0
15.626667  0.468436  0
15.653333  0.468169  0
15.680000  0.467902  0
15.706667  0.467635  0
15.733333  0.467368  0
15.760000  0.467100  0
15.786667  0.466833  0
15.813333  0.466566  0
15.840000  0.466299  0
15.866667  0.466032  0
15.893333  0.465765  0
15.920000  0.465498  0
15.946667  0.465231  0
15.973333  0.464964  0
16.000000  0.464697  0
16.026667  0.464430  0
16.053333  0.464163  0
16.080000  0.463896  0
16.106667  0.463629  0
16.133333  0.463362  0
16.160000  0.463095  0
16.186667  0.462828  0
16.213333  0.462561  0
16.240000  0.462294  0
16.266667  0.462027  0
16.293333  0.461760  0
16.320000  0.461493  0
16.346667  0.461226  0
16.373333  0.460959  0
16.400000  0.460692  0
16.426667  0.460425  0
16.453333  0.460158  0
16.480000  0.459891  0
16.506667  0.459624  0
16.533333  0.459357  0
16.560000  0.459090  0
16.586667  0.458823  0
16.613333  0.458556  0
16.640000  0.458289  0
16.666667  0.458022  0
16.693333  0.457755  0
16.720000  0.457488  0
16.746667  0.457221  0
16.773333  0.456954  0
16.800000  0.456687  0
16.826667  0.456420  0
16.853333  0.456153  0
16.880000  0.455886  0
16.906667  0.455619  0
16.933333  0.455352  0
16.960000  0.455085  0
16.986667  0.454818  0
17.013333  0.454551  0
17.040000  0.454284  0
17.066667  0.454017  0
17.093333  0.453750  0
17.120000  0.453483  0
17.146667  0.453216  0
17.173333  0.452949  0
17.200000  0.452683  0
17.226667  0.452416  0
17.253333  0.452150  0
17.280000  0.451885  0
17.306667  0.451621  0
17.333333  0.451358  0
17.360000  0.451096  0
17.386667  0.450837  0
17.413333  0.450581  0
17.440000  0.450329  0
17.466667  0.450083  0
17.493333  0.449844  0
17.520000  0.449613  0
17.546667  0.449392  0
17.573333  0.449184  0
17.600000  0.448991  0
17.626667  0.448815  0
17.653333  0.448659  0
17.680000  0.448525  0
17.706667  0.448414  0
17.733333  0.448330  0
17.760000  0.448273  0
17.786667  0.448244  0
