3.120000  0.797097  0
3.146667  0.794551  0
3.173333  0.792005  0
3.200000  0.789459  0
3.226667  0.786913  0
3.253333  0.784367  0
3.280000  0.781821  0
3.306667  0.779275  0
3.333333  0.776729  0
3.360000  0.774183  0
3.386667  0.771637  0
3.413333  0.769091  0
3.440000  0.766856  0
3.466667  0.764916  0
3.493333  0.762976  0
3.520000  0.761036  0
3.546667  0.759097  0
3.573333  0.757157  0
3.600000  0.755217  0
3.626667  0.753277  0
3.653333  0.751337  0
3.680000  0.749398  0
3.706667  0.747458  0
3.733333  0.745518  0
3.760000  0.743578  0
3.786667  0.741638  0
3.813333  0.739698  0
3.840000  0.737759  0
3.866667  0.736577  0
3.893333  0.736445  0
3.920000  0.736313  0
3.946667  0.736181  0
3.973333  0.736048  0
4.000000  0.735916  0
4.026667  0.735784  0
4.053333  0.735651  0
4.080000  0.735519  0
4.106667  0.735387  0
4.133333  0.735255  0
4.160000  0.735122  0
4.186667  0.734990  0
4.213333  0.734858  0
4.240000  0.734726  0
4.266667  0.734593  0
4.293333  0.734461  0
4.320000  0.733828  0
4.346667  0.732801  0
4.373333  0.731774  0
4.400000  0.730747  0
4.426667  0.729720  0
4.453333  0.728693  0
4.480000  0.727666  0
4.506667  0.726640  0
4.533333  0.725613  0
4.560000  0.724586  0
4.586667  0.723559  0
4.613333  0.722532  0
4.640000  0.721505  0
4.666667  0.719864  0
4.693333  0.717682  0
4.720000  0.715499  0
4.746667  0.713317  0
4.773333  0.711135  0
4.800000  0.708952  0
4.826667  0.706770  0
4.853333  0.704588  0
4.880000  0.702406  0
4.906667  0.700223  0
4.933333  0.698041  0
4.960000  0.695859  0
4.986667  0.693676  0
5.013333  0.691494  0
5.040000  0.689312  0
5.066667  0.687129  0
5.093333  0.684947  0
5.120000  0.682765  0
5.146667  0.680583  0
5.173333  0.678400  0
5.200000  0.676218  0
5.226667  0.673896  0
5.253333  0.669796  0
5.280000  0.665696  0
5.306667  0.661596  0
5.333333  0.657495  0
5.360000  0.653395  0
5.386667  0.649295  0
5.413333  0.645195  0
5.440000  0.641095  0
5.466667  0.636995  0
5.493333  0.632895  0
5.520000  0.628795  0
5.546667  0.624695  0
5.573333  0.620595  0
5.600000  0.616495  0
5.626667  0.612395  0
5.653333  0.608294  0
5.680000  0.604389  0
5.706667  0.601202  0
5.733333  0.598015  0
5.760000  0.594828  0
5.786667  0.591641  0
5.813333  0.588454  0
5.840000  0.585268  0
5.866667  0.582081  0
5.893333  0.578894  0
5.920000  0.575707  0
5.946667  0.572520  0
5.973333  0.569333  0
6.000000  0.566147  0
6.026667  0.562960  0
6.053333  0.559773  0
6.080000  0.556586  0
6.106667  0.553524  0
6.133333  0.551391  0
6.160000  0.549257  0
6.186667  0.547123  0
6.213333  0.544989  0
6.240000  0.542855  0
6.266667  0.540722  0
6.293333  0.538588  0
6.320000  0.536454  0
6.346667  0.534320  0
6.373333  0.532186  0
6.400000  0.530053  0
6.426667  0.527919  0
6.453333  0.525785  0
6.480000  0.523651  0
6.506667  0.521517  0
6.533333  0.519384  0
6.560000  0.517250  0
6.586667  0.515116  0
6.613333  0.512982  0
6.640000  0.510848  0
6.666667  0.508715  0
6.693333  0.506581  0
6.720000  0.504590  0
6.746667  0.503571  0
6.773333  0.502553  0
6.800000  0.501534  0
6.826667  0.500516  0
6.853333  0.499498  0
6.880000  0.498479  0
6.906667  0.497461  0
6.933333  0.496442  0
6.960000  0.495424  0
6.986667  0.494406  0
7.013333  0.493387  0
7.040000  0.492369  0
7.066667  0.491350  0
7.093333  0.490332  0
7.120000  0.489314  0
7.146667  0.488295  0
7.173333  0.487277  0
7.200000  0.486258  0
7.226667  0.485240  0
7.253333  0.484222  0
7.280000  0.483203  0
7.306667  0.482185  0
7.333333  0.481166  0
7.360000  0.480148  0
7.386667  0.479130  0
7.413333  0.478111  0
7.440000  0.477093  0
7.466667  0.476074  0
7.493333  0.475056  0
7.520000  0.474037  0
7.546667  0.473339  0
7.573333  0.472997  0
7.600000  0.472654  0
7.626667  0.472312  0
7.653333  0.471970  0
7.680000  0.471627  0
7.706667  0.471285  0
7.733333  0.470943  0
7.760000  0.470600  0
7.786667  0.470258  0
7.813333  0.469916  0
7.840000  0.469573  0
7.866667  0.469231  0
7.893333  0.468889  0
7.920000  0.468546  0
7.946667  0.468204  0
7.973333  0.467862  0
8.000000  0.467520  0
8.026667  0.467177  0
8.053333  0.466835  0
8.080000  0.466493  0
8.106667  0.466150  0
8.133333  0.465808  0
8.160000  0.465466  0
8.186667  0.465123  0
8.213333  0.464781  0
8.240000  0.464439  0
8.266667  0.464096  0
8.293333  0.463754  0
8.320000  0.463412  0
8.346667  0.463069  0
8.373333  0.462727  0
8.400000  0.462385  0
8.426667  0.462042  0
8.453333  0.461700  0
8.480000  0.461358  0
8.506667  0.461015  0
8.533333  0.460673  0
8.560000  0.460331  0
8.586667  0.459951  0
8.613333  0.459512  0
8.640000  0.459072  0
8.666667  0.458633  0
8.693333  0.458194  0
8.720000  0.457755  0
8.746667  0.457316  0
8.773333  0.456876  0
8.800000  0.456437  0
8.826667  0.455998  0
8.853333  0.455559  0
8.880000  0.455120  0
8.906667  0.454680  0
8.933333  0.454241  0
8.960000  0.453802  0
8.986667  0.453363  0
9.013333  0.452924  0
9.040000  0.452484  0
9.066667  0.452045  0
9.093333  0.451606  0
9.120000  0.451167  0
9.146667  0.450728  0
9.173333  0.450288  0
9.200000  0.449849  0
9.226667  0.449410  0
9.253333  0.448971  0
9.280000  0.448531  0
9.306667  0.448092  0
9.333333  0.447653  0
9.360000  0.447214  0
9.386667  0.446775  0
9.413333  0.446335  0
9.440000  0.445896  0
9.466667  0.445457  0
9.493333  0.445018  0
9.520000  0.444579  0
9.546667  0.444139  0
9.573333  0.443700  0
9.600000  0.443261  0
9.626667  0.442822  0
9.653333  0.442383  0
9.680000  0.441441  0
9.706667  0.440350  0
9.733333  0.439259  0
9.760000  0.438167  0
9.786667  0.437076  0
9.813333  0.435985  0
9.840000  0.434894  0
9.866667  0.433803  0
9.893333  0.432712  0
9.920000  0.431621  0
9.946667  0.430529  0
9.973333  0.429438  0
10.000000  0.428347  0
10.026667  0.427256  0
10.053333  0.426165  0
10.080000  0.425074  0
10.106667  0.423982  0
10.133333  0.422891  0
10.160000  0.422095  0
10.186667  0.421783  0
10.213333  0.421471  0
10.240000  0.421159  0
10.266667  0.420848  0
10.293333  0.420536  0
10.320000  0.420224  0
10.346667  0.419912  0
10.373333  0.419601  0
10.400000  0.419289  0
10.426667  0.418977  0
10.453333  0.418665  0
10.480000  0.418354  0
10.506667  0.418042  0
10.533333  0.417730  0
10.560000  0.417418  0
10.586667  0.417107  0
10.613333  0.416795  0
10.640000  0.416483  0
10.666667  0.416171  0
10.693333  0.415860  0
10.720000  0.415548  0
10.746667  0.415236  0
10.773333  0.414924  0
10.800000  0.414613  0
10.826667  0.414301  0
10.853333  0.413989  0
10.880000  0.413677  0
10.906667  0.413366  0
10.933333  0.413054  0
10.960000  0.412742  0
10.986667  0.412430  0
11.013333  0.412119  0
11.040000  0.411807  0
11.066667  0.411495  0
11.093333  0.411183  0
11.120000  0.410871  0
11.146667  0.410560  0
11.173333  0.410248  0
11.200000  0.409936  0
11.226667  0.409624  0
11.253333  0.409313  0
11.280000  0.409001  0
11.306667  0.408689  0
11.333333  0.408377  0
11.360000  0.408066  0
11.386667  0.407754  0
11.413333  0.407442  0
11.440000  0.407130  0
11.466667  0.406819  0
11.493333  0.406507  0
11.520000  0.406195  0
11.546667  0.405883  0
11.573333  0.405572  0
11.600000  0.405260  0
11.626667  0.404948  0
11.653333  0.404636  0
11.680000  0.404325  0
11.706667  0.404013  0
11.733333  0.403701  0
11.760000  0.403389  0
11.786667  0.403078  0
11.813333  0.402766  0
11.840000  0.402454  0
11.866667  0.402143  0
11.893333  0.401922  0
11.920000  0.401702  0
11.946667  0.401481  0
11.973333  0.401261  0
12.000000  0.401040  0
12.026667  0.400820  0
12.053333  0.400600  0
12.080000  0.400379  0
12.106667  0.400159  0
12.133333  0.399938  0
12.160000  0.399718  0
12.186667  0.399497  0
12.213333  0.399277  0
12.240000  0.399056  0
12.266667  0.398836  0
12.293333  0.398616  0
12.320000  0.398395  0
12.346667  0.398175  0
12.373333  0.397954  0
12.400000  0.397734  0
12.426667  0.397513  0
12.453333  0.397293  0
12.480000  0.397073  0
12.506667  0.396852  0
12.533333  0.396632  0
12.560000  0.396411  0
12.586667  0.396191  0
12.613333  0.395970  0
12.640000  0.395750  0
12.666667  0.395530  0
12.693333  0.395309  0
12.720000  0.395089  0
12.746667  0.394868  0
12.773333  0.394648  0
12.800000  0.394427  0
12.826667  0.394207  0
12.853333  0.393986  0
12.880000  0.393766  0
12.906667  0.393546  0
12.933333  0.393325  0
12.960000  0.393105  0
12.986667  0.392884  0
13.013333  0.392664  0
13.040000  0.392443  0
13.066667  0.392223  0
13.093333  0.392003  0
13.120000  0.391782  0
13.146667  0.391562  0
13.173333  0.391341  0
13.200000  0.391121  0
13.226667  0.390900  0
13.253333  0.390680  0
13.280000  0.390460  0
13.306667  0.390239  0
13.333333  0.390019  0
13.360000  0.389798  0
13.386667  0.389578  0
13.413333  0.389357  0
13.440000  0.389137  0
13.466667  0.388916  0
13.493333  0.388696  0
13.520000  0.388476  0
13.546667  0.388255  0
13.573333  0.388035  0
13.600000  0.387814  0
13.626667  0.387594  0
13.653333  0.387373  0
13.680000  0.387153  0
13.706667  0.386933  0
13.733333  0.386712  0
13.760000  0.386492  0
13.786667  0.386271  0
13.813333  0.386051  0
13.840000  0.385830  0
13.866667  0.385610  0
13.893333  0.385390  0
13.920000  0.385169  0
13.946667  0.384949  0
13.973333  0.384728  0
14.000000  0.384508  0
14.026667  0.384287  0
14.053333  0.384067  0
14.080000  0.383846  0
14.106667  0.383626  0
14.133333  0.383406  0
14.160000  0.383185  0
14.186667  0.382965  0
14.213333  0.382744  0
14.240000  0.382524  0
14.266667  0.382303  0
14.293333  0.382083  0
14.320000  0.381863  0
14.346667  0.381642  0
14.373333  0.381422  0
14.400000  0.381201  0
14.426667  0.380981  0
14.453333  0.380760  0
14.480000  0.380540  0
14.506667  0.380320  0
14.533333  0.380099  0
14.560000  0.379879  0
14.586667  0.379565  0
14.613333  0.379233  0
14.640000  0.378902  0
14.666667  0.378570  0
14.693333  0.378239  0
14.720000  0.377907  0
14.746667  0.377576  0
14.773333  0.377244  0
14.800000  0.376913  0
14.826667  0.376581  0
14.853333  0.376250  0
14.880000  0.375918  0
14.906667  0.375587  0
14.933333  0.375255  0
14.960000  0.374924  0
14.986667  0.374592  0
15.013333  0.374261  0
15.040000  0.373929  0
15.066667  0.373598  0
15.093333  0.373266  0
15.120000  0.372935  0
15.146667  0.372603  0
15.173333  0.372272  0
15.200000  0.371940  0
15.226667  0.371609  0
15.253333  0.371277  0
15.280000  0.370946  0
15.306667  0.370615  0
15.333333  0.370283  0
15.360000  0.369952  0
15.386667  0.369620  0
15.413333  0.369289  0
15.440000  0.368957  0
15.466667  0.368626  0
15.493333  0.368294  0
15.520000  0.367963  0
15.546667  0.367631  0
15.573333  0.367300  0
15.600000  0.366968  0
15.626667  0.366637  0
15.653333  0.366305  0
15.680000  0.365974  0
15.706667  0.365642  0
15.733333  0.365311  0
15.760000  0.364979  0
15.786667  0.364648  0
15.813333  0.364316  0
15.840000  0.363985  0
15.866667  0.363653  0
15.893333  0.363322  0
15.920000  0.362990  0
15.946667  0.362659  0
15.973333  0.362327  0
16.000000  0.361996  0
16.026667  0.361664  0
16.053333  0.361333  0
16.080000  0.361001  0
16.106667  0.360670  0
16.133333  0.360338  0
16.160000  0.360007  0
16.186667  0.359761  0
16.213333  0.359717  0
16.240000  0.359672  0
16.266667  0.359627  0
16.293333  0.359583  0
16.320000  0.359538  0
16.346667  0.359494  0
16.373333  0.359449  0
16.400000  0.359404  0
16.426667  0.359360  0
16.453333  0.359315  0
16.480000  0.359271  0
16.506667  0.359226  0
16.533333  0.359181  0
16.560000  0.359137  0
16.586667  0.359092  0
16.613333  0.359048  0
16.640000  0.359003  0
16.666667  0.358959  0
16.693333  0.358914  0
16.720000  0.358869  0
16.746667  0.358825  0
16.773333  0.358780  0
16.800000  0.358736  0
16.826667  0.358691  0
16.853333  0.358646  0
16.880000  0.358602  0
16.906667  0.358557  0
16.933333  0.358513  0
16.960000  0.358468  0
16.986667  0.358423  0
17.013333  0.358379  0
17.040000  0.358334  0
17.066667  0.358290  0
17.093333  0.358245  0
17.120000  0.358200  0
17.146667  0.358156  0
17.173333  0.358111  0
17.200000  0.358067  0
17.226667  0.358022  0
17.253333  0.357977  0
17.280000  0.357933  0
17.306667  0.357888  0
17.333333  0.357844  0
17.360000  0.357799  0
17.386667  0.357754  0
17.413333  0.357710  0
17.440000  0.357665  0
17.466667  0.357621  0
17.493333  0.357576  0
17.520000  0.357532  0
17.546667  0.357487  0
17.573333  0.357442  0
17.600000  0.357398  0
17.626667  0.357353  0
17.653333  0.357309  0
17.680000  0.357264  0
17.706667  0.357219  0
17.733333  0.357175  0
17.760000  0.357130  0
17.786667  0.357086  0
17.813333  0.357041  0
17.840000  0.356996  0
17.866667  0.356952  0
17.893333  0.356907  0
17.920000  0.356863  0
17.946667  0.356818  0
17.973333  0.356773  0
18.000000  0.356729  0
18.026667  0.356684  0
18.053333  0.356640  0
18.080000  0.356595  0
18.106667  0.356550  0
18.133333  0.356506  0
18.160000  0.356461  0
18.186667  0.356417  0
18.213333  0.356372  0
18.240000  0.356327  0
18.266667  0.356283  0
18.293333  0.356238  0
18.320000  0.356194  0
18.346667  0.356149  0
18.373333  0.356105  0
18.400000  0.356060  0
18.426667  0.356015  0
18.453333  0.355971  0
18.480000  0.355926  0
18.506667  0.355882  0
18.533333  0.355837  0
18.560000  0.355792  0
18.586667  0.355748  0
18.613333  0.355703  0
18.640000  0.355659  0
18.666667  0.355614  0
18.693333  0.355569  0
18.720000  0.355525  0
18.746667  0.355480  0
18.773333  0.355436  0
18.800000  0.355391  0
18.826667  0.355346  0
18.853333  0.355302  0
18.880000  0.355257  0
18.906667  0.355213  0
18.933333  0.355168  0
18.960000  0.355123  0
18.986667  0.355079  0
19.013333  0.355034  0
19.040000  0.354990  0
19.066667  0.354945  0
19.093333  0.354900  0
19.120000  0.354856  0
19.146667  0.354811  0
19.173333  0.354767  0
19.200000  0.354722  0
19.226667  0.354678  0
19.253333  0.354633  0
19.280000  0.354588  0
19.306667  0.354544  0
19.333333  0.354499  0
19.360000  0.354455  0
19.386667  0.354410  0
19.413333  0.354365  0
19.440000  0.354321  0
19.466667  0.354276  0
19.493333  0.354232  0
19.520000  0.354187  0
19.546667  0.354142  0
19.573333  0.354098  0
19.600000  0.354053  0
19.626667  0.354009  0
19.653333  0.353964  0
19.680000  0.353919  0
19.706667  0.353875  0
19.733333  0.353830  0
19.760000  0.353786  0
19.786667  0.353741  0
19.813333  0.353696  0
19.840000  0.353652  0
19.866667  0.353607  0
19.893333  0.353563  0
19.920000  0.353518  0
19.946667  0.353473  0
19.973333  0.353429  0
20.000000  0.353384  0
20.026667  0.353340  0
20.053333  0.353295  0
20.080000  0.353251  0
20.106667  0.353206  0
20.133333  0.353161  0
20.160000  0.353117  0
20.186667  0.353072  0
20.213333  0.353028  0
20.240000  0.352983  0
20.266667  0.352938  0
20.293333  0.352894  0
20.320000  0.352849  0
20.346667  0.352805  0
20.373333  0.352760  0
20.400000  0.352715  0
20.426667  0.352671  0
20.453333  0.352626  0
20.480000  0.352582  0
20.506667  0.352537  0
20.533333  0.352492  0
20.560000  0.352448  0
20.586667  0.352403  0
20.613333  0.352359  0
20.640000  0.352314  0
20.666667  0.352269  0
20.693333  0.352225  0
20.720000  0.352180  0
20.746667  0.352136  0
20.773333  0.352091  0
20.800000  0.352046  0
20.826667  0.352002  0
20.853333  0.351957  0
20.880000  0.351913  0
20.906667  0.351868  0
20.933333  0.351824  0
20.960000  0.351779  0
20.986667  0.351734  0
21.013333  0.351690  0
21.040000  0.351645  0
21.066667  0.351601  0
21.093333  0.351556  0
21.120000  0.351511  0
21.146667  0.351467  0
21.173333  0.351422  0
21.200000  0.351378  0
21.226667  0.351333  0
21.253333  0.351288  0
21.280000  0.351244  0
21.306667  0.351199  0
21.333333  0.351155  0
21.360000  0.351110  0
21.386667  0.351065  0
21.413333  0.351021  0
21.440000  0.350976  0
21.466667  0.350932  0
21.493333  0.350887  0
