2.720000  0.921420  0
2.746667  0.920703  0
2.773333  0.919337  0
2.800000  0.917437  0
2.826667  0.915136  0
2.853333  0.912565  0
2.880000  0.909823  0
2.906667  0.906980  0
2.933333  0.904068  0
2.960000  0.901086  0
2.986667  0.898004  0
3.013333  0.894761  0
3.040000  0.891271  0
3.066667  0.887436  0
3.093333  0.883166  0
3.120000  0.878406  0
3.146667  0.873162  0
3.173333  0.867512  0
3.200000  0.861595  0
3.226667  0.855591  0
3.253333  0.849682  0
3.280000  0.844013  0
3.306667  0.838674  0
3.333333  0.833684  0
3.360000  0.829001  0
3.386667  0.824535  0
3.413333  0.820169  0
3.440000  0.815775  0
3.466667  0.811229  0
3.493333  0.806420  0
3.520000  0.801271  0
3.546667  0.795741  0
3.573333  0.789836  0
3.600000  0.783602  0
3.626667  0.777115  0
3.653333  0.770468  0
3.680000  0.763756  0
3.706667  0.757064  0
3.733333  0.750465  0
3.760000  0.744008  0
3.786667  0.737718  0
3.813333  0.731592  0
3.840000  0.725599  0
3.866667  0.719687  0
3.893333  0.713789  0
3.920000  0.707834  0
3.946667  0.701763  0
3.973333  0.695545  0
4.000000  0.689183  0
4.026667  0.682726  0
4.053333  0.676262  0
4.080000  0.669905  0
4.106667  0.663774  0
4.133333  0.657961  0
4.160000  0.652510  0
4.186667  0.647402  0
4.213333  0.642558  0
4.240000  0.637846  0
4.266667  0.633112  0
4.293333  0.628198  0
4.320000  0.622981  0
4.346667  0.617398  0
4.373333  0.611471  0
4.400000  0.605307  0
4.426667  0.599079  0
4.453333  0.592980  0
4.480000  0.587172  0
4.506667  0.581755  0
4.533333  0.576752  0
4.560000  0.572129  0
4.586667  0.567827  0
4.613333  0.563786  0
4.640000  0.559958  0
4.666667  0.556319  0
4.693333  0.552854  0
4.720000  0.549560  0
4.746667  0.546438  0
4.773333  0.543487  0
4.800000  0.540706  0
4.826667  0.538093  0
4.853333  0.535644  0
4.880000  0.533353  0
4.906667  0.531211  0
4.933333  0.529211  0
4.960000  0.527343  0
4.986667  0.525596  0
5.013333  0.523958  0
5.040000  0.522418  0
5.066667  0.520964  0
5.093333  0.519584  0
5.120000  0.518266  0
5.146667  0.516996  0
5.173333  0.515764  0
5.200000  0.514555  0
5.226667  0.513359  0
5.253333  0.512161  0
5.280000  0.510951  0
5.306667  0.509715  0
5.333333  0.508442  0
5.360000  0.507120  0
5.386667  0.505738  0
5.413333  0.504288  0
5.440000  0.502758  0
5.466667  0.501143  0
5.493333  0.499435  0
5.520000  0.497629  0
5.546667  0.495724  0
5.573333  0.493718  0
5.600000  0.491612  0
5.626667  0.489411  0
5.653333  0.487119  0
5.680000  0.484746  0
5.706667  0.482302  0
5.733333  0.479798  0
5.760000  0.477250  0
5.786667  0.474672  0
5.813333  0.472080  0
5.840000  0.469492  0
5.866667  0.466924  0
5.893333  0.464393  0
5.920000  0.461915  0
5.946667  0.459505  0
5.973333  0.457177  0
6.000000  0.454942  0
6.026667  0.452811  0
6.053333  0.450791  0
6.080000  0.448888  0
6.106667  0.447106  0
6.133333  0.445446  0
6.160000  0.443910  0
6.186667  0.442494  0
6.213333  0.441197  0
6.240000  0.440012  0
6.266667  0.438934  0
6.293333  0.437958  0
6.320000  0.437076  0
6.346667  0.436281  0
6.373333  0.435566  0
6.400000  0.434923  0
6.426667  0.434345  0
6.453333  0.433826  0
6.480000  0.433360  0
6.506667  0.432939  0
6.533333  0.432559  0
6.560000  0.432214  0
6.586667  0.431898  0
6.613333  0.431608  0
6.640000  0.431339  0
6.666667  0.431086  0
6.693333  0.430845  0
6.720000  0.430613  0
6.746667  0.430384  0
6.773333  0.430156  0
6.800000  0.429925  0
6.826667  0.429687  0
6.853333  0.429440  0
6.880000  0.429179  0
6.906667  0.428904  0
6.933333  0.428611  0
6.960000  0.428298  0
6.986667  0.427964  0
7.013333  0.427608  0
7.040000  0.427230  0
7.066667  0.426829  0
7.093333  0.426406  0
7.120000  0.425961  0
7.146667  0.425496  0
7.173333  0.425012  0
7.200000  0.424512  0
7.226667  0.423996  0
7.253333  0.423467  0
7.280000  0.422928  0
7.306667  0.422380  0
7.333333  0.421826  0
7.360000  0.421268  0
7.386667  0.420708  0
7.413333  0.420148  0
7.440000  0.419589  0
7.466667  0.419034  0
7.493333  0.418484  0
7.520000  0.417939  0
7.546667  0.417401  0
7.573333  0.416870  0
7.600000  0.416348  0
7.626667  0.415835  0
7.653333  0.415332  0
7.680000  0.414838  0
7.706667  0.414356  0
7.733333  0.413883  0
7.760000  0.413423  0
7.786667  0.412973  0
7.813333  0.412535  0
7.840000  0.412109  0
7.866667  0.411696  0
7.893333  0.411295  0
7.920000  0.410906  0
7.946667  0.410530  0
7.973333  0.410167  0
8.000000  0.409816  0
8.026667  0.409479  0
8.053333  0.409153  0
8.080000  0.408840  0
8.106667  0.408539  0
8.133333  0.408250  0
8.160000  0.407972  0
8.186667  0.407704  0
8.213333  0.407447  0
8.240000  0.407199  0
8.266667  0.406959  0
8.293333  0.406728  0
8.320000  0.406503  0
8.346667  0.406285  0
8.373333  0.406073  0
8.400000  0.405865  0
8.426667  0.405662  0
8.453333  0.405461  0
8.480000  0.405264  0
8.506667  0.405069  0
8.533333  0.404875  0
8.560000  0.404683  0
8.586667  0.404493  0
8.613333  0.404303  0
8.640000  0.404114  0
8.666667  0.403926  0
8.693333  0.403739  0
8.720000  0.403553  0
8.746667  0.403368  0
8.773333  0.403185  0
8.800000  0.403004  0
8.826667  0.402826  0
8.853333  0.402650  0
8.880000  0.402477  0
8.906667  0.402307  0
8.933333  0.402142  0
8.960000  0.401980  0
8.986667  0.401822  0
9.013333  0.401668  0
9.040000  0.401519  0
9.066667  0.401373  0
9.093333  0.401232  0
9.120000  0.401094  0
9.146667  0.400960  0
9.173333  0.400829  0
9.200000  0.400700  0
9.226667  0.400574  0
9.253333  0.400449  0
9.280000  0.400325  0
9.306667  0.400202  0
9.333333  0.400079  0
9.360000  0.399956  0
9.386667  0.399832  0
9.413333  0.399707  0
9.440000  0.399580  0
9.466667  0.399452  0
9.493333  0.399322  0
9.520000  0.399190  0
9.546667  0.399055  0
9.573333  0.398917  0
9.600000  0.398777  0
9.626667  0.398634  0
9.653333  0.398487  0
9.680000  0.398337  0
9.706667  0.398183  0
9.733333  0.398025  0
9.760000  0.397862  0
9.786667  0.397694  0
9.813333  0.397521  0
9.840000  0.397342  0
9.866667  0.397157  0
9.893333  0.396965  0
9.920000  0.396767  0
9.946667  0.396561  0
9.973333  0.396349  0
10.000000  0.396129  0
10.026667  0.395902  0
10.053333  0.395667  0
10.080000  0.395426  0
10.106667  0.395178  0
10.133333  0.394924  0
10.160000  0.394665  0
10.186667  0.394400  0
10.213333  0.394131  0
10.240000  0.393858  0
10.266667  0.393583  0
10.293333  0.393305  0
10.320000  0.393026  0
10.346667  0.392747  0
10.373333  0.392467  0
10.400000  0.392189  0
10.426667  0.391912  0
10.453333  0.391636  0
10.480000  0.391363  0
10.506667  0.391093  0
10.533333  0.390826  0
10.560000  0.390563  0
10.586667  0.390303  0
10.613333  0.390048  0
10.640000  0.389796  0
10.666667  0.389549  0
10.693333  0.389306  0
10.720000  0.389068  0
10.746667  0.388834  0
10.773333  0.388605  0
10.800000  0.388381  0
10.826667  0.388163  0
10.853333  0.387949  0
10.880000  0.387741  0
10.906667  0.387539  0
10.933333  0.387343  0
10.960000  0.387152  0
10.986667  0.386968  0
11.013333  0.386790  0
11.040000  0.386618  0
11.066667  0.386453  0
11.093333  0.386295  0
11.120000  0.386142  0
11.146667  0.385996  0
11.173333  0.385857  0
11.200000  0.385723  0
11.226667  0.385595  0
11.253333  0.385473  0
11.280000  0.385355  0
11.306667  0.385242  0
11.333333  0.385132  0
11.360000  0.385026  0
11.386667  0.384922  0
11.413333  0.384820  0
11.440000  0.384718  0
11.466667  0.384616  0
11.493333  0.384513  0
11.520000  0.384408  0
11.546667  0.384299  0
11.573333  0.384187  0
11.600000  0.384069  0
11.626667  0.383944  0
11.653333  0.383813  0
11.680000  0.383672  0
11.706667  0.383523  0
11.733333  0.383363  0
11.760000  0.383191  0
11.786667  0.383008  0
11.813333  0.382811  0
11.840000  0.382601  0
11.866667  0.382376  0
11.893333  0.382136  0
11.920000  0.381881  0
11.946667  0.381610  0
11.973333  0.381322  0
12.000000  0.381019  0
12.026667  0.380700  0
12.053333  0.380365  0
12.080000  0.380016  0
12.106667  0.379652  0
12.133333  0.379274  0
12.160000  0.378885  0
12.186667  0.378485  0
12.213333  0.378076  0
12.240000  0.377659  0
12.266667  0.377238  0
12.293333  0.376813  0
12.320000  0.376387  0
12.346667  0.375962  0
12.373333  0.375541  0
12.400000  0.375126  0
12.426667  0.374719  0
12.453333  0.374323  0
12.480000  0.373939  0
12.506667  0.373569  0
12.533333  0.373215  0
12.560000  0.372878  0
12.586667  0.372558  0
12.613333  0.372258  0
12.640000  0.371976  0
12.666667  0.371714  0
12.693333  0.371470  0
12.720000  0.371245  0
12.746667  0.371038  0
12.773333  0.370848  0
12.800000  0.370673  0
12.826667  0.370513  0
12.853333  0.370367  0
12.880000  0.370233  0
12.906667  0.370110  0
12.933333  0.369997  0
12.960000  0.369892  0
12.986667  0.369795  0
13.013333  0.369704  0
13.040000  0.369620  0
13.066667  0.369540  0
13.093333  0.369465  0
13.120000  0.369393  0
13.146667  0.369324  0
13.173333  0.369259  0
13.200000  0.369196  0
13.226667  0.369135  0
13.253333  0.369076  0
13.280000  0.369018  0
13.306667  0.368962  0
13.333333  0.368907  0
13.360000  0.368852  0
13.386667  0.368797  0
13.413333  0.368742  0
13.440000  0.368685  0
13.466667  0.368628  0
13.493333  0.368568  0
13.520000  0.368506  0
13.546667  0.368440  0
13.573333  0.368370  0
13.600000  0.368296  0
13.626667  0.368217  0
13.653333  0.368133  0
13.680000  0.368042  0
13.706667  0.367946  0
13.733333  0.367843  0
13.760000  0.367733  0
13.786667  0.367617  0
13.813333  0.367495  0
13.840000  0.367365  0
13.866667  0.367230  0
13.893333  0.367089  0
13.920000  0.366942  0
13.946667  0.366791  0
13.973333  0.366635  0
14.000000  0.366474  0
14.026667  0.366311  0
14.053333  0.366144  0
14.080000  0.365975  0
14.106667  0.365804  0
14.133333  0.365631  0
14.160000  0.365457  0
14.186667  0.365282  0
14.213333  0.365106  0
14.240000  0.364930  0
14.266667  0.364753  0
14.293333  0.364577  0
14.320000  0.364400  0
14.346667  0.364223  0
14.373333  0.364046  0
14.400000  0.363869  0
14.426667  0.363692  0
14.453333  0.363515  0
14.480000  0.363339  0
14.506667  0.363165  0
14.533333  0.362991  0
14.560000  0.362820  0
14.586667  0.362651  0
14.613333  0.362485  0
14.640000  0.362323  0
14.666667  0.362166  0
14.693333  0.362016  0
14.720000  0.361872  0
14.746667  0.361736  0
14.773333  0.361608  0
14.800000  0.361490  0
14.826667  0.361382  0
14.853333  0.361283  0
14.880000  0.361191  0
14.906667  0.361106  0
14.933333  0.361022  0
14.960000  0.360939  0
14.986667  0.360851  0
15.013333  0.360757  0
15.040000  0.360656  0
15.066667  0.360548  0
15.093333  0.360434  0
15.120000  0.360316  0
15.146667  0.360195  0
15.173333  0.360072  0
15.200000  0.359949  0
15.226667  0.359825  0
15.253333  0.359700  0
15.280000  0.359576  0
15.306667  0.359451  0
15.333333  0.359327  0
15.360000  0.359203  0
15.386667  0.359078  0
15.413333  0.358954  0
15.440000  0.358829  0
15.466667  0.358705  0
15.493333  0.358580  0
15.520000  0.358456  0
15.546667  0.358332  0
15.573333  0.358207  0
15.600000  0.358083  0
15.626667  0.357958  0
15.653333  0.357834  0
15.680000  0.357709  0
15.706667  0.357585  0
15.733333  0.357461  0
15.760000  0.357336  0
15.786667  0.357212  0
15.813333  0.357087  0
15.840000  0.356963  0
15.866667  0.356838  0
15.893333  0.356714  0
15.920000  0.356589  0
15.946667  0.356465  0
15.973333  0.356341  0
16.000000  0.356216  0
16.026667  0.356092  0
16.053333  0.355967  0
16.080000  0.355843  0
16.106667  0.355718  0
16.133333  0.355594  0
16.160000  0.355470  0
16.186667  0.355345  0
16.213333  0.355221  0
16.240000  0.355096  0
16.266667  0.354972  0
16.293333  0.354847  0
16.320000  0.354723  0
16.346667  0.354599  0
16.373333  0.354474  0
16.400000  0.354350  0
16.426667  0.354225  0
16.453333  0.354101  0
16.480000  0.353976  0
16.506667  0.353852  0
16.533333  0.353727  0
16.560000  0.353603  0
16.586667  0.353479  0
16.613333  0.353354  0
16.640000  0.353230  0
16.666667  0.353105  0
16.693333  0.352981  0
16.720000  0.352856  0
16.746667  0.352732  0
16.773333  0.352608  0
16.800000  0.352483  0
16.826667  0.352359  0
16.853333  0.352234  0
16.880000  0.352110  0
16.906667  0.351985  0
16.933333  0.351861  0
16.960000  0.351737  0
16.986667  0.351612  0
17.013333  0.351488  0
17.040000  0.351363  0
17.066667  0.351239  0
17.093333  0.351114  0
17.120000  0.350990  0
17.146667  0.350865  0
17.173333  0.350741  0
17.200000  0.350617  0
17.226667  0.350492  0
17.253333  0.350368  0
17.280000  0.350243  0
17.306667  0.350119  0
17.333333  0.349994  0
17.360000  0.349870  0
17.386667  0.349746  0
17.413333  0.349621  0
17.440000  0.349497  0
17.466667  0.349372  0
17.493333  0.349248  0
17.520000  0.349123  0
17.546667  0.348999  0
17.573333  0.348875  0
17.600000  0.348750  0
17.626667  0.348626  0
17.653333  0.348501  0
17.680000  0.348377  0
17.706667  0.348252  0
17.733333  0.348128  0
17.760000  0.348004  0
17.786667  0.347879  0
17.813333  0.347755  0
17.840000  0.347630  0
17.866667  0.347506  0
17.893333  0.347381  0
17.920000  0.347257  0
17.946667  0.347132  0
17.973333  0.347008  0
18.000000  0.346884  0
18.026667  0.346759  0
18.053333  0.346635  0
18.080000  0.346510  0
18.106667  0.346386  0
18.133333  0.346261  0
18.160000  0.346137  0
18.186667  0.346013  0
18.213333  0.345888  0
18.240000  0.345764  0
18.266667  0.345639  0
18.293333  0.345515  0
18.320000  0.345390  0
18.346667  0.345266  0
18.373333  0.345142  0
18.400000  0.345017  0
18.426667  0.344893  0
18.453333  0.344768  0
18.480000  0.344644  0
18.506667  0.344519  0
18.533333  0.344395  0
18.560000  0.344270  0
18.586667  0.344146  0
18.613333  0.344022  0
18.640000  0.343897  0
18.666667  0.343773  0
18.693333  0.343648  0
18.720000  0.343524  0
18.746667  0.343399  0
18.773333  0.343275  0
18.800000  0.343151  0
18.826667  0.343026  0
18.853333  0.342902  0
18.880000  0.342777  0
18.906667  0.342653  0
18.933333  0.342528  0
18.960000  0.342404  0
18.986667  0.342280  0
19.013333  0.342155  0
19.040000  0.342031  0
19.066667  0.341906  0
19.093333  0.341782  0
19.120000  0.341657  0
19.146667  0.341533  0
19.173333  0.341408  0
19.200000  0.341284  0
19.226667  0.341160  0
19.253333  0.341035  0
19.280000  0.340911  0
19.306667  0.340786  0
19.333333  0.340662  0
19.360000  0.340537  0
19.386667  0.340413  0
19.413333  0.340289  0
19.440000  0.340164  0
19.466667  0.340040  0
19.493333  0.339915  0
19.520000  0.339791  0
19.546667  0.339666  0
19.573333  0.339542  0
19.600000  0.339418  0
19.626667  0.339293  0
19.653333  0.339169  0
19.680000  0.339044  0
19.706667  0.338920  0
19.733333  0.338795  0
19.760000  0.338671  0
19.786667  0.338546  0
19.813333  0.338422  0
19.840000  0.338298  0
19.866667  0.338173  0
19.893333  0.338049  0
19.920000  0.337924  0
19.946667  0.337800  0
19.973333  0.337675  0
20.000000  0.337551  0
20.026667  0.337427  0
20.053333  0.337302  0
20.080000  0.337178  0
20.106667  0.337053  0
20.133333  0.336929  0
20.160000  0.336804  0
20.186667  0.336680  0
20.213333  0.336556  0
20.240000  0.336431  0
20.266667  0.336307  0
20.293333  0.336182  0
20.320000  0.336058  0
20.346667  0.335933  0
20.373333  0.335809  0
20.400000  0.335685  0
20.426667  0.335560  0
20.453333  0.335436  0
20.480000  0.335311  0
20.506667  0.335187  0
20.533333  0.335062  0
20.560000  0.334938  0
20.586667  0.334813  0
20.613333  0.334689  0
20.640000  0.334565  0
20.666667  0.334440  0
20.693333  0.334316  0
20.720000  0.334191  0
20.746667  0.334067  0
20.773333  0.333942  0
20.800000  0.333818  0
20.826667  0.333694  0
20.853333  0.333569  0
20.880000  0.333445  0
20.906667  0.333320  0
20.933333  0.333196  0
20.960000  0.333071  0
20.986667  0.332947  0
21.013333  0.332823  0
21.040000  0.332698  0
21.066667  0.332574  0
21.093333  0.332449  0
21.120000  0.332325  0
21.146667  0.332200  0
21.173333  0.332076  0
21.200000  0.331951  0
21.226667  0.331827  0
21.253333  0.331703  0
21.280000  0.331578  0
21.306667  0.331454  0
21.333333  0.331329  0
21.360000  0.331205  0
21.386667  0.331080  0
21.413333  0.330956  0
21.440000  0.330832  0
21.466667  0.330707  0
21.493333  0.330583  0
21.520000  0.330458  0
21.546667  0.330334  0
21.573333  0.330209  0
21.600000  0.330085  0
21.626667  0.329961  0
21.653333  0.329836  0
21.680000  0.329712  0
21.706667  0.329587  0
21.733333  0.329463  0
21.760000  0.329338  0
21.786667  0.329214  0
21.813333  0.329089  0
21.840000  0.328965  0
21.866667  0.328841  0
21.893333  0.328716  0
21.920000  0.328592  0
21.946667  0.328467  0
21.973333  0.328343  0
22.000000  0.328218  0
22.026667  0.328094  0
22.053333  0.327970  0
22.080000  0.327845  0
22.106667  0.327721  0
22.133333  0.327596  0
22.160000  0.327472  0
22.186667  0.327347  0
22.213333  0.327223  0
22.240000  0.327099  0
22.266667  0.326974  0
22.293333  0.326850  0
22.320000  0.326725  0
22.346667  0.326601  0
22.373333  0.326476  0
22.400000  0.326352  0
22.426667  0.326227  0
22.453333  0.326103  0
22.480000  0.325979  0
22.506667  0.325854  0
22.533333  0.325730  0
22.560000  0.325605  0
22.586667  0.325481  0
22.613333  0.325356  0
22.640000  0.325232  0
22.666667  0.325108  0
22.693333  0.324983  0
22.720000  0.324859  0
22.746667  0.324734  0
22.773333  0.324610  0
22.800000  0.324485  0
22.826667  0.324361  0
22.853333  0.324237  0
22.880000  0.324112  0
22.906667  0.323988  0
22.933333  0.323863  0
22.960000  0.323739  0
22.986667  0.323614  0
23.013333  0.323490  0
23.040000  0.323366  0
23.066667  0.323241  0
23.093333  0.323117  0
23.120000  0.322992  0
23.146667  0.322868  0
23.173333  0.322743  0
23.200000  0.322619  0
23.226667  0.322494  0
23.253333  0.322370  0
23.280000  0.322246  0
23.306667  0.322121  0
23.333333  0.321997  0
23.360000  0.321872  0
23.386667  0.321748  0
23.413333  0.321623  0
23.440000  0.321499  0
23.466667  0.321375  0
23.493333  0.321250  0
23.520000  0.321126  0
23.546667  0.321001  0
23.573333  0.320877  0
23.600000  0.320752  0
23.626667  0.320628  0
23.653333  0.320504  0
23.680000  0.320379  0
23.706667  0.320255  0
23.733333  0.320130  0
23.760000  0.320006  0
23.786667  0.319881  0
23.813333  0.319757  0
23.840000  0.319632  0
23.866667  0.319508  0
23.893333  0.319384  0
23.920000  0.319259  0
23.946667  0.319135  0
23.973333  0.319010  0
24.000000  0.318886  0
24.026667  0.318761  0
24.053333  0.318637  0
24.080000  0.318513  0
24.106667  0.318388  0
24.133333  0.318264  0
24.160000  0.318139  0
24.186667  0.318015  0
24.213333  0.317890  0
24.240000  0.317766  0
24.266667  0.317642  0
24.293333  0.317517  0
24.320000  0.317393  0
24.346667  0.317268  0
24.373333  0.317144  0
24.400000  0.317019  0
24.426667  0.316895  0
24.453333  0.316770  0
24.480000  0.316646  0
24.506667  0.316522  0
24.533333  0.316397  0
24.560000  0.316273  0
24.586667  0.316148  0
24.613333  0.316024  0
24.640000  0.315899  0
24.666667  0.315775  0
24.693333  0.315651  0
24.720000  0.315526  0
24.746667  0.315402  0
24.773333  0.315277  0
24.800000  0.315153  0
24.826667  0.315028  0
24.853333  0.314904  0
24.880000  0.314780  0
24.906667  0.314655  0
24.933333  0.314531  0
24.960000  0.314406  0
24.986667  0.314282  0
25.013333  0.314158  0
25.040000  0.314034  0
25.066667  0.313911  0
25.093333  0.313790  0
25.120000  0.313673  0
25.146667  0.313563  0
25.173333  0.313465  0
25.200000  0.313383  0
25.226667  0.313325  0
25.253333  0.313294  0
