2.773333  0.660127  0
2.800000  0.660257  0
2.826667  0.660512  0
2.853333  0.660885  0
2.880000  0.661365  0
2.906667  0.661941  0
2.933333  0.662596  0
2.960000  0.663319  0
2.986667  0.664093  0
3.013333  0.664907  0
3.040000  0.665748  0
3.066667  0.666605  0
3.093333  0.667467  0
3.120000  0.668327  0
3.146667  0.669174  0
3.173333  0.669999  0
3.200000  0.670795  0
3.226667  0.671552  0
3.253333  0.672263  0
3.280000  0.672921  0
3.306667  0.673521  0
3.333333  0.674057  0
3.360000  0.674527  0
3.386667  0.674932  0
3.413333  0.675274  0
3.440000  0.675556  0
3.466667  0.675785  0
3.493333  0.675967  0
3.520000  0.676111  0
3.546667  0.676226  0
3.573333  0.676321  0
3.600000  0.676408  0
3.626667  0.676498  0
3.653333  0.676603  0
3.680000  0.676736  0
3.706667  0.676912  0
3.733333  0.677147  0
3.760000  0.677456  0
3.786667  0.677853  0
3.813333  0.678350  0
3.840000  0.678952  0
3.866667  0.679662  0
3.893333  0.680469  0
3.920000  0.681358  0
3.946667  0.682301  0
3.973333  0.683264  0
4.000000  0.684206  0
4.026667  0.685082  0
4.053333  0.685850  0
4.080000  0.686469  0
4.106667  0.686909  0
4.133333  0.687148  0
4.160000  0.687176  0
4.186667  0.686997  0
4.213333  0.686627  0
4.240000  0.686090  0
4.266667  0.685420  0
4.293333  0.684652  0
4.320000  0.683828  0
4.346667  0.682984  0
4.373333  0.682156  0
4.400000  0.681372  0
4.426667  0.680655  0
4.453333  0.680021  0
4.480000  0.679478  0
4.506667  0.679028  0
4.533333  0.678664  0
4.560000  0.678377  0
4.586667  0.678150  0
4.613333  0.677967  0
4.640000  0.677808  0
4.666667  0.677652  0
4.693333  0.677481  0
4.720000  0.677280  0
4.746667  0.677036  0
4.773333  0.676743  0
4.800000  0.676399  0
4.826667  0.676008  0
4.853333  0.675579  0
4.880000  0.675128  0
4.906667  0.674669  0
4.933333  0.674221  0
4.960000  0.673799  0
4.986667  0.673415  0
5.013333  0.673074  0
5.040000  0.672776  0
5.066667  0.672512  0
5.093333  0.672269  0
5.120000  0.672029  0
5.146667  0.671770  0
5.173333  0.671474  0
5.200000  0.671124  0
5.226667  0.670713  0
5.253333  0.670237  0
5.280000  0.669702  0
5.306667  0.669123  0
5.333333  0.668517  0
5.360000  0.667906  0
5.386667  0.667309  0
5.413333  0.666744  0
5.440000  0.666221  0
5.466667  0.665746  0
5.493333  0.665315  0
5.520000  0.664916  0
5.546667  0.664536  0
5.573333  0.664153  0
5.600000  0.663748  0
5.626667  0.663301  0
5.653333  0.662794  0
5.680000  0.662214  0
5.706667  0.661550  0
5.733333  0.660797  0
5.760000  0.659951  0
5.786667  0.659016  0
5.813333  0.657999  0
5.840000  0.656910  0
5.866667  0.655764  0
5.893333  0.654580  0
5.920000  0.653379  0
5.946667  0.652182  0
5.973333  0.651011  0
6.000000  0.649885  0
6.026667  0.648821  0
6.053333  0.647829  0
6.080000  0.646918  0
6.106667  0.646091  0
6.133333  0.645349  0
6.160000  0.644689  0
6.186667  0.644110  0
6.213333  0.643605  0
6.240000  0.643169  0
6.266667  0.642793  0
6.293333  0.642461  0
6.320000  0.642156  0
6.346667  0.641851  0
6.373333  0.641514  0
6.400000  0.641106  0
6.426667  0.640586  0
6.453333  0.639911  0
6.480000  0.639041  0
6.506667  0.637943  0
6.533333  0.636589  0
6.560000  0.634967  0
6.586667  0.633075  0
6.613333  0.630924  0
6.640000  0.628536  0
6.666667  0.625943  0
6.693333  0.623186  0
6.720000  0.620309  0
6.746667  0.617358  0
6.773333  0.614379  0
6.800000  0.611412  0
6.826667  0.608492  0
6.853333  0.605647  0
6.880000  0.602895  0
6.906667  0.600243  0
6.933333  0.597692  0
6.960000  0.595232  0
6.986667  0.592851  0
7.013333  0.590532  0
7.040000  0.588259  0
7.066667  0.586020  0
7.093333  0.583804  0
7.120000  0.581608  0
7.146667  0.579435  0
7.173333  0.577291  0
7.200000  0.575186  0
7.226667  0.573131  0
7.253333  0.571135  0
7.280000  0.569206  0
7.306667  0.567347  0
7.333333  0.565558  0
7.360000  0.563835  0
7.386667  0.562171  0
7.413333  0.560558  0
7.440000  0.558987  0
7.466667  0.557451  0
7.493333  0.555943  0
7.520000  0.554462  0
7.546667  0.553008  0
7.573333  0.551585  0
7.600000  0.550198  0
7.626667  0.548857  0
7.653333  0.547571  0
7.680000  0.546351  0
7.706667  0.545205  0
7.733333  0.544144  0
7.760000  0.543173  0
7.786667  0.542297  0
7.813333  0.541517  0
7.840000  0.540833  0
7.866667  0.540241  0
7.893333  0.539731  0
7.920000  0.539293  0
7.946667  0.538914  0
7.973333  0.538578  0
8.000000  0.538268  0
8.026667  0.537967  0
8.053333  0.537660  0
8.080000  0.537336  0
8.106667  0.536986  0
8.133333  0.536605  0
8.160000  0.536197  0
8.186667  0.535765  0
8.213333  0.535319  0
8.240000  0.534869  0
8.266667  0.534425  0
8.293333  0.533997  0
8.320000  0.533591  0
8.346667  0.533210  0
8.373333  0.532850  0
8.400000  0.532508  0
8.426667  0.532174  0
8.453333  0.531838  0
8.480000  0.531490  0
8.506667  0.531121  0
8.533333  0.530722  0
8.560000  0.530291  0
8.586667  0.529826  0
8.613333  0.529329  0
8.640000  0.528806  0
8.666667  0.528265  0
8.693333  0.527714  0
8.720000  0.527164  0
8.746667  0.526625  0
8.773333  0.526106  0
8.800000  0.525615  0
8.826667  0.525158  0
8.853333  0.524738  0
8.880000  0.524355  0
8.906667  0.524005  0
8.933333  0.523681  0
8.960000  0.523373  0
8.986667  0.523068  0
9.013333  0.522750  0
9.040000  0.522406  0
9.066667  0.522018  0
9.093333  0.521573  0
9.120000  0.521059  0
9.146667  0.520466  0
9.173333  0.519788  0
9.200000  0.519024  0
9.226667  0.518172  0
9.253333  0.517239  0
9.280000  0.516230  0
9.306667  0.515155  0
9.333333  0.514026  0
9.360000  0.512857  0
9.386667  0.511662  0
9.413333  0.510459  0
9.440000  0.509262  0
9.466667  0.508088  0
9.493333  0.506948  0
9.520000  0.505852  0
9.546667  0.504803  0
9.573333  0.503798  0
9.600000  0.502827  0
9.626667  0.501870  0
9.653333  0.500897  0
9.680000  0.499874  0
9.706667  0.498758  0
9.733333  0.497504  0
9.760000  0.496069  0
9.786667  0.494413  0
9.813333  0.492508  0
9.840000  0.490338  0
9.866667  0.487904  0
9.893333  0.485222  0
9.920000  0.482326  0
9.946667  0.479266  0
9.973333  0.476098  0
10.000000  0.472886  0
10.026667  0.469689  0
10.053333  0.466562  0
10.080000  0.463550  0
10.106667  0.460682  0
10.133333  0.457976  0
10.160000  0.455433  0
10.186667  0.453046  0
10.213333  0.450798  0
10.240000  0.448672  0
10.266667  0.446648  0
10.293333  0.444708  0
10.320000  0.442840  0
10.346667  0.441038  0
10.373333  0.439300  0
10.400000  0.437629  0
10.426667  0.436029  0
10.453333  0.434507  0
10.480000  0.433068  0
10.506667  0.431717  0
10.533333  0.430455  0
10.560000  0.429282  0
10.586667  0.428196  0
10.613333  0.427193  0
10.640000  0.426270  0
10.666667  0.425420  0
10.693333  0.424640  0
10.720000  0.423922  0
10.746667  0.423260  0
10.773333  0.422642  0
10.800000  0.422055  0
10.826667  0.421484  0
10.853333  0.420909  0
10.880000  0.420312  0
10.906667  0.419674  0
10.933333  0.418977  0
10.960000  0.418209  0
10.986667  0.417363  0
11.013333  0.416438  0
11.040000  0.415438  0
11.066667  0.414374  0
11.093333  0.413259  0
11.120000  0.412111  0
11.146667  0.410946  0
11.173333  0.409780  0
11.200000  0.408628  0
11.226667  0.407502  0
11.253333  0.406412  0
11.280000  0.405365  0
11.306667  0.404369  0
11.333333  0.403430  0
11.360000  0.402554  0
11.386667  0.401747  0
11.413333  0.401016  0
11.440000  0.400366  0
11.466667  0.399802  0
11.493333  0.399326  0
11.520000  0.398939  0
11.546667  0.398639  0
11.573333  0.398420  0
11.600000  0.398274  0
11.626667  0.398190  0
11.653333  0.398157  0
11.680000  0.398161  0
11.706667  0.398189  0
11.733333  0.398227  0
11.760000  0.398264  0
11.786667  0.398291  0
11.813333  0.398303  0
11.840000  0.398294  0
11.866667  0.398267  0
11.893333  0.398221  0
11.920000  0.398163  0
11.946667  0.398097  0
11.973333  0.398030  0
12.000000  0.397966  0
12.026667  0.397912  0
12.053333  0.397869  0
12.080000  0.397842  0
12.106667  0.397830  0
12.133333  0.397833  0
12.160000  0.397851  0
12.186667  0.397883  0
12.213333  0.397925  0
12.240000  0.397977  0
12.266667  0.398035  0
12.293333  0.398097  0
12.320000  0.398160  0
12.346667  0.398221  0
12.373333  0.398277  0
12.400000  0.398326  0
12.426667  0.398366  0
12.453333  0.398393  0
12.480000  0.398408  0
12.506667  0.398410  0
12.533333  0.398401  0
12.560000  0.398382  0
12.586667  0.398357  0
12.613333  0.398332  0
12.640000  0.398313  0
12.666667  0.398306  0
12.693333  0.398320  0
12.720000  0.398363  0
12.746667  0.398441  0
12.773333  0.398561  0
12.800000  0.398728  0
12.826667  0.398943  0
12.853333  0.399207  0
12.880000  0.399517  0
12.906667  0.399868  0
12.933333  0.400253  0
12.960000  0.400663  0
12.986667  0.401090  0
13.013333  0.401524  0
13.040000  0.401957  0
13.066667  0.402382  0
13.093333  0.402791  0
13.120000  0.403180  0
13.146667  0.403544  0
13.173333  0.403877  0
13.200000  0.404177  0
13.226667  0.404439  0
13.253333  0.404662  0
13.280000  0.404843  0
13.306667  0.404982  0
13.333333  0.405078  0
13.360000  0.405135  0
13.386667  0.405156  0
13.413333  0.405146  0
13.440000  0.405110  0
13.466667  0.405055  0
13.493333  0.404985  0
13.520000  0.404905  0
13.546667  0.404821  0
13.573333  0.404736  0
13.600000  0.404651  0
13.626667  0.404569  0
13.653333  0.404492  0
13.680000  0.404422  0
13.706667  0.404360  0
13.733333  0.404308  0
13.760000  0.404267  0
13.786667  0.404238  0
13.813333  0.404223  0
13.840000  0.404221  0
13.866667  0.404233  0
13.893333  0.404257  0
13.920000  0.404294  0
13.946667  0.404341  0
13.973333  0.404397  0
14.000000  0.404460  0
14.026667  0.404526  0
14.053333  0.404593  0
14.080000  0.404657  0
14.106667  0.404714  0
14.133333  0.404763  0
14.160000  0.404799  0
14.186667  0.404823  0
14.213333  0.404834  0
14.240000  0.404834  0
14.266667  0.404826  0
14.293333  0.404814  0
14.320000  0.404802  0
14.346667  0.404796  0
14.373333  0.404798  0
14.400000  0.404811  0
14.426667  0.404836  0
14.453333  0.404873  0
14.480000  0.404919  0
14.506667  0.404971  0
14.533333  0.405025  0
14.560000  0.405074  0
14.586667  0.405115  0
14.613333  0.405143  0
14.640000  0.405152  0
14.666667  0.405140  0
14.693333  0.405103  0
14.720000  0.405040  0
14.746667  0.404951  0
14.773333  0.404835  0
14.800000  0.404695  0
14.826667  0.404533  0
14.853333  0.404353  0
14.880000  0.404159  0
14.906667  0.403957  0
14.933333  0.403752  0
14.960000  0.403548  0
14.986667  0.403351  0
15.013333  0.403164  0
15.040000  0.402988  0
15.066667  0.402827  0
15.093333  0.402679  0
15.120000  0.402544  0
15.146667  0.402422  0
15.173333  0.402311  0
15.200000  0.402208  0
15.226667  0.402113  0
15.253333  0.402023  0
15.280000  0.401937  0
15.306667  0.401854  0
15.333333  0.401774  0
15.360000  0.401694  0
15.386667  0.401616  0
15.413333  0.401538  0
15.440000  0.401460  0
15.466667  0.401383  0
15.493333  0.401306  0
15.520000  0.401229  0
15.546667  0.401152  0
15.573333  0.401075  0
15.600000  0.400997  0
15.626667  0.400920  0
15.653333  0.400843  0
15.680000  0.400766  0
15.706667  0.400689  0
15.733333  0.400612  0
15.760000  0.400535  0
15.786667  0.400458  0
15.813333  0.400381  0
15.840000  0.400304  0
15.866667  0.400227  0
15.893333  0.400149  0
15.920000  0.400072  0
15.946667  0.399995  0
15.973333  0.399918  0
16.000000  0.399841  0
16.026667  0.399764  0
16.053333  0.399687  0
16.080000  0.399610  0
16.106667  0.399533  0
16.133333  0.399456  0
16.160000  0.399379  0
16.186667  0.399301  0
16.213333  0.399224  0
16.240000  0.399147  0
16.266667  0.399070  0
16.293333  0.398993  0
16.320000  0.398916  0
16.346667  0.398839  0
16.373333  0.398762  0
16.400000  0.398685  0
16.426667  0.398608  0
16.453333  0.398531  0
16.480000  0.398454  0
16.506667  0.398376  0
16.533333  0.398299  0
16.560000  0.398222  0
16.586667  0.398145  0
16.613333  0.398068  0
16.640000  0.397991  0
16.666667  0.397914  0
16.693333  0.397837  0
16.720000  0.397760  0
16.746667  0.397683  0
16.773333  0.397606  0
16.800000  0.397528  0
16.826667  0.397451  0
16.853333  0.397374  0
16.880000  0.397297  0
16.906667  0.397220  0
16.933333  0.397143  0
16.960000  0.397066  0
16.986667  0.396989  0
17.013333  0.396912  0
17.040000  0.396835  0
17.066667  0.396758  0
17.093333  0.396681  0
17.120000  0.396603  0
17.146667  0.396526  0
17.173333  0.396449  0
17.200000  0.396372  0
17.226667  0.396295  0
17.253333  0.396218  0
17.280000  0.396141  0
17.306667  0.396064  0
17.333333  0.395987  0
17.360000  0.395910  0
17.386667  0.395833  0
17.413333  0.395755  0
17.440000  0.395678  0
17.466667  0.395601  0
17.493333  0.395524  0
17.520000  0.395447  0
17.546667  0.395370  0
17.573333  0.395293  0
17.600000  0.395216  0
17.626667  0.395139  0
17.653333  0.395062  0
17.680000  0.394985  0
17.706667  0.394907  0
17.733333  0.394830  0
17.760000  0.394753  0
17.786667  0.394676  0
17.813333  0.394599  0
17.840000  0.394522  0
17.866667  0.394445  0
17.893333  0.394368  0
17.920000  0.394291  0
17.946667  0.394214  0
17.973333  0.394137  0
18.000000  0.394060  0
18.026667  0.393982  0
18.053333  0.393905  0
18.080000  0.393828  0
18.106667  0.393751  0
18.133333  0.393674  0
18.160000  0.393597  0
18.186667  0.393520  0
18.213333  0.393443  0
18.240000  0.393366  0
18.266667  0.393289  0
18.293333  0.393212  0
18.320000  0.393134  0
18.346667  0.393057  0
18.373333  0.392980  0
18.400000  0.392903  0
18.426667  0.392826  0
18.453333  0.392749  0
18.480000  0.392672  0
18.506667  0.392595  0
18.533333  0.392518  0
18.560000  0.392441  0
18.586667  0.392364  0
18.613333  0.392286  0
18.640000  0.392209  0
18.666667  0.392132  0
18.693333  0.392055  0
18.720000  0.391978  0
18.746667  0.391901  0
18.773333  0.391824  0
18.800000  0.391747  0
18.826667  0.391670  0
18.853333  0.391593  0
18.880000  0.391516  0
18.906667  0.391439  0
18.933333  0.391361  0
18.960000  0.391284  0
18.986667  0.391207  0
19.013333  0.391130  0
19.040000  0.391053  0
19.066667  0.390976  0
19.093333  0.390899  0
19.120000  0.390822  0
19.146667  0.390745  0
19.173333  0.390668  0
19.200000  0.390591  0
19.226667  0.390513  0
19.253333  0.390436  0
19.280000  0.390359  0
19.306667  0.390282  0
19.333333  0.390205  0
19.360000  0.390128  0
19.386667  0.390051  0
19.413333  0.389974  0
19.440000  0.389897  0
19.466667  0.389820  0
19.493333  0.389743  0
19.520000  0.389666  0
19.546667  0.389588  0
19.573333  0.389511  0
19.600000  0.389434  0
19.626667  0.389357  0
19.653333  0.389280  0
19.680000  0.389203  0
19.706667  0.389126  0
19.733333  0.389049  0
19.760000  0.388972  0
19.786667  0.388895  0
19.813333  0.388818  0
19.840000  0.388740  0
19.866667  0.388663  0
19.893333  0.388586  0
19.920000  0.388509  0
19.946667  0.388432  0
19.973333  0.388355  0
20.000000  0.388278  0
20.026667  0.388201  0
20.053333  0.388124  0
20.080000  0.388047  0
20.106667  0.387970  0
20.133333  0.387892  0
20.160000  0.387815  0
20.186667  0.387738  0
20.213333  0.387661  0
20.240000  0.387584  0
20.266667  0.387507  0
20.293333  0.387430  0
20.320000  0.387353  0
20.346667  0.387276  0
20.373333  0.387199  0
20.400000  0.387122  0
20.426667  0.387045  0
20.453333  0.386967  0
20.480000  0.386890  0
20.506667  0.386813  0
20.533333  0.386736  0
20.560000  0.386659  0
20.586667  0.386582  0
20.613333  0.386505  0
20.640000  0.386428  0
20.666667  0.386351  0
20.693333  0.386274  0
20.720000  0.386197  0
20.746667  0.386119  0
20.773333  0.386042  0
20.800000  0.385965  0
20.826667  0.385888  0
20.853333  0.385811  0
20.880000  0.385734  0
20.906667  0.385657  0
20.933333  0.385580  0
20.960000  0.385503  0
20.986667  0.385426  0
21.013333  0.385349  0
21.040000  0.385271  0
21.066667  0.385194  0
21.093333  0.385117  0
21.120000  0.385040  0
21.146667  0.384963  0
21.173333  0.384886  0
21.200000  0.384809  0
21.226667  0.384732  0
21.253333  0.384655  0
21.280000  0.384578  0
21.306667  0.384501  0
21.333333  0.384424  0
21.360000  0.384346  0
21.386667  0.384269  0
21.413333  0.384192  0
21.440000  0.384115  0
21.466667  0.384038  0
21.493333  0.383961  0
21.520000  0.383884  0
21.546667  0.383807  0
21.573333  0.383730  0
21.600000  0.383653  0
21.626667  0.383576  0
21.653333  0.383499  0
21.680000  0.383422  0
21.706667  0.383345  0
21.733333  0.383268  0
21.760000  0.383192  0
21.786667  0.383116  0
21.813333  0.383040  0
21.840000  0.382966  0
21.866667  0.382893  0
21.893333  0.382822  0
21.920000  0.382753  0
21.946667  0.382688  0
21.973333  0.382628  0
22.000000  0.382573  0
22.026667  0.382525  0
22.053333  0.382485  0
22.080000  0.382454  0
22.106667  0.382433  0
22.133333  0.382422  0
