3.173333  0.779961  0
3.200000  0.777294  0
3.226667  0.774627  0
3.253333  0.771960  0
3.280000  0.769292  0
3.306667  0.766625  0
3.333333  0.763958  0
3.360000  0.761290  0
3.386667  0.758623  0
3.413333  0.756024  0
3.440000  0.753599  0
3.466667  0.751174  0
3.493333  0.748749  0
3.520000  0.746325  0
3.546667  0.743900  0
3.573333  0.741475  0
3.600000  0.739050  0
3.626667  0.736626  0
3.653333  0.734201  0
3.680000  0.731776  0
3.706667  0.729351  0
3.733333  0.726926  0
3.760000  0.724502  0
3.786667  0.722077  0
3.813333  0.719652  0
3.840000  0.717227  0
3.866667  0.714803  0
3.893333  0.712378  0
3.920000  0.709920  0
3.946667  0.707458  0
3.973333  0.704996  0
4.000000  0.702534  0
4.026667  0.700072  0
4.053333  0.697610  0
4.080000  0.695147  0
4.106667  0.692685  0
4.133333  0.690223  0
4.160000  0.687761  0
4.186667  0.684885  0
4.213333  0.681976  0
4.240000  0.679066  0
4.266667  0.676156  0
4.293333  0.673246  0
4.320000  0.670337  0
4.346667  0.667427  0
4.373333  0.664517  0
4.400000  0.661608  0
4.426667  0.658698  0
4.453333  0.657653  0
4.480000  0.656683  0
4.506667  0.655713  0
4.533333  0.654743  0
4.560000  0.653773  0
4.586667  0.652803  0
4.613333  0.651833  0
4.640000  0.650863  0
4.666667  0.649894  0
4.693333  0.648182  0
4.720000  0.646242  0
4.746667  0.644302  0
4.773333  0.642362  0
4.800000  0.640422  0
4.826667  0.638483  0
4.853333  0.636543  0
4.880000  0.634603  0
4.906667  0.632663  0
4.933333  0.630723  0
4.960000  0.628784  0
4.986667  0.626944  0
5.013333  0.625377  0
5.040000  0.623811  0
5.066667  0.622244  0
5.093333  0.620677  0
5.120000  0.619110  0
5.146667  0.617544  0
5.173333  0.615977  0
5.200000  0.614410  0
5.226667  0.612843  0
5.253333  0.610482  0
5.280000  0.606326  0
5.306667  0.602169  0
5.333333  0.598012  0
5.360000  0.593855  0
5.386667  0.589699  0
5.413333  0.588014  0
5.440000  0.586482  0
5.466667  0.584847  0
5.493333  0.583275  0
5.520000  0.581762  0
5.546667  0.580297  0
5.573333  0.578869  0
5.600000  0.577460  0
5.626667  0.576057  0
5.653333  0.574642  0
5.680000  0.573201  0
5.706667  0.571723  0
5.733333  0.570196  0
5.760000  0.568612  0
5.786667  0.566963  0
5.813333  0.565242  0
5.840000  0.563442  0
5.866667  0.561556  0
5.893333  0.559581  0
5.920000  0.557510  0
5.946667  0.555341  0
5.973333  0.553075  0
6.000000  0.550715  0
6.026667  0.548268  0
6.053333  0.545745  0
6.080000  0.543159  0
6.106667  0.540529  0
6.133333  0.537873  0
6.160000  0.535213  0
6.186667  0.532571  0
6.213333  0.529966  0
6.240000  0.527417  0
6.266667  0.524942  0
6.293333  0.522552  0
6.320000  0.520259  0
6.346667  0.518070  0
6.373333  0.515987  0
6.400000  0.514014  0
6.426667  0.512149  0
6.453333  0.510391  0
6.480000  0.508740  0
6.506667  0.507195  0
6.533333  0.505759  0
6.560000  0.504435  0
6.586667  0.503226  0
6.613333  0.502138  0
6.640000  0.501175  0
6.666667  0.500338  0
6.693333  0.499625  0
6.720000  0.499030  0
6.746667  0.498542  0
6.773333  0.498146  0
6.800000  0.497825  0
6.826667  0.497559  0
6.853333  0.497329  0
6.880000  0.497122  0
6.906667  0.496925  0
6.933333  0.496732  0
6.960000  0.496543  0
6.986667  0.496361  0
7.013333  0.496192  0
7.040000  0.496045  0
7.066667  0.495927  0
7.093333  0.495842  0
7.120000  0.495793  0
7.146667  0.495777  0
7.173333  0.495791  0
7.200000  0.495828  0
7.226667  0.495877  0
7.253333  0.495932  0
7.280000  0.495982  0
7.306667  0.496021  0
7.333333  0.496044  0
7.360000  0.496046  0
7.386667  0.496026  0
7.413333  0.495983  0
7.440000  0.495917  0
7.466667  0.495829  0
7.493333  0.495719  0
7.520000  0.495589  0
7.546667  0.495438  0
7.573333  0.495266  0
7.600000  0.495073  0
7.626667  0.494856  0
7.653333  0.494613  0
7.680000  0.494342  0
7.706667  0.494040  0
7.733333  0.493704  0
7.760000  0.493333  0
7.786667  0.492924  0
7.813333  0.492480  0
7.840000  0.492002  0
7.866667  0.491493  0
7.893333  0.490958  0
7.920000  0.490403  0
7.946667  0.489835  0
7.973333  0.489260  0
8.000000  0.488685  0
8.026667  0.488116  0
8.053333  0.487558  0
8.080000  0.487016  0
8.106667  0.486490  0
8.133333  0.485983  0
8.160000  0.485493  0
8.186667  0.485016  0
8.213333  0.484547  0
8.240000  0.484079  0
8.266667  0.483604  0
8.293333  0.483114  0
8.320000  0.482599  0
8.346667  0.482052  0
8.373333  0.481465  0
8.400000  0.480837  0
8.426667  0.480164  0
8.453333  0.479451  0
8.480000  0.478703  0
8.506667  0.477930  0
8.533333  0.477146  0
8.560000  0.476369  0
8.586667  0.475617  0
8.613333  0.474911  0
8.640000  0.474271  0
8.666667  0.473713  0
8.693333  0.473252  0
8.720000  0.472894  0
8.746667  0.472637  0
8.773333  0.472468  0
8.800000  0.472368  0
8.826667  0.472306  0
8.853333  0.472243  0
8.880000  0.472140  0
8.906667  0.471954  0
8.933333  0.471650  0
8.960000  0.471198  0
8.986667  0.470584  0
9.013333  0.469804  0
9.040000  0.468870  0
9.066667  0.467805  0
9.093333  0.466642  0
9.120000  0.465418  0
9.146667  0.464170  0
9.173333  0.462931  0
9.200000  0.461729  0
9.226667  0.460582  0
9.253333  0.459499  0
9.280000  0.458481  0
9.306667  0.457520  0
9.333333  0.456604  0
9.360000  0.455718  0
9.386667  0.454846  0
9.413333  0.453971  0
9.440000  0.453082  0
9.466667  0.452169  0
9.493333  0.451225  0
9.520000  0.450250  0
9.546667  0.449245  0
9.573333  0.448218  0
9.600000  0.447176  0
9.626667  0.446133  0
9.653333  0.445102  0
9.680000  0.444097  0
9.706667  0.443132  0
9.733333  0.442223  0
9.760000  0.441380  0
9.786667  0.440614  0
9.813333  0.439930  0
9.840000  0.439334  0
9.866667  0.438823  0
9.893333  0.438396  0
9.920000  0.438045  0
9.946667  0.437763  0
9.973333  0.437539  0
10.000000  0.437362  0
10.026667  0.437223  0
10.053333  0.437110  0
10.080000  0.437016  0
10.106667  0.436932  0
10.133333  0.436852  0
10.160000  0.436771  0
10.186667  0.436684  0
10.213333  0.436588  0
10.240000  0.436480  0
10.266667  0.436359  0
10.293333  0.436224  0
10.320000  0.436077  0
10.346667  0.435919  0
10.373333  0.435758  0
10.400000  0.435600  0
10.426667  0.435455  0
10.453333  0.435333  0
10.480000  0.435245  0
10.506667  0.435201  0
10.533333  0.435209  0
10.560000  0.435273  0
10.586667  0.435393  0
10.613333  0.435565  0
10.640000  0.435781  0
10.666667  0.436031  0
10.693333  0.436304  0
10.720000  0.436591  0
10.746667  0.436883  0
10.773333  0.437177  0
10.800000  0.437473  0
10.826667  0.437776  0
10.853333  0.438092  0
10.880000  0.438429  0
10.906667  0.438798  0
10.933333  0.439203  0
10.960000  0.439651  0
10.986667  0.440142  0
11.013333  0.440675  0
11.040000  0.441242  0
11.066667  0.441836  0
11.093333  0.442443  0
11.120000  0.443050  0
11.146667  0.443641  0
11.173333  0.444201  0
11.200000  0.444713  0
11.226667  0.445166  0
11.253333  0.445548  0
11.280000  0.445850  0
11.306667  0.446069  0
11.333333  0.446206  0
11.360000  0.446263  0
11.386667  0.446248  0
11.413333  0.446171  0
11.440000  0.446045  0
11.466667  0.445883  0
11.493333  0.445697  0
11.520000  0.445502  0
11.546667  0.445307  0
11.573333  0.445122  0
11.600000  0.444952  0
11.626667  0.444799  0
11.653333  0.444662  0
11.680000  0.444539  0
11.706667  0.444422  0
11.733333  0.444304  0
11.760000  0.444178  0
11.786667  0.444037  0
11.813333  0.443876  0
11.840000  0.443691  0
11.866667  0.443483  0
11.893333  0.443253  0
11.920000  0.443005  0
11.946667  0.442744  0
11.973333  0.442478  0
12.000000  0.442212  0
12.026667  0.441952  0
12.053333  0.441703  0
12.080000  0.441469  0
12.106667  0.441251  0
12.133333  0.441049  0
12.160000  0.440863  0
12.186667  0.440692  0
12.213333  0.440533  0
12.240000  0.440384  0
12.266667  0.440242  0
12.293333  0.440106  0
12.320000  0.439974  0
12.346667  0.439841  0
12.373333  0.439707  0
12.400000  0.439568  0
12.426667  0.439420  0
12.453333  0.439261  0
12.480000  0.439088  0
12.506667  0.438897  0
12.533333  0.438688  0
12.560000  0.438462  0
12.586667  0.438219  0
12.613333  0.437963  0
12.640000  0.437699  0
12.666667  0.437433  0
12.693333  0.437171  0
12.720000  0.436917  0
12.746667  0.436677  0
12.773333  0.436455  0
12.800000  0.436251  0
12.826667  0.436066  0
12.853333  0.435900  0
12.880000  0.435752  0
12.906667  0.435619  0
12.933333  0.435501  0
12.960000  0.435397  0
12.986667  0.435306  0
13.013333  0.435227  0
13.040000  0.435161  0
13.066667  0.435108  0
13.093333  0.435066  0
13.120000  0.435034  0
13.146667  0.435010  0
13.173333  0.434991  0
13.200000  0.434974  0
13.226667  0.434954  0
13.253333  0.434925  0
13.280000  0.434882  0
13.306667  0.434819  0
13.333333  0.434731  0
13.360000  0.434614  0
13.386667  0.434464  0
13.413333  0.434279  0
13.440000  0.434058  0
13.466667  0.433805  0
13.493333  0.433523  0
13.520000  0.433217  0
13.546667  0.432893  0
13.573333  0.432559  0
13.600000  0.432221  0
13.626667  0.431884  0
13.653333  0.431554  0
13.680000  0.431233  0
13.706667  0.430922  0
13.733333  0.430623  0
13.760000  0.430336  0
13.786667  0.430062  0
13.813333  0.429800  0
13.840000  0.429553  0
13.866667  0.429324  0
13.893333  0.429117  0
13.920000  0.428934  0
13.946667  0.428780  0
13.973333  0.428657  0
14.000000  0.428565  0
14.026667  0.428505  0
14.053333  0.428473  0
14.080000  0.428465  0
14.106667  0.428476  0
14.133333  0.428498  0
14.160000  0.428526  0
14.186667  0.428552  0
14.213333  0.428573  0
14.240000  0.428585  0
14.266667  0.428519  0
14.293333  0.428453  0
14.320000  0.428387  0
14.346667  0.428321  0
14.373333  0.428255  0
14.400000  0.428189  0
14.426667  0.428123  0
14.453333  0.428057  0
14.480000  0.427991  0
14.506667  0.427925  0
14.533333  0.427859  0
14.560000  0.427793  0
14.586667  0.427727  0
14.613333  0.427661  0
14.640000  0.427594  0
14.666667  0.427528  0
14.693333  0.427462  0
14.720000  0.427396  0
14.746667  0.427330  0
14.773333  0.427264  0
14.800000  0.427198  0
14.826667  0.427132  0
14.853333  0.427066  0
14.880000  0.427000  0
14.906667  0.426934  0
14.933333  0.426868  0
14.960000  0.426802  0
14.986667  0.426736  0
15.013333  0.426670  0
15.040000  0.426604  0
15.066667  0.426538  0
15.093333  0.426472  0
15.120000  0.426406  0
15.146667  0.426340  0
15.173333  0.426274  0
15.200000  0.426208  0
15.226667  0.426142  0
15.253333  0.426076  0
15.280000  0.426010  0
15.306667  0.425944  0
15.333333  0.425878  0
15.360000  0.425812  0
15.386667  0.425746  0
15.413333  0.425680  0
15.440000  0.425614  0
15.466667  0.425548  0
15.493333  0.425482  0
15.520000  0.425416  0
15.546667  0.425350  0
15.573333  0.425284  0
15.600000  0.425218  0
15.626667  0.425152  0
15.653333  0.425085  0
15.680000  0.425019  0
15.706667  0.424953  0
15.733333  0.424887  0
15.760000  0.424821  0
15.786667  0.424755  0
15.813333  0.424689  0
15.840000  0.424623  0
15.866667  0.424557  0
15.893333  0.424491  0
15.920000  0.424415  0
15.946667  0.424311  0
15.973333  0.424206  0
16.000000  0.424102  0
16.026667  0.423997  0
16.053333  0.423892  0
16.080000  0.423788  0
16.106667  0.423683  0
16.133333  0.423579  0
16.160000  0.423474  0
16.186667  0.423370  0
16.213333  0.423265  0
16.240000  0.423161  0
16.266667  0.423056  0
16.293333  0.422952  0
16.320000  0.422847  0
16.346667  0.422742  0
16.373333  0.422638  0
16.400000  0.422533  0
16.426667  0.422429  0
16.453333  0.422324  0
16.480000  0.422220  0
16.506667  0.422115  0
16.533333  0.422011  0
16.560000  0.421906  0
16.586667  0.421802  0
16.613333  0.421697  0
16.640000  0.421593  0
16.666667  0.421488  0
16.693333  0.421383  0
16.720000  0.421279  0
16.746667  0.421174  0
16.773333  0.421070  0
16.800000  0.420965  0
16.826667  0.420861  0
16.853333  0.420756  0
16.880000  0.420652  0
16.906667  0.420547  0
16.933333  0.420443  0
16.960000  0.420338  0
16.986667  0.420233  0
17.013333  0.420129  0
17.040000  0.420024  0
17.066667  0.419920  0
17.093333  0.419815  0
17.120000  0.419711  0
17.146667  0.419606  0
17.173333  0.419502  0
17.200000  0.419397  0
17.226667  0.419293  0
17.253333  0.419188  0
17.280000  0.419084  0
17.306667  0.418979  0
17.333333  0.418874  0
17.360000  0.418770  0
17.386667  0.418665  0
17.413333  0.418561  0
17.440000  0.418456  0
17.466667  0.418352  0
17.493333  0.418247  0
17.520000  0.418143  0
17.546667  0.418038  0
17.573333  0.417934  0
17.600000  0.417829  0
17.626667  0.417724  0
17.653333  0.417620  0
17.680000  0.417515  0
17.706667  0.417411  0
17.733333  0.417306  0
17.760000  0.417202  0
17.786667  0.417097  0
17.813333  0.416993  0
17.840000  0.416888  0
17.866667  0.416784  0
17.893333  0.416679  0
17.920000  0.416575  0
17.946667  0.416470  0
17.973333  0.416365  0
18.000000  0.416261  0
18.026667  0.416156  0
18.053333  0.416052  0
18.080000  0.415947  0
18.106667  0.415843  0
18.133333  0.415738  0
18.160000  0.415634  0
18.186667  0.415529  0
18.213333  0.415425  0
18.240000  0.415320  0
18.266667  0.415215  0
18.293333  0.415111  0
18.320000  0.415006  0
18.346667  0.414902  0
18.373333  0.414797  0
18.400000  0.414693  0
18.426667  0.414588  0
18.453333  0.414484  0
18.480000  0.414379  0
18.506667  0.414275  0
18.533333  0.414170  0
18.560000  0.414066  0
18.586667  0.413961  0
18.613333  0.413856  0
18.640000  0.413752  0
18.666667  0.413647  0
18.693333  0.413543  0
18.720000  0.413438  0
18.746667  0.413334  0
18.773333  0.413229  0
18.800000  0.413125  0
18.826667  0.413020  0
18.853333  0.412916  0
18.880000  0.412811  0
18.906667  0.412707  0
18.933333  0.412602  0
18.960000  0.412497  0
18.986667  0.412393  0
19.013333  0.412288  0
19.040000  0.412184  0
19.066667  0.412079  0
19.093333  0.411975  0
19.120000  0.411870  0
19.146667  0.411766  0
19.173333  0.411661  0
19.200000  0.411557  0
19.226667  0.411452  0
19.253333  0.411347  0
19.280000  0.411243  0
19.306667  0.411138  0
19.333333  0.411015  0
19.360000  0.410843  0
19.386667  0.410671  0
19.413333  0.410499  0
19.440000  0.410326  0
19.466667  0.410154  0
19.493333  0.409982  0
19.520000  0.409810  0
19.546667  0.409638  0
19.573333  0.409465  0
19.600000  0.409293  0
19.626667  0.409121  0
19.653333  0.408949  0
19.680000  0.408777  0
19.706667  0.408605  0
19.733333  0.408432  0
19.760000  0.408260  0
19.786667  0.408088  0
19.813333  0.407916  0
19.840000  0.407744  0
19.866667  0.407572  0
19.893333  0.407399  0
19.920000  0.407227  0
19.946667  0.407055  0
19.973333  0.406883  0
20.000000  0.406711  0
20.026667  0.406539  0
20.053333  0.406366  0
20.080000  0.406194  0
20.106667  0.406022  0
20.133333  0.405850  0
20.160000  0.405678  0
20.186667  0.405505  0
20.213333  0.405333  0
20.240000  0.405161  0
20.266667  0.404989  0
20.293333  0.404817  0
20.320000  0.404645  0
20.346667  0.404472  0
20.373333  0.404300  0
20.400000  0.404128  0
20.426667  0.403956  0
20.453333  0.403784  0
20.480000  0.403612  0
20.506667  0.403439  0
20.533333  0.403267  0
20.560000  0.403095  0
20.586667  0.402923  0
20.613333  0.402751  0
20.640000  0.402579  0
20.666667  0.402406  0
20.693333  0.402234  0
20.720000  0.402062  0
20.746667  0.401890  0
20.773333  0.401718  0
20.800000  0.401545  0
20.826667  0.401373  0
20.853333  0.401201  0
20.880000  0.401029  0
20.906667  0.400857  0
20.933333  0.400685  0
20.960000  0.400512  0
20.986667  0.400340  0
21.013333  0.400168  0
21.040000  0.399996  0
21.066667  0.399824  0
21.093333  0.399652  0
21.120000  0.399479  0
21.146667  0.399307  0
21.173333  0.399135  0
21.200000  0.398963  0
21.226667  0.398791  0
21.253333  0.398619  0
21.280000  0.398446  0
21.306667  0.398274  0
21.333333  0.398102  0
21.360000  0.397930  0
21.386667  0.397758  0
21.413333  0.397585  0
21.440000  0.397413  0
21.466667  0.397241  0
21.493333  0.397069  0
21.520000  0.396897  0
21.546667  0.396725  0
21.573333  0.396552  0
21.600000  0.396380  0
21.626667  0.396208  0
21.653333  0.396036  0
21.680000  0.395864  0
21.706667  0.395692  0
21.733333  0.395519  0
21.760000  0.395347  0
21.786667  0.395175  0
21.813333  0.395003  0
21.840000  0.394831  0
21.866667  0.394659  0
21.893333  0.394486  0
21.920000  0.394314  0
21.946667  0.394142  0
21.973333  0.393970  0
22.000000  0.393798  0
22.026667  0.393625  0
22.053333  0.393453  0
22.080000  0.393281  0
22.106667  0.393109  0
22.133333  0.392937  0
22.160000  0.392765  0
22.186667  0.392592  0
22.213333  0.392420  0
22.240000  0.392248  0
22.266667  0.392076  0
22.293333  0.391904  0
22.320000  0.391732  0
22.346667  0.391559  0
22.373333  0.391387  0
22.400000  0.391215  0
22.426667  0.391043  0
22.453333  0.390871  0
22.480000  0.390699  0
22.506667  0.390526  0
22.533333  0.390354  0
22.560000  0.390182  0
22.586667  0.390010  0
22.613333  0.389838  0
22.640000  0.389665  0
22.666667  0.389493  0
22.693333  0.389321  0
22.720000  0.389149  0
22.746667  0.388977  0
22.773333  0.388805  0
22.800000  0.388643  0
22.826667  0.388484  0
22.853333  0.388325  0
22.880000  0.388166  0
22.906667  0.388007  0
22.933333  0.387848  0
22.960000  0.387689  0
22.986667  0.387530  0
23.013333  0.387371  0
23.040000  0.387212  0
23.066667  0.387053  0
23.093333  0.386894  0
23.120000  0.386735  0
23.146667  0.386576  0
23.173333  0.386417  0
23.200000  0.386259  0
23.226667  0.386100  0
23.253333  0.385941  0
23.280000  0.385782  0
23.306667  0.385623  0
23.333333  0.385464  0
23.360000  0.385305  0
23.386667  0.385146  0
23.413333  0.384987  0
23.440000  0.384828  0
23.466667  0.384669  0
23.493333  0.384510  0
23.520000  0.384351  0
23.546667  0.384192  0
23.573333  0.384033  0
23.600000  0.383874  0
23.626667  0.383716  0
23.653333  0.383557  0
23.680000  0.383398  0
23.706667  0.383239  0
23.733333  0.383080  0
23.760000  0.382921  0
23.786667  0.382762  0
23.813333  0.382603  0
23.840000  0.382444  0
23.866667  0.382285  0
23.893333  0.382126  0
23.920000  0.381967  0
23.946667  0.381808  0
23.973333  0.381649  0
24.000000  0.381490  0
24.026667  0.381332  0
24.053333  0.381173  0
24.080000  0.381014  0
24.106667  0.380855  0
24.133333  0.380696  0
24.160000  0.380537  0
24.186667  0.380378  0
24.213333  0.380219  0
24.240000  0.380060  0
24.266667  0.379901  0
24.293333  0.379742  0
24.320000  0.379583  0
24.346667  0.379424  0
24.373333  0.379265  0
24.400000  0.379106  0
24.426667  0.378947  0
24.453333  0.378789  0
24.480000  0.378630  0
24.506667  0.378471  0
24.533333  0.378312  0
24.560000  0.378153  0
24.586667  0.377994  0
24.613333  0.377835  0
24.640000  0.377676  0
24.666667  0.377517  0
24.693333  0.377358  0
24.720000  0.377199  0
24.746667  0.377040  0
24.773333  0.376881  0
24.800000  0.376722  0
24.826667  0.376563  0
24.853333  0.376405  0
24.880000  0.376246  0
24.906667  0.376087  0
24.933333  0.375928  0
24.960000  0.375769  0
24.986667  0.375610  0
25.013333  0.375451  0
25.040000  0.375292  0
25.066667  0.375133  0
25.093333  0.374974  0
25.120000  0.374815  0
25.146667  0.374656  0
25.173333  0.374497  0
25.200000  0.374338  0
25.226667  0.374179  0
25.253333  0.374021  0
25.280000  0.373862  0
25.306667  0.373703  0
25.333333  0.373544  0
25.360000  0.373385  0
25.386667  0.373226  0
25.413333  0.373067  0
25.440000  0.372908  0
25.466667  0.372749  0
25.493333  0.372590  0
25.520000  0.372431  0
25.546667  0.372272  0
25.573333  0.372113  0
25.600000  0.371954  0
25.626667  0.371795  0
25.653333  0.371636  0
25.680000  0.371478  0
25.706667  0.371319  0
25.733333  0.371160  0
25.760000  0.371001  0
25.786667  0.370842  0
25.813333  0.370683  0
25.840000  0.370524  0
25.866667  0.370365  0
25.893333  0.370206  0
25.920000  0.370047  0
25.946667  0.369888  0
25.973333  0.369729  0
26.000000  0.369570  0
26.026667  0.369411  0
26.053333  0.369252  0
26.080000  0.369094  0
26.106667  0.368935  0
26.133333  0.368776  0
26.160000  0.368617  0
26.186667  0.368458  0
26.213333  0.368299  0
26.240000  0.368140  0
26.266667  0.367981  0
26.293333  0.367822  0
26.320000  0.367663  0
26.346667  0.367504  0
26.373333  0.367345  0
26.400000  0.367186  0
26.426667  0.367027  0
26.453333  0.366868  0
26.480000  0.366709  0
26.506667  0.366551  0
26.533333  0.366392  0
26.560000  0.366233  0
26.586667  0.366074  0
26.613333  0.365915  0
26.640000  0.365756  0
26.666667  0.365597  0
26.693333  0.365438  0
26.720000  0.365279  0
26.746667  0.365120  0
26.773333  0.364961  0
26.800000  0.364802  0
26.826667  0.364643  0
26.853333  0.364484  0
26.880000  0.364325  0
26.906667  0.364167  0
26.933333  0.364008  0
26.960000  0.363849  0
26.986667  0.363690  0
27.013333  0.363531  0
27.040000  0.363372  0
27.066667  0.363213  0
27.093333  0.363054  0
27.120000  0.362895  0
27.146667  0.362736  0
27.173333  0.362577  0
27.200000  0.362418  0
27.226667  0.362259  0
27.253333  0.362100  0
27.280000  0.361941  0
27.306667  0.361783  0
27.333333  0.361624  0
27.360000  0.361465  0
27.386667  0.361306  0
27.413333  0.361147  0
27.440000  0.360988  0
27.466667  0.360829  0
27.493333  0.360670  0
27.520000  0.360511  0
27.546667  0.360352  0
27.573333  0.360193  0
27.600000  0.360034  0
27.626667  0.359875  0
