2.640000  0.706602  0
2.666667  0.706351  0
2.693333  0.705903  0
2.720000  0.705331  0
2.746667  0.704698  0
2.773333  0.704041  0
2.800000  0.703376  0
2.826667  0.702710  0
2.853333  0.702044  0
2.880000  0.701377  0
2.906667  0.700711  0
2.933333  0.700044  0
2.960000  0.699378  0
2.986667  0.698711  0
3.013333  0.698044  0
3.040000  0.697378  0
3.066667  0.696711  0
3.093333  0.696045  0
3.120000  0.695378  0
3.146667  0.694712  0
3.173333  0.694045  0
3.200000  0.693379  0
3.226667  0.692712  0
3.253333  0.692046  0
3.280000  0.691379  0
3.306667  0.690713  0
3.333333  0.690046  0
3.360000  0.689380  0
3.386667  0.688713  0
3.413333  0.688047  0
3.440000  0.687380  0
3.466667  0.686713  0
3.493333  0.686047  0
3.520000  0.685380  0
3.546667  0.684714  0
3.573333  0.684047  0
3.600000  0.683381  0
3.626667  0.682714  0
3.653333  0.682048  0
3.680000  0.681381  0
3.706667  0.680715  0
3.733333  0.680048  0
3.760000  0.679382  0
3.786667  0.678715  0
3.813333  0.678049  0
3.840000  0.677382  0
3.866667  0.676716  0
3.893333  0.676049  0
3.920000  0.675384  0
3.946667  0.674725  0
3.973333  0.674081  0
4.000000  0.673474  0
4.026667  0.672937  0
4.053333  0.672496  0
4.080000  0.672159  0
4.106667  0.671904  0
4.133333  0.671691  0
4.160000  0.671482  0
4.186667  0.671251  0
4.213333  0.670986  0
4.240000  0.670681  0
4.266667  0.670334  0
4.293333  0.669944  0
4.320000  0.669509  0
4.346667  0.669029  0
4.373333  0.668504  0
4.400000  0.667936  0
4.426667  0.667325  0
4.453333  0.666673  0
4.480000  0.665984  0
4.506667  0.665262  0
4.533333  0.664510  0
4.560000  0.663735  0
4.586667  0.662943  0
4.613333  0.662139  0
4.640000  0.661332  0
4.666667  0.660528  0
4.693333  0.659736  0
4.720000  0.658963  0
4.746667  0.658218  0
4.773333  0.657508  0
4.800000  0.656839  0
4.826667  0.656218  0
4.853333  0.655651  0
4.880000  0.655142  0
4.906667  0.654694  0
4.933333  0.654309  0
4.960000  0.653986  0
4.986667  0.653724  0
5.013333  0.653521  0
5.040000  0.653372  0
5.066667  0.653272  0
5.093333  0.653213  0
5.120000  0.653188  0
5.146667  0.653188  0
5.173333  0.653204  0
5.200000  0.653224  0
5.226667  0.653241  0
5.253333  0.653242  0
5.280000  0.653218  0
5.306667  0.653160  0
5.333333  0.653058  0
5.360000  0.652906  0
5.386667  0.652696  0
5.413333  0.652422  0
5.440000  0.652079  0
5.466667  0.651665  0
5.493333  0.651177  0
5.520000  0.650614  0
5.546667  0.649976  0
5.573333  0.649265  0
5.600000  0.648483  0
5.626667  0.647633  0
5.653333  0.646719  0
5.680000  0.645744  0
5.706667  0.644715  0
5.733333  0.643636  0
5.760000  0.642511  0
5.786667  0.641347  0
5.813333  0.640149  0
5.840000  0.638921  0
5.866667  0.637668  0
5.893333  0.636393  0
5.920000  0.635102  0
5.946667  0.633796  0
5.973333  0.632478  0
6.000000  0.631151  0
6.026667  0.629815  0
6.053333  0.628473  0
6.080000  0.627126  0
6.106667  0.625773  0
6.133333  0.624415  0
6.160000  0.623051  0
6.186667  0.621683  0
6.213333  0.620309  0
6.240000  0.618929  0
6.266667  0.617544  0
6.293333  0.616151  0
6.320000  0.614753  0
6.346667  0.613347  0
6.373333  0.611936  0
6.400000  0.610518  0
6.426667  0.609094  0
6.453333  0.607666  0
6.480000  0.606233  0
6.506667  0.604798  0
6.533333  0.603360  0
6.560000  0.601922  0
6.586667  0.600485  0
6.613333  0.599051  0
6.640000  0.597621  0
6.666667  0.596197  0
6.693333  0.594782  0
6.720000  0.593378  0
6.746667  0.591986  0
6.773333  0.590608  0
6.800000  0.589247  0
6.826667  0.587904  0
6.853333  0.586582  0
6.880000  0.585283  0
6.906667  0.584007  0
6.933333  0.582757  0
6.960000  0.581534  0
6.986667  0.580339  0
7.013333  0.579173  0
7.040000  0.578037  0
7.066667  0.576931  0
7.093333  0.575856  0
7.120000  0.574811  0
7.146667  0.573796  0
7.173333  0.572810  0
7.200000  0.571854  0
7.226667  0.570924  0
7.253333  0.570022  0
7.280000  0.569145  0
7.306667  0.568293  0
7.333333  0.567463  0
7.360000  0.566655  0
7.386667  0.565868  0
7.413333  0.565101  0
7.440000  0.564351  0
7.466667  0.563620  0
7.493333  0.562905  0
7.520000  0.562205  0
7.546667  0.561522  0
7.573333  0.560852  0
7.600000  0.560198  0
7.626667  0.559557  0
7.653333  0.558930  0
7.680000  0.558315  0
7.706667  0.557714  0
7.733333  0.557124  0
7.760000  0.556546  0
7.786667  0.555978  0
7.813333  0.555420  0
7.840000  0.554871  0
7.866667  0.554328  0
7.893333  0.553792  0
7.920000  0.553261  0
7.946667  0.552732  0
7.973333  0.552205  0
8.000000  0.551678  0
8.026667  0.551148  0
8.053333  0.550616  0
8.080000  0.550078  0
8.106667  0.549534  0
8.133333  0.548982  0
8.160000  0.548422  0
8.186667  0.547851  0
8.213333  0.547269  0
8.240000  0.546676  0
8.266667  0.546071  0
8.293333  0.545454  0
8.320000  0.544824  0
8.346667  0.544183  0
8.373333  0.543530  0
8.400000  0.542865  0
8.426667  0.542189  0
8.453333  0.541504  0
8.480000  0.540809  0
8.506667  0.540106  0
8.533333  0.539396  0
8.560000  0.538679  0
8.586667  0.537957  0
8.613333  0.537230  0
8.640000  0.536500  0
8.666667  0.535768  0
8.693333  0.535034  0
8.720000  0.534300  0
8.746667  0.533566  0
8.773333  0.532835  0
8.800000  0.532105  0
8.826667  0.531379  0
8.853333  0.530657  0
8.880000  0.529940  0
8.906667  0.529229  0
8.933333  0.528524  0
8.960000  0.527825  0
8.986667  0.527134  0
9.013333  0.526450  0
9.040000  0.525774  0
9.066667  0.525105  0
9.093333  0.524445  0
9.120000  0.523792  0
9.146667  0.523147  0
9.173333  0.522509  0
9.200000  0.521878  0
9.226667  0.521254  0
9.253333  0.520636  0
9.280000  0.520023  0
9.306667  0.519416  0
9.333333  0.518813  0
9.360000  0.518213  0
9.386667  0.517617  0
9.413333  0.517024  0
9.440000  0.516434  0
9.466667  0.515846  0
9.493333  0.515260  0
9.520000  0.514676  0
9.546667  0.514094  0
9.573333  0.513514  0
9.600000  0.512937  0
9.626667  0.512364  0
9.653333  0.511795  0
9.680000  0.511231  0
9.706667  0.510673  0
9.733333  0.510123  0
9.760000  0.509581  0
9.786667  0.509049  0
9.813333  0.508528  0
9.840000  0.508021  0
9.866667  0.507527  0
9.893333  0.507048  0
9.920000  0.506586  0
9.946667  0.506140  0
9.973333  0.505711  0
10.000000  0.505299  0
10.026667  0.504903  0
10.053333  0.504523  0
10.080000  0.504156  0
10.106667  0.503800  0
10.133333  0.503454  0
10.160000  0.503114  0
10.186667  0.502777  0
10.213333  0.502440  0
10.240000  0.502100  0
10.266667  0.501752  0
10.293333  0.501392  0
10.320000  0.501019  0
10.346667  0.500627  0
10.373333  0.500215  0
10.400000  0.499780  0
10.426667  0.499320  0
10.453333  0.498835  0
10.480000  0.498324  0
10.506667  0.497787  0
10.533333  0.497225  0
10.560000  0.496640  0
10.586667  0.496035  0
10.613333  0.495412  0
10.640000  0.494776  0
10.666667  0.494130  0
10.693333  0.493479  0
10.720000  0.492828  0
10.746667  0.492181  0
10.773333  0.491543  0
10.800000  0.490920  0
10.826667  0.490314  0
10.853333  0.489731  0
10.880000  0.489175  0
10.906667  0.488647  0
10.933333  0.488151  0
10.960000  0.487690  0
10.986667  0.487264  0
11.013333  0.486874  0
11.040000  0.486521  0
11.066667  0.486204  0
11.093333  0.485924  0
11.120000  0.485679  0
11.146667  0.485468  0
11.173333  0.485289  0
11.200000  0.485140  0
11.226667  0.485019  0
11.253333  0.484925  0
11.280000  0.484854  0
11.306667  0.484806  0
11.333333  0.484777  0
11.360000  0.484766  0
11.386667  0.484771  0
11.413333  0.484790  0
11.440000  0.484822  0
11.466667  0.484864  0
11.493333  0.484914  0
11.520000  0.484972  0
11.546667  0.485035  0
11.573333  0.485102  0
11.600000  0.485170  0
11.626667  0.485237  0
11.653333  0.485301  0
11.680000  0.485359  0
11.706667  0.485407  0
11.733333  0.485441  0
11.760000  0.485459  0
11.786667  0.485456  0
11.813333  0.485429  0
11.840000  0.485377  0
11.866667  0.485304  0
11.893333  0.485222  0
11.920000  0.485143  0
11.946667  0.485079  0
11.973333  0.485033  0
12.000000  0.485001  0
12.026667  0.484978  0
12.053333  0.484959  0
12.080000  0.484941  0
12.106667  0.484923  0
12.133333  0.484906  0
12.160000  0.484888  0
12.186667  0.484871  0
12.213333  0.484853  0
12.240000  0.484835  0
12.266667  0.484818  0
12.293333  0.484800  0
12.320000  0.484783  0
12.346667  0.484765  0
12.373333  0.484746  0
12.400000  0.484721  0
12.426667  0.484679  0
12.453333  0.484593  0
12.480000  0.484415  0
12.506667  0.484090  0
12.533333  0.483580  0
12.560000  0.482882  0
12.586667  0.482035  0
12.613333  0.481095  0
12.640000  0.480108  0
12.666667  0.479103  0
12.693333  0.478093  0
12.720000  0.477081  0
12.746667  0.476069  0
12.773333  0.475057  0
12.800000  0.474045  0
12.826667  0.473033  0
12.853333  0.472021  0
12.880000  0.471009  0
12.906667  0.469997  0
12.933333  0.468985  0
12.960000  0.467975  0
12.986667  0.466965  0
13.013333  0.465957  0
13.040000  0.464949  0
13.066667  0.463943  0
13.093333  0.462937  0
13.120000  0.461931  0
13.146667  0.460925  0
13.173333  0.459920  0
13.200000  0.458914  0
13.226667  0.457909  0
13.253333  0.456903  0
13.280000  0.455897  0
13.306667  0.454892  0
13.333333  0.453886  0
13.360000  0.452880  0
13.386667  0.451875  0
13.413333  0.450869  0
13.440000  0.449866  0
13.466667  0.448870  0
13.493333  0.447896  0
13.520000  0.446976  0
13.546667  0.446152  0
13.573333  0.445463  0
13.600000  0.444919  0
13.626667  0.444486  0
13.653333  0.444108  0
13.680000  0.443733  0
13.706667  0.443328  0
13.733333  0.442883  0
13.760000  0.442398  0
13.786667  0.441879  0
13.813333  0.441332  0
13.840000  0.440766  0
13.866667  0.440188  0
13.893333  0.439607  0
13.920000  0.439029  0
13.946667  0.438464  0
13.973333  0.437918  0
14.000000  0.437399  0
14.026667  0.436914  0
14.053333  0.436468  0
14.080000  0.436067  0
14.106667  0.435717  0
14.133333  0.435420  0
14.160000  0.435180  0
14.186667  0.434999  0
14.213333  0.434876  0
14.240000  0.434812  0
14.266667  0.434804  0
14.293333  0.434850  0
14.320000  0.434948  0
14.346667  0.435092  0
14.373333  0.435278  0
14.400000  0.435502  0
14.426667  0.435756  0
14.453333  0.436036  0
14.480000  0.436336  0
14.506667  0.436650  0
14.533333  0.436972  0
14.560000  0.437298  0
14.586667  0.437623  0
14.613333  0.437942  0
14.640000  0.438252  0
14.666667  0.438549  0
14.693333  0.438831  0
14.720000  0.439095  0
14.746667  0.439340  0
14.773333  0.439564  0
14.800000  0.439766  0
14.826667  0.439945  0
14.853333  0.440100  0
14.880000  0.440230  0
14.906667  0.440329  0
14.933333  0.440390  0
14.960000  0.440400  0
14.986667  0.440349  0
15.013333  0.440236  0
15.040000  0.440071  0
15.066667  0.439872  0
15.093333  0.439655  0
15.120000  0.439430  0
15.146667  0.439204  0
15.173333  0.438976  0
15.200000  0.438749  0
15.226667  0.438521  0
15.253333  0.438294  0
15.280000  0.438066  0
15.306667  0.437839  0
15.333333  0.437611  0
15.360000  0.437383  0
15.386667  0.437156  0
15.413333  0.436928  0
15.440000  0.436701  0
15.466667  0.436473  0
15.493333  0.436246  0
15.520000  0.436018  0
15.546667  0.435791  0
15.573333  0.435563  0
15.600000  0.435336  0
15.626667  0.435108  0
15.653333  0.434880  0
15.680000  0.434653  0
15.706667  0.434424  0
15.733333  0.434194  0
15.760000  0.433956  0
15.786667  0.433706  0
15.813333  0.433433  0
15.840000  0.433131  0
15.866667  0.432798  0
15.893333  0.432440  0
15.920000  0.432065  0
15.946667  0.431682  0
15.973333  0.431295  0
16.000000  0.430907  0
16.026667  0.430519  0
16.053333  0.430132  0
16.080000  0.429744  0
16.106667  0.429356  0
16.133333  0.428968  0
16.160000  0.428580  0
16.186667  0.428192  0
16.213333  0.427804  0
16.240000  0.427416  0
16.266667  0.427028  0
16.293333  0.426640  0
16.320000  0.426252  0
16.346667  0.425864  0
16.373333  0.425476  0
16.400000  0.425088  0
16.426667  0.424700  0
16.453333  0.424312  0
16.480000  0.423924  0
16.506667  0.423536  0
16.533333  0.423148  0
16.560000  0.422760  0
16.586667  0.422372  0
16.613333  0.421984  0
16.640000  0.421596  0
16.666667  0.421208  0
16.693333  0.420820  0
16.720000  0.420432  0
16.746667  0.420044  0
16.773333  0.419656  0
16.800000  0.419269  0
16.826667  0.418881  0
16.853333  0.418493  0
16.880000  0.418105  0
16.906667  0.417717  0
16.933333  0.417331  0
16.960000  0.416948  0
16.986667  0.416577  0
17.013333  0.416228  0
17.040000  0.415917  0
17.066667  0.415656  0
17.093333  0.415446  0
17.120000  0.415279  0
17.146667  0.415139  0
17.173333  0.415013  0
17.200000  0.414893  0
17.226667  0.414774  0
17.253333  0.414656  0
17.280000  0.414538  0
17.306667  0.414420  0
17.333333  0.414302  0
17.360000  0.414184  0
17.386667  0.414067  0
17.413333  0.413949  0
17.440000  0.413831  0
17.466667  0.413713  0
17.493333  0.413595  0
17.520000  0.413477  0
17.546667  0.413359  0
17.573333  0.413241  0
17.600000  0.413123  0
17.626667  0.413005  0
17.653333  0.412887  0
17.680000  0.412769  0
17.706667  0.412651  0
17.733333  0.412533  0
17.760000  0.412415  0
17.786667  0.412297  0
17.813333  0.412179  0
17.840000  0.412061  0
17.866667  0.411943  0
17.893333  0.411825  0
17.920000  0.411707  0
17.946667  0.411589  0
17.973333  0.411471  0
18.000000  0.411353  0
18.026667  0.411235  0
18.053333  0.411117  0
18.080000  0.411000  0
18.106667  0.410882  0
18.133333  0.410764  0
18.160000  0.410646  0
18.186667  0.410528  0
18.213333  0.410410  0
18.240000  0.410292  0
18.266667  0.410174  0
18.293333  0.410056  0
18.320000  0.409938  0
18.346667  0.409820  0
18.373333  0.409702  0
18.400000  0.409584  0
18.426667  0.409466  0
18.453333  0.409348  0
18.480000  0.409230  0
18.506667  0.409112  0
18.533333  0.408994  0
18.560000  0.408876  0
18.586667  0.408758  0
18.613333  0.408640  0
18.640000  0.408522  0
18.666667  0.408404  0
18.693333  0.408286  0
18.720000  0.408168  0
18.746667  0.408050  0
18.773333  0.407932  0
18.800000  0.407815  0
18.826667  0.407697  0
18.853333  0.407579  0
18.880000  0.407461  0
18.906667  0.407343  0
18.933333  0.407225  0
18.960000  0.407107  0
18.986667  0.406989  0
19.013333  0.406871  0
19.040000  0.406753  0
19.066667  0.406635  0
19.093333  0.406517  0
19.120000  0.406399  0
19.146667  0.406281  0
19.173333  0.406163  0
19.200000  0.406045  0
19.226667  0.405927  0
19.253333  0.405809  0
19.280000  0.405691  0
19.306667  0.405573  0
19.333333  0.405455  0
19.360000  0.405337  0
19.386667  0.405219  0
19.413333  0.405101  0
19.440000  0.404983  0
19.466667  0.404865  0
19.493333  0.404748  0
19.520000  0.404630  0
19.546667  0.404512  0
19.573333  0.404394  0
19.600000  0.404276  0
19.626667  0.404158  0
19.653333  0.404040  0
19.680000  0.403922  0
19.706667  0.403804  0
19.733333  0.403686  0
19.760000  0.403568  0
19.786667  0.403450  0
19.813333  0.403332  0
19.840000  0.403214  0
19.866667  0.403096  0
19.893333  0.402978  0
19.920000  0.402860  0
19.946667  0.402742  0
19.973333  0.402626  0
20.000000  0.402512  0
20.026667  0.402404  0
20.053333  0.402309  0
20.080000  0.402232  0
20.106667  0.402177  0
20.133333  0.402140  0
20.160000  0.402117  0
20.186667  0.402101  0
20.213333  0.402088  0
20.240000  0.402077  0
20.266667  0.402065  0
20.293333  0.402054  0
20.320000  0.402043  0
20.346667  0.402031  0
20.373333  0.402020  0
20.400000  0.402009  0
20.426667  0.401997  0
20.453333  0.401986  0
20.480000  0.401975  0
20.506667  0.401964  0
20.533333  0.401952  0
20.560000  0.401941  0
20.586667  0.401930  0
20.613333  0.401919  0
20.640000  0.401907  0
20.666667  0.401896  0
20.693333  0.401885  0
20.720000  0.401873  0
20.746667  0.401862  0
20.773333  0.401851  0
20.800000  0.401840  0
20.826667  0.401828  0
20.853333  0.401817  0
20.880000  0.401806  0
20.906667  0.401794  0
20.933333  0.401783  0
20.960000  0.401772  0
20.986667  0.401761  0
21.013333  0.401749  0
21.040000  0.401738  0
21.066667  0.401727  0
21.093333  0.401716  0
21.120000  0.401704  0
21.146667  0.401693  0
21.173333  0.401682  0
21.200000  0.401670  0
21.226667  0.401659  0
21.253333  0.401648  0
21.280000  0.401637  0
21.306667  0.401625  0
21.333333  0.401614  0
21.360000  0.401603  0
21.386667  0.401591  0
21.413333  0.401580  0
21.440000  0.401569  0
21.466667  0.401558  0
21.493333  0.401546  0
21.520000  0.401535  0
21.546667  0.401524  0
21.573333  0.401513  0
21.600000  0.401501  0
21.626667  0.401490  0
21.653333  0.401479  0
21.680000  0.401467  0
21.706667  0.401456  0
21.733333  0.401445  0
21.760000  0.401434  0
21.786667  0.401422  0
21.813333  0.401411  0
21.840000  0.401400  0
21.866667  0.401388  0
21.893333  0.401377  0
21.920000  0.401366  0
21.946667  0.401355  0
21.973333  0.401343  0
22.000000  0.401332  0
22.026667  0.401321  0
22.053333  0.401310  0
22.080000  0.401298  0
22.106667  0.401287  0
22.133333  0.401276  0
22.160000  0.401264  0
22.186667  0.401253  0
22.213333  0.401242  0
22.240000  0.401231  0
22.266667  0.401219  0
22.293333  0.401208  0
22.320000  0.401197  0
22.346667  0.401185  0
22.373333  0.401174  0
22.400000  0.401163  0
22.426667  0.401152  0
22.453333  0.401140  0
22.480000  0.401129  0
22.506667  0.401118  0
22.533333  0.401107  0
22.560000  0.401095  0
22.586667  0.401084  0
22.613333  0.401073  0
22.640000  0.401061  0
22.666667  0.401050  0
22.693333  0.401039  0
22.720000  0.401028  0
22.746667  0.401016  0
22.773333  0.401005  0
22.800000  0.400994  0
22.826667  0.400982  0
22.853333  0.400971  0
22.880000  0.400960  0
22.906667  0.400949  0
22.933333  0.400937  0
22.960000  0.400926  0
22.986667  0.400915  0
23.013333  0.400903  0
23.040000  0.400892  0
23.066667  0.400881  0
23.093333  0.400870  0
23.120000  0.400858  0
23.146667  0.400847  0
23.173333  0.400836  0
23.200000  0.400825  0
23.226667  0.400813  0
23.253333  0.400802  0
23.280000  0.400791  0
23.306667  0.400779  0
23.333333  0.400768  0
23.360000  0.400757  0
23.386667  0.400746  0
23.413333  0.400734  0
23.440000  0.400723  0
23.466667  0.400712  0
23.493333  0.400700  0
23.520000  0.400689  0
23.546667  0.400678  0
23.573333  0.400667  0
23.600000  0.400655  0
23.626667  0.400644  0
23.653333  0.400633  0
23.680000  0.400622  0
23.706667  0.400610  0
23.733333  0.400599  0
23.760000  0.400588  0
23.786667  0.400576  0
23.813333  0.400565  0
23.840000  0.400554  0
23.866667  0.400543  0
23.893333  0.400531  0
23.920000  0.400520  0
23.946667  0.400509  0
23.973333  0.400497  0
24.000000  0.400486  0
24.026667  0.400475  0
24.053333  0.400464  0
24.080000  0.400452  0
24.106667  0.400441  0
24.133333  0.400430  0
24.160000  0.400419  0
24.186667  0.400407  0
24.213333  0.400396  0
24.240000  0.400385  0
24.266667  0.400373  0
24.293333  0.400362  0
24.320000  0.400351  0
24.346667  0.400340  0
24.373333  0.400328  0
24.400000  0.400317  0
24.426667  0.400306  0
24.453333  0.400294  0
24.480000  0.400283  0
24.506667  0.400272  0
24.533333  0.400261  0
24.560000  0.400249  0
24.586667  0.400238  0
24.613333  0.400227  0
24.640000  0.400216  0
24.666667  0.400204  0
24.693333  0.400193  0
24.720000  0.400182  0
24.746667  0.400170  0
24.773333  0.400159  0
24.800000  0.400148  0
24.826667  0.400137  0
24.853333  0.400125  0
24.880000  0.400114  0
24.906667  0.400103  0
24.933333  0.400091  0
24.960000  0.400080  0
24.986667  0.400069  0
25.013333  0.400058  0
25.040000  0.400046  0
25.066667  0.400035  0
25.093333  0.400024  0
25.120000  0.400013  0
25.146667  0.400001  0
25.173333  0.399990  0
25.200000  0.399979  0
25.226667  0.399968  0
25.253333  0.399957  0
25.280000  0.399947  0
25.306667  0.399940  0
25.333333  0.399935  0
