2.693333  0.881128  0
2.720000  0.880404  0
2.746667  0.878983  0
2.773333  0.876915  0
2.800000  0.874274  0
2.826667  0.871145  0
2.853333  0.867623  0
2.880000  0.863803  0
2.906667  0.859778  0
2.933333  0.855631  0
2.960000  0.851430  0
2.986667  0.847231  0
3.013333  0.843076  0
3.040000  0.838991  0
3.066667  0.834992  0
3.093333  0.831086  0
3.120000  0.827271  0
3.146667  0.823544  0
3.173333  0.819900  0
3.200000  0.816331  0
3.226667  0.812836  0
3.253333  0.809411  0
3.280000  0.806057  0
3.306667  0.802778  0
3.333333  0.799577  0
3.360000  0.796459  0
3.386667  0.793432  0
3.413333  0.790499  0
3.440000  0.787666  0
3.466667  0.784934  0
3.493333  0.782305  0
3.520000  0.779777  0
3.546667  0.777350  0
3.573333  0.775019  0
3.600000  0.772783  0
3.626667  0.770641  0
3.653333  0.768590  0
3.680000  0.766632  0
3.706667  0.764769  0
3.733333  0.763006  0
3.760000  0.761346  0
3.786667  0.759794  0
3.813333  0.758355  0
3.840000  0.757032  0
3.866667  0.755825  0
3.893333  0.754733  0
3.920000  0.753753  0
3.946667  0.752877  0
3.973333  0.752098  0
4.000000  0.751404  0
4.026667  0.750786  0
4.053333  0.750230  0
4.080000  0.749726  0
4.106667  0.749262  0
4.133333  0.748829  0
4.160000  0.748416  0
4.186667  0.748014  0
4.213333  0.747616  0
4.240000  0.747212  0
4.266667  0.746793  0
4.293333  0.746351  0
4.320000  0.745874  0
4.346667  0.745351  0
4.373333  0.744769  0
4.400000  0.744114  0
4.426667  0.743373  0
4.453333  0.742532  0
4.480000  0.741579  0
4.506667  0.740504  0
4.533333  0.739299  0
4.560000  0.737961  0
4.586667  0.736488  0
4.613333  0.734884  0
4.640000  0.733154  0
4.666667  0.731309  0
4.693333  0.729359  0
4.720000  0.727316  0
4.746667  0.725192  0
4.773333  0.723000  0
4.800000  0.720749  0
4.826667  0.718447  0
4.853333  0.716100  0
4.880000  0.713713  0
4.906667  0.711285  0
4.933333  0.708817  0
4.960000  0.706305  0
4.986667  0.703747  0
5.013333  0.701137  0
5.040000  0.698472  0
5.066667  0.695748  0
5.093333  0.692961  0
5.120000  0.690111  0
5.146667  0.687197  0
5.173333  0.684220  0
5.200000  0.681183  0
5.226667  0.678089  0
5.253333  0.674943  0
5.280000  0.671748  0
5.306667  0.668510  0
5.333333  0.665232  0
5.360000  0.661918  0
5.386667  0.658570  0
5.413333  0.655191  0
5.440000  0.651779  0
5.466667  0.648335  0
5.493333  0.644855  0
5.520000  0.641336  0
5.546667  0.637772  0
5.573333  0.634154  0
5.600000  0.630475  0
5.626667  0.626725  0
5.653333  0.622894  0
5.680000  0.618974  0
5.706667  0.614959  0
5.733333  0.610847  0
5.760000  0.606644  0
5.786667  0.602360  0
5.813333  0.598018  0
5.840000  0.593645  0
5.866667  0.589280  0
5.893333  0.584966  0
5.920000  0.580754  0
5.946667  0.576692  0
5.973333  0.572829  0
6.000000  0.569209  0
6.026667  0.565865  0
6.053333  0.562823  0
6.080000  0.560096  0
6.106667  0.557688  0
6.133333  0.555591  0
6.160000  0.553789  0
6.186667  0.552260  0
6.213333  0.550978  0
6.240000  0.549912  0
6.266667  0.549035  0
6.293333  0.548316  0
6.320000  0.547729  0
6.346667  0.547249  0
6.373333  0.546854  0
6.400000  0.546523  0
6.426667  0.546241  0
6.453333  0.545992  0
6.480000  0.545763  0
6.506667  0.545543  0
6.533333  0.545321  0
6.560000  0.545088  0
6.586667  0.544832  0
6.613333  0.544546  0
6.640000  0.544218  0
6.666667  0.543840  0
6.693333  0.543404  0
6.720000  0.542904  0
6.746667  0.542338  0
6.773333  0.541707  0
6.800000  0.541016  0
6.826667  0.540278  0
6.853333  0.539505  0
6.880000  0.538717  0
6.906667  0.537931  0
6.933333  0.537167  0
6.960000  0.536441  0
6.986667  0.535766  0
7.013333  0.535146  0
7.040000  0.534581  0
7.066667  0.534064  0
7.093333  0.533582  0
7.120000  0.533117  0
7.146667  0.532650  0
7.173333  0.532162  0
7.200000  0.531635  0
7.226667  0.531055  0
7.253333  0.530412  0
7.280000  0.529700  0
7.306667  0.528916  0
7.333333  0.528062  0
7.360000  0.527142  0
7.386667  0.526160  0
7.413333  0.525124  0
7.440000  0.524044  0
7.466667  0.522929  0
7.493333  0.521791  0
7.520000  0.520643  0
7.546667  0.519500  0
7.573333  0.518379  0
7.600000  0.517296  0
7.626667  0.516270  0
7.653333  0.515316  0
7.680000  0.514453  0
7.706667  0.513695  0
7.733333  0.513056  0
7.760000  0.512546  0
7.786667  0.512173  0
7.813333  0.511939  0
7.840000  0.511841  0
7.866667  0.511870  0
7.893333  0.512008  0
7.920000  0.512229  0
7.946667  0.512504  0
7.973333  0.512795  0
8.000000  0.513063  0
8.026667  0.513271  0
8.053333  0.513383  0
8.080000  0.513372  0
8.106667  0.513217  0
8.133333  0.512907  0
8.160000  0.512438  0
8.186667  0.511814  0
8.213333  0.511042  0
8.240000  0.510132  0
8.266667  0.509091  0
8.293333  0.507924  0
8.320000  0.506632  0
8.346667  0.505211  0
8.373333  0.503655  0
8.400000  0.501956  0
8.426667  0.500107  0
8.453333  0.498104  0
8.480000  0.495949  0
8.506667  0.493646  0
8.533333  0.491209  0
8.560000  0.488655  0
8.586667  0.486004  0
8.613333  0.483280  0
8.640000  0.480505  0
8.666667  0.477698  0
8.693333  0.474878  0
8.720000  0.472058  0
8.746667  0.469245  0
8.773333  0.466445  0
8.800000  0.463660  0
8.826667  0.460892  0
8.853333  0.458143  0
8.880000  0.455417  0
8.906667  0.452725  0
8.933333  0.450080  0
8.960000  0.447502  0
8.986667  0.445014  0
9.013333  0.442644  0
9.040000  0.440417  0
9.066667  0.438359  0
9.093333  0.436488  0
9.120000  0.434816  0
9.146667  0.433348  0
9.173333  0.432076  0
9.200000  0.430988  0
9.226667  0.430060  0
9.253333  0.429269  0
9.280000  0.428586  0
9.306667  0.427985  0
9.333333  0.427443  0
9.360000  0.426938  0
9.386667  0.426458  0
9.413333  0.425992  0
9.440000  0.425534  0
9.466667  0.425083  0
9.493333  0.424640  0
9.520000  0.424204  0
9.546667  0.423779  0
9.573333  0.423365  0
9.600000  0.422965  0
9.626667  0.422579  0
9.653333  0.422208  0
9.680000  0.421850  0
9.706667  0.421506  0
9.733333  0.421175  0
9.760000  0.420856  0
9.786667  0.420549  0
9.813333  0.420251  0
9.840000  0.419963  0
9.866667  0.419683  0
9.893333  0.419411  0
9.920000  0.419145  0
9.946667  0.418886  0
9.973333  0.418635  0
10.000000  0.418392  0
10.026667  0.418158  0
10.053333  0.417936  0
10.080000  0.417727  0
10.106667  0.417535  0
10.133333  0.417359  0
10.160000  0.417200  0
10.186667  0.417058  0
10.213333  0.416929  0
10.240000  0.416810  0
10.266667  0.416696  0
10.293333  0.416582  0
10.320000  0.416464  0
10.346667  0.416336  0
10.373333  0.416197  0
10.400000  0.416046  0
10.426667  0.415884  0
10.453333  0.415714  0
10.480000  0.415540  0
10.506667  0.415369  0
10.533333  0.415205  0
10.560000  0.415053  0
10.586667  0.414918  0
10.613333  0.414803  0
10.640000  0.414707  0
10.666667  0.414631  0
10.693333  0.414571  0
10.720000  0.414522  0
10.746667  0.414480  0
10.773333  0.414438  0
10.800000  0.414391  0
10.826667  0.414333  0
10.853333  0.414259  0
10.880000  0.414166  0
10.906667  0.414052  0
10.933333  0.413917  0
10.960000  0.413761  0
10.986667  0.413587  0
11.013333  0.413397  0
11.040000  0.413195  0
11.066667  0.412985  0
11.093333  0.412769  0
11.120000  0.412551  0
11.146667  0.412331  0
11.173333  0.412111  0
11.200000  0.411891  0
11.226667  0.411670  0
11.253333  0.411447  0
11.280000  0.411220  0
11.306667  0.410988  0
11.333333  0.410751  0
11.360000  0.410507  0
11.386667  0.410255  0
11.413333  0.409995  0
11.440000  0.409727  0
11.466667  0.409449  0
11.493333  0.409163  0
11.520000  0.408869  0
11.546667  0.408568  0
11.573333  0.408261  0
11.600000  0.407950  0
11.626667  0.407637  0
11.653333  0.407324  0
11.680000  0.407010  0
11.706667  0.406698  0
11.733333  0.406388  0
11.760000  0.406079  0
11.786667  0.405771  0
11.813333  0.405464  0
11.840000  0.405157  0
11.866667  0.404850  0
11.893333  0.404544  0
11.920000  0.404237  0
11.946667  0.403930  0
11.973333  0.403624  0
12.000000  0.403319  0
12.026667  0.403016  0
12.053333  0.402715  0
12.080000  0.402418  0
12.106667  0.402126  0
12.133333  0.401844  0
12.160000  0.401573  0
12.186667  0.401319  0
12.213333  0.401084  0
12.240000  0.400872  0
12.266667  0.400686  0
12.293333  0.400527  0
12.320000  0.400395  0
12.346667  0.400286  0
12.373333  0.400198  0
12.400000  0.400125  0
12.426667  0.400060  0
12.453333  0.399997  0
12.480000  0.399931  0
12.506667  0.399857  0
12.533333  0.399772  0
12.560000  0.399674  0
12.586667  0.399564  0
12.613333  0.399442  0
12.640000  0.399311  0
12.666667  0.399175  0
12.693333  0.399036  0
12.720000  0.398899  0
12.746667  0.398766  0
12.773333  0.398638  0
12.800000  0.398517  0
12.826667  0.398405  0
12.853333  0.398301  0
12.880000  0.398205  0
12.906667  0.398117  0
12.933333  0.398038  0
12.960000  0.397967  0
12.986667  0.397904  0
13.013333  0.397847  0
13.040000  0.397796  0
13.066667  0.397751  0
13.093333  0.397708  0
13.120000  0.397665  0
13.146667  0.397620  0
13.173333  0.397569  0
13.200000  0.397510  0
13.226667  0.397437  0
13.253333  0.397349  0
13.280000  0.397241  0
13.306667  0.397111  0
13.333333  0.396958  0
13.360000  0.396780  0
13.386667  0.396575  0
13.413333  0.396344  0
13.440000  0.396087  0
13.466667  0.395804  0
13.493333  0.395496  0
13.520000  0.395164  0
13.546667  0.394809  0
13.573333  0.394432  0
13.600000  0.394035  0
13.626667  0.393620  0
13.653333  0.393188  0
13.680000  0.392742  0
13.706667  0.392283  0
13.733333  0.391814  0
13.760000  0.391336  0
13.786667  0.390853  0
13.813333  0.390367  0
13.840000  0.389882  0
13.866667  0.389400  0
13.893333  0.388928  0
13.920000  0.388469  0
13.946667  0.388029  0
13.973333  0.387613  0
14.000000  0.387227  0
14.026667  0.386875  0
14.053333  0.386560  0
14.080000  0.386283  0
14.106667  0.386040  0
14.133333  0.385827  0
14.160000  0.385636  0
14.186667  0.385456  0
14.213333  0.385276  0
14.240000  0.385084  0
14.266667  0.384870  0
14.293333  0.384626  0
14.320000  0.384347  0
14.346667  0.384035  0
14.373333  0.383694  0
14.400000  0.383331  0
14.426667  0.382957  0
14.453333  0.382584  0
14.480000  0.382223  0
14.506667  0.381885  0
14.533333  0.381579  0
14.560000  0.381309  0
14.586667  0.381079  0
14.613333  0.380887  0
14.640000  0.380731  0
14.666667  0.380605  0
14.693333  0.380503  0
14.720000  0.380415  0
14.746667  0.380335  0
14.773333  0.380253  0
14.800000  0.380161  0
14.826667  0.380053  0
14.853333  0.379924  0
14.880000  0.379771  0
14.906667  0.379591  0
14.933333  0.379387  0
14.960000  0.379161  0
14.986667  0.378917  0
15.013333  0.378660  0
15.040000  0.378397  0
15.066667  0.378132  0
15.093333  0.377870  0
15.120000  0.377616  0
15.146667  0.377373  0
15.173333  0.377142  0
15.200000  0.376923  0
15.226667  0.376716  0
15.253333  0.376521  0
15.280000  0.376335  0
15.306667  0.376158  0
15.333333  0.375986  0
15.360000  0.375820  0
15.386667  0.375657  0
15.413333  0.375497  0
15.440000  0.375339  0
15.466667  0.375182  0
15.493333  0.375026  0
15.520000  0.374870  0
15.546667  0.374714  0
15.573333  0.374559  0
15.600000  0.374404  0
15.626667  0.374248  0
15.653333  0.374093  0
15.680000  0.373938  0
15.706667  0.373783  0
15.733333  0.373628  0
15.760000  0.373473  0
15.786667  0.373318  0
15.813333  0.373162  0
15.840000  0.373007  0
15.866667  0.372852  0
15.893333  0.372697  0
15.920000  0.372542  0
15.946667  0.372387  0
15.973333  0.372231  0
16.000000  0.372076  0
16.026667  0.371921  0
16.053333  0.371766  0
16.080000  0.371611  0
16.106667  0.371456  0
16.133333  0.371301  0
16.160000  0.371145  0
16.186667  0.370990  0
16.213333  0.370835  0
16.240000  0.370680  0
16.266667  0.370525  0
16.293333  0.370370  0
16.320000  0.370215  0
16.346667  0.370059  0
16.373333  0.369904  0
16.400000  0.369749  0
16.426667  0.369594  0
16.453333  0.369439  0
16.480000  0.369284  0
16.506667  0.369129  0
16.533333  0.368973  0
16.560000  0.368818  0
16.586667  0.368663  0
16.613333  0.368508  0
16.640000  0.368353  0
16.666667  0.368198  0
16.693333  0.368042  0
16.720000  0.367887  0
16.746667  0.367732  0
16.773333  0.367577  0
16.800000  0.367422  0
16.826667  0.367267  0
16.853333  0.367112  0
16.880000  0.366956  0
16.906667  0.366801  0
16.933333  0.366646  0
16.960000  0.366491  0
16.986667  0.366336  0
17.013333  0.366181  0
17.040000  0.366026  0
17.066667  0.365870  0
17.093333  0.365715  0
17.120000  0.365560  0
17.146667  0.365405  0
17.173333  0.365250  0
17.200000  0.365095  0
17.226667  0.364939  0
17.253333  0.364784  0
17.280000  0.364629  0
17.306667  0.364474  0
17.333333  0.364319  0
17.360000  0.364164  0
17.386667  0.364009  0
17.413333  0.363853  0
17.440000  0.363698  0
17.466667  0.363543  0
17.493333  0.363388  0
17.520000  0.363233  0
17.546667  0.363078  0
17.573333  0.362923  0
17.600000  0.362767  0
17.626667  0.362612  0
17.653333  0.362457  0
17.680000  0.362302  0
17.706667  0.362147  0
17.733333  0.361992  0
17.760000  0.361837  0
17.786667  0.361681  0
17.813333  0.361526  0
17.840000  0.361371  0
17.866667  0.361216  0
17.893333  0.361061  0
17.920000  0.360906  0
17.946667  0.360750  0
17.973333  0.360595  0
18.000000  0.360440  0
18.026667  0.360285  0
18.053333  0.360130  0
18.080000  0.359975  0
18.106667  0.359820  0
18.133333  0.359664  0
18.160000  0.359509  0
18.186667  0.359354  0
18.213333  0.359199  0
18.240000  0.359044  0
18.266667  0.358889  0
18.293333  0.358734  0
18.320000  0.358578  0
18.346667  0.358423  0
18.373333  0.358268  0
18.400000  0.358113  0
18.426667  0.357958  0
18.453333  0.357803  0
18.480000  0.357647  0
18.506667  0.357492  0
18.533333  0.357337  0
18.560000  0.357182  0
18.586667  0.357027  0
18.613333  0.356872  0
18.640000  0.356717  0
18.666667  0.356561  0
18.693333  0.356406  0
18.720000  0.356251  0
18.746667  0.356096  0
18.773333  0.355941  0
18.800000  0.355786  0
18.826667  0.355631  0
18.853333  0.355475  0
18.880000  0.355320  0
18.906667  0.355165  0
18.933333  0.355010  0
18.960000  0.354855  0
18.986667  0.354700  0
19.013333  0.354545  0
19.040000  0.354389  0
19.066667  0.354234  0
19.093333  0.354079  0
19.120000  0.353924  0
19.146667  0.353769  0
19.173333  0.353614  0
19.200000  0.353458  0
19.226667  0.353303  0
19.253333  0.353148  0
19.280000  0.352993  0
19.306667  0.352838  0
19.333333  0.352683  0
19.360000  0.352528  0
19.386667  0.352372  0
19.413333  0.352217  0
19.440000  0.352062  0
19.466667  0.351907  0
19.493333  0.351752  0
19.520000  0.351597  0
19.546667  0.351442  0
19.573333  0.351286  0
19.600000  0.351131  0
19.626667  0.350976  0
19.653333  0.350821  0
19.680000  0.350666  0
19.706667  0.350511  0
19.733333  0.350356  0
19.760000  0.350200  0
19.786667  0.350045  0
19.813333  0.349890  0
19.840000  0.349735  0
19.866667  0.349580  0
19.893333  0.349425  0
19.920000  0.349269  0
19.946667  0.349114  0
19.973333  0.348959  0
20.000000  0.348804  0
20.026667  0.348649  0
20.053333  0.348494  0
20.080000  0.348339  0
20.106667  0.348183  0
20.133333  0.348028  0
20.160000  0.347873  0
20.186667  0.347718  0
20.213333  0.347563  0
20.240000  0.347408  0
20.266667  0.347253  0
20.293333  0.347098  0
20.320000  0.346943  0
20.346667  0.346789  0
20.373333  0.346635  0
20.400000  0.346482  0
20.426667  0.346330  0
20.453333  0.346179  0
20.480000  0.346031  0
20.506667  0.345886  0
20.533333  0.345746  0
20.560000  0.345612  0
20.586667  0.345485  0
20.613333  0.345368  0
20.640000  0.345262  0
20.666667  0.345170  0
20.693333  0.345093  0
20.720000  0.345034  0
20.746667  0.344994  0
20.773333  0.344973  0
