3.226667  0.778960  0
3.253333  0.777898  0
3.280000  0.776345  0
3.306667  0.774696  0
3.333333  0.773039  0
3.360000  0.771382  0
3.386667  0.769724  0
3.413333  0.768067  0
3.440000  0.766410  0
3.466667  0.764753  0
3.493333  0.763096  0
3.520000  0.761438  0
3.546667  0.759781  0
3.573333  0.758124  0
3.600000  0.756467  0
3.626667  0.754809  0
3.653333  0.753152  0
3.680000  0.751495  0
3.706667  0.749838  0
3.733333  0.748180  0
3.760000  0.746523  0
3.786667  0.744866  0
3.813333  0.743209  0
3.840000  0.741552  0
3.866667  0.739894  0
3.893333  0.738237  0
3.920000  0.736580  0
3.946667  0.734923  0
3.973333  0.733265  0
4.000000  0.731608  0
4.026667  0.729951  0
4.053333  0.728294  0
4.080000  0.726636  0
4.106667  0.724979  0
4.133333  0.723322  0
4.160000  0.721665  0
4.186667  0.720007  0
4.213333  0.718350  0
4.240000  0.716693  0
4.266667  0.715036  0
4.293333  0.713379  0
4.320000  0.711721  0
4.346667  0.710064  0
4.373333  0.708407  0
4.400000  0.706750  0
4.426667  0.705092  0
4.453333  0.703435  0
4.480000  0.701778  0
4.506667  0.700121  0
4.533333  0.698463  0
4.560000  0.696806  0
4.586667  0.695149  0
4.613333  0.693492  0
4.640000  0.691835  0
4.666667  0.690177  0
4.693333  0.688520  0
4.720000  0.686863  0
4.746667  0.685206  0
4.773333  0.683548  0
4.800000  0.681891  0
4.826667  0.680234  0
4.853333  0.678577  0
4.880000  0.676919  0
4.906667  0.675262  0
4.933333  0.673605  0
4.960000  0.671948  0
4.986667  0.670290  0
5.013333  0.668633  0
5.040000  0.666976  0
5.066667  0.665319  0
5.093333  0.663662  0
5.120000  0.662004  0
5.146667  0.660347  0
5.173333  0.658690  0
5.200000  0.657033  0
5.226667  0.655375  0
5.253333  0.653718  0
5.280000  0.652061  0
5.306667  0.650404  0
5.333333  0.648746  0
5.360000  0.647089  0
5.386667  0.645432  0
5.413333  0.643775  0
5.440000  0.642118  0
5.466667  0.640460  0
5.493333  0.638803  0
5.520000  0.637146  0
5.546667  0.635489  0
5.573333  0.633831  0
5.600000  0.632174  0
5.626667  0.630517  0
5.653333  0.628860  0
5.680000  0.627203  0
5.706667  0.625548  0
5.733333  0.623904  0
5.760000  0.622279  0
5.786667  0.620666  0
5.813333  0.619061  0
5.840000  0.617462  0
5.866667  0.615873  0
5.893333  0.614295  0
5.920000  0.612733  0
5.946667  0.611189  0
5.973333  0.609664  0
6.000000  0.608161  0
6.026667  0.606683  0
6.053333  0.605232  0
6.080000  0.603808  0
6.106667  0.602415  0
6.133333  0.601053  0
6.160000  0.599724  0
6.186667  0.598429  0
6.213333  0.597169  0
6.240000  0.595945  0
6.266667  0.594758  0
6.293333  0.593609  0
6.320000  0.592499  0
6.346667  0.591428  0
6.373333  0.590397  0
6.400000  0.589406  0
6.426667  0.588457  0
6.453333  0.587550  0
6.480000  0.586685  0
6.506667  0.585862  0
6.533333  0.585082  0
6.560000  0.584345  0
6.586667  0.583653  0
6.613333  0.583003  0
6.640000  0.582397  0
6.666667  0.581833  0
6.693333  0.581312  0
6.720000  0.580831  0
6.746667  0.580390  0
6.773333  0.579988  0
6.800000  0.579622  0
6.826667  0.579292  0
6.853333  0.578994  0
6.880000  0.578727  0
6.906667  0.578487  0
6.933333  0.578273  0
6.960000  0.578080  0
6.986667  0.577905  0
7.013333  0.577746  0
7.040000  0.577598  0
7.066667  0.577459  0
7.093333  0.577325  0
7.120000  0.577193  0
7.146667  0.577059  0
7.173333  0.576920  0
7.200000  0.576775  0
7.226667  0.576619  0
7.253333  0.576451  0
7.280000  0.576269  0
7.306667  0.576071  0
7.333333  0.575856  0
7.360000  0.575623  0
7.386667  0.575370  0
7.413333  0.575097  0
7.440000  0.574805  0
7.466667  0.574493  0
7.493333  0.574162  0
7.520000  0.573811  0
7.546667  0.573444  0
7.573333  0.573058  0
7.600000  0.572657  0
7.626667  0.572241  0
7.653333  0.571811  0
7.680000  0.571368  0
7.706667  0.570914  0
7.733333  0.570449  0
7.760000  0.569974  0
7.786667  0.569492  0
7.813333  0.569002  0
7.840000  0.568505  0
7.866667  0.568003  0
7.893333  0.567495  0
7.920000  0.566984  0
7.946667  0.566468  0
7.973333  0.565950  0
8.000000  0.565428  0
8.026667  0.564904  0
8.053333  0.564377  0
8.080000  0.563848  0
8.106667  0.563317  0
8.133333  0.562783  0
8.160000  0.562248  0
8.186667  0.561710  0
8.213333  0.561170  0
8.240000  0.560627  0
8.266667  0.560082  0
8.293333  0.559534  0
8.320000  0.558983  0
8.346667  0.558429  0
8.373333  0.557871  0
8.400000  0.557310  0
8.426667  0.556746  0
8.453333  0.556178  0
8.480000  0.555607  0
8.506667  0.555032  0
8.533333  0.554455  0
8.560000  0.553875  0
8.586667  0.553292  0
8.613333  0.552708  0
8.640000  0.552123  0
8.666667  0.551537  0
8.693333  0.550952  0
8.720000  0.550367  0
8.746667  0.549785  0
8.773333  0.549206  0
8.800000  0.548631  0
8.826667  0.548062  0
8.853333  0.547498  0
8.880000  0.546942  0
8.906667  0.546394  0
8.933333  0.545856  0
8.960000  0.545327  0
8.986667  0.544810  0
9.013333  0.544304  0
9.040000  0.543810  0
9.066667  0.543329  0
9.093333  0.542861  0
9.120000  0.542407  0
9.146667  0.541965  0
9.173333  0.541537  0
9.200000  0.541121  0
9.226667  0.540718  0
9.253333  0.540327  0
9.280000  0.539947  0
9.306667  0.539577  0
9.333333  0.539218  0
9.360000  0.538868  0
9.386667  0.538527  0
9.413333  0.538193  0
9.440000  0.537867  0
9.466667  0.537547  0
9.493333  0.537233  0
9.520000  0.536925  0
9.546667  0.536622  0
9.573333  0.536323  0
9.600000  0.536029  0
9.626667  0.535739  0
9.653333  0.535454  0
9.680000  0.535172  0
9.706667  0.534895  0
9.733333  0.534622  0
9.760000  0.534354  0
9.786667  0.534092  0
9.813333  0.533834  0
9.840000  0.533581  0
9.866667  0.533334  0
9.893333  0.533093  0
9.920000  0.532858  0
9.946667  0.532629  0
9.973333  0.532406  0
10.000000  0.532189  0
10.026667  0.531978  0
10.053333  0.531771  0
10.080000  0.531570  0
10.106667  0.531372  0
10.133333  0.531179  0
10.160000  0.530988  0
10.186667  0.530799  0
10.213333  0.530611  0
10.240000  0.530423  0
10.266667  0.530234  0
10.293333  0.530043  0
10.320000  0.529848  0
10.346667  0.529650  0
10.373333  0.529447  0
10.400000  0.529237  0
10.426667  0.529020  0
10.453333  0.528795  0
10.480000  0.528562  0
10.506667  0.528319  0
10.533333  0.528065  0
10.560000  0.527801  0
10.586667  0.527526  0
10.613333  0.527239  0
10.640000  0.526941  0
10.666667  0.526630  0
10.693333  0.526308  0
10.720000  0.525974  0
10.746667  0.525629  0
10.773333  0.525272  0
10.800000  0.524903  0
10.826667  0.524524  0
10.853333  0.524135  0
10.880000  0.523735  0
10.906667  0.523326  0
10.933333  0.522909  0
10.960000  0.522483  0
10.986667  0.522049  0
11.013333  0.521608  0
11.040000  0.521161  0
11.066667  0.520708  0
11.093333  0.520249  0
11.120000  0.519786  0
11.146667  0.519318  0
11.173333  0.518847  0
11.200000  0.518373  0
11.226667  0.517896  0
11.253333  0.517418  0
11.280000  0.516938  0
11.306667  0.516457  0
11.333333  0.515976  0
11.360000  0.515494  0
11.386667  0.515014  0
11.413333  0.514534  0
11.440000  0.514056  0
11.466667  0.513579  0
11.493333  0.513104  0
11.520000  0.512632  0
11.546667  0.512163  0
11.573333  0.511697  0
11.600000  0.511234  0
11.626667  0.510774  0
11.653333  0.510318  0
11.680000  0.509866  0
11.706667  0.509419  0
11.733333  0.508975  0
11.760000  0.508535  0
11.786667  0.508100  0
11.813333  0.507669  0
11.840000  0.507242  0
11.866667  0.506819  0
11.893333  0.506401  0
11.920000  0.505986  0
11.946667  0.505576  0
11.973333  0.505170  0
12.000000  0.504768  0
12.026667  0.504369  0
12.053333  0.503975  0
12.080000  0.503584  0
12.106667  0.503197  0
12.133333  0.502814  0
12.160000  0.502434  0
12.186667  0.502058  0
12.213333  0.501685  0
12.240000  0.501316  0
12.266667  0.500951  0
12.293333  0.500589  0
12.320000  0.500231  0
12.346667  0.499877  0
12.373333  0.499526  0
12.400000  0.499180  0
12.426667  0.498837  0
12.453333  0.498499  0
12.480000  0.498165  0
12.506667  0.497835  0
12.533333  0.497510  0
12.560000  0.497189  0
12.586667  0.496873  0
12.613333  0.496562  0
12.640000  0.496256  0
12.666667  0.495954  0
12.693333  0.495658  0
12.720000  0.495367  0
12.746667  0.495081  0
12.773333  0.494799  0
12.800000  0.494523  0
12.826667  0.494252  0
12.853333  0.493986  0
12.880000  0.493724  0
12.906667  0.493467  0
12.933333  0.493214  0
12.960000  0.492966  0
12.986667  0.492722  0
13.013333  0.492481  0
13.040000  0.492244  0
13.066667  0.492010  0
13.093333  0.491779  0
13.120000  0.491551  0
13.146667  0.491325  0
13.173333  0.491101  0
13.200000  0.490879  0
13.226667  0.490657  0
13.253333  0.490437  0
13.280000  0.490218  0
13.306667  0.489998  0
13.333333  0.489779  0
13.360000  0.489559  0
13.386667  0.489339  0
13.413333  0.489117  0
13.440000  0.488895  0
13.466667  0.488671  0
13.493333  0.488446  0
13.520000  0.488219  0
13.546667  0.487990  0
13.573333  0.487759  0
13.600000  0.487527  0
13.626667  0.487293  0
13.653333  0.487057  0
13.680000  0.486820  0
13.706667  0.486582  0
13.733333  0.486342  0
13.760000  0.486102  0
13.786667  0.485861  0
13.813333  0.485619  0
13.840000  0.485378  0
13.866667  0.485137  0
13.893333  0.484897  0
13.920000  0.484658  0
13.946667  0.484421  0
13.973333  0.484185  0
14.000000  0.483951  0
14.026667  0.483720  0
14.053333  0.483492  0
14.080000  0.483266  0
14.106667  0.483044  0
14.133333  0.482825  0
14.160000  0.482610  0
14.186667  0.482399  0
14.213333  0.482191  0
14.240000  0.481988  0
14.266667  0.481789  0
14.293333  0.481594  0
14.320000  0.481403  0
14.346667  0.481217  0
14.373333  0.481035  0
14.400000  0.480858  0
14.426667  0.480685  0
14.453333  0.480518  0
14.480000  0.480355  0
14.506667  0.480198  0
14.533333  0.480045  0
14.560000  0.479899  0
14.586667  0.479758  0
14.613333  0.479624  0
14.640000  0.479496  0
14.666667  0.479374  0
14.693333  0.479260  0
14.720000  0.479154  0
14.746667  0.479055  0
14.773333  0.478964  0
14.800000  0.478882  0
14.826667  0.478808  0
14.853333  0.478744  0
14.880000  0.478689  0
14.906667  0.478643  0
14.933333  0.478608  0
14.960000  0.478582  0
14.986667  0.478567  0
15.013333  0.478419  0
15.040000  0.478271  0
15.066667  0.478123  0
15.093333  0.477975  0
15.120000  0.477826  0
15.146667  0.477678  0
15.173333  0.477530  0
15.200000  0.477382  0
15.226667  0.477234  0
15.253333  0.477085  0
15.280000  0.476937  0
15.306667  0.476789  0
15.333333  0.476641  0
15.360000  0.476493  0
15.386667  0.476344  0
15.413333  0.476196  0
15.440000  0.476048  0
15.466667  0.475900  0
15.493333  0.475752  0
15.520000  0.475604  0
15.546667  0.475455  0
15.573333  0.475307  0
15.600000  0.475159  0
15.626667  0.475011  0
15.653333  0.474863  0
15.680000  0.474714  0
15.706667  0.474566  0
15.733333  0.474418  0
15.760000  0.474270  0
15.786667  0.474122  0
15.813333  0.473973  0
15.840000  0.473825  0
15.866667  0.473677  0
15.893333  0.473529  0
15.920000  0.473381  0
15.946667  0.473233  0
15.973333  0.473084  0
16.000000  0.472936  0
16.026667  0.472788  0
16.053333  0.472640  0
16.080000  0.472492  0
16.106667  0.472343  0
16.133333  0.472195  0
16.160000  0.472047  0
16.186667  0.471899  0
16.213333  0.471751  0
16.240000  0.471602  0
16.266667  0.471454  0
16.293333  0.471306  0
16.320000  0.471158  0
16.346667  0.471010  0
16.373333  0.470861  0
16.400000  0.470713  0
16.426667  0.470565  0
16.453333  0.470417  0
16.480000  0.470269  0
16.506667  0.470121  0
16.533333  0.469972  0
16.560000  0.469824  0
16.586667  0.469676  0
16.613333  0.469528  0
16.640000  0.469380  0
16.666667  0.469231  0
16.693333  0.469083  0
16.720000  0.468935  0
16.746667  0.468787  0
16.773333  0.468639  0
16.800000  0.468490  0
16.826667  0.468342  0
16.853333  0.468194  0
16.880000  0.468046  0
16.906667  0.467898  0
16.933333  0.467750  0
16.960000  0.467601  0
16.986667  0.467453  0
17.013333  0.467305  0
17.040000  0.467157  0
17.066667  0.467009  0
17.093333  0.466860  0
17.120000  0.466712  0
17.146667  0.466564  0
17.173333  0.466416  0
17.200000  0.466268  0
17.226667  0.466119  0
17.253333  0.465971  0
17.280000  0.465823  0
17.306667  0.465675  0
17.333333  0.465527  0
17.360000  0.465378  0
17.386667  0.465230  0
17.413333  0.465082  0
17.440000  0.464934  0
17.466667  0.464786  0
17.493333  0.464638  0
17.520000  0.464489  0
17.546667  0.464341  0
17.573333  0.464193  0
17.600000  0.464045  0
17.626667  0.463897  0
17.653333  0.463748  0
17.680000  0.463600  0
17.706667  0.463452  0
17.733333  0.463304  0
17.760000  0.463156  0
17.786667  0.463007  0
17.813333  0.462859  0
17.840000  0.462711  0
17.866667  0.462563  0
17.893333  0.462415  0
17.920000  0.462267  0
17.946667  0.462118  0
17.973333  0.461970  0
18.000000  0.461822  0
18.026667  0.461674  0
18.053333  0.461526  0
18.080000  0.461377  0
18.106667  0.461229  0
18.133333  0.461081  0
18.160000  0.460933  0
18.186667  0.460785  0
18.213333  0.460636  0
18.240000  0.460488  0
18.266667  0.460340  0
18.293333  0.460192  0
18.320000  0.460044  0
18.346667  0.459895  0
18.373333  0.459747  0
18.400000  0.459599  0
18.426667  0.459451  0
18.453333  0.459303  0
18.480000  0.459155  0
18.506667  0.459006  0
18.533333  0.458858  0
18.560000  0.458710  0
18.586667  0.458562  0
18.613333  0.458414  0
18.640000  0.458265  0
18.666667  0.458117  0
18.693333  0.457969  0
18.720000  0.457821  0
18.746667  0.457673  0
18.773333  0.457524  0
18.800000  0.457376  0
18.826667  0.457228  0
18.853333  0.457080  0
18.880000  0.456932  0
18.906667  0.456784  0
18.933333  0.456635  0
18.960000  0.456487  0
18.986667  0.456339  0
19.013333  0.456191  0
19.040000  0.456043  0
19.066667  0.455894  0
19.093333  0.455746  0
19.120000  0.455598  0
19.146667  0.455450  0
19.173333  0.455302  0
19.200000  0.455153  0
19.226667  0.455005  0
19.253333  0.454857  0
19.280000  0.454709  0
19.306667  0.454561  0
19.333333  0.454412  0
19.360000  0.454264  0
19.386667  0.454116  0
19.413333  0.453968  0
19.440000  0.453820  0
19.466667  0.453672  0
19.493333  0.453523  0
