2.693333  0.939857  0
2.720000  0.939041  0
2.746667  0.937469  0
2.773333  0.935243  0
2.800000  0.932481  0
2.826667  0.929294  0
2.853333  0.925765  0
2.880000  0.921939  0
2.906667  0.917833  0
2.933333  0.913442  0
2.960000  0.908761  0
2.986667  0.903793  0
3.013333  0.898559  0
3.040000  0.893098  0
3.066667  0.887460  0
3.093333  0.881703  0
3.120000  0.875884  0
3.146667  0.870058  0
3.173333  0.864275  0
3.200000  0.858579  0
3.226667  0.853009  0
3.253333  0.847589  0
3.280000  0.842336  0
3.306667  0.837247  0
3.333333  0.832311  0
3.360000  0.827508  0
3.386667  0.822818  0
3.413333  0.818227  0
3.440000  0.813735  0
3.466667  0.809360  0
3.493333  0.805135  0
3.520000  0.801107  0
3.546667  0.797326  0
3.573333  0.793837  0
3.600000  0.790665  0
3.626667  0.787814  0
3.653333  0.785262  0
3.680000  0.782965  0
3.706667  0.780871  0
3.733333  0.778923  0
3.760000  0.777074  0
3.786667  0.775285  0
3.813333  0.773530  0
3.840000  0.771789  0
3.866667  0.770051  0
3.893333  0.768305  0
3.920000  0.766543  0
3.946667  0.764754  0
3.973333  0.762928  0
4.000000  0.761053  0
4.026667  0.759122  0
4.053333  0.757129  0
4.080000  0.755075  0
4.106667  0.752963  0
4.133333  0.750801  0
4.160000  0.748596  0
4.186667  0.746352  0
4.213333  0.744063  0
4.240000  0.741713  0
4.266667  0.739271  0
4.293333  0.736685  0
4.320000  0.733891  0
4.346667  0.730815  0
4.373333  0.727386  0
4.400000  0.723548  0
4.426667  0.719277  0
4.453333  0.714581  0
4.480000  0.709505  0
4.506667  0.704114  0
4.533333  0.698490  0
4.560000  0.692709  0
4.586667  0.686838  0
4.613333  0.680930  0
4.640000  0.675022  0
4.666667  0.669140  0
4.693333  0.663304  0
4.720000  0.657533  0
4.746667  0.651844  0
4.773333  0.646259  0
4.800000  0.640797  0
4.826667  0.635473  0
4.853333  0.630296  0
4.880000  0.625264  0
4.906667  0.620370  0
4.933333  0.615601  0
4.960000  0.610949  0
4.986667  0.606416  0
5.013333  0.602015  0
5.040000  0.597775  0
5.066667  0.593736  0
5.093333  0.589937  0
5.120000  0.586411  0
5.146667  0.583180  0
5.173333  0.580246  0
5.200000  0.577598  0
5.226667  0.575216  0
5.253333  0.573078  0
5.280000  0.571166  0
5.306667  0.569466  0
5.333333  0.567965  0
5.360000  0.566655  0
5.386667  0.565520  0
5.413333  0.564542  0
5.440000  0.563699  0
5.466667  0.562964  0
5.493333  0.562308  0
5.520000  0.561702  0
5.546667  0.561116  0
5.573333  0.560521  0
5.600000  0.559891  0
5.626667  0.559201  0
5.653333  0.558430  0
5.680000  0.557560  0
5.706667  0.556578  0
5.733333  0.555475  0
5.760000  0.554249  0
5.786667  0.552903  0
5.813333  0.551449  0
5.840000  0.549902  0
5.866667  0.548285  0
5.893333  0.546625  0
5.920000  0.544950  0
5.946667  0.543292  0
5.973333  0.541681  0
6.000000  0.540141  0
6.026667  0.538696  0
6.053333  0.537361  0
6.080000  0.536145  0
6.106667  0.535051  0
6.133333  0.534076  0
6.160000  0.533211  0
6.186667  0.532445  0
6.213333  0.531763  0
6.240000  0.531150  0
6.266667  0.530590  0
6.293333  0.530068  0
6.320000  0.529570  0
6.346667  0.529082  0
6.373333  0.528592  0
6.400000  0.528088  0
6.426667  0.527558  0
6.453333  0.526990  0
6.480000  0.526373  0
6.506667  0.525692  0
6.533333  0.524936  0
6.560000  0.524089  0
6.586667  0.523137  0
6.613333  0.522066  0
6.640000  0.520863  0
6.666667  0.519518  0
6.693333  0.518021  0
6.720000  0.516371  0
6.746667  0.514567  0
6.773333  0.512618  0
6.800000  0.510538  0
6.826667  0.508345  0
6.853333  0.506065  0
6.880000  0.503726  0
6.906667  0.501361  0
6.933333  0.499002  0
6.960000  0.496679  0
6.986667  0.494420  0
7.013333  0.492252  0
7.040000  0.490191  0
7.066667  0.488254  0
7.093333  0.486447  0
7.120000  0.484776  0
7.146667  0.483238  0
7.173333  0.481828  0
7.200000  0.480540  0
7.226667  0.479364  0
7.253333  0.478287  0
7.280000  0.477299  0
7.306667  0.476387  0
7.333333  0.475541  0
7.360000  0.474748  0
7.386667  0.473999  0
7.413333  0.473284  0
7.440000  0.472595  0
7.466667  0.471925  0
7.493333  0.471266  0
7.520000  0.470613  0
7.546667  0.469961  0
7.573333  0.469306  0
7.600000  0.468642  0
7.626667  0.467965  0
7.653333  0.467273  0
7.680000  0.466562  0
7.706667  0.465827  0
7.733333  0.465065  0
7.760000  0.464273  0
7.786667  0.463448  0
7.813333  0.462585  0
7.840000  0.461682  0
7.866667  0.460737  0
7.893333  0.459748  0
7.920000  0.458713  0
7.946667  0.457633  0
7.973333  0.456509  0
8.000000  0.455342  0
8.026667  0.454138  0
8.053333  0.452902  0
8.080000  0.451641  0
8.106667  0.450363  0
8.133333  0.449079  0
8.160000  0.447799  0
8.186667  0.446537  0
8.213333  0.445315  0
8.240000  0.444172  0
8.266667  0.443155  0
8.293333  0.442284  0
8.320000  0.441519  0
8.346667  0.440803  0
8.373333  0.440100  0
8.400000  0.439401  0
8.426667  0.438701  0
8.453333  0.438001  0
8.480000  0.437302  0
8.506667  0.436602  0
8.533333  0.435902  0
8.560000  0.435203  0
8.586667  0.434503  0
8.613333  0.433804  0
8.640000  0.433104  0
8.666667  0.432404  0
8.693333  0.431705  0
8.720000  0.431005  0
8.746667  0.430306  0
8.773333  0.429606  0
8.800000  0.428906  0
8.826667  0.428207  0
8.853333  0.427507  0
8.880000  0.426807  0
8.906667  0.426108  0
8.933333  0.425408  0
8.960000  0.424709  0
8.986667  0.424009  0
9.013333  0.423309  0
9.040000  0.422610  0
9.066667  0.421910  0
9.093333  0.421211  0
9.120000  0.420511  0
9.146667  0.419811  0
9.173333  0.419112  0
9.200000  0.418412  0
9.226667  0.417712  0
9.253333  0.417013  0
9.280000  0.416313  0
9.306667  0.415614  0
9.333333  0.414914  0
9.360000  0.414214  0
9.386667  0.413515  0
9.413333  0.412815  0
9.440000  0.412115  0
9.466667  0.411413  0
9.493333  0.410699  0
9.520000  0.409944  0
9.546667  0.409111  0
9.573333  0.408201  0
9.600000  0.407279  0
9.626667  0.406423  0
9.653333  0.405681  0
9.680000  0.405063  0
9.706667  0.404568  0
9.733333  0.404189  0
9.760000  0.403916  0
9.786667  0.403740  0
9.813333  0.403648  0
9.840000  0.403626  0
9.866667  0.403662  0
9.893333  0.403740  0
9.920000  0.403850  0
9.946667  0.403977  0
9.973333  0.404112  0
10.000000  0.404243  0
10.026667  0.404363  0
10.053333  0.404465  0
10.080000  0.404545  0
10.106667  0.404598  0
10.133333  0.404624  0
10.160000  0.404623  0
10.186667  0.404596  0
10.213333  0.404546  0
10.240000  0.404476  0
10.266667  0.404390  0
10.293333  0.404291  0
10.320000  0.404186  0
10.346667  0.404076  0
10.373333  0.403967  0
10.400000  0.403861  0
10.426667  0.403761  0
10.453333  0.403669  0
10.480000  0.403586  0
10.506667  0.403514  0
10.533333  0.403451  0
10.560000  0.403399  0
10.586667  0.403355  0
10.613333  0.403318  0
10.640000  0.403288  0
10.666667  0.403261  0
10.693333  0.403237  0
10.720000  0.403214  0
10.746667  0.403190  0
10.773333  0.403162  0
10.800000  0.403131  0
10.826667  0.403094  0
10.853333  0.403050  0
10.880000  0.402999  0
10.906667  0.402940  0
10.933333  0.402872  0
10.960000  0.402796  0
10.986667  0.402711  0
11.013333  0.402616  0
11.040000  0.402514  0
11.066667  0.402403  0
11.093333  0.402284  0
11.120000  0.402158  0
11.146667  0.402024  0
11.173333  0.401883  0
11.200000  0.401736  0
11.226667  0.401583  0
11.253333  0.401423  0
11.280000  0.401258  0
11.306667  0.401087  0
11.333333  0.400911  0
11.360000  0.400729  0
11.386667  0.400542  0
11.413333  0.400350  0
11.440000  0.400153  0
11.466667  0.399951  0
11.493333  0.399745  0
11.520000  0.399534  0
11.546667  0.399318  0
11.573333  0.399098  0
11.600000  0.398873  0
11.626667  0.398644  0
11.653333  0.398412  0
11.680000  0.398175  0
11.706667  0.397935  0
11.733333  0.397691  0
11.760000  0.397444  0
11.786667  0.397194  0
11.813333  0.396942  0
11.840000  0.396687  0
11.866667  0.396430  0
11.893333  0.396171  0
11.920000  0.395911  0
11.946667  0.395650  0
11.973333  0.395388  0
12.000000  0.395126  0
12.026667  0.394865  0
12.053333  0.394605  0
12.080000  0.394346  0
12.106667  0.394089  0
12.133333  0.393834  0
12.160000  0.393582  0
12.186667  0.393333  0
12.213333  0.393088  0
12.240000  0.392847  0
12.266667  0.392609  0
12.293333  0.392376  0
12.320000  0.392147  0
12.346667  0.391921  0
12.373333  0.391700  0
12.400000  0.391481  0
12.426667  0.391265  0
12.453333  0.391051  0
12.480000  0.390839  0
12.506667  0.390627  0
12.533333  0.390415  0
12.560000  0.390202  0
12.586667  0.389988  0
12.613333  0.389771  0
12.640000  0.389551  0
12.666667  0.389328  0
12.693333  0.389102  0
12.720000  0.388871  0
12.746667  0.388637  0
12.773333  0.388398  0
12.800000  0.388155  0
12.826667  0.387909  0
12.853333  0.387660  0
12.880000  0.387407  0
12.906667  0.387152  0
12.933333  0.386895  0
12.960000  0.386636  0
12.986667  0.386375  0
13.013333  0.386114  0
13.040000  0.385853  0
13.066667  0.385592  0
13.093333  0.385331  0
13.120000  0.385072  0
13.146667  0.384815  0
13.173333  0.384559  0
13.200000  0.384307  0
13.226667  0.384057  0
13.253333  0.383810  0
13.280000  0.383567  0
13.306667  0.383327  0
13.333333  0.383091  0
13.360000  0.382859  0
13.386667  0.382630  0
13.413333  0.382406  0
13.440000  0.382185  0
13.466667  0.381967  0
13.493333  0.381752  0
13.520000  0.381540  0
13.546667  0.381332  0
13.573333  0.381126  0
13.600000  0.380924  0
13.626667  0.380726  0
13.653333  0.380532  0
13.680000  0.380344  0
13.706667  0.380161  0
13.733333  0.379986  0
13.760000  0.379820  0
13.786667  0.379663  0
13.813333  0.379516  0
13.840000  0.379379  0
13.866667  0.379251  0
13.893333  0.379129  0
13.920000  0.379010  0
13.946667  0.378890  0
13.973333  0.378766  0
14.000000  0.378634  0
14.026667  0.378494  0
14.053333  0.378344  0
14.080000  0.378187  0
14.106667  0.378023  0
14.133333  0.377855  0
14.160000  0.377684  0
14.186667  0.377511  0
14.213333  0.377337  0
14.240000  0.377162  0
14.266667  0.376987  0
14.293333  0.376812  0
14.320000  0.376637  0
14.346667  0.376462  0
14.373333  0.376287  0
14.400000  0.376112  0
14.426667  0.375937  0
14.453333  0.375762  0
14.480000  0.375587  0
14.506667  0.375412  0
14.533333  0.375237  0
14.560000  0.375062  0
14.586667  0.374887  0
14.613333  0.374712  0
14.640000  0.374537  0
14.666667  0.374362  0
14.693333  0.374187  0
14.720000  0.374011  0
14.746667  0.373836  0
14.773333  0.373661  0
14.800000  0.373486  0
14.826667  0.373311  0
14.853333  0.373136  0
14.880000  0.372961  0
14.906667  0.372786  0
14.933333  0.372611  0
14.960000  0.372436  0
14.986667  0.372261  0
15.013333  0.372086  0
15.040000  0.371911  0
15.066667  0.371736  0
15.093333  0.371561  0
15.120000  0.371386  0
15.146667  0.371211  0
15.173333  0.371036  0
15.200000  0.370861  0
15.226667  0.370686  0
15.253333  0.370511  0
15.280000  0.370336  0
15.306667  0.370161  0
15.333333  0.369986  0
15.360000  0.369811  0
15.386667  0.369635  0
15.413333  0.369460  0
15.440000  0.369285  0
15.466667  0.369110  0
15.493333  0.368935  0
15.520000  0.368760  0
15.546667  0.368585  0
15.573333  0.368410  0
15.600000  0.368235  0
15.626667  0.368060  0
15.653333  0.367885  0
15.680000  0.367710  0
15.706667  0.367535  0
15.733333  0.367360  0
15.760000  0.367185  0
15.786667  0.367010  0
15.813333  0.366835  0
15.840000  0.366660  0
15.866667  0.366485  0
15.893333  0.366310  0
15.920000  0.366135  0
15.946667  0.365960  0
15.973333  0.365785  0
16.000000  0.365610  0
16.026667  0.365434  0
16.053333  0.365259  0
16.080000  0.365084  0
16.106667  0.364909  0
16.133333  0.364734  0
16.160000  0.364559  0
16.186667  0.364384  0
16.213333  0.364209  0
16.240000  0.364034  0
16.266667  0.363859  0
16.293333  0.363684  0
16.320000  0.363509  0
16.346667  0.363334  0
16.373333  0.363159  0
16.400000  0.362984  0
16.426667  0.362809  0
16.453333  0.362634  0
16.480000  0.362459  0
16.506667  0.362284  0
16.533333  0.362109  0
16.560000  0.361934  0
16.586667  0.361759  0
16.613333  0.361584  0
16.640000  0.361409  0
16.666667  0.361234  0
16.693333  0.361058  0
16.720000  0.360883  0
16.746667  0.360708  0
16.773333  0.360533  0
16.800000  0.360358  0
16.826667  0.360183  0
16.853333  0.360008  0
16.880000  0.359833  0
16.906667  0.359658  0
16.933333  0.359483  0
16.960000  0.359308  0
16.986667  0.359133  0
17.013333  0.358958  0
17.040000  0.358783  0
17.066667  0.358608  0
17.093333  0.358433  0
17.120000  0.358258  0
17.146667  0.358083  0
17.173333  0.357908  0
17.200000  0.357733  0
17.226667  0.357558  0
17.253333  0.357383  0
17.280000  0.357208  0
17.306667  0.357034  0
17.333333  0.356860  0
17.360000  0.356689  0
17.386667  0.356522  0
17.413333  0.356362  0
17.440000  0.356213  0
17.466667  0.356082  0
17.493333  0.355976  0
17.520000  0.355900  0
17.546667  0.355860  0
