3.600000  0.748584  0
3.626667  0.744337  0
3.653333  0.739843  0
3.680000  0.735182  0
3.706667  0.730413  0
3.733333  0.725578  0
3.760000  0.720702  0
3.786667  0.715798  0
3.813333  0.710867  0
3.840000  0.705910  0
3.866667  0.700932  0
3.893333  0.695946  0
3.920000  0.690978  0
3.946667  0.686065  0
3.973333  0.681254  0
4.000000  0.676599  0
4.026667  0.672151  0
4.053333  0.667950  0
4.080000  0.664027  0
4.106667  0.660391  0
4.133333  0.657036  0
4.160000  0.653941  0
4.186667  0.651074  0
4.213333  0.648401  0
4.240000  0.645891  0
4.266667  0.643523  0
4.293333  0.641286  0
4.320000  0.639182  0
4.346667  0.637224  0
4.373333  0.635430  0
4.400000  0.633821  0
4.426667  0.632415  0
4.453333  0.631220  0
4.480000  0.630237  0
4.506667  0.629457  0
4.533333  0.628861  0
4.560000  0.628423  0
4.586667  0.628115  0
4.613333  0.627911  0
4.640000  0.627785  0
4.666667  0.627717  0
4.693333  0.627691  0
4.720000  0.627697  0
4.746667  0.627724  0
4.773333  0.627762  0
4.800000  0.627802  0
4.826667  0.627829  0
4.853333  0.627826  0
4.880000  0.627771  0
4.906667  0.627642  0
4.933333  0.627412  0
4.960000  0.627059  0
4.986667  0.626560  0
5.013333  0.625896  0
5.040000  0.625056  0
5.066667  0.624036  0
5.093333  0.622841  0
5.120000  0.621485  0
5.146667  0.619995  0
5.173333  0.618405  0
5.200000  0.616758  0
5.226667  0.615098  0
5.253333  0.613470  0
5.280000  0.611911  0
5.306667  0.610452  0
5.333333  0.609110  0
5.360000  0.607889  0
5.386667  0.606782  0
5.413333  0.605772  0
5.440000  0.604837  0
5.466667  0.603951  0
5.493333  0.603092  0
5.520000  0.602241  0
5.546667  0.601384  0
5.573333  0.600512  0
5.600000  0.599621  0
5.626667  0.598709  0
5.653333  0.597777  0
5.680000  0.596827  0
5.706667  0.595861  0
5.733333  0.594882  0
5.760000  0.593891  0
5.786667  0.592886  0
5.813333  0.591842  0
5.840000  0.590715  0
5.866667  0.589481  0
5.893333  0.588164  0
5.920000  0.586806  0
5.946667  0.585437  0
5.973333  0.584066  0
6.000000  0.582694  0
6.026667  0.581323  0
6.053333  0.579951  0
6.080000  0.578580  0
6.106667  0.577209  0
6.133333  0.575837  0
6.160000  0.574466  0
6.186667  0.573094  0
6.213333  0.571723  0
6.240000  0.570351  0
6.266667  0.568980  0
6.293333  0.567608  0
6.320000  0.566237  0
6.346667  0.564866  0
6.373333  0.563494  0
6.400000  0.562123  0
6.426667  0.560751  0
6.453333  0.559380  0
6.480000  0.558008  0
6.506667  0.556637  0
6.533333  0.555266  0
6.560000  0.553894  0
6.586667  0.552523  0
6.613333  0.551151  0
6.640000  0.549780  0
6.666667  0.548408  0
6.693333  0.547037  0
6.720000  0.545666  0
6.746667  0.544294  0
6.773333  0.542923  0
6.800000  0.541551  0
6.826667  0.540180  0
6.853333  0.538808  0
6.880000  0.537437  0
6.906667  0.536066  0
6.933333  0.534694  0
6.960000  0.533323  0
6.986667  0.531951  0
7.013333  0.530580  0
7.040000  0.529208  0
7.066667  0.527837  0
7.093333  0.526465  0
7.120000  0.525094  0
7.146667  0.523723  0
7.173333  0.522351  0
7.200000  0.520980  0
7.226667  0.519608  0
7.253333  0.518232  0
7.280000  0.516837  0
7.306667  0.515374  0
7.333333  0.513777  0
7.360000  0.512035  0
7.386667  0.510224  0
7.413333  0.508430  0
7.440000  0.506684  0
7.466667  0.504966  0
7.493333  0.503253  0
7.520000  0.501524  0
7.546667  0.499771  0
7.573333  0.497990  0
7.600000  0.496185  0
7.626667  0.494359  0
7.653333  0.492516  0
7.680000  0.490662  0
7.706667  0.488798  0
7.733333  0.486928  0
7.760000  0.485056  0
7.786667  0.483188  0
7.813333  0.481335  0
7.840000  0.479511  0
7.866667  0.477732  0
7.893333  0.476019  0
7.920000  0.474390  0
7.946667  0.472865  0
7.973333  0.471459  0
8.000000  0.470184  0
8.026667  0.469043  0
8.053333  0.468034  0
8.080000  0.467149  0
8.106667  0.466373  0
8.133333  0.465689  0
8.160000  0.465074  0
8.186667  0.464508  0
8.213333  0.463969  0
8.240000  0.463437  0
8.266667  0.462896  0
8.293333  0.462333  0
8.320000  0.461740  0
8.346667  0.461109  0
8.373333  0.460438  0
8.400000  0.459728  0
8.426667  0.458981  0
8.453333  0.458200  0
8.480000  0.457393  0
8.506667  0.456565  0
8.533333  0.455726  0
8.560000  0.454881  0
8.586667  0.454037  0
8.613333  0.453198  0
8.640000  0.452366  0
8.666667  0.451539  0
8.693333  0.450715  0
8.720000  0.449889  0
8.746667  0.449059  0
8.773333  0.448224  0
8.800000  0.447389  0
8.826667  0.446566  0
8.853333  0.445774  0
8.880000  0.445036  0
8.906667  0.444378  0
8.933333  0.443824  0
8.960000  0.443392  0
8.986667  0.443090  0
9.013333  0.442913  0
9.040000  0.442846  0
9.066667  0.442862  0
9.093333  0.442929  0
9.120000  0.443013  0
9.146667  0.443084  0
9.173333  0.443114  0
9.200000  0.443086  0
9.226667  0.442988  0
9.253333  0.442817  0
9.280000  0.442574  0
9.306667  0.442263  0
9.333333  0.441890  0
9.360000  0.441462  0
9.386667  0.440987  0
9.413333  0.440469  0
9.440000  0.439915  0
9.466667  0.439330  0
9.493333  0.438719  0
9.520000  0.438086  0
9.546667  0.437437  0
9.573333  0.436780  0
9.600000  0.436121  0
9.626667  0.435471  0
9.653333  0.434840  0
9.680000  0.434240  0
9.706667  0.433682  0
9.733333  0.433178  0
9.760000  0.432741  0
9.786667  0.432378  0
9.813333  0.432098  0
9.840000  0.431905  0
9.866667  0.431799  0
9.893333  0.431778  0
9.920000  0.431833  0
9.946667  0.431954  0
9.973333  0.432123  0
10.000000  0.432319  0
10.026667  0.432520  0
10.053333  0.432701  0
10.080000  0.432841  0
10.106667  0.432921  0
10.133333  0.432928  0
10.160000  0.432855  0
10.186667  0.432703  0
10.213333  0.432481  0
10.240000  0.432200  0
10.266667  0.431875  0
10.293333  0.431523  0
10.320000  0.431157  0
10.346667  0.430788  0
10.373333  0.430424  0
10.400000  0.430068  0
10.426667  0.429722  0
10.453333  0.429385  0
10.480000  0.429059  0
10.506667  0.428743  0
10.533333  0.428439  0
10.560000  0.428148  0
10.586667  0.427873  0
10.613333  0.427615  0
10.640000  0.427371  0
10.666667  0.427139  0
10.693333  0.426911  0
10.720000  0.426678  0
10.746667  0.426431  0
10.773333  0.426160  0
10.800000  0.425855  0
10.826667  0.425510  0
10.853333  0.425124  0
10.880000  0.424696  0
10.906667  0.424234  0
10.933333  0.423745  0
10.960000  0.423243  0
10.986667  0.422739  0
11.013333  0.422249  0
11.040000  0.421785  0
11.066667  0.421361  0
11.093333  0.420986  0
11.120000  0.420667  0
11.146667  0.420407  0
11.173333  0.420208  0
11.200000  0.420065  0
11.226667  0.419973  0
11.253333  0.419925  0
11.280000  0.419910  0
11.306667  0.419918  0
11.333333  0.419938  0
11.360000  0.419960  0
11.386667  0.419974  0
11.413333  0.419975  0
11.440000  0.419956  0
11.466667  0.419917  0
11.493333  0.419857  0
11.520000  0.419779  0
11.546667  0.419685  0
11.573333  0.419581  0
11.600000  0.419470  0
11.626667  0.419358  0
11.653333  0.419250  0
11.680000  0.419149  0
11.706667  0.419060  0
11.733333  0.418987  0
11.760000  0.418934  0
11.786667  0.418905  0
11.813333  0.418899  0
11.840000  0.418918  0
11.866667  0.418958  0
11.893333  0.419015  0
11.920000  0.419082  0
11.946667  0.419152  0
11.973333  0.419217  0
12.000000  0.419269  0
12.026667  0.419304  0
12.053333  0.419320  0
12.080000  0.419316  0
12.106667  0.419295  0
12.133333  0.419263  0
12.160000  0.419226  0
12.186667  0.419191  0
12.213333  0.419167  0
12.240000  0.419158  0
12.266667  0.419172  0
12.293333  0.419215  0
12.320000  0.419288  0
12.346667  0.419397  0
12.373333  0.419542  0
12.400000  0.419725  0
12.426667  0.419945  0
12.453333  0.420202  0
12.480000  0.420492  0
12.506667  0.420813  0
12.533333  0.421160  0
12.560000  0.421528  0
12.586667  0.421912  0
12.613333  0.422304  0
12.640000  0.422700  0
12.666667  0.423091  0
12.693333  0.423472  0
12.720000  0.423837  0
12.746667  0.424177  0
12.773333  0.424488  0
12.800000  0.424764  0
12.826667  0.424998  0
12.853333  0.425188  0
12.880000  0.425330  0
12.906667  0.425426  0
12.933333  0.425479  0
12.960000  0.425495  0
12.986667  0.425480  0
13.013333  0.425447  0
13.040000  0.425405  0
13.066667  0.425366  0
13.093333  0.425341  0
13.120000  0.425337  0
13.146667  0.425360  0
13.173333  0.425414  0
13.200000  0.425497  0
13.226667  0.425606  0
13.253333  0.425735  0
13.280000  0.425874  0
13.306667  0.426014  0
13.333333  0.426147  0
13.360000  0.426262  0
13.386667  0.426354  0
13.413333  0.426418  0
13.440000  0.426453  0
13.466667  0.426457  0
13.493333  0.426433  0
13.520000  0.426385  0
13.546667  0.426315  0
13.573333  0.426226  0
13.600000  0.426123  0
13.626667  0.426007  0
13.653333  0.425879  0
13.680000  0.425740  0
13.706667  0.425589  0
13.733333  0.425425  0
13.760000  0.425248  0
13.786667  0.425057  0
13.813333  0.424851  0
13.840000  0.424629  0
13.866667  0.424391  0
13.893333  0.424139  0
13.920000  0.423874  0
13.946667  0.423596  0
13.973333  0.423307  0
14.000000  0.423010  0
14.026667  0.422706  0
14.053333  0.422396  0
14.080000  0.422082  0
14.106667  0.421765  0
14.133333  0.421446  0
14.160000  0.421126  0
14.186667  0.420805  0
14.213333  0.420483  0
14.240000  0.420161  0
14.266667  0.419839  0
14.293333  0.419517  0
14.320000  0.419195  0
14.346667  0.418873  0
14.373333  0.418550  0
14.400000  0.418228  0
14.426667  0.417906  0
14.453333  0.417583  0
14.480000  0.417261  0
14.506667  0.416939  0
14.533333  0.416616  0
14.560000  0.416294  0
14.586667  0.415972  0
14.613333  0.415649  0
14.640000  0.415327  0
14.666667  0.415005  0
14.693333  0.414682  0
14.720000  0.414360  0
14.746667  0.414038  0
14.773333  0.413715  0
14.800000  0.413393  0
14.826667  0.413071  0
14.853333  0.412748  0
14.880000  0.412426  0
14.906667  0.412104  0
14.933333  0.411782  0
14.960000  0.411459  0
14.986667  0.411137  0
15.013333  0.410815  0
15.040000  0.410492  0
15.066667  0.410170  0
15.093333  0.409848  0
15.120000  0.409525  0
15.146667  0.409203  0
15.173333  0.408881  0
15.200000  0.408558  0
15.226667  0.408236  0
15.253333  0.407914  0
15.280000  0.407592  0
15.306667  0.407270  0
15.333333  0.406949  0
15.360000  0.406628  0
15.386667  0.406308  0
15.413333  0.405991  0
15.440000  0.405675  0
15.466667  0.405363  0
15.493333  0.405056  0
15.520000  0.404755  0
15.546667  0.404462  0
15.573333  0.404178  0
15.600000  0.403907  0
15.626667  0.403648  0
15.653333  0.403404  0
15.680000  0.403175  0
15.706667  0.402962  0
15.733333  0.402764  0
15.760000  0.402580  0
15.786667  0.402410  0
15.813333  0.402251  0
15.840000  0.402101  0
15.866667  0.401960  0
15.893333  0.401825  0
15.920000  0.401695  0
15.946667  0.401569  0
15.973333  0.401445  0
16.000000  0.401322  0
16.026667  0.401200  0
16.053333  0.401080  0
16.080000  0.400959  0
16.106667  0.400839  0
16.133333  0.400719  0
16.160000  0.400599  0
16.186667  0.400479  0
16.213333  0.400359  0
16.240000  0.400240  0
16.266667  0.400120  0
16.293333  0.400000  0
16.320000  0.399880  0
16.346667  0.399760  0
16.373333  0.399640  0
16.400000  0.399520  0
16.426667  0.399401  0
16.453333  0.399281  0
16.480000  0.399161  0
16.506667  0.399041  0
16.533333  0.398921  0
16.560000  0.398801  0
16.586667  0.398681  0
16.613333  0.398561  0
16.640000  0.398442  0
16.666667  0.398322  0
16.693333  0.398202  0
16.720000  0.398082  0
16.746667  0.397962  0
16.773333  0.397842  0
16.800000  0.397722  0
16.826667  0.397603  0
16.853333  0.397483  0
16.880000  0.397363  0
16.906667  0.397243  0
16.933333  0.397123  0
16.960000  0.397003  0
16.986667  0.396883  0
17.013333  0.396764  0
17.040000  0.396644  0
17.066667  0.396524  0
17.093333  0.396404  0
17.120000  0.396284  0
17.146667  0.396164  0
17.173333  0.396044  0
17.200000  0.395925  0
17.226667  0.395805  0
17.253333  0.395685  0
17.280000  0.395565  0
17.306667  0.395445  0
17.333333  0.395325  0
17.360000  0.395205  0
17.386667  0.395086  0
17.413333  0.394966  0
17.440000  0.394846  0
17.466667  0.394726  0
17.493333  0.394606  0
17.520000  0.394486  0
17.546667  0.394366  0
17.573333  0.394246  0
17.600000  0.394127  0
17.626667  0.394007  0
17.653333  0.393887  0
17.680000  0.393767  0
17.706667  0.393647  0
17.733333  0.393527  0
17.760000  0.393407  0
17.786667  0.393288  0
17.813333  0.393168  0
17.840000  0.393048  0
17.866667  0.392928  0
17.893333  0.392808  0
17.920000  0.392688  0
17.946667  0.392568  0
17.973333  0.392449  0
18.000000  0.392329  0
18.026667  0.392209  0
18.053333  0.392089  0
18.080000  0.391969  0
18.106667  0.391849  0
18.133333  0.391729  0
18.160000  0.391610  0
18.186667  0.391490  0
18.213333  0.391370  0
18.240000  0.391250  0
18.266667  0.391130  0
18.293333  0.391010  0
18.320000  0.390890  0
18.346667  0.390770  0
18.373333  0.390651  0
18.400000  0.390531  0
18.426667  0.390411  0
18.453333  0.390291  0
18.480000  0.390171  0
18.506667  0.390051  0
18.533333  0.389931  0
18.560000  0.389812  0
18.586667  0.389692  0
18.613333  0.389572  0
18.640000  0.389452  0
18.666667  0.389332  0
18.693333  0.389212  0
18.720000  0.389092  0
18.746667  0.388973  0
18.773333  0.388853  0
18.800000  0.388733  0
18.826667  0.388613  0
18.853333  0.388493  0
18.880000  0.388373  0
18.906667  0.388253  0
18.933333  0.388134  0
18.960000  0.388014  0
18.986667  0.387894  0
19.013333  0.387774  0
19.040000  0.387654  0
19.066667  0.387534  0
19.093333  0.387414  0
19.120000  0.387295  0
19.146667  0.387175  0
19.173333  0.387055  0
19.200000  0.386935  0
19.226667  0.386815  0
19.253333  0.386695  0
19.280000  0.386575  0
19.306667  0.386455  0
19.333333  0.386336  0
19.360000  0.386216  0
19.386667  0.386096  0
19.413333  0.385976  0
19.440000  0.385856  0
19.466667  0.385736  0
19.493333  0.385616  0
19.520000  0.385497  0
19.546667  0.385377  0
19.573333  0.385257  0
19.600000  0.385137  0
19.626667  0.385017  0
19.653333  0.384897  0
19.680000  0.384777  0
19.706667  0.384658  0
19.733333  0.384538  0
19.760000  0.384418  0
19.786667  0.384298  0
19.813333  0.384178  0
19.840000  0.384058  0
19.866667  0.383938  0
19.893333  0.383819  0
19.920000  0.383699  0
19.946667  0.383579  0
19.973333  0.383459  0
20.000000  0.383339  0
20.026667  0.383219  0
20.053333  0.383099  0
20.080000  0.382980  0
20.106667  0.382860  0
20.133333  0.382740  0
20.160000  0.382620  0
20.186667  0.382500  0
20.213333  0.382380  0
20.240000  0.382260  0
20.266667  0.382140  0
20.293333  0.382021  0
20.320000  0.381901  0
20.346667  0.381781  0
20.373333  0.381661  0
20.400000  0.381541  0
20.426667  0.381421  0
20.453333  0.381301  0
20.480000  0.381182  0
20.506667  0.381062  0
20.533333  0.380942  0
20.560000  0.380822  0
20.586667  0.380702  0
20.613333  0.380582  0
20.640000  0.380462  0
20.666667  0.380343  0
20.693333  0.380223  0
20.720000  0.380103  0
20.746667  0.379983  0
20.773333  0.379863  0
20.800000  0.379743  0
20.826667  0.379623  0
20.853333  0.379504  0
20.880000  0.379384  0
20.906667  0.379264  0
20.933333  0.379144  0
20.960000  0.379024  0
20.986667  0.378904  0
21.013333  0.378784  0
21.040000  0.378665  0
21.066667  0.378545  0
21.093333  0.378425  0
21.120000  0.378305  0
21.146667  0.378185  0
21.173333  0.378065  0
21.200000  0.377945  0
21.226667  0.377825  0
21.253333  0.377706  0
21.280000  0.377586  0
21.306667  0.377466  0
21.333333  0.377346  0
21.360000  0.377226  0
21.386667  0.377106  0
21.413333  0.376986  0
21.440000  0.376867  0
21.466667  0.376747  0
21.493333  0.376627  0
21.520000  0.376507  0
21.546667  0.376387  0
21.573333  0.376267  0
21.600000  0.376147  0
21.626667  0.376028  0
21.653333  0.375908  0
21.680000  0.375788  0
21.706667  0.375668  0
21.733333  0.375548  0
21.760000  0.375428  0
21.786667  0.375308  0
21.813333  0.375189  0
21.840000  0.375069  0
21.866667  0.374949  0
21.893333  0.374829  0
21.920000  0.374709  0
21.946667  0.374589  0
21.973333  0.374469  0
22.000000  0.374350  0
22.026667  0.374230  0
22.053333  0.374110  0
22.080000  0.373990  0
22.106667  0.373870  0
22.133333  0.373750  0
22.160000  0.373630  0
22.186667  0.373510  0
22.213333  0.373391  0
22.240000  0.373271  0
22.266667  0.373151  0
22.293333  0.373031  0
22.320000  0.372911  0
22.346667  0.372791  0
22.373333  0.372671  0
22.400000  0.372552  0
22.426667  0.372432  0
22.453333  0.372312  0
22.480000  0.372192  0
22.506667  0.372072  0
22.533333  0.371952  0
22.560000  0.371832  0
22.586667  0.371713  0
22.613333  0.371593  0
22.640000  0.371473  0
22.666667  0.371353  0
22.693333  0.371233  0
22.720000  0.371113  0
22.746667  0.370993  0
22.773333  0.370874  0
22.800000  0.370754  0
22.826667  0.370634  0
22.853333  0.370514  0
22.880000  0.370394  0
22.906667  0.370274  0
22.933333  0.370154  0
22.960000  0.370035  0
22.986667  0.369915  0
23.013333  0.369795  0
23.040000  0.369675  0
23.066667  0.369555  0
23.093333  0.369435  0
23.120000  0.369315  0
23.146667  0.369195  0
23.173333  0.369076  0
23.200000  0.368956  0
23.226667  0.368836  0
23.253333  0.368716  0
23.280000  0.368596  0
23.306667  0.368476  0
23.333333  0.368356  0
23.360000  0.368237  0
23.386667  0.368117  0
23.413333  0.367997  0
23.440000  0.367877  0
23.466667  0.367757  0
23.493333  0.367637  0
23.520000  0.367517  0
23.546667  0.367398  0
23.573333  0.367278  0
23.600000  0.367158  0
23.626667  0.367038  0
23.653333  0.366918  0
23.680000  0.366798  0
23.706667  0.366678  0
23.733333  0.366559  0
23.760000  0.366439  0
23.786667  0.366319  0
23.813333  0.366199  0
23.840000  0.366079  0
23.866667  0.365959  0
23.893333  0.365839  0
23.920000  0.365719  0
23.946667  0.365600  0
23.973333  0.365480  0
24.000000  0.365360  0
24.026667  0.365240  0
24.053333  0.365120  0
24.080000  0.365000  0
24.106667  0.364880  0
24.133333  0.364761  0
24.160000  0.364641  0
24.186667  0.364521  0
24.213333  0.364401  0
24.240000  0.364281  0
24.266667  0.364161  0
24.293333  0.364041  0
24.320000  0.363922  0
24.346667  0.363802  0
24.373333  0.363682  0
24.400000  0.363562  0
24.426667  0.363442  0
24.453333  0.363322  0
24.480000  0.363202  0
24.506667  0.363083  0
24.533333  0.362963  0
24.560000  0.362843  0
24.586667  0.362723  0
24.613333  0.362603  0
24.640000  0.362483  0
24.666667  0.362363  0
24.693333  0.362244  0
24.720000  0.362124  0
24.746667  0.362004  0
24.773333  0.361884  0
24.800000  0.361764  0
24.826667  0.361644  0
24.853333  0.361524  0
24.880000  0.361404  0
24.906667  0.361285  0
24.933333  0.361165  0
24.960000  0.361045  0
24.986667  0.360925  0
25.013333  0.360805  0
25.040000  0.360685  0
25.066667  0.360565  0
25.093333  0.360446  0
25.120000  0.360326  0
25.146667  0.360206  0
25.173333  0.360086  0
25.200000  0.359966  0
25.226667  0.359846  0
25.253333  0.359726  0
25.280000  0.359607  0
25.306667  0.359487  0
25.333333  0.359367  0
25.360000  0.359247  0
25.386667  0.359127  0
25.413333  0.359007  0
25.440000  0.358887  0
25.466667  0.358768  0
25.493333  0.358648  0
25.520000  0.358528  0
25.546667  0.358408  0
25.573333  0.358288  0
25.600000  0.358168  0
25.626667  0.358048  0
25.653333  0.357929  0
25.680000  0.357809  0
25.706667  0.357689  0
25.733333  0.357569  0
25.760000  0.357449  0
25.786667  0.357329  0
25.813333  0.357209  0
25.840000  0.357089  0
25.866667  0.356970  0
25.893333  0.356850  0
25.920000  0.356730  0
25.946667  0.356610  0
25.973333  0.356490  0
26.000000  0.356370  0
26.026667  0.356250  0
26.053333  0.356131  0
26.080000  0.356011  0
26.106667  0.355891  0
26.133333  0.355771  0
26.160000  0.355651  0
26.186667  0.355531  0
26.213333  0.355411  0
26.240000  0.355292  0
26.266667  0.355172  0
26.293333  0.355052  0
26.320000  0.354932  0
26.346667  0.354812  0
26.373333  0.354692  0
26.400000  0.354572  0
26.426667  0.354453  0
26.453333  0.354333  0
26.480000  0.354213  0
26.506667  0.354093  0
26.533333  0.353973  0
26.560000  0.353853  0
26.586667  0.353733  0
26.613333  0.353614  0
26.640000  0.353494  0
26.666667  0.353374  0
26.693333  0.353254  0
26.720000  0.353134  0
26.746667  0.353014  0
26.773333  0.352894  0
26.800000  0.352774  0
26.826667  0.352655  0
26.853333  0.352535  0
26.880000  0.352415  0
26.906667  0.352295  0
26.933333  0.352175  0
26.960000  0.352055  0
26.986667  0.351935  0
27.013333  0.351816  0
27.040000  0.351696  0
27.066667  0.351576  0
27.093333  0.351456  0
27.120000  0.351336  0
27.146667  0.351216  0
27.173333  0.351096  0
27.200000  0.350977  0
27.226667  0.350857  0
27.253333  0.350737  0
27.280000  0.350617  0
27.306667  0.350497  0
27.333333  0.350377  0
27.360000  0.350257  0
27.386667  0.350138  0
27.413333  0.350018  0
27.440000  0.349898  0
27.466667  0.349778  0
27.493333  0.349658  0
27.520000  0.349538  0
27.546667  0.349418  0
27.573333  0.349299  0
27.600000  0.349179  0
27.626667  0.349059  0
27.653333  0.348939  0
27.680000  0.348819  0
27.706667  0.348699  0
27.733333  0.348579  0
27.760000  0.348459  0
27.786667  0.348340  0
27.813333  0.348220  0
27.840000  0.348100  0
27.866667  0.347980  0
27.893333  0.347860  0
27.920000  0.347740  0
27.946667  0.347620  0
27.973333  0.347501  0
28.000000  0.347381  0
28.026667  0.347261  0
28.053333  0.347141  0
28.080000  0.347021  0
28.106667  0.346901  0
28.133333  0.346781  0
28.160000  0.346662  0
28.186667  0.346542  0
28.213333  0.346422  0
28.240000  0.346302  0
28.266667  0.346182  0
28.293333  0.346062  0
28.320000  0.345942  0
28.346667  0.345823  0
28.373333  0.345703  0
28.400000  0.345583  0
28.426667  0.345463  0
28.453333  0.345343  0
28.480000  0.345223  0
28.506667  0.345103  0
28.533333  0.344984  0
28.560000  0.344864  0
28.586667  0.344744  0
28.613333  0.344624  0
28.640000  0.344504  0
28.666667  0.344384  0
28.693333  0.344264  0
28.720000  0.344144  0
28.746667  0.344025  0
28.773333  0.343905  0
28.800000  0.343785  0
28.826667  0.343665  0
28.853333  0.343545  0
28.880000  0.343425  0
28.906667  0.343305  0
28.933333  0.343186  0
28.960000  0.343066  0
28.986667  0.342946  0
29.013333  0.342826  0
29.040000  0.342706  0
29.066667  0.342586  0
29.093333  0.342466  0
29.120000  0.342347  0
29.146667  0.342227  0
29.173333  0.342107  0
29.200000  0.341987  0
29.226667  0.341867  0
29.253333  0.341747  0
29.280000  0.341628  0
29.306667  0.341508  0
29.333333  0.341389  0
29.360000  0.341270  0
29.386667  0.341152  0
29.413333  0.341036  0
29.440000  0.340921  0
29.466667  0.340809  0
29.493333  0.340700  0
29.520000  0.340597  0
29.546667  0.340501  0
29.573333  0.340413  0
29.600000  0.340335  0
29.626667  0.340270  0
29.653333  0.340220  0
29.680000  0.340185  0
29.706667  0.340168  0
