2.773333  0.810018  0
2.800000  0.809505  0
2.826667  0.808505  0
2.853333  0.807062  0
2.880000  0.805237  0
2.906667  0.803100  0
2.933333  0.800718  0
2.960000  0.798153  0
2.986667  0.795459  0
3.013333  0.792677  0
3.040000  0.789835  0
3.066667  0.786955  0
3.093333  0.784048  0
3.120000  0.781118  0
3.146667  0.778167  0
3.173333  0.775192  0
3.200000  0.772190  0
3.226667  0.769155  0
3.253333  0.766085  0
3.280000  0.762977  0
3.306667  0.759828  0
3.333333  0.756640  0
3.360000  0.753416  0
3.386667  0.750160  0
3.413333  0.746876  0
3.440000  0.743571  0
3.466667  0.740249  0
3.493333  0.736917  0
3.520000  0.733580  0
3.546667  0.730243  0
3.573333  0.726911  0
3.600000  0.723592  0
3.626667  0.720296  0
3.653333  0.717032  0
3.680000  0.713815  0
3.706667  0.710659  0
3.733333  0.707580  0
3.760000  0.704593  0
3.786667  0.701711  0
3.813333  0.698941  0
3.840000  0.696288  0
3.866667  0.693748  0
3.893333  0.691314  0
3.920000  0.688973  0
3.946667  0.686710  0
3.973333  0.684509  0
4.000000  0.682355  0
4.026667  0.680233  0
4.053333  0.678134  0
4.080000  0.676048  0
4.106667  0.673967  0
4.133333  0.671889  0
4.160000  0.669809  0
4.186667  0.667726  0
4.213333  0.665637  0
4.240000  0.663541  0
4.266667  0.661434  0
4.293333  0.659312  0
4.320000  0.657169  0
4.346667  0.654994  0
4.373333  0.652776  0
4.400000  0.650500  0
4.426667  0.648147  0
4.453333  0.645700  0
4.480000  0.643141  0
4.506667  0.640458  0
4.533333  0.637643  0
4.560000  0.634694  0
4.586667  0.631619  0
4.613333  0.628431  0
4.640000  0.625150  0
4.666667  0.621804  0
4.693333  0.618421  0
4.720000  0.615032  0
4.746667  0.611667  0
4.773333  0.608354  0
4.800000  0.605120  0
4.826667  0.601983  0
4.853333  0.598956  0
4.880000  0.596047  0
4.906667  0.593256  0
4.933333  0.590574  0
4.960000  0.587992  0
4.986667  0.585494  0
5.013333  0.583066  0
5.040000  0.580695  0
5.066667  0.578371  0
5.093333  0.576089  0
5.120000  0.573850  0
5.146667  0.571660  0
5.173333  0.569531  0
5.200000  0.567480  0
5.226667  0.565528  0
5.253333  0.563697  0
5.280000  0.562007  0
5.306667  0.560475  0
5.333333  0.559110  0
5.360000  0.557915  0
5.386667  0.556884  0
5.413333  0.556002  0
5.440000  0.555252  0
5.466667  0.554611  0
5.493333  0.554055  0
5.520000  0.553564  0
5.546667  0.553119  0
5.573333  0.552705  0
5.600000  0.552311  0
5.626667  0.551928  0
5.653333  0.551550  0
5.680000  0.551173  0
5.706667  0.550795  0
5.733333  0.550414  0
5.760000  0.550029  0
5.786667  0.549638  0
5.813333  0.549244  0
5.840000  0.548846  0
5.866667  0.548448  0
5.893333  0.548054  0
5.920000  0.547667  0
5.946667  0.547292  0
5.973333  0.546930  0
6.000000  0.546583  0
6.026667  0.546245  0
6.053333  0.545907  0
6.080000  0.545555  0
6.106667  0.545170  0
6.133333  0.544730  0
6.160000  0.544215  0
6.186667  0.543612  0
6.213333  0.542918  0
6.240000  0.542138  0
6.266667  0.541295  0
6.293333  0.540420  0
6.320000  0.539552  0
6.346667  0.538734  0
6.373333  0.538003  0
6.400000  0.537393  0
6.426667  0.536923  0
6.453333  0.536601  0
6.480000  0.536416  0
6.506667  0.536345  0
6.533333  0.536350  0
6.560000  0.536383  0
6.586667  0.536392  0
6.613333  0.536324  0
6.640000  0.536136  0
6.666667  0.535800  0
6.693333  0.535306  0
6.720000  0.534663  0
6.746667  0.533898  0
6.773333  0.533050  0
6.800000  0.532158  0
6.826667  0.531263  0
6.853333  0.530394  0
6.880000  0.529569  0
6.906667  0.528793  0
6.933333  0.528062  0
6.960000  0.527362  0
6.986667  0.526678  0
7.013333  0.525995  0
7.040000  0.525305  0
7.066667  0.524605  0
7.093333  0.523897  0
7.120000  0.523192  0
7.146667  0.522500  0
7.173333  0.521833  0
7.200000  0.521200  0
7.226667  0.520606  0
7.253333  0.520054  0
7.280000  0.519545  0
7.306667  0.519080  0
7.333333  0.518662  0
7.360000  0.518298  0
7.386667  0.517991  0
7.413333  0.517747  0
7.440000  0.517561  0
7.466667  0.517421  0
7.493333  0.517303  0
7.520000  0.517177  0
7.546667  0.517004  0
7.573333  0.516751  0
7.600000  0.516390  0
7.626667  0.515905  0
7.653333  0.515297  0
7.680000  0.514583  0
7.706667  0.513791  0
7.733333  0.512957  0
7.760000  0.512120  0
7.786667  0.511313  0
7.813333  0.510560  0
7.840000  0.509876  0
7.866667  0.509262  0
7.893333  0.508712  0
7.920000  0.508214  0
7.946667  0.507753  0
7.973333  0.507317  0
8.000000  0.506895  0
8.026667  0.506478  0
8.053333  0.506062  0
8.080000  0.505642  0
8.106667  0.505212  0
8.133333  0.504767  0
8.160000  0.504303  0
8.186667  0.503818  0
8.213333  0.503314  0
8.240000  0.502799  0
8.266667  0.502281  0
8.293333  0.501772  0
8.320000  0.501280  0
8.346667  0.500811  0
8.373333  0.500369  0
8.400000  0.499950  0
8.426667  0.499551  0
8.453333  0.499168  0
8.480000  0.498799  0
8.506667  0.498443  0
8.533333  0.498102  0
8.560000  0.497775  0
8.586667  0.497463  0
8.613333  0.497160  0
8.640000  0.496860  0
8.666667  0.496553  0
8.693333  0.496227  0
8.720000  0.495871  0
8.746667  0.495474  0
8.773333  0.495031  0
8.800000  0.494538  0
8.826667  0.493999  0
8.853333  0.493417  0
8.880000  0.492801  0
8.906667  0.492163  0
8.933333  0.491517  0
8.960000  0.490876  0
8.986667  0.490255  0
9.013333  0.489665  0
9.040000  0.489114  0
9.066667  0.488609  0
9.093333  0.488150  0
9.120000  0.487736  0
9.146667  0.487364  0
9.173333  0.487027  0
9.200000  0.486720  0
9.226667  0.486436  0
9.253333  0.486171  0
9.280000  0.485918  0
9.306667  0.485671  0
9.333333  0.485422  0
9.360000  0.485162  0
9.386667  0.484882  0
9.413333  0.484573  0
9.440000  0.484230  0
9.466667  0.483851  0
9.493333  0.483439  0
9.520000  0.483005  0
9.546667  0.482558  0
9.573333  0.482111  0
9.600000  0.481672  0
9.626667  0.481245  0
9.653333  0.480827  0
9.680000  0.480415  0
9.706667  0.480002  0
9.733333  0.479586  0
9.760000  0.479166  0
9.786667  0.478752  0
9.813333  0.478357  0
9.840000  0.477997  0
9.866667  0.477691  0
9.893333  0.477456  0
9.920000  0.477303  0
9.946667  0.477240  0
9.973333  0.477263  0
10.000000  0.477363  0
10.026667  0.477516  0
10.053333  0.477693  0
10.080000  0.477854  0
10.106667  0.477956  0
10.133333  0.477959  0
10.160000  0.477830  0
10.186667  0.477551  0
10.213333  0.477123  0
10.240000  0.476564  0
10.266667  0.475905  0
10.293333  0.475187  0
10.320000  0.474452  0
10.346667  0.473736  0
10.373333  0.473066  0
10.400000  0.472461  0
10.426667  0.471929  0
10.453333  0.471474  0
10.480000  0.471095  0
10.506667  0.470790  0
10.533333  0.470556  0
10.560000  0.470386  0
10.586667  0.470273  0
10.613333  0.470206  0
10.640000  0.470171  0
10.666667  0.470152  0
10.693333  0.470134  0
10.720000  0.470104  0
10.746667  0.470052  0
10.773333  0.469971  0
10.800000  0.469858  0
10.826667  0.469715  0
10.853333  0.469543  0
10.880000  0.469348  0
10.906667  0.469136  0
10.933333  0.468911  0
10.960000  0.468682  0
10.986667  0.468452  0
11.013333  0.468224  0
11.040000  0.467997  0
11.066667  0.467764  0
11.093333  0.467519  0
11.120000  0.467251  0
11.146667  0.466950  0
11.173333  0.466612  0
11.200000  0.466234  0
11.226667  0.465819  0
11.253333  0.465373  0
11.280000  0.464903  0
11.306667  0.464417  0
11.333333  0.463923  0
11.360000  0.463426  0
11.386667  0.462932  0
11.413333  0.462448  0
11.440000  0.461981  0
11.466667  0.461542  0
11.493333  0.461145  0
11.520000  0.460802  0
11.546667  0.460524  0
11.573333  0.460318  0
11.600000  0.460182  0
11.626667  0.460106  0
11.653333  0.460072  0
11.680000  0.460060  0
11.706667  0.460046  0
11.733333  0.460008  0
11.760000  0.459930  0
11.786667  0.459806  0
11.813333  0.459637  0
11.840000  0.459432  0
11.866667  0.459208  0
11.893333  0.458985  0
11.920000  0.458785  0
11.946667  0.458622  0
11.973333  0.458508  0
12.000000  0.458445  0
12.026667  0.458432  0
12.053333  0.458458  0
12.080000  0.458515  0
12.106667  0.458591  0
12.133333  0.458675  0
12.160000  0.458759  0
12.186667  0.458835  0
12.213333  0.458893  0
12.240000  0.458927  0
12.266667  0.458929  0
12.293333  0.458894  0
12.320000  0.458820  0
12.346667  0.458708  0
12.373333  0.458567  0
12.400000  0.458405  0
12.426667  0.458235  0
12.453333  0.458068  0
12.480000  0.457911  0
12.506667  0.457770  0
12.533333  0.457645  0
12.560000  0.457535  0
12.586667  0.457436  0
12.613333  0.457345  0
12.640000  0.457262  0
12.666667  0.457185  0
12.693333  0.457117  0
12.720000  0.457060  0
12.746667  0.457019  0
12.773333  0.456996  0
12.800000  0.456994  0
12.826667  0.457013  0
12.853333  0.457053  0
12.880000  0.457111  0
12.906667  0.457184  0
12.933333  0.457267  0
12.960000  0.457354  0
12.986667  0.457440  0
13.013333  0.457521  0
13.040000  0.457592  0
13.066667  0.457647  0
13.093333  0.457682  0
13.120000  0.457688  0
13.146667  0.457656  0
13.173333  0.457574  0
13.200000  0.457435  0
13.226667  0.457230  0
13.253333  0.456963  0
13.280000  0.456639  0
13.306667  0.456276  0
13.333333  0.455895  0
13.360000  0.455523  0
13.386667  0.455184  0
13.413333  0.454896  0
13.440000  0.454667  0
13.466667  0.454493  0
13.493333  0.454363  0
13.520000  0.454258  0
13.546667  0.454156  0
13.573333  0.454039  0
13.600000  0.453892  0
13.626667  0.453704  0
13.653333  0.453468  0
13.680000  0.453179  0
13.706667  0.452829  0
13.733333  0.452412  0
13.760000  0.451921  0
13.786667  0.451355  0
13.813333  0.450721  0
13.840000  0.450042  0
13.866667  0.449355  0
13.893333  0.448707  0
13.920000  0.448157  0
13.946667  0.447756  0
13.973333  0.447543  0
14.000000  0.447530  0
14.026667  0.447702  0
14.053333  0.448011  0
14.080000  0.448390  0
14.106667  0.448761  0
14.133333  0.449050  0
14.160000  0.449201  0
14.186667  0.449184  0
14.213333  0.448996  0
14.240000  0.448658  0
14.266667  0.448208  0
14.293333  0.447689  0
14.320000  0.447148  0
14.346667  0.446626  0
14.373333  0.446154  0
14.400000  0.445760  0
14.426667  0.445459  0
14.453333  0.445257  0
14.480000  0.445150  0
14.506667  0.445121  0
14.533333  0.445143  0
14.560000  0.445181  0
14.586667  0.445199  0
14.613333  0.445160  0
14.640000  0.445035  0
14.666667  0.444808  0
14.693333  0.444475  0
14.720000  0.444043  0
14.746667  0.443530  0
14.773333  0.442962  0
14.800000  0.442367  0
14.826667  0.441773  0
14.853333  0.441205  0
14.880000  0.440680  0
14.906667  0.440210  0
14.933333  0.439801  0
14.960000  0.439450  0
14.986667  0.439154  0
15.013333  0.438904  0
15.040000  0.438691  0
15.066667  0.438507  0
15.093333  0.438344  0
15.120000  0.438195  0
15.146667  0.438055  0
15.173333  0.437921  0
15.200000  0.437790  0
15.226667  0.437662  0
15.253333  0.437534  0
15.280000  0.437408  0
15.306667  0.437281  0
15.333333  0.437154  0
15.360000  0.437028  0
15.386667  0.436901  0
15.413333  0.436775  0
15.440000  0.436648  0
15.466667  0.436522  0
15.493333  0.436396  0
15.520000  0.436269  0
15.546667  0.436143  0
15.573333  0.436016  0
15.600000  0.435890  0
15.626667  0.435763  0
15.653333  0.435637  0
15.680000  0.435510  0
15.706667  0.435384  0
15.733333  0.435258  0
15.760000  0.435131  0
15.786667  0.435005  0
15.813333  0.434878  0
15.840000  0.434752  0
15.866667  0.434625  0
15.893333  0.434499  0
15.920000  0.434373  0
15.946667  0.434246  0
15.973333  0.434120  0
16.000000  0.433993  0
16.026667  0.433867  0
16.053333  0.433740  0
16.080000  0.433614  0
16.106667  0.433487  0
16.133333  0.433361  0
16.160000  0.433235  0
16.186667  0.433108  0
16.213333  0.432982  0
16.240000  0.432855  0
16.266667  0.432729  0
16.293333  0.432602  0
16.320000  0.432476  0
16.346667  0.432349  0
16.373333  0.432223  0
16.400000  0.432097  0
16.426667  0.431970  0
16.453333  0.431844  0
16.480000  0.431717  0
16.506667  0.431591  0
16.533333  0.431464  0
16.560000  0.431338  0
16.586667  0.431211  0
16.613333  0.431085  0
16.640000  0.430959  0
16.666667  0.430832  0
16.693333  0.430706  0
16.720000  0.430579  0
16.746667  0.430453  0
16.773333  0.430326  0
16.800000  0.430200  0
16.826667  0.430073  0
16.853333  0.429947  0
16.880000  0.429821  0
16.906667  0.429694  0
16.933333  0.429568  0
16.960000  0.429441  0
16.986667  0.429315  0
17.013333  0.429188  0
17.040000  0.429062  0
17.066667  0.428935  0
17.093333  0.428809  0
17.120000  0.428683  0
17.146667  0.428556  0
17.173333  0.428430  0
17.200000  0.428303  0
17.226667  0.428177  0
17.253333  0.428050  0
17.280000  0.427924  0
17.306667  0.427797  0
17.333333  0.427671  0
17.360000  0.427545  0
17.386667  0.427418  0
17.413333  0.427292  0
17.440000  0.427165  0
17.466667  0.427039  0
17.493333  0.426912  0
17.520000  0.426786  0
17.546667  0.426659  0
17.573333  0.426533  0
17.600000  0.426407  0
17.626667  0.426280  0
17.653333  0.426154  0
17.680000  0.426027  0
17.706667  0.425901  0
17.733333  0.425774  0
17.760000  0.425648  0
17.786667  0.425521  0
17.813333  0.425395  0
17.840000  0.425269  0
17.866667  0.425142  0
17.893333  0.425016  0
17.920000  0.424889  0
17.946667  0.424763  0
17.973333  0.424636  0
18.000000  0.424510  0
18.026667  0.424384  0
18.053333  0.424257  0
18.080000  0.424131  0
18.106667  0.424004  0
18.133333  0.423878  0
18.160000  0.423751  0
18.186667  0.423625  0
18.213333  0.423498  0
18.240000  0.423372  0
18.266667  0.423246  0
18.293333  0.423119  0
18.320000  0.422993  0
18.346667  0.422866  0
18.373333  0.422740  0
18.400000  0.422613  0
18.426667  0.422487  0
18.453333  0.422360  0
18.480000  0.422234  0
18.506667  0.422108  0
18.533333  0.421981  0
18.560000  0.421855  0
18.586667  0.421728  0
18.613333  0.421602  0
18.640000  0.421475  0
18.666667  0.421349  0
18.693333  0.421222  0
18.720000  0.421096  0
18.746667  0.420970  0
18.773333  0.420843  0
18.800000  0.420717  0
18.826667  0.420590  0
18.853333  0.420464  0
18.880000  0.420337  0
18.906667  0.420211  0
18.933333  0.420084  0
18.960000  0.419958  0
18.986667  0.419832  0
19.013333  0.419705  0
19.040000  0.419579  0
19.066667  0.419452  0
19.093333  0.419326  0
19.120000  0.419199  0
19.146667  0.419073  0
19.173333  0.418946  0
19.200000  0.418820  0
19.226667  0.418694  0
19.253333  0.418567  0
19.280000  0.418441  0
19.306667  0.418314  0
19.333333  0.418188  0
19.360000  0.418061  0
19.386667  0.417935  0
19.413333  0.417808  0
19.440000  0.417682  0
19.466667  0.417556  0
19.493333  0.417429  0
19.520000  0.417303  0
19.546667  0.417176  0
19.573333  0.417050  0
19.600000  0.416923  0
19.626667  0.416797  0
19.653333  0.416670  0
19.680000  0.416544  0
19.706667  0.416418  0
19.733333  0.416291  0
19.760000  0.416165  0
19.786667  0.416038  0
19.813333  0.415912  0
19.840000  0.415785  0
19.866667  0.415659  0
19.893333  0.415533  0
19.920000  0.415406  0
19.946667  0.415280  0
19.973333  0.415153  0
20.000000  0.415027  0
20.026667  0.414900  0
20.053333  0.414774  0
20.080000  0.414647  0
20.106667  0.414521  0
20.133333  0.414395  0
20.160000  0.414268  0
20.186667  0.414142  0
20.213333  0.414015  0
20.240000  0.413889  0
20.266667  0.413762  0
20.293333  0.413636  0
20.320000  0.413509  0
20.346667  0.413383  0
20.373333  0.413257  0
20.400000  0.413130  0
20.426667  0.413004  0
20.453333  0.412877  0
20.480000  0.412751  0
20.506667  0.412624  0
20.533333  0.412498  0
20.560000  0.412371  0
20.586667  0.412245  0
20.613333  0.412119  0
20.640000  0.411992  0
20.666667  0.411866  0
20.693333  0.411739  0
20.720000  0.411613  0
20.746667  0.411486  0
20.773333  0.411360  0
20.800000  0.411233  0
20.826667  0.411107  0
20.853333  0.410981  0
20.880000  0.410854  0
20.906667  0.410728  0
20.933333  0.410601  0
20.960000  0.410475  0
20.986667  0.410348  0
21.013333  0.410222  0
21.040000  0.410095  0
21.066667  0.409969  0
21.093333  0.409843  0
21.120000  0.409716  0
21.146667  0.409590  0
21.173333  0.409463  0
21.200000  0.409337  0
21.226667  0.409210  0
21.253333  0.409084  0
21.280000  0.408957  0
21.306667  0.408831  0
21.333333  0.408705  0
21.360000  0.408578  0
21.386667  0.408452  0
21.413333  0.408325  0
21.440000  0.408199  0
21.466667  0.408072  0
21.493333  0.407946  0
21.520000  0.407819  0
21.546667  0.407693  0
21.573333  0.407567  0
21.600000  0.407440  0
21.626667  0.407314  0
21.653333  0.407187  0
21.680000  0.407061  0
21.706667  0.406934  0
21.733333  0.406808  0
21.760000  0.406682  0
21.786667  0.406555  0
21.813333  0.406429  0
21.840000  0.406302  0
21.866667  0.406176  0
21.893333  0.406049  0
21.920000  0.405923  0
21.946667  0.405796  0
21.973333  0.405670  0
22.000000  0.405544  0
22.026667  0.405417  0
22.053333  0.405291  0
22.080000  0.405164  0
22.106667  0.405038  0
22.133333  0.404911  0
22.160000  0.404785  0
22.186667  0.404658  0
22.213333  0.404532  0
22.240000  0.404406  0
22.266667  0.404279  0
22.293333  0.404153  0
22.320000  0.404026  0
22.346667  0.403900  0
22.373333  0.403773  0
22.400000  0.403647  0
22.426667  0.403520  0
22.453333  0.403394  0
22.480000  0.403268  0
22.506667  0.403141  0
22.533333  0.403015  0
22.560000  0.402888  0
22.586667  0.402762  0
22.613333  0.402635  0
22.640000  0.402509  0
22.666667  0.402382  0
22.693333  0.402256  0
22.720000  0.402130  0
22.746667  0.402003  0
22.773333  0.401877  0
22.800000  0.401750  0
22.826667  0.401624  0
22.853333  0.401497  0
22.880000  0.401371  0
22.906667  0.401244  0
22.933333  0.401118  0
22.960000  0.400992  0
22.986667  0.400865  0
23.013333  0.400739  0
23.040000  0.400612  0
23.066667  0.400486  0
23.093333  0.400359  0
23.120000  0.400233  0
23.146667  0.400106  0
23.173333  0.399980  0
23.200000  0.399854  0
23.226667  0.399727  0
23.253333  0.399601  0
23.280000  0.399474  0
23.306667  0.399348  0
23.333333  0.399221  0
23.360000  0.399095  0
23.386667  0.398968  0
23.413333  0.398842  0
23.440000  0.398716  0
23.466667  0.398589  0
23.493333  0.398463  0
23.520000  0.398336  0
23.546667  0.398210  0
23.573333  0.398083  0
23.600000  0.397957  0
23.626667  0.397831  0
23.653333  0.397704  0
23.680000  0.397578  0
23.706667  0.397451  0
23.733333  0.397325  0
23.760000  0.397198  0
23.786667  0.397072  0
23.813333  0.396945  0
23.840000  0.396819  0
23.866667  0.396693  0
23.893333  0.396566  0
23.920000  0.396440  0
23.946667  0.396313  0
23.973333  0.396187  0
24.000000  0.396060  0
24.026667  0.395934  0
24.053333  0.395807  0
24.080000  0.395681  0
24.106667  0.395555  0
24.133333  0.395428  0
24.160000  0.395302  0
24.186667  0.395175  0
24.213333  0.395049  0
24.240000  0.394922  0
24.266667  0.394796  0
24.293333  0.394669  0
24.320000  0.394543  0
24.346667  0.394417  0
24.373333  0.394290  0
24.400000  0.394164  0
24.426667  0.394037  0
24.453333  0.393911  0
24.480000  0.393784  0
24.506667  0.393658  0
24.533333  0.393531  0
24.560000  0.393405  0
24.586667  0.393279  0
24.613333  0.393152  0
24.640000  0.393026  0
24.666667  0.392899  0
24.693333  0.392773  0
24.720000  0.392647  0
24.746667  0.392521  0
24.773333  0.392395  0
24.800000  0.392271  0
24.826667  0.392148  0
24.853333  0.392027  0
24.880000  0.391910  0
24.906667  0.391798  0
24.933333  0.391695  0
24.960000  0.391602  0
24.986667  0.391523  0
25.013333  0.391460  0
25.040000  0.391417  0
25.066667  0.391394  0
