2.773333  0.771022  0
2.800000  0.770350  0
2.826667  0.769146  0
2.853333  0.767609  0
2.880000  0.765908  0
2.906667  0.764143  0
2.933333  0.762358  0
2.960000  0.760568  0
2.986667  0.758778  0
3.013333  0.756987  0
3.040000  0.755197  0
3.066667  0.753406  0
3.093333  0.751616  0
3.120000  0.749825  0
3.146667  0.748036  0
3.173333  0.746253  0
3.200000  0.744486  0
3.226667  0.742761  0
3.253333  0.741113  0
3.280000  0.739581  0
3.306667  0.738183  0
3.333333  0.736906  0
3.360000  0.735718  0
3.386667  0.734577  0
3.413333  0.733459  0
3.440000  0.732348  0
3.466667  0.731239  0
3.493333  0.730130  0
3.520000  0.729022  0
3.546667  0.727913  0
3.573333  0.726804  0
3.600000  0.725693  0
3.626667  0.724575  0
3.653333  0.723440  0
3.680000  0.722274  0
3.706667  0.721059  0
3.733333  0.719788  0
3.760000  0.718464  0
3.786667  0.717101  0
3.813333  0.715715  0
3.840000  0.714319  0
3.866667  0.712919  0
3.893333  0.711519  0
3.920000  0.710118  0
3.946667  0.708717  0
3.973333  0.707316  0
4.000000  0.705915  0
4.026667  0.704514  0
4.053333  0.703113  0
4.080000  0.701712  0
4.106667  0.700310  0
4.133333  0.698905  0
4.160000  0.697488  0
4.186667  0.696037  0
4.213333  0.694508  0
4.240000  0.692838  0
4.266667  0.690968  0
4.293333  0.688876  0
4.320000  0.686593  0
4.346667  0.684180  0
4.373333  0.681699  0
4.400000  0.679190  0
4.426667  0.676673  0
4.453333  0.674162  0
4.480000  0.671675  0
4.506667  0.669249  0
4.533333  0.666947  0
4.560000  0.664836  0
4.586667  0.662964  0
4.613333  0.661323  0
4.640000  0.659861  0
4.666667  0.658508  0
4.693333  0.657208  0
4.720000  0.655928  0
4.746667  0.654654  0
4.773333  0.653382  0
4.800000  0.652110  0
4.826667  0.650838  0
4.853333  0.649566  0
4.880000  0.648294  0
4.906667  0.647022  0
4.933333  0.645750  0
4.960000  0.644477  0
4.986667  0.643202  0
5.013333  0.641915  0
5.040000  0.640593  0
5.066667  0.639181  0
5.093333  0.637596  0
5.120000  0.635746  0
5.146667  0.633578  0
5.173333  0.631116  0
5.200000  0.628455  0
5.226667  0.625723  0
5.253333  0.623044  0
5.280000  0.620523  0
5.306667  0.618244  0
5.333333  0.616271  0
5.360000  0.614642  0
5.386667  0.613356  0
5.413333  0.612363  0
5.440000  0.611570  0
5.466667  0.610846  0
5.493333  0.610052  0
5.520000  0.609065  0
5.546667  0.607810  0
5.573333  0.606273  0
5.600000  0.604505  0
5.626667  0.602602  0
5.653333  0.600683  0
5.680000  0.598861  0
5.706667  0.597222  0
5.733333  0.595814  0
5.760000  0.594648  0
5.786667  0.593704  0
5.813333  0.592945  0
5.840000  0.592324  0
5.866667  0.591795  0
5.893333  0.591317  0
5.920000  0.590855  0
5.946667  0.590385  0
5.973333  0.589887  0
6.000000  0.589353  0
6.026667  0.588779  0
6.053333  0.588168  0
6.080000  0.587528  0
6.106667  0.586864  0
6.133333  0.586185  0
6.160000  0.585495  0
6.186667  0.584796  0
6.213333  0.584088  0
6.240000  0.583373  0
6.266667  0.582652  0
6.293333  0.581934  0
6.320000  0.581229  0
6.346667  0.580547  0
6.373333  0.579896  0
6.400000  0.579277  0
6.426667  0.578681  0
6.453333  0.578089  0
6.480000  0.577481  0
6.506667  0.576838  0
6.533333  0.576156  0
6.560000  0.575447  0
6.586667  0.574739  0
6.613333  0.574072  0
6.640000  0.573491  0
6.666667  0.573026  0
6.693333  0.572692  0
6.720000  0.572481  0
6.746667  0.572367  0
6.773333  0.572308  0
6.800000  0.572258  0
6.826667  0.572171  0
6.853333  0.572010  0
6.880000  0.571752  0
6.906667  0.571386  0
6.933333  0.570922  0
6.960000  0.570382  0
6.986667  0.569803  0
7.013333  0.569227  0
7.040000  0.568696  0
7.066667  0.568242  0
7.093333  0.567883  0
7.120000  0.567623  0
7.146667  0.567452  0
7.173333  0.567349  0
7.200000  0.567289  0
7.226667  0.567250  0
7.253333  0.567210  0
7.280000  0.567150  0
7.306667  0.567055  0
7.333333  0.566913  0
7.360000  0.566711  0
7.386667  0.566437  0
7.413333  0.566084  0
7.440000  0.565646  0
7.466667  0.565124  0
7.493333  0.564522  0
7.520000  0.563847  0
7.546667  0.563109  0
7.573333  0.562317  0
7.600000  0.561484  0
7.626667  0.560623  0
7.653333  0.559753  0
7.680000  0.558896  0
7.706667  0.558078  0
7.733333  0.557328  0
7.760000  0.556670  0
7.786667  0.556122  0
7.813333  0.555691  0
7.840000  0.555368  0
7.866667  0.555136  0
7.893333  0.554962  0
7.920000  0.554813  0
7.946667  0.554653  0
7.973333  0.554451  0
8.000000  0.554181  0
8.026667  0.553828  0
8.053333  0.553384  0
8.080000  0.552848  0
8.106667  0.552226  0
8.133333  0.551530  0
8.160000  0.550774  0
8.186667  0.549979  0
8.213333  0.549166  0
8.240000  0.548357  0
8.266667  0.547575  0
8.293333  0.546835  0
8.320000  0.546148  0
8.346667  0.545518  0
8.373333  0.544941  0
8.400000  0.544406  0
8.426667  0.543902  0
8.453333  0.543415  0
8.480000  0.542934  0
8.506667  0.542452  0
8.533333  0.541964  0
8.560000  0.541472  0
8.586667  0.540978  0
8.613333  0.540487  0
8.640000  0.540006  0
8.666667  0.539538  0
8.693333  0.539087  0
8.720000  0.538651  0
8.746667  0.538226  0
8.773333  0.537803  0
8.800000  0.537371  0
8.826667  0.536917  0
8.853333  0.536430  0
8.880000  0.535897  0
8.906667  0.535315  0
8.933333  0.534683  0
8.960000  0.534008  0
8.986667  0.533301  0
9.013333  0.532579  0
9.040000  0.531857  0
9.066667  0.531149  0
9.093333  0.530463  0
9.120000  0.529803  0
9.146667  0.529170  0
9.173333  0.528563  0
9.200000  0.527980  0
9.226667  0.527420  0
9.253333  0.526882  0
9.280000  0.526363  0
9.306667  0.525857  0
9.333333  0.525357  0
9.360000  0.524853  0
9.386667  0.524337  0
9.413333  0.523802  0
9.440000  0.523248  0
9.466667  0.522675  0
9.493333  0.522091  0
9.520000  0.521505  0
9.546667  0.520927  0
9.573333  0.520369  0
9.600000  0.519839  0
9.626667  0.519344  0
9.653333  0.518884  0
9.680000  0.518454  0
9.706667  0.518046  0
9.733333  0.517648  0
9.760000  0.517245  0
9.786667  0.516827  0
9.813333  0.516384  0
9.840000  0.515911  0
9.866667  0.515408  0
9.893333  0.514876  0
9.920000  0.514316  0
9.946667  0.513734  0
9.973333  0.513134  0
10.000000  0.512529  0
10.026667  0.511934  0
10.053333  0.511373  0
10.080000  0.510870  0
10.106667  0.510453  0
10.133333  0.510138  0
10.160000  0.509927  0
10.186667  0.509805  0
10.213333  0.509740  0
10.240000  0.509687  0
10.266667  0.509603  0
10.293333  0.509452  0
10.320000  0.509217  0
10.346667  0.508903  0
10.373333  0.508530  0
10.400000  0.508131  0
10.426667  0.507741  0
10.453333  0.507387  0
10.480000  0.507088  0
10.506667  0.506853  0
10.533333  0.506680  0
10.560000  0.506563  0
10.586667  0.506491  0
10.613333  0.506457  0
10.640000  0.506453  0
10.666667  0.506475  0
10.693333  0.506520  0
10.720000  0.506586  0
10.746667  0.506670  0
10.773333  0.506768  0
10.800000  0.506874  0
10.826667  0.506983  0
10.853333  0.507088  0
10.880000  0.507186  0
10.906667  0.507274  0
10.933333  0.507353  0
10.960000  0.507425  0
10.986667  0.507492  0
11.013333  0.507556  0
11.040000  0.507616  0
11.066667  0.507667  0
11.093333  0.507702  0
11.120000  0.507712  0
11.146667  0.507687  0
11.173333  0.507619  0
11.200000  0.507502  0
11.226667  0.507333  0
11.253333  0.507114  0
11.280000  0.506847  0
11.306667  0.506537  0
11.333333  0.506190  0
11.360000  0.505812  0
11.386667  0.505404  0
11.413333  0.504969  0
11.440000  0.504501  0
11.466667  0.503996  0
11.493333  0.503448  0
11.520000  0.502853  0
11.546667  0.502210  0
11.573333  0.501526  0
11.600000  0.500814  0
11.626667  0.500093  0
11.653333  0.499382  0
11.680000  0.498698  0
11.706667  0.498052  0
11.733333  0.497445  0
11.760000  0.496869  0
11.786667  0.496311  0
11.813333  0.495757  0
11.840000  0.495199  0
11.866667  0.494637  0
11.893333  0.494081  0
11.920000  0.493544  0
11.946667  0.493038  0
11.973333  0.492570  0
12.000000  0.492140  0
12.026667  0.491738  0
12.053333  0.491350  0
12.080000  0.490959  0
12.106667  0.490555  0
12.133333  0.490129  0
12.160000  0.489678  0
12.186667  0.489202  0
12.213333  0.488703  0
12.240000  0.488186  0
12.266667  0.487653  0
12.293333  0.487111  0
12.320000  0.486564  0
12.346667  0.486021  0
12.373333  0.485490  0
12.400000  0.484979  0
12.426667  0.484496  0
12.453333  0.484044  0
12.480000  0.483626  0
12.506667  0.483242  0
12.533333  0.482893  0
12.560000  0.482575  0
12.586667  0.482287  0
12.613333  0.482024  0
12.640000  0.481781  0
12.666667  0.481555  0
12.693333  0.481342  0
12.720000  0.481145  0
12.746667  0.480963  0
12.773333  0.480797  0
12.800000  0.480641  0
12.826667  0.480492  0
12.853333  0.480347  0
12.880000  0.480202  0
12.906667  0.480058  0
12.933333  0.479914  0
12.960000  0.479770  0
12.986667  0.479626  0
13.013333  0.479482  0
13.040000  0.479338  0
13.066667  0.479194  0
13.093333  0.479050  0
13.120000  0.478906  0
13.146667  0.478762  0
13.173333  0.478618  0
13.200000  0.478474  0
13.226667  0.478330  0
13.253333  0.478186  0
13.280000  0.478042  0
13.306667  0.477898  0
13.333333  0.477754  0
13.360000  0.477610  0
13.386667  0.477466  0
13.413333  0.477322  0
13.440000  0.477179  0
13.466667  0.477035  0
13.493333  0.476891  0
13.520000  0.476747  0
13.546667  0.476603  0
13.573333  0.476459  0
13.600000  0.476315  0
13.626667  0.476171  0
13.653333  0.476027  0
13.680000  0.475883  0
13.706667  0.475739  0
13.733333  0.475595  0
13.760000  0.475451  0
13.786667  0.475307  0
13.813333  0.475163  0
13.840000  0.475019  0
13.866667  0.474875  0
13.893333  0.474731  0
13.920000  0.474587  0
13.946667  0.474443  0
13.973333  0.474299  0
14.000000  0.474155  0
14.026667  0.474011  0
14.053333  0.473867  0
14.080000  0.473723  0
14.106667  0.473579  0
14.133333  0.473435  0
14.160000  0.473291  0
14.186667  0.473147  0
14.213333  0.473003  0
14.240000  0.472859  0
14.266667  0.472715  0
14.293333  0.472571  0
14.320000  0.472427  0
14.346667  0.472283  0
14.373333  0.472139  0
14.400000  0.471995  0
14.426667  0.471851  0
14.453333  0.471707  0
14.480000  0.471563  0
14.506667  0.471420  0
14.533333  0.471276  0
14.560000  0.471132  0
14.586667  0.470988  0
14.613333  0.470844  0
14.640000  0.470700  0
14.666667  0.470556  0
14.693333  0.470412  0
14.720000  0.470268  0
14.746667  0.470124  0
14.773333  0.469980  0
14.800000  0.469836  0
14.826667  0.469692  0
14.853333  0.469548  0
14.880000  0.469404  0
14.906667  0.469260  0
14.933333  0.469116  0
14.960000  0.468972  0
14.986667  0.468828  0
15.013333  0.468684  0
15.040000  0.468540  0
15.066667  0.468396  0
15.093333  0.468252  0
15.120000  0.468108  0
15.146667  0.467964  0
15.173333  0.467820  0
15.200000  0.467676  0
15.226667  0.467532  0
15.253333  0.467388  0
15.280000  0.467244  0
15.306667  0.467100  0
15.333333  0.466956  0
15.360000  0.466812  0
15.386667  0.466668  0
15.413333  0.466524  0
15.440000  0.466380  0
15.466667  0.466236  0
15.493333  0.466092  0
15.520000  0.465948  0
15.546667  0.465804  0
15.573333  0.465661  0
15.600000  0.465517  0
15.626667  0.465373  0
15.653333  0.465229  0
15.680000  0.465085  0
15.706667  0.464941  0
15.733333  0.464797  0
15.760000  0.464653  0
15.786667  0.464509  0
15.813333  0.464365  0
15.840000  0.464221  0
15.866667  0.464077  0
15.893333  0.463933  0
15.920000  0.463789  0
15.946667  0.463645  0
15.973333  0.463501  0
16.000000  0.463357  0
16.026667  0.463213  0
16.053333  0.463069  0
16.080000  0.462925  0
16.106667  0.462781  0
16.133333  0.462637  0
16.160000  0.462493  0
16.186667  0.462349  0
16.213333  0.462205  0
16.240000  0.462061  0
16.266667  0.461917  0
16.293333  0.461773  0
16.320000  0.461629  0
16.346667  0.461485  0
16.373333  0.461341  0
16.400000  0.461197  0
16.426667  0.461053  0
16.453333  0.460909  0
16.480000  0.460765  0
16.506667  0.460621  0
16.533333  0.460477  0
16.560000  0.460333  0
16.586667  0.460189  0
16.613333  0.460045  0
16.640000  0.459902  0
16.666667  0.459758  0
16.693333  0.459614  0
16.720000  0.459470  0
16.746667  0.459326  0
16.773333  0.459182  0
16.800000  0.459038  0
16.826667  0.458894  0
16.853333  0.458750  0
16.880000  0.458606  0
16.906667  0.458462  0
16.933333  0.458318  0
16.960000  0.458174  0
16.986667  0.458030  0
17.013333  0.457886  0
17.040000  0.457742  0
17.066667  0.457598  0
17.093333  0.457454  0
17.120000  0.457310  0
17.146667  0.457166  0
17.173333  0.457022  0
17.200000  0.456878  0
17.226667  0.456734  0
17.253333  0.456590  0
17.280000  0.456447  0
17.306667  0.456305  0
17.333333  0.456168  0
17.360000  0.456044  0
17.386667  0.455948  0
17.413333  0.455894  0
