2.613333  0.697646  0
2.640000  0.697139  0
2.666667  0.696397  0
2.693333  0.695610  0
2.720000  0.694818  0
2.746667  0.694027  0
2.773333  0.693235  0
2.800000  0.692444  0
2.826667  0.691652  0
2.853333  0.690861  0
2.880000  0.690069  0
2.906667  0.689277  0
2.933333  0.688486  0
2.960000  0.687694  0
2.986667  0.686903  0
3.013333  0.686111  0
3.040000  0.685320  0
3.066667  0.684528  0
3.093333  0.683737  0
3.120000  0.682945  0
3.146667  0.682154  0
3.173333  0.681362  0
3.200000  0.680571  0
3.226667  0.679779  0
3.253333  0.678988  0
3.280000  0.678194  0
3.306667  0.677379  0
3.333333  0.676461  0
3.360000  0.675363  0
3.386667  0.674127  0
3.413333  0.672818  0
3.440000  0.671461  0
3.466667  0.670067  0
3.493333  0.668641  0
3.520000  0.667193  0
3.546667  0.665727  0
3.573333  0.664248  0
3.600000  0.662762  0
3.626667  0.661272  0
3.653333  0.659782  0
3.680000  0.658297  0
3.706667  0.656821  0
3.733333  0.655363  0
3.760000  0.653931  0
3.786667  0.652536  0
3.813333  0.651194  0
3.840000  0.649921  0
3.866667  0.648736  0
3.893333  0.647657  0
3.920000  0.646703  0
3.946667  0.645887  0
3.973333  0.645216  0
4.000000  0.644692  0
4.026667  0.644304  0
4.053333  0.644033  0
4.080000  0.643852  0
4.106667  0.643725  0
4.133333  0.643610  0
4.160000  0.643465  0
4.186667  0.643248  0
4.213333  0.642922  0
4.240000  0.642456  0
4.266667  0.641829  0
4.293333  0.641027  0
4.320000  0.640046  0
4.346667  0.638889  0
4.373333  0.637567  0
4.400000  0.636094  0
4.426667  0.634490  0
4.453333  0.632778  0
4.480000  0.630982  0
4.506667  0.629128  0
4.533333  0.627246  0
4.560000  0.625363  0
4.586667  0.623511  0
4.613333  0.621720  0
4.640000  0.620017  0
4.666667  0.618430  0
4.693333  0.616979  0
4.720000  0.615680  0
4.746667  0.614543  0
4.773333  0.613569  0
4.800000  0.612750  0
4.826667  0.612075  0
4.853333  0.611523  0
4.880000  0.611073  0
4.906667  0.610699  0
4.933333  0.610377  0
4.960000  0.610081  0
4.986667  0.609790  0
5.013333  0.609480  0
5.040000  0.609131  0
5.066667  0.608723  0
5.093333  0.608237  0
5.120000  0.607654  0
5.146667  0.606957  0
5.173333  0.606129  0
5.200000  0.605157  0
5.226667  0.604031  0
5.253333  0.602744  0
5.280000  0.601297  0
5.306667  0.599695  0
5.333333  0.597949  0
5.360000  0.596077  0
5.386667  0.594101  0
5.413333  0.592046  0
5.440000  0.589943  0
5.466667  0.587819  0
5.493333  0.585703  0
5.520000  0.583620  0
5.546667  0.581592  0
5.573333  0.579634  0
5.600000  0.577758  0
5.626667  0.575969  0
5.653333  0.574269  0
5.680000  0.572653  0
5.706667  0.571117  0
5.733333  0.569651  0
5.760000  0.568243  0
5.786667  0.566883  0
5.813333  0.565558  0
5.840000  0.564254  0
5.866667  0.562958  0
5.893333  0.561659  0
5.920000  0.560346  0
5.946667  0.559009  0
5.973333  0.557644  0
6.000000  0.556245  0
6.026667  0.554811  0
6.053333  0.553346  0
6.080000  0.551852  0
6.106667  0.550336  0
6.133333  0.548805  0
6.160000  0.547266  0
6.186667  0.545729  0
6.213333  0.544202  0
6.240000  0.542693  0
6.266667  0.541212  0
6.293333  0.539767  0
6.320000  0.538363  0
6.346667  0.537008  0
6.373333  0.535705  0
6.400000  0.534455  0
6.426667  0.533258  0
6.453333  0.532113  0
6.480000  0.531013  0
6.506667  0.529955  0
6.533333  0.528930  0
6.560000  0.527934  0
6.586667  0.526960  0
6.613333  0.526004  0
6.640000  0.525062  0
6.666667  0.524134  0
6.693333  0.523220  0
6.720000  0.522321  0
6.746667  0.521441  0
6.773333  0.520583  0
6.800000  0.519751  0
6.826667  0.518947  0
6.853333  0.518174  0
6.880000  0.517433  0
6.906667  0.516719  0
6.933333  0.516031  0
6.960000  0.515362  0
6.986667  0.514704  0
7.013333  0.514049  0
7.040000  0.513389  0
7.066667  0.512715  0
7.093333  0.512021  0
7.120000  0.511299  0
7.146667  0.510545  0
7.173333  0.509756  0
7.200000  0.508930  0
7.226667  0.508067  0
7.253333  0.507168  0
7.280000  0.506239  0
7.306667  0.505283  0
7.333333  0.504309  0
7.360000  0.503323  0
7.386667  0.502335  0
7.413333  0.501350  0
7.440000  0.500373  0
7.466667  0.499408  0
7.493333  0.498454  0
7.520000  0.497507  0
7.546667  0.496561  0
7.573333  0.495605  0
7.600000  0.494630  0
7.626667  0.493622  0
7.653333  0.492572  0
7.680000  0.491467  0
7.706667  0.490299  0
7.733333  0.489062  0
7.760000  0.487751  0
7.786667  0.486364  0
7.813333  0.484901  0
7.840000  0.483366  0
7.866667  0.481761  0
7.893333  0.480092  0
7.920000  0.478365  0
7.946667  0.476588  0
7.973333  0.474768  0
8.000000  0.472916  0
8.026667  0.471042  0
8.053333  0.469158  0
8.080000  0.467277  0
8.106667  0.465414  0
8.133333  0.463583  0
8.160000  0.461799  0
8.186667  0.460074  0
8.213333  0.458418  0
8.240000  0.456839  0
8.266667  0.455340  0
8.293333  0.453923  0
8.320000  0.452586  0
8.346667  0.451326  0
8.373333  0.450137  0
8.400000  0.449014  0
8.426667  0.447952  0
8.453333  0.446945  0
8.480000  0.445989  0
8.506667  0.445079  0
8.533333  0.444210  0
8.560000  0.443379  0
8.586667  0.442580  0
8.613333  0.441810  0
8.640000  0.441065  0
8.666667  0.440341  0
8.693333  0.439635  0
8.720000  0.438946  0
8.746667  0.438275  0
8.773333  0.437623  0
8.800000  0.436996  0
8.826667  0.436399  0
8.853333  0.435841  0
8.880000  0.435332  0
8.906667  0.434883  0
8.933333  0.434503  0
8.960000  0.434202  0
8.986667  0.433984  0
9.013333  0.433851  0
9.040000  0.433800  0
9.066667  0.433824  0
9.093333  0.433909  0
9.120000  0.434039  0
9.146667  0.434194  0
9.173333  0.434353  0
9.200000  0.434494  0
9.226667  0.434600  0
9.253333  0.434652  0
9.280000  0.434639  0
9.306667  0.434552  0
9.333333  0.434389  0
9.360000  0.434150  0
9.386667  0.433840  0
9.413333  0.433467  0
9.440000  0.433042  0
9.466667  0.432574  0
9.493333  0.432077  0
9.520000  0.431561  0
9.546667  0.431038  0
9.573333  0.430519  0
9.600000  0.430011  0
9.626667  0.429523  0
9.653333  0.429057  0
9.680000  0.428616  0
9.706667  0.428198  0
9.733333  0.427796  0
9.760000  0.427402  0
9.786667  0.427006  0
9.813333  0.426595  0
9.840000  0.426158  0
9.866667  0.425682  0
9.893333  0.425160  0
9.920000  0.424587  0
9.946667  0.423962  0
9.973333  0.423289  0
10.000000  0.422575  0
10.026667  0.421832  0
10.053333  0.421071  0
10.080000  0.420305  0
10.106667  0.419546  0
10.133333  0.418804  0
10.160000  0.418085  0
10.186667  0.417392  0
10.213333  0.416726  0
10.240000  0.416087  0
10.266667  0.415471  0
10.293333  0.414877  0
10.320000  0.414303  0
10.346667  0.413749  0
10.373333  0.413215  0
10.400000  0.412702  0
10.426667  0.412213  0
10.453333  0.411749  0
10.480000  0.411309  0
10.506667  0.410894  0
10.533333  0.410501  0
10.560000  0.410127  0
10.586667  0.409768  0
10.613333  0.409420  0
10.640000  0.409079  0
10.666667  0.408743  0
10.693333  0.408410  0
10.720000  0.408082  0
10.746667  0.407757  0
10.773333  0.407440  0
10.800000  0.407133  0
10.826667  0.406838  0
10.853333  0.406557  0
10.880000  0.406292  0
10.906667  0.406041  0
10.933333  0.405803  0
10.960000  0.405574  0
10.986667  0.405347  0
11.013333  0.405115  0
11.040000  0.404872  0
11.066667  0.404610  0
11.093333  0.404322  0
11.120000  0.404006  0
11.146667  0.403658  0
11.173333  0.403282  0
11.200000  0.402882  0
11.226667  0.402467  0
11.253333  0.402047  0
11.280000  0.401636  0
11.306667  0.401246  0
11.333333  0.400890  0
11.360000  0.400578  0
11.386667  0.400317  0
11.413333  0.400108  0
11.440000  0.399948  0
11.466667  0.399832  0
11.493333  0.399747  0
11.520000  0.399680  0
11.546667  0.399618  0
11.573333  0.399546  0
11.600000  0.399454  0
11.626667  0.399333  0
11.653333  0.399178  0
11.680000  0.398986  0
11.706667  0.398758  0
11.733333  0.398498  0
11.760000  0.398209  0
11.786667  0.397897  0
11.813333  0.397564  0
11.840000  0.397218  0
11.866667  0.396861  0
11.893333  0.396499  0
11.920000  0.396135  0
11.946667  0.395774  0
11.973333  0.395421  0
12.000000  0.395078  0
12.026667  0.394750  0
12.053333  0.394438  0
12.080000  0.394143  0
12.106667  0.393864  0
12.133333  0.393599  0
12.160000  0.393346  0
12.186667  0.393102  0
12.213333  0.392863  0
12.240000  0.392629  0
12.266667  0.392398  0
12.293333  0.392170  0
12.320000  0.391946  0
12.346667  0.391728  0
12.373333  0.391519  0
12.400000  0.391322  0
12.426667  0.391137  0
12.453333  0.390966  0
12.480000  0.390809  0
12.506667  0.390665  0
12.533333  0.390532  0
12.560000  0.390408  0
12.586667  0.390289  0
12.613333  0.390173  0
12.640000  0.390058  0
12.666667  0.389943  0
12.693333  0.389826  0
12.720000  0.389710  0
12.746667  0.389596  0
12.773333  0.389486  0
12.800000  0.389382  0
12.826667  0.389287  0
12.853333  0.389204  0
12.880000  0.389134  0
12.906667  0.389078  0
12.933333  0.389037  0
12.960000  0.389009  0
12.986667  0.388994  0
13.013333  0.388990  0
13.040000  0.388995  0
13.066667  0.389005  0
13.093333  0.389018  0
13.120000  0.389031  0
13.146667  0.389040  0
13.173333  0.389042  0
13.200000  0.389036  0
13.226667  0.389018  0
13.253333  0.388988  0
13.280000  0.388945  0
13.306667  0.388892  0
13.333333  0.388828  0
13.360000  0.388758  0
13.386667  0.388686  0
13.413333  0.388615  0
13.440000  0.388549  0
13.466667  0.388494  0
13.493333  0.388451  0
13.520000  0.388423  0
13.546667  0.388410  0
13.573333  0.388411  0
13.600000  0.388423  0
13.626667  0.388444  0
13.653333  0.388469  0
13.680000  0.388496  0
13.706667  0.388522  0
13.733333  0.388544  0
13.760000  0.388564  0
13.786667  0.388582  0
13.813333  0.388599  0
13.840000  0.388617  0
13.866667  0.388638  0
13.893333  0.388664  0
13.920000  0.388692  0
13.946667  0.388722  0
13.973333  0.388750  0
14.000000  0.388774  0
14.026667  0.388787  0
14.053333  0.388788  0
14.080000  0.388772  0
14.106667  0.388739  0
14.133333  0.388688  0
14.160000  0.388622  0
14.186667  0.388545  0
14.213333  0.388460  0
14.240000  0.388374  0
14.266667  0.388293  0
14.293333  0.388221  0
14.320000  0.388166  0
14.346667  0.388129  0
14.373333  0.388116  0
14.400000  0.388127  0
14.426667  0.388163  0
14.453333  0.388222  0
14.480000  0.388302  0
14.506667  0.388399  0
14.533333  0.388508  0
14.560000  0.388622  0
14.586667  0.388734  0
14.613333  0.388837  0
14.640000  0.388927  0
14.666667  0.388996  0
14.693333  0.389044  0
14.720000  0.389067  0
14.746667  0.389067  0
14.773333  0.389047  0
14.800000  0.389011  0
14.826667  0.388963  0
14.853333  0.388910  0
14.880000  0.388857  0
14.906667  0.388807  0
14.933333  0.388765  0
14.960000  0.388730  0
14.986667  0.388705  0
15.013333  0.388686  0
15.040000  0.388672  0
15.066667  0.388661  0
15.093333  0.388649  0
15.120000  0.388635  0
15.146667  0.388615  0
15.173333  0.388590  0
15.200000  0.388557  0
15.226667  0.388518  0
15.253333  0.388473  0
15.280000  0.388421  0
15.306667  0.388365  0
15.333333  0.388305  0
15.360000  0.388242  0
15.386667  0.388177  0
15.413333  0.388110  0
15.440000  0.388042  0
15.466667  0.387973  0
15.493333  0.387904  0
15.520000  0.387834  0
15.546667  0.387764  0
15.573333  0.387694  0
15.600000  0.387624  0
15.626667  0.387554  0
15.653333  0.387484  0
15.680000  0.387414  0
15.706667  0.387344  0
15.733333  0.387274  0
15.760000  0.387204  0
15.786667  0.387134  0
15.813333  0.387064  0
15.840000  0.386994  0
15.866667  0.386923  0
15.893333  0.386853  0
15.920000  0.386783  0
15.946667  0.386713  0
15.973333  0.386643  0
16.000000  0.386573  0
16.026667  0.386503  0
16.053333  0.386433  0
16.080000  0.386363  0
16.106667  0.386292  0
16.133333  0.386222  0
16.160000  0.386152  0
16.186667  0.386082  0
16.213333  0.386012  0
16.240000  0.385942  0
16.266667  0.385872  0
16.293333  0.385802  0
16.320000  0.385732  0
16.346667  0.385661  0
16.373333  0.385591  0
16.400000  0.385521  0
16.426667  0.385451  0
16.453333  0.385381  0
16.480000  0.385311  0
16.506667  0.385241  0
16.533333  0.385171  0
16.560000  0.385101  0
16.586667  0.385031  0
16.613333  0.384960  0
16.640000  0.384890  0
16.666667  0.384820  0
16.693333  0.384750  0
16.720000  0.384680  0
16.746667  0.384610  0
16.773333  0.384540  0
16.800000  0.384470  0
16.826667  0.384400  0
16.853333  0.384329  0
16.880000  0.384259  0
16.906667  0.384189  0
16.933333  0.384119  0
16.960000  0.384049  0
16.986667  0.383979  0
17.013333  0.383909  0
17.040000  0.383839  0
17.066667  0.383769  0
17.093333  0.383698  0
17.120000  0.383628  0
17.146667  0.383558  0
17.173333  0.383488  0
17.200000  0.383418  0
17.226667  0.383348  0
17.253333  0.383278  0
17.280000  0.383208  0
17.306667  0.383138  0
17.333333  0.383067  0
17.360000  0.382997  0
17.386667  0.382927  0
17.413333  0.382857  0
17.440000  0.382787  0
17.466667  0.382717  0
17.493333  0.382647  0
17.520000  0.382577  0
17.546667  0.382507  0
17.573333  0.382437  0
17.600000  0.382366  0
17.626667  0.382296  0
17.653333  0.382226  0
17.680000  0.382156  0
17.706667  0.382086  0
17.733333  0.382016  0
17.760000  0.381946  0
17.786667  0.381876  0
17.813333  0.381806  0
17.840000  0.381735  0
17.866667  0.381665  0
17.893333  0.381595  0
17.920000  0.381525  0
17.946667  0.381455  0
17.973333  0.381385  0
18.000000  0.381315  0
18.026667  0.381245  0
18.053333  0.381175  0
18.080000  0.381104  0
18.106667  0.381034  0
18.133333  0.380964  0
18.160000  0.380894  0
18.186667  0.380824  0
18.213333  0.380754  0
18.240000  0.380684  0
18.266667  0.380614  0
18.293333  0.380544  0
18.320000  0.380473  0
18.346667  0.380403  0
18.373333  0.380333  0
18.400000  0.380263  0
18.426667  0.380193  0
18.453333  0.380123  0
18.480000  0.380053  0
18.506667  0.379983  0
18.533333  0.379913  0
18.560000  0.379843  0
18.586667  0.379772  0
18.613333  0.379702  0
18.640000  0.379632  0
18.666667  0.379562  0
18.693333  0.379492  0
18.720000  0.379422  0
18.746667  0.379352  0
18.773333  0.379282  0
18.800000  0.379212  0
18.826667  0.379141  0
18.853333  0.379071  0
18.880000  0.379001  0
18.906667  0.378931  0
18.933333  0.378862  0
18.960000  0.378792  0
18.986667  0.378722  0
19.013333  0.378653  0
19.040000  0.378585  0
19.066667  0.378517  0
19.093333  0.378450  0
19.120000  0.378385  0
19.146667  0.378322  0
19.173333  0.378262  0
19.200000  0.378205  0
19.226667  0.378152  0
19.253333  0.378105  0
19.280000  0.378064  0
19.306667  0.378030  0
19.333333  0.378003  0
19.360000  0.377985  0
19.386667  0.377976  0
