2.746667  0.825712  0
2.773333  0.824799  0
2.800000  0.823298  0
2.826667  0.821554  0
2.853333  0.819747  0
2.880000  0.817929  0
2.906667  0.816110  0
2.933333  0.814291  0
2.960000  0.812472  0
2.986667  0.810653  0
3.013333  0.808835  0
3.040000  0.807016  0
3.066667  0.805197  0
3.093333  0.803378  0
3.120000  0.801559  0
3.146667  0.799740  0
3.173333  0.797921  0
3.200000  0.796102  0
3.226667  0.794284  0
3.253333  0.792465  0
3.280000  0.790646  0
3.306667  0.788827  0
3.333333  0.787008  0
3.360000  0.785189  0
3.386667  0.783370  0
3.413333  0.781551  0
3.440000  0.779733  0
3.466667  0.777914  0
3.493333  0.776095  0
3.520000  0.774276  0
3.546667  0.772457  0
3.573333  0.770638  0
3.600000  0.768819  0
3.626667  0.767000  0
3.653333  0.765182  0
3.680000  0.763363  0
3.706667  0.761544  0
3.733333  0.759725  0
3.760000  0.757906  0
3.786667  0.756087  0
3.813333  0.754268  0
3.840000  0.752449  0
3.866667  0.750631  0
3.893333  0.748812  0
3.920000  0.746993  0
3.946667  0.745175  0
3.973333  0.743364  0
4.000000  0.741592  0
4.026667  0.739950  0
4.053333  0.738555  0
4.080000  0.737399  0
4.106667  0.736268  0
4.133333  0.734905  0
4.160000  0.733169  0
4.186667  0.731041  0
4.213333  0.728569  0
4.240000  0.725833  0
4.266667  0.722932  0
4.293333  0.719970  0
4.320000  0.717047  0
4.346667  0.714243  0
4.373333  0.711614  0
4.400000  0.709192  0
4.426667  0.706981  0
4.453333  0.704959  0
4.480000  0.703076  0
4.506667  0.701257  0
4.533333  0.699396  0
4.560000  0.697368  0
4.586667  0.695036  0
4.613333  0.692263  0
4.640000  0.688926  0
4.666667  0.684931  0
4.693333  0.680220  0
4.720000  0.674777  0
4.746667  0.668630  0
4.773333  0.661845  0
4.800000  0.654531  0
4.826667  0.646825  0
4.853333  0.638892  0
4.880000  0.630911  0
4.906667  0.623064  0
4.933333  0.615523  0
4.960000  0.608432  0
4.986667  0.601899  0
5.013333  0.595986  0
5.040000  0.590709  0
5.066667  0.586045  0
5.093333  0.581942  0
5.120000  0.578332  0
5.146667  0.575145  0
5.173333  0.572315  0
5.200000  0.569792  0
5.226667  0.567533  0
5.253333  0.565509  0
5.280000  0.563693  0
5.306667  0.562058  0
5.333333  0.560576  0
5.360000  0.559215  0
5.386667  0.557947  0
5.413333  0.556747  0
5.440000  0.555605  0
5.466667  0.554522  0
5.493333  0.553513  0
5.520000  0.552607  0
5.546667  0.551837  0
5.573333  0.551231  0
5.600000  0.550814  0
5.626667  0.550590  0
5.653333  0.550552  0
5.680000  0.550671  0
5.706667  0.550907  0
5.733333  0.551209  0
5.760000  0.551523  0
5.786667  0.551800  0
5.813333  0.551997  0
5.840000  0.552084  0
5.866667  0.552046  0
5.893333  0.551879  0
5.920000  0.551592  0
5.946667  0.551205  0
5.973333  0.550744  0
6.000000  0.550242  0
6.026667  0.549736  0
6.053333  0.549260  0
6.080000  0.548846  0
6.106667  0.548519  0
6.133333  0.548290  0
6.160000  0.548159  0
6.186667  0.548111  0
6.213333  0.548120  0
6.240000  0.548151  0
6.266667  0.548168  0
6.293333  0.548138  0
6.320000  0.548037  0
6.346667  0.547850  0
6.373333  0.547572  0
6.400000  0.547207  0
6.426667  0.546764  0
6.453333  0.546257  0
6.480000  0.545700  0
6.506667  0.545110  0
6.533333  0.544505  0
6.560000  0.543904  0
6.586667  0.543328  0
6.613333  0.542793  0
6.640000  0.542316  0
6.666667  0.541906  0
6.693333  0.541564  0
6.720000  0.541283  0
6.746667  0.541051  0
6.773333  0.540849  0
6.800000  0.540657  0
6.826667  0.540455  0
6.853333  0.540225  0
6.880000  0.539949  0
6.906667  0.539611  0
6.933333  0.539195  0
6.960000  0.538689  0
6.986667  0.538085  0
7.013333  0.537382  0
7.040000  0.536586  0
7.066667  0.535712  0
7.093333  0.534782  0
7.120000  0.533821  0
7.146667  0.532854  0
7.173333  0.531904  0
7.200000  0.530984  0
7.226667  0.530099  0
7.253333  0.529244  0
7.280000  0.528401  0
7.306667  0.527548  0
7.333333  0.526657  0
7.360000  0.525699  0
7.386667  0.524651  0
7.413333  0.523499  0
7.440000  0.522237  0
7.466667  0.520870  0
7.493333  0.519413  0
7.520000  0.517887  0
7.546667  0.516319  0
7.573333  0.514738  0
7.600000  0.513173  0
7.626667  0.511652  0
7.653333  0.510199  0
7.680000  0.508838  0
7.706667  0.507590  0
7.733333  0.506471  0
7.760000  0.505493  0
7.786667  0.504661  0
7.813333  0.503972  0
7.840000  0.503413  0
7.866667  0.502962  0
7.893333  0.502591  0
7.920000  0.502264  0
7.946667  0.501947  0
7.973333  0.501606  0
8.000000  0.501217  0
8.026667  0.500763  0
8.053333  0.500243  0
8.080000  0.499666  0
8.106667  0.499055  0
8.133333  0.498436  0
8.160000  0.497839  0
8.186667  0.497283  0
8.213333  0.496776  0
8.240000  0.496309  0
8.266667  0.495857  0
8.293333  0.495382  0
8.320000  0.494843  0
8.346667  0.494200  0
8.373333  0.493421  0
8.400000  0.492490  0
8.426667  0.491403  0
8.453333  0.490172  0
8.480000  0.488821  0
8.506667  0.487384  0
8.533333  0.485900  0
8.560000  0.484411  0
8.586667  0.482954  0
8.613333  0.481557  0
8.640000  0.480240  0
8.666667  0.479007  0
8.693333  0.477851  0
8.720000  0.476752  0
8.746667  0.475675  0
8.773333  0.474574  0
8.800000  0.473390  0
8.826667  0.472049  0
8.853333  0.470463  0
8.880000  0.468537  0
8.906667  0.466176  0
8.933333  0.463304  0
8.960000  0.459884  0
8.986667  0.455929  0
9.013333  0.451517  0
9.040000  0.446786  0
9.066667  0.441920  0
9.093333  0.437123  0
9.120000  0.432589  0
9.146667  0.428473  0
9.173333  0.424877  0
9.200000  0.421838  0
9.226667  0.419338  0
9.253333  0.417317  0
9.280000  0.415687  0
9.306667  0.414354  0
9.333333  0.413229  0
9.360000  0.412240  0
9.386667  0.411335  0
9.413333  0.410484  0
9.440000  0.409673  0
9.466667  0.408899  0
9.493333  0.408164  0
9.520000  0.407472  0
9.546667  0.406820  0
9.573333  0.406207  0
9.600000  0.405625  0
9.626667  0.405072  0
9.653333  0.404544  0
9.680000  0.404044  0
9.706667  0.403577  0
9.733333  0.403150  0
9.760000  0.402769  0
9.786667  0.402440  0
9.813333  0.402167  0
9.840000  0.401951  0
9.866667  0.401791  0
9.893333  0.401687  0
9.920000  0.401634  0
9.946667  0.401625  0
9.973333  0.401649  0
10.000000  0.401691  0
10.026667  0.401734  0
10.053333  0.401759  0
10.080000  0.401747  0
10.106667  0.401686  0
10.133333  0.401572  0
10.160000  0.401410  0
10.186667  0.401210  0
10.213333  0.400992  0
10.240000  0.400777  0
10.266667  0.400581  0
10.293333  0.400417  0
10.320000  0.400289  0
10.346667  0.400190  0
10.373333  0.400106  0
10.400000  0.400018  0
10.426667  0.399905  0
10.453333  0.399747  0
10.480000  0.399532  0
10.506667  0.399252  0
10.533333  0.398909  0
10.560000  0.398512  0
10.586667  0.398075  0
10.613333  0.397615  0
10.640000  0.397147  0
10.666667  0.396688  0
10.693333  0.396247  0
10.720000  0.395833  0
10.746667  0.395452  0
10.773333  0.395108  0
10.800000  0.394805  0
10.826667  0.394545  0
10.853333  0.394328  0
10.880000  0.394155  0
10.906667  0.394021  0
10.933333  0.393921  0
10.960000  0.393849  0
10.986667  0.393797  0
11.013333  0.393757  0
11.040000  0.393719  0
11.066667  0.393675  0
11.093333  0.393618  0
11.120000  0.393538  0
11.146667  0.393429  0
11.173333  0.393285  0
11.200000  0.393103  0
11.226667  0.392884  0
11.253333  0.392629  0
11.280000  0.392345  0
11.306667  0.392038  0
11.333333  0.391715  0
11.360000  0.391380  0
11.386667  0.391037  0
11.413333  0.390690  0
11.440000  0.390341  0
11.466667  0.389990  0
11.493333  0.389639  0
11.520000  0.389292  0
11.546667  0.388951  0
11.573333  0.388624  0
11.600000  0.388316  0
11.626667  0.388034  0
11.653333  0.387781  0
11.680000  0.387562  0
11.706667  0.387374  0
11.733333  0.387214  0
11.760000  0.387072  0
11.786667  0.386938  0
11.813333  0.386801  0
11.840000  0.386652  0
11.866667  0.386485  0
11.893333  0.386297  0
11.920000  0.386091  0
11.946667  0.385876  0
11.973333  0.385661  0
12.000000  0.385458  0
12.026667  0.385275  0
12.053333  0.385119  0
12.080000  0.384995  0
12.106667  0.384901  0
12.133333  0.384834  0
12.160000  0.384789  0
12.186667  0.384761  0
12.213333  0.384745  0
12.240000  0.384736  0
12.266667  0.384731  0
12.293333  0.384728  0
12.320000  0.384725  0
12.346667  0.384722  0
12.373333  0.384716  0
12.400000  0.384707  0
12.426667  0.384693  0
12.453333  0.384670  0
12.480000  0.384636  0
12.506667  0.384588  0
12.533333  0.384526  0
12.560000  0.384447  0
12.586667  0.384354  0
12.613333  0.384248  0
12.640000  0.384135  0
12.666667  0.384017  0
12.693333  0.383901  0
12.720000  0.383790  0
12.746667  0.383689  0
12.773333  0.383601  0
12.800000  0.383527  0
12.826667  0.383467  0
12.853333  0.383419  0
12.880000  0.383378  0
12.906667  0.383340  0
12.933333  0.383301  0
12.960000  0.383263  0
12.986667  0.383225  0
13.013333  0.383194  0
13.040000  0.383176  0
13.066667  0.383174  0
13.093333  0.383191  0
13.120000  0.383224  0
13.146667  0.383264  0
13.173333  0.383301  0
13.200000  0.383323  0
13.226667  0.383321  0
13.253333  0.383290  0
13.280000  0.383232  0
13.306667  0.383156  0
13.333333  0.383073  0
13.360000  0.382996  0
13.386667  0.382934  0
13.413333  0.382895  0
13.440000  0.382880  0
13.466667  0.382890  0
13.493333  0.382925  0
13.520000  0.382986  0
13.546667  0.383077  0
13.573333  0.383200  0
13.600000  0.383357  0
13.626667  0.383544  0
13.653333  0.383752  0
13.680000  0.383969  0
13.706667  0.384179  0
13.733333  0.384369  0
13.760000  0.384531  0
13.786667  0.384665  0
13.813333  0.384777  0
13.840000  0.384880  0
13.866667  0.384988  0
13.893333  0.385113  0
13.920000  0.385262  0
13.946667  0.385430  0
13.973333  0.385606  0
14.000000  0.385771  0
14.026667  0.385904  0
14.053333  0.385989  0
14.080000  0.386016  0
14.106667  0.385986  0
14.133333  0.385909  0
14.160000  0.385801  0
14.186667  0.385681  0
14.213333  0.385563  0
14.240000  0.385458  0
14.266667  0.385368  0
14.293333  0.385290  0
14.320000  0.385215  0
14.346667  0.385136  0
14.373333  0.385043  0
14.400000  0.384932  0
14.426667  0.384798  0
14.453333  0.384641  0
14.480000  0.384464  0
14.506667  0.384269  0
14.533333  0.384062  0
14.560000  0.383851  0
14.586667  0.383642  0
14.613333  0.383445  0
14.640000  0.383268  0
14.666667  0.383116  0
14.693333  0.382996  0
14.720000  0.382914  0
14.746667  0.382877  0
14.773333  0.382891  0
14.800000  0.382963  0
14.826667  0.383099  0
14.853333  0.383301  0
14.880000  0.383568  0
14.906667  0.383890  0
14.933333  0.384250  0
14.960000  0.384628  0
14.986667  0.385000  0
15.013333  0.385341  0
15.040000  0.385632  0
15.066667  0.385863  0
15.093333  0.386027  0
15.120000  0.386128  0
15.146667  0.386174  0
15.173333  0.386174  0
15.200000  0.386140  0
15.226667  0.386082  0
15.253333  0.386008  0
15.280000  0.385925  0
15.306667  0.385835  0
15.333333  0.385743  0
15.360000  0.385649  0
15.386667  0.385555  0
15.413333  0.385460  0
15.440000  0.385364  0
15.466667  0.385269  0
15.493333  0.385174  0
15.520000  0.385079  0
15.546667  0.384983  0
15.573333  0.384888  0
15.600000  0.384793  0
15.626667  0.384698  0
15.653333  0.384602  0
15.680000  0.384507  0
15.706667  0.384412  0
15.733333  0.384317  0
15.760000  0.384221  0
15.786667  0.384126  0
15.813333  0.384031  0
15.840000  0.383936  0
15.866667  0.383840  0
15.893333  0.383745  0
15.920000  0.383650  0
15.946667  0.383555  0
15.973333  0.383459  0
16.000000  0.383364  0
16.026667  0.383269  0
16.053333  0.383173  0
16.080000  0.383078  0
16.106667  0.382983  0
16.133333  0.382888  0
16.160000  0.382792  0
16.186667  0.382697  0
16.213333  0.382602  0
16.240000  0.382507  0
16.266667  0.382411  0
16.293333  0.382316  0
16.320000  0.382221  0
16.346667  0.382126  0
16.373333  0.382030  0
16.400000  0.381935  0
16.426667  0.381840  0
16.453333  0.381744  0
16.480000  0.381649  0
16.506667  0.381554  0
16.533333  0.381459  0
16.560000  0.381363  0
16.586667  0.381268  0
16.613333  0.381173  0
16.640000  0.381078  0
16.666667  0.380982  0
16.693333  0.380887  0
16.720000  0.380792  0
16.746667  0.380697  0
16.773333  0.380601  0
16.800000  0.380506  0
16.826667  0.380411  0
16.853333  0.380316  0
16.880000  0.380220  0
16.906667  0.380125  0
16.933333  0.380030  0
16.960000  0.379934  0
16.986667  0.379839  0
17.013333  0.379744  0
17.040000  0.379649  0
17.066667  0.379553  0
17.093333  0.379458  0
17.120000  0.379363  0
17.146667  0.379268  0
17.173333  0.379172  0
17.200000  0.379077  0
17.226667  0.378982  0
17.253333  0.378887  0
17.280000  0.378791  0
17.306667  0.378696  0
17.333333  0.378601  0
17.360000  0.378506  0
17.386667  0.378410  0
17.413333  0.378315  0
17.440000  0.378220  0
17.466667  0.378124  0
17.493333  0.378029  0
17.520000  0.377934  0
17.546667  0.377839  0
17.573333  0.377743  0
17.600000  0.377648  0
17.626667  0.377553  0
17.653333  0.377458  0
17.680000  0.377362  0
17.706667  0.377267  0
17.733333  0.377172  0
17.760000  0.377077  0
17.786667  0.376981  0
17.813333  0.376886  0
17.840000  0.376791  0
17.866667  0.376696  0
17.893333  0.376600  0
17.920000  0.376505  0
17.946667  0.376410  0
17.973333  0.376314  0
18.000000  0.376219  0
18.026667  0.376124  0
18.053333  0.376029  0
18.080000  0.375933  0
18.106667  0.375838  0
18.133333  0.375743  0
18.160000  0.375648  0
18.186667  0.375552  0
18.213333  0.375457  0
18.240000  0.375362  0
18.266667  0.375267  0
18.293333  0.375171  0
18.320000  0.375076  0
18.346667  0.374981  0
18.373333  0.374886  0
18.400000  0.374790  0
18.426667  0.374695  0
18.453333  0.374600  0
18.480000  0.374504  0
18.506667  0.374409  0
18.533333  0.374314  0
18.560000  0.374219  0
18.586667  0.374123  0
18.613333  0.374028  0
18.640000  0.373933  0
18.666667  0.373838  0
18.693333  0.373742  0
18.720000  0.373647  0
18.746667  0.373552  0
18.773333  0.373457  0
18.800000  0.373361  0
18.826667  0.373266  0
18.853333  0.373171  0
18.880000  0.373076  0
18.906667  0.372980  0
18.933333  0.372885  0
18.960000  0.372790  0
18.986667  0.372694  0
19.013333  0.372599  0
19.040000  0.372504  0
19.066667  0.372409  0
19.093333  0.372313  0
19.120000  0.372218  0
19.146667  0.372123  0
19.173333  0.372028  0
19.200000  0.371932  0
19.226667  0.371837  0
19.253333  0.371742  0
19.280000  0.371647  0
19.306667  0.371551  0
19.333333  0.371456  0
19.360000  0.371361  0
19.386667  0.371265  0
19.413333  0.371170  0
19.440000  0.371075  0
19.466667  0.370980  0
19.493333  0.370884  0
19.520000  0.370789  0
19.546667  0.370694  0
19.573333  0.370599  0
19.600000  0.370503  0
19.626667  0.370408  0
19.653333  0.370313  0
19.680000  0.370218  0
19.706667  0.370122  0
19.733333  0.370027  0
19.760000  0.369932  0
19.786667  0.369837  0
19.813333  0.369741  0
19.840000  0.369646  0
19.866667  0.369551  0
19.893333  0.369455  0
19.920000  0.369360  0
19.946667  0.369265  0
19.973333  0.369170  0
20.000000  0.369074  0
20.026667  0.368979  0
20.053333  0.368884  0
20.080000  0.368789  0
20.106667  0.368693  0
20.133333  0.368598  0
20.160000  0.368503  0
20.186667  0.368408  0
20.213333  0.368312  0
20.240000  0.368217  0
20.266667  0.368122  0
20.293333  0.368027  0
20.320000  0.367931  0
20.346667  0.367836  0
20.373333  0.367741  0
20.400000  0.367645  0
20.426667  0.367550  0
20.453333  0.367455  0
20.480000  0.367360  0
20.506667  0.367264  0
20.533333  0.367169  0
20.560000  0.367074  0
20.586667  0.366979  0
20.613333  0.366883  0
20.640000  0.366788  0
20.666667  0.366693  0
20.693333  0.366598  0
20.720000  0.366502  0
20.746667  0.366407  0
20.773333  0.366312  0
20.800000  0.366217  0
20.826667  0.366121  0
20.853333  0.366026  0
20.880000  0.365931  0
20.906667  0.365835  0
20.933333  0.365740  0
20.960000  0.365645  0
20.986667  0.365550  0
21.013333  0.365454  0
21.040000  0.365359  0
21.066667  0.365264  0
21.093333  0.365169  0
21.120000  0.365073  0
21.146667  0.364978  0
21.173333  0.364883  0
21.200000  0.364788  0
21.226667  0.364692  0
21.253333  0.364597  0
21.280000  0.364502  0
21.306667  0.364407  0
21.333333  0.364311  0
21.360000  0.364216  0
21.386667  0.364121  0
21.413333  0.364025  0
21.440000  0.363930  0
21.466667  0.363835  0
21.493333  0.363740  0
21.520000  0.363644  0
21.546667  0.363549  0
21.573333  0.363454  0
21.600000  0.363359  0
21.626667  0.363263  0
21.653333  0.363168  0
21.680000  0.363073  0
21.706667  0.362978  0
21.733333  0.362882  0
21.760000  0.362787  0
21.786667  0.362692  0
21.813333  0.362597  0
21.840000  0.362501  0
21.866667  0.362406  0
21.893333  0.362311  0
21.920000  0.362215  0
21.946667  0.362120  0
21.973333  0.362025  0
22.000000  0.361930  0
22.026667  0.361834  0
22.053333  0.361739  0
22.080000  0.361644  0
22.106667  0.361549  0
22.133333  0.361453  0
22.160000  0.361358  0
22.186667  0.361263  0
22.213333  0.361168  0
22.240000  0.361072  0
22.266667  0.360977  0
22.293333  0.360882  0
22.320000  0.360786  0
22.346667  0.360691  0
22.373333  0.360596  0
22.400000  0.360501  0
22.426667  0.360405  0
22.453333  0.360310  0
22.480000  0.360215  0
22.506667  0.360120  0
22.533333  0.360024  0
22.560000  0.359929  0
22.586667  0.359834  0
22.613333  0.359739  0
22.640000  0.359643  0
22.666667  0.359548  0
22.693333  0.359453  0
22.720000  0.359358  0
22.746667  0.359262  0
22.773333  0.359167  0
22.800000  0.359072  0
22.826667  0.358976  0
22.853333  0.358881  0
22.880000  0.358786  0
22.906667  0.358691  0
22.933333  0.358595  0
22.960000  0.358500  0
22.986667  0.358405  0
23.013333  0.358310  0
23.040000  0.358214  0
23.066667  0.358119  0
23.093333  0.358024  0
23.120000  0.357929  0
23.146667  0.357833  0
23.173333  0.357738  0
23.200000  0.357643  0
23.226667  0.357548  0
23.253333  0.357452  0
23.280000  0.357357  0
23.306667  0.357262  0
23.333333  0.357166  0
23.360000  0.357071  0
23.386667  0.356976  0
23.413333  0.356881  0
23.440000  0.356785  0
23.466667  0.356690  0
23.493333  0.356595  0
23.520000  0.356500  0
23.546667  0.356404  0
23.573333  0.356309  0
23.600000  0.356214  0
23.626667  0.356119  0
23.653333  0.356023  0
23.680000  0.355928  0
23.706667  0.355833  0
23.733333  0.355738  0
23.760000  0.355642  0
23.786667  0.355547  0
23.813333  0.355452  0
23.840000  0.355356  0
23.866667  0.355261  0
23.893333  0.355166  0
23.920000  0.355071  0
23.946667  0.354975  0
23.973333  0.354880  0
24.000000  0.354785  0
24.026667  0.354690  0
24.053333  0.354594  0
24.080000  0.354499  0
24.106667  0.354404  0
24.133333  0.354309  0
24.160000  0.354214  0
24.186667  0.354120  0
24.213333  0.354026  0
24.240000  0.353934  0
24.266667  0.353845  0
24.293333  0.353759  0
24.320000  0.353679  0
24.346667  0.353607  0
24.373333  0.353545  0
24.400000  0.353495  0
24.426667  0.353461  0
24.453333  0.353443  0
