2.773333  0.703744  0
2.800000  0.701665  0
2.826667  0.699587  0
2.853333  0.697509  0
2.880000  0.695430  0
2.906667  0.693352  0
2.933333  0.691273  0
2.960000  0.689195  0
2.986667  0.687117  0
3.013333  0.685038  0
3.040000  0.683053  0
3.066667  0.682221  0
3.093333  0.681390  0
3.120000  0.680559  0
3.146667  0.679727  0
3.173333  0.678896  0
3.200000  0.678064  0
3.226667  0.677233  0
3.253333  0.676402  0
3.280000  0.675570  0
3.306667  0.674739  0
3.333333  0.673908  0
3.360000  0.673076  0
3.386667  0.672245  0
3.413333  0.671414  0
3.440000  0.670582  0
3.466667  0.669751  0
3.493333  0.669735  0
3.520000  0.669735  0
3.546667  0.669735  0
3.573333  0.669735  0
3.600000  0.669735  0
3.626667  0.669735  0
3.653333  0.669735  0
3.680000  0.669735  0
3.706667  0.669735  0
3.733333  0.669735  0
3.760000  0.669735  0
3.786667  0.669735  0
3.813333  0.669735  0
3.840000  0.670428  0
3.866667  0.671155  0
3.893333  0.671883  0
3.920000  0.672610  0
3.946667  0.673337  0
3.973333  0.674065  0
4.000000  0.674792  0
4.026667  0.675520  0
4.053333  0.676247  0
4.080000  0.676975  0
4.106667  0.677702  0
4.133333  0.678429  0
4.160000  0.679157  0
4.186667  0.679884  0
4.213333  0.680612  0
4.240000  0.680885  0
4.266667  0.680885  0
4.293333  0.680885  0
4.320000  0.680885  0
4.346667  0.680885  0
4.373333  0.680885  0
4.400000  0.680885  0
4.426667  0.680885  0
4.453333  0.680885  0
4.480000  0.680858  0
4.506667  0.680797  0
4.533333  0.680735  0
4.560000  0.680674  0
4.586667  0.680613  0
4.613333  0.680551  0
4.640000  0.680490  0
4.666667  0.680428  0
4.693333  0.680367  0
4.720000  0.680189  0
4.746667  0.679839  0
4.773333  0.679331  0
4.800000  0.678681  0
4.826667  0.677910  0
4.853333  0.677039  0
4.880000  0.676087  0
4.906667  0.675074  0
4.933333  0.674015  0
4.960000  0.672923  0
4.986667  0.671807  0
5.013333  0.670674  0
5.040000  0.669529  0
5.066667  0.668376  0
5.093333  0.667216  0
5.120000  0.666050  0
5.146667  0.664880  0
5.173333  0.663704  0
5.200000  0.662524  0
5.226667  0.661337  0
5.253333  0.660143  0
5.280000  0.658941  0
5.306667  0.657730  0
5.333333  0.656508  0
5.360000  0.655273  0
5.386667  0.654022  0
5.413333  0.652753  0
5.440000  0.651459  0
5.466667  0.650136  0
5.493333  0.648779  0
5.520000  0.647384  0
5.546667  0.645950  0
5.573333  0.644479  0
5.600000  0.642981  0
5.626667  0.641470  0
5.653333  0.639965  0
5.680000  0.638484  0
5.706667  0.637043  0
5.733333  0.635652  0
5.760000  0.634307  0
5.786667  0.632995  0
5.813333  0.631688  0
5.840000  0.630352  0
5.866667  0.628951  0
5.893333  0.627452  0
5.920000  0.625831  0
5.946667  0.624079  0
5.973333  0.622201  0
6.000000  0.620214  0
6.026667  0.618145  0
6.053333  0.616023  0
6.080000  0.613877  0
6.106667  0.611732  0
6.133333  0.609603  0
6.160000  0.607501  0
6.186667  0.605430  0
6.213333  0.603393  0
6.240000  0.601396  0
6.266667  0.599448  0
6.293333  0.597566  0
6.320000  0.595773  0
6.346667  0.594098  0
6.373333  0.592572  0
6.400000  0.591223  0
6.426667  0.590078  0
6.453333  0.589151  0
6.480000  0.588446  0
6.506667  0.587953  0
6.533333  0.587648  0
6.560000  0.587492  0
6.586667  0.587435  0
6.613333  0.587417  0
6.640000  0.587378  0
6.666667  0.587261  0
6.693333  0.587019  0
6.720000  0.586617  0
6.746667  0.586037  0
6.773333  0.585275  0
6.800000  0.584344  0
6.826667  0.583263  0
6.853333  0.582062  0
6.880000  0.580772  0
6.906667  0.579427  0
6.933333  0.578064  0
6.960000  0.576720  0
6.986667  0.575430  0
7.013333  0.574231  0
7.040000  0.573156  0
7.066667  0.572232  0
7.093333  0.571478  0
7.120000  0.570905  0
7.146667  0.570515  0
7.173333  0.570299  0
7.200000  0.570243  0
7.226667  0.570325  0
7.253333  0.570519  0
7.280000  0.570797  0
7.306667  0.571129  0
7.333333  0.571485  0
7.360000  0.571834  0
7.386667  0.572150  0
7.413333  0.572409  0
7.440000  0.572592  0
7.466667  0.572687  0
7.493333  0.572689  0
7.520000  0.572597  0
7.546667  0.572419  0
7.573333  0.572167  0
7.600000  0.571853  0
7.626667  0.571492  0
7.653333  0.571097  0
7.680000  0.570680  0
7.706667  0.570249  0
7.733333  0.569808  0
7.760000  0.569361  0
7.786667  0.568908  0
7.813333  0.568449  0
7.840000  0.567981  0
7.866667  0.567501  0
7.893333  0.567005  0
7.920000  0.566486  0
7.946667  0.565936  0
7.973333  0.565343  0
8.000000  0.564693  0
8.026667  0.563972  0
8.053333  0.563165  0
8.080000  0.562260  0
8.106667  0.561251  0
8.133333  0.560138  0
8.160000  0.558931  0
8.186667  0.557646  0
8.213333  0.556306  0
8.240000  0.554939  0
8.266667  0.553576  0
8.293333  0.552246  0
8.320000  0.550976  0
8.346667  0.549789  0
8.373333  0.548705  0
8.400000  0.547737  0
8.426667  0.546894  0
8.453333  0.546180  0
8.480000  0.545593  0
8.506667  0.545129  0
8.533333  0.544781  0
8.560000  0.544540  0
8.586667  0.544395  0
8.613333  0.544332  0
8.640000  0.544334  0
8.666667  0.544381  0
8.693333  0.544442  0
8.720000  0.544480  0
8.746667  0.544454  0
8.773333  0.544317  0
8.800000  0.544023  0
8.826667  0.543536  0
8.853333  0.543042  0
8.880000  0.542548  0
8.906667  0.542054  0
8.933333  0.541560  0
8.960000  0.541066  0
8.986667  0.540572  0
9.013333  0.540078  0
9.040000  0.539584  0
9.066667  0.539090  0
9.093333  0.538596  0
9.120000  0.538102  0
9.146667  0.537608  0
9.173333  0.537114  0
9.200000  0.536620  0
9.226667  0.536126  0
9.253333  0.535632  0
9.280000  0.535138  0
9.306667  0.534644  0
9.333333  0.534150  0
9.360000  0.533656  0
9.386667  0.533162  0
9.413333  0.532668  0
9.440000  0.532174  0
9.466667  0.531680  0
9.493333  0.531185  0
9.520000  0.530691  0
9.546667  0.530197  0
9.573333  0.529703  0
9.600000  0.529209  0
9.626667  0.528715  0
9.653333  0.528221  0
9.680000  0.527727  0
9.706667  0.527233  0
9.733333  0.526739  0
9.760000  0.526245  0
9.786667  0.525751  0
9.813333  0.525257  0
9.840000  0.524763  0
9.866667  0.524269  0
9.893333  0.523775  0
9.920000  0.523281  0
9.946667  0.522787  0
9.973333  0.522293  0
10.000000  0.521799  0
10.026667  0.521305  0
10.053333  0.520811  0
10.080000  0.520317  0
10.106667  0.519823  0
10.133333  0.519329  0
10.160000  0.518834  0
10.186667  0.518340  0
10.213333  0.517846  0
10.240000  0.517352  0
10.266667  0.516858  0
10.293333  0.516364  0
10.320000  0.515870  0
10.346667  0.515376  0
10.373333  0.514882  0
10.400000  0.514388  0
10.426667  0.513894  0
10.453333  0.513400  0
10.480000  0.512906  0
10.506667  0.512412  0
10.533333  0.511918  0
10.560000  0.511424  0
10.586667  0.510930  0
10.613333  0.510436  0
10.640000  0.509942  0
10.666667  0.509448  0
10.693333  0.508954  0
10.720000  0.508460  0
10.746667  0.507966  0
10.773333  0.507472  0
10.800000  0.506978  0
10.826667  0.506483  0
10.853333  0.505989  0
10.880000  0.505495  0
10.906667  0.505001  0
10.933333  0.504507  0
10.960000  0.504013  0
10.986667  0.503519  0
11.013333  0.503025  0
11.040000  0.502531  0
11.066667  0.502037  0
11.093333  0.501543  0
11.120000  0.501049  0
11.146667  0.500555  0
11.173333  0.500061  0
11.200000  0.499567  0
11.226667  0.499073  0
11.253333  0.498579  0
11.280000  0.498085  0
11.306667  0.497591  0
11.333333  0.497097  0
11.360000  0.496603  0
11.386667  0.496109  0
11.413333  0.495615  0
11.440000  0.495121  0
11.466667  0.494627  0
11.493333  0.494133  0
11.520000  0.493638  0
11.546667  0.493144  0
11.573333  0.492650  0
11.600000  0.492156  0
11.626667  0.491662  0
11.653333  0.491168  0
11.680000  0.490674  0
11.706667  0.490180  0
11.733333  0.489686  0
11.760000  0.489192  0
11.786667  0.488611  0
11.813333  0.488013  0
11.840000  0.487416  0
11.866667  0.486818  0
11.893333  0.486220  0
11.920000  0.485622  0
11.946667  0.485024  0
11.973333  0.484426  0
12.000000  0.483828  0
12.026667  0.483230  0
12.053333  0.482632  0
12.080000  0.482035  0
12.106667  0.481437  0
12.133333  0.480839  0
12.160000  0.480241  0
12.186667  0.479643  0
12.213333  0.479045  0
12.240000  0.478447  0
12.266667  0.477849  0
12.293333  0.477251  0
12.320000  0.476654  0
12.346667  0.476056  0
12.373333  0.475458  0
12.400000  0.474860  0
12.426667  0.474262  0
12.453333  0.473664  0
12.480000  0.473066  0
12.506667  0.472468  0
12.533333  0.471870  0
12.560000  0.471273  0
12.586667  0.470675  0
12.613333  0.470077  0
12.640000  0.469479  0
12.666667  0.468881  0
12.693333  0.468283  0
12.720000  0.467685  0
12.746667  0.467087  0
12.773333  0.466489  0
12.800000  0.465892  0
12.826667  0.465294  0
12.853333  0.464696  0
12.880000  0.464098  0
12.906667  0.463500  0
12.933333  0.462902  0
12.960000  0.462304  0
12.986667  0.461706  0
13.013333  0.461108  0
13.040000  0.460511  0
13.066667  0.459913  0
13.093333  0.459315  0
13.120000  0.458717  0
13.146667  0.458119  0
13.173333  0.457521  0
13.200000  0.456923  0
13.226667  0.456325  0
13.253333  0.455727  0
13.280000  0.455129  0
13.306667  0.454532  0
13.333333  0.453934  0
13.360000  0.453336  0
13.386667  0.452738  0
13.413333  0.452140  0
13.440000  0.451542  0
13.466667  0.450944  0
13.493333  0.450346  0
13.520000  0.449748  0
13.546667  0.449151  0
13.573333  0.448553  0
13.600000  0.447955  0
13.626667  0.447357  0
13.653333  0.446759  0
13.680000  0.446161  0
13.706667  0.445563  0
13.733333  0.444965  0
13.760000  0.444367  0
13.786667  0.443770  0
13.813333  0.443172  0
13.840000  0.442574  0
13.866667  0.441976  0
13.893333  0.441378  0
13.920000  0.440780  0
13.946667  0.440182  0
13.973333  0.439584  0
14.000000  0.438986  0
14.026667  0.438389  0
14.053333  0.437791  0
14.080000  0.437193  0
14.106667  0.436595  0
14.133333  0.435997  0
14.160000  0.435399  0
14.186667  0.434801  0
14.213333  0.434203  0
14.240000  0.433605  0
14.266667  0.433008  0
14.293333  0.432410  0
14.320000  0.431812  0
14.346667  0.431214  0
14.373333  0.430616  0
14.400000  0.430018  0
14.426667  0.429420  0
14.453333  0.428822  0
14.480000  0.428224  0
14.506667  0.427627  0
14.533333  0.427029  0
14.560000  0.426431  0
14.586667  0.425833  0
14.613333  0.425235  0
14.640000  0.424637  0
14.666667  0.424039  0
14.693333  0.423441  0
14.720000  0.422843  0
14.746667  0.422246  0
14.773333  0.422059  0
14.800000  0.421896  0
14.826667  0.421734  0
14.853333  0.421571  0
14.880000  0.421409  0
14.906667  0.421246  0
14.933333  0.421084  0
14.960000  0.420921  0
14.986667  0.420759  0
15.013333  0.420596  0
15.040000  0.420433  0
15.066667  0.420271  0
15.093333  0.420108  0
15.120000  0.419946  0
15.146667  0.419783  0
15.173333  0.419621  0
15.200000  0.419458  0
15.226667  0.419296  0
15.253333  0.419133  0
15.280000  0.418970  0
15.306667  0.418808  0
15.333333  0.418645  0
15.360000  0.418483  0
15.386667  0.418320  0
15.413333  0.418158  0
15.440000  0.417995  0
15.466667  0.417833  0
15.493333  0.417670  0
15.520000  0.417507  0
15.546667  0.417345  0
15.573333  0.417182  0
15.600000  0.417020  0
15.626667  0.416857  0
15.653333  0.416695  0
15.680000  0.416532  0
15.706667  0.416370  0
15.733333  0.416207  0
15.760000  0.416044  0
15.786667  0.415882  0
15.813333  0.415719  0
15.840000  0.415557  0
15.866667  0.415394  0
15.893333  0.415232  0
15.920000  0.415069  0
15.946667  0.414907  0
15.973333  0.414744  0
16.000000  0.414581  0
16.026667  0.414419  0
16.053333  0.414256  0
16.080000  0.414094  0
16.106667  0.413931  0
16.133333  0.413769  0
16.160000  0.413606  0
16.186667  0.413444  0
16.213333  0.413281  0
16.240000  0.413118  0
16.266667  0.412956  0
16.293333  0.412793  0
16.320000  0.412631  0
16.346667  0.412468  0
16.373333  0.412306  0
16.400000  0.412143  0
16.426667  0.411981  0
16.453333  0.411818  0
16.480000  0.411655  0
16.506667  0.411493  0
16.533333  0.411330  0
16.560000  0.411168  0
16.586667  0.411005  0
16.613333  0.410843  0
16.640000  0.410680  0
16.666667  0.410518  0
16.693333  0.410355  0
16.720000  0.410192  0
16.746667  0.410030  0
16.773333  0.409867  0
16.800000  0.409705  0
16.826667  0.409542  0
16.853333  0.409380  0
16.880000  0.409217  0
16.906667  0.409055  0
16.933333  0.408892  0
16.960000  0.408729  0
16.986667  0.408567  0
17.013333  0.408404  0
17.040000  0.408242  0
17.066667  0.408079  0
17.093333  0.407917  0
17.120000  0.407754  0
17.146667  0.407592  0
17.173333  0.407429  0
17.200000  0.407266  0
17.226667  0.407104  0
17.253333  0.406941  0
17.280000  0.406779  0
17.306667  0.406616  0
17.333333  0.406454  0
17.360000  0.406291  0
17.386667  0.406129  0
17.413333  0.405966  0
17.440000  0.405803  0
17.466667  0.405641  0
17.493333  0.405478  0
17.520000  0.405316  0
17.546667  0.405153  0
17.573333  0.404991  0
17.600000  0.404828  0
17.626667  0.404666  0
17.653333  0.404503  0
17.680000  0.404340  0
17.706667  0.404178  0
17.733333  0.404015  0
17.760000  0.403853  0
17.786667  0.403690  0
17.813333  0.403528  0
17.840000  0.403365  0
17.866667  0.403203  0
17.893333  0.403040  0
17.920000  0.402877  0
17.946667  0.402715  0
17.973333  0.402552  0
18.000000  0.402390  0
18.026667  0.402227  0
18.053333  0.402065  0
18.080000  0.401902  0
18.106667  0.401740  0
18.133333  0.401577  0
18.160000  0.401414  0
18.186667  0.401252  0
18.213333  0.401089  0
18.240000  0.400927  0
18.266667  0.400764  0
18.293333  0.400602  0
18.320000  0.400439  0
18.346667  0.400277  0
18.373333  0.400114  0
18.400000  0.399952  0
18.426667  0.399774  0
18.453333  0.399592  0
18.480000  0.399410  0
18.506667  0.399229  0
18.533333  0.399047  0
18.560000  0.398865  0
18.586667  0.398683  0
18.613333  0.398501  0
18.640000  0.398319  0
18.666667  0.398137  0
18.693333  0.397956  0
18.720000  0.397774  0
18.746667  0.397592  0
18.773333  0.397410  0
18.800000  0.397228  0
18.826667  0.397046  0
18.853333  0.396864  0
18.880000  0.396683  0
18.906667  0.396501  0
18.933333  0.396319  0
18.960000  0.396137  0
18.986667  0.395955  0
19.013333  0.395773  0
19.040000  0.395591  0
19.066667  0.395410  0
19.093333  0.395228  0
19.120000  0.395046  0
19.146667  0.394864  0
19.173333  0.394682  0
19.200000  0.394500  0
19.226667  0.394318  0
19.253333  0.394137  0
19.280000  0.393955  0
19.306667  0.393773  0
19.333333  0.393591  0
19.360000  0.393409  0
19.386667  0.393227  0
19.413333  0.393045  0
19.440000  0.392864  0
19.466667  0.392682  0
19.493333  0.392500  0
19.520000  0.392318  0
19.546667  0.392136  0
19.573333  0.391954  0
19.600000  0.391772  0
19.626667  0.391591  0
19.653333  0.391409  0
19.680000  0.391227  0
19.706667  0.391045  0
19.733333  0.390863  0
19.760000  0.390681  0
19.786667  0.390499  0
19.813333  0.390318  0
19.840000  0.390136  0
19.866667  0.389954  0
19.893333  0.389772  0
19.920000  0.389590  0
19.946667  0.389408  0
19.973333  0.389226  0
20.000000  0.389045  0
20.026667  0.388863  0
20.053333  0.388681  0
20.080000  0.388499  0
20.106667  0.388317  0
20.133333  0.388135  0
20.160000  0.387953  0
20.186667  0.387772  0
20.213333  0.387590  0
20.240000  0.387408  0
20.266667  0.387226  0
20.293333  0.387044  0
20.320000  0.386862  0
20.346667  0.386680  0
20.373333  0.386499  0
20.400000  0.386317  0
20.426667  0.386135  0
20.453333  0.385953  0
20.480000  0.385771  0
20.506667  0.385589  0
20.533333  0.385407  0
20.560000  0.385226  0
20.586667  0.385044  0
20.613333  0.384862  0
20.640000  0.384680  0
20.666667  0.384498  0
20.693333  0.384316  0
