2.906667  0.773959  0
2.933333  0.772742  0
2.960000  0.770741  0
2.986667  0.768416  0
3.013333  0.766006  0
3.040000  0.763583  0
3.066667  0.761158  0
3.093333  0.758734  0
3.120000  0.756309  0
3.146667  0.753885  0
3.173333  0.751465  0
3.200000  0.749071  0
3.226667  0.746776  0
3.253333  0.744705  0
3.280000  0.742962  0
3.306667  0.741524  0
3.333333  0.740269  0
3.360000  0.739084  0
3.386667  0.737917  0
3.413333  0.736753  0
3.440000  0.735589  0
3.466667  0.734425  0
3.493333  0.733261  0
3.520000  0.732098  0
3.546667  0.730934  0
3.573333  0.729771  0
3.600000  0.728617  0
3.626667  0.727498  0
3.653333  0.726470  0
3.680000  0.725598  0
3.706667  0.724896  0
3.733333  0.724313  0
3.760000  0.723783  0
3.786667  0.723267  0
3.813333  0.722753  0
3.840000  0.722240  0
3.866667  0.721726  0
3.893333  0.721213  0
3.920000  0.720699  0
3.946667  0.720187  0
3.973333  0.719679  0
4.000000  0.719183  0
4.026667  0.718708  0
4.053333  0.718255  0
4.080000  0.717818  0
4.106667  0.717389  0
4.133333  0.716961  0
4.160000  0.716534  0
4.186667  0.716107  0
4.213333  0.715680  0
4.240000  0.715252  0
4.266667  0.714825  0
4.293333  0.714399  0
4.320000  0.713973  0
4.346667  0.713550  0
4.373333  0.713113  0
4.400000  0.712614  0
4.426667  0.711983  0
4.453333  0.711177  0
4.480000  0.710205  0
4.506667  0.709098  0
4.533333  0.707888  0
4.560000  0.706585  0
4.586667  0.705171  0
4.613333  0.703598  0
4.640000  0.701789  0
4.666667  0.699646  0
4.693333  0.697054  0
4.720000  0.693903  0
4.746667  0.690094  0
4.773333  0.685562  0
4.800000  0.680283  0
4.826667  0.674288  0
4.853333  0.667661  0
4.880000  0.660537  0
4.906667  0.653086  0
4.933333  0.645500  0
4.960000  0.637970  0
4.986667  0.630670  0
5.013333  0.623744  0
5.040000  0.617298  0
5.066667  0.611396  0
5.093333  0.606072  0
5.120000  0.601332  0
5.146667  0.597164  0
5.173333  0.593552  0
5.200000  0.590474  0
5.226667  0.587913  0
5.253333  0.585850  0
5.280000  0.584265  0
5.306667  0.583130  0
5.333333  0.582407  0
5.360000  0.582040  0
5.386667  0.581960  0
5.413333  0.582078  0
5.440000  0.582300  0
5.466667  0.582530  0
5.493333  0.582685  0
5.520000  0.582703  0
5.546667  0.582550  0
5.573333  0.582226  0
5.600000  0.581758  0
5.626667  0.581196  0
5.653333  0.580598  0
5.680000  0.580022  0
5.706667  0.579514  0
5.733333  0.579108  0
5.760000  0.578820  0
5.786667  0.578652  0
5.813333  0.578593  0
5.840000  0.578627  0
5.866667  0.578733  0
5.893333  0.578886  0
5.920000  0.579061  0
5.946667  0.579232  0
5.973333  0.579378  0
6.000000  0.579475  0
6.026667  0.579509  0
6.053333  0.579467  0
6.080000  0.579347  0
6.106667  0.579147  0
6.133333  0.578874  0
6.160000  0.578533  0
6.186667  0.578135  0
6.213333  0.577691  0
6.240000  0.577213  0
6.266667  0.576718  0
6.293333  0.576224  0
6.320000  0.575750  0
6.346667  0.575319  0
6.373333  0.574950  0
6.400000  0.574660  0
6.426667  0.574460  0
6.453333  0.574354  0
6.480000  0.574333  0
6.506667  0.574380  0
6.533333  0.574470  0
6.560000  0.574569  0
6.586667  0.574640  0
6.613333  0.574647  0
6.640000  0.574557  0
6.666667  0.574347  0
6.693333  0.574004  0
6.720000  0.573529  0
6.746667  0.572932  0
6.773333  0.572236  0
6.800000  0.571471  0
6.826667  0.570672  0
6.853333  0.569873  0
6.880000  0.569111  0
6.906667  0.568414  0
6.933333  0.567808  0
6.960000  0.567307  0
6.986667  0.566917  0
7.013333  0.566632  0
7.040000  0.566437  0
7.066667  0.566307  0
7.093333  0.566213  0
7.120000  0.566126  0
7.146667  0.566018  0
7.173333  0.565867  0
7.200000  0.565658  0
7.226667  0.565384  0
7.253333  0.565044  0
7.280000  0.564643  0
7.306667  0.564187  0
7.333333  0.563681  0
7.360000  0.563132  0
7.386667  0.562538  0
7.413333  0.561901  0
7.440000  0.561216  0
7.466667  0.560482  0
7.493333  0.559696  0
7.520000  0.558859  0
7.546667  0.557973  0
7.573333  0.557045  0
7.600000  0.556080  0
7.626667  0.555091  0
7.653333  0.554087  0
7.680000  0.553080  0
7.706667  0.552081  0
7.733333  0.551099  0
7.760000  0.550137  0
7.786667  0.549199  0
7.813333  0.548282  0
7.840000  0.547385  0
7.866667  0.546505  0
7.893333  0.545640  0
7.920000  0.544793  0
7.946667  0.543970  0
7.973333  0.543177  0
8.000000  0.542422  0
8.026667  0.541708  0
8.053333  0.541031  0
8.080000  0.540381  0
8.106667  0.539740  0
8.133333  0.539088  0
8.160000  0.538402  0
8.186667  0.537663  0
8.213333  0.536858  0
8.240000  0.535985  0
8.266667  0.535051  0
8.293333  0.534072  0
8.320000  0.533068  0
8.346667  0.532065  0
8.373333  0.531087  0
8.400000  0.530154  0
8.426667  0.529284  0
8.453333  0.528487  0
8.480000  0.527770  0
8.506667  0.527136  0
8.533333  0.526581  0
8.560000  0.526099  0
8.586667  0.525680  0
8.613333  0.525312  0
8.640000  0.524977  0
8.666667  0.524659  0
8.693333  0.524339  0
8.720000  0.523998  0
8.746667  0.523624  0
8.773333  0.523207  0
8.800000  0.522746  0
8.826667  0.522249  0
8.853333  0.521736  0
8.880000  0.521232  0
8.906667  0.520770  0
8.933333  0.520382  0
8.960000  0.520095  0
8.986667  0.519927  0
9.013333  0.519883  0
9.040000  0.519952  0
9.066667  0.520113  0
9.093333  0.520335  0
9.120000  0.520585  0
9.146667  0.520832  0
9.173333  0.521054  0
9.200000  0.521233  0
9.226667  0.521363  0
9.253333  0.521447  0
9.280000  0.521492  0
9.306667  0.521508  0
9.333333  0.521510  0
9.360000  0.521507  0
9.386667  0.521509  0
9.413333  0.521522  0
9.440000  0.521545  0
9.466667  0.521577  0
9.493333  0.521609  0
9.520000  0.521634  0
9.546667  0.521639  0
9.573333  0.521612  0
9.600000  0.521544  0
9.626667  0.521425  0
9.653333  0.521248  0
9.680000  0.521009  0
9.706667  0.520706  0
9.733333  0.520340  0
9.760000  0.519912  0
9.786667  0.519427  0
9.813333  0.518890  0
9.840000  0.518306  0
9.866667  0.517682  0
9.893333  0.517024  0
9.920000  0.516337  0
9.946667  0.515627  0
9.973333  0.514898  0
10.000000  0.514155  0
10.026667  0.513403  0
10.053333  0.512646  0
10.080000  0.511888  0
10.106667  0.511136  0
10.133333  0.510394  0
10.160000  0.509668  0
10.186667  0.508963  0
10.213333  0.508283  0
10.240000  0.507632  0
10.266667  0.507012  0
10.293333  0.506422  0
10.320000  0.505862  0
10.346667  0.505325  0
10.373333  0.504809  0
10.400000  0.504305  0
10.426667  0.503810  0
10.453333  0.503318  0
10.480000  0.502828  0
10.506667  0.502338  0
10.533333  0.501851  0
10.560000  0.501369  0
10.586667  0.500893  0
10.613333  0.500424  0
10.640000  0.499964  0
10.666667  0.499510  0
10.693333  0.499061  0
10.720000  0.498616  0
10.746667  0.498172  0
10.773333  0.497731  0
10.800000  0.497293  0
10.826667  0.496857  0
10.853333  0.496425  0
10.880000  0.495997  0
10.906667  0.495571  0
10.933333  0.495144  0
10.960000  0.494714  0
10.986667  0.494278  0
11.013333  0.493831  0
11.040000  0.493370  0
11.066667  0.492893  0
11.093333  0.492398  0
11.120000  0.491885  0
11.146667  0.491355  0
11.173333  0.490808  0
11.200000  0.490246  0
11.226667  0.489673  0
11.253333  0.489090  0
11.280000  0.488502  0
11.306667  0.487910  0
11.333333  0.487318  0
11.360000  0.486727  0
11.386667  0.486140  0
11.413333  0.485557  0
11.440000  0.484978  0
11.466667  0.484404  0
11.493333  0.483832  0
11.520000  0.483263  0
11.546667  0.482695  0
11.573333  0.482126  0
11.600000  0.481556  0
11.626667  0.480983  0
11.653333  0.480408  0
11.680000  0.479830  0
11.706667  0.479249  0
11.733333  0.478667  0
11.760000  0.478085  0
11.786667  0.477503  0
11.813333  0.476923  0
11.840000  0.476344  0
11.866667  0.475767  0
11.893333  0.475192  0
11.920000  0.474618  0
11.946667  0.474044  0
11.973333  0.473470  0
12.000000  0.472896  0
12.026667  0.472324  0
12.053333  0.471756  0
12.080000  0.471196  0
12.106667  0.470648  0
12.133333  0.470121  0
12.160000  0.469623  0
12.186667  0.469164  0
12.213333  0.468756  0
12.240000  0.468411  0
12.266667  0.468138  0
12.293333  0.467926  0
12.320000  0.467693  0
12.346667  0.467353  0
12.373333  0.466937  0
12.400000  0.466502  0
12.426667  0.466067  0
12.453333  0.465631  0
12.480000  0.465195  0
12.506667  0.464759  0
12.533333  0.464323  0
12.560000  0.463887  0
12.586667  0.463452  0
12.613333  0.463016  0
12.640000  0.462580  0
12.666667  0.462144  0
12.693333  0.461708  0
12.720000  0.461273  0
12.746667  0.460837  0
12.773333  0.460401  0
12.800000  0.459965  0
12.826667  0.459529  0
12.853333  0.459093  0
12.880000  0.458658  0
12.906667  0.458222  0
12.933333  0.457786  0
12.960000  0.457350  0
12.986667  0.456914  0
13.013333  0.456479  0
13.040000  0.456043  0
13.066667  0.455607  0
13.093333  0.455171  0
13.120000  0.454735  0
13.146667  0.454299  0
13.173333  0.453864  0
13.200000  0.453428  0
13.226667  0.452992  0
13.253333  0.452556  0
13.280000  0.452120  0
13.306667  0.451685  0
13.333333  0.451249  0
13.360000  0.450813  0
13.386667  0.450377  0
13.413333  0.449941  0
13.440000  0.449505  0
13.466667  0.449070  0
13.493333  0.448634  0
13.520000  0.448198  0
13.546667  0.447762  0
13.573333  0.447326  0
13.600000  0.446891  0
13.626667  0.446455  0
13.653333  0.446019  0
13.680000  0.445583  0
13.706667  0.445147  0
13.733333  0.444711  0
13.760000  0.444276  0
13.786667  0.443840  0
13.813333  0.443404  0
13.840000  0.442968  0
13.866667  0.442532  0
13.893333  0.442097  0
13.920000  0.441661  0
13.946667  0.441225  0
13.973333  0.440789  0
14.000000  0.440353  0
14.026667  0.439917  0
14.053333  0.439482  0
14.080000  0.439046  0
14.106667  0.438610  0
14.133333  0.438174  0
14.160000  0.437738  0
14.186667  0.437303  0
14.213333  0.436867  0
14.240000  0.436431  0
14.266667  0.435995  0
14.293333  0.435559  0
14.320000  0.435123  0
14.346667  0.434688  0
14.373333  0.434252  0
14.400000  0.433816  0
14.426667  0.433380  0
14.453333  0.432944  0
14.480000  0.432509  0
14.506667  0.432073  0
14.533333  0.431643  0
14.560000  0.431239  0
14.586667  0.430879  0
14.613333  0.430552  0
14.640000  0.430235  0
14.666667  0.429918  0
14.693333  0.429603  0
14.720000  0.429287  0
14.746667  0.428971  0
14.773333  0.428655  0
14.800000  0.428339  0
14.826667  0.428023  0
14.853333  0.427707  0
14.880000  0.427391  0
14.906667  0.427075  0
14.933333  0.426759  0
14.960000  0.426443  0
14.986667  0.426128  0
15.013333  0.425812  0
15.040000  0.425496  0
15.066667  0.425180  0
15.093333  0.424864  0
15.120000  0.424548  0
15.146667  0.424232  0
15.173333  0.423916  0
15.200000  0.423600  0
15.226667  0.423284  0
15.253333  0.422968  0
15.280000  0.422652  0
15.306667  0.422337  0
15.333333  0.422021  0
15.360000  0.421705  0
15.386667  0.421389  0
15.413333  0.421073  0
15.440000  0.420757  0
15.466667  0.420441  0
15.493333  0.420125  0
15.520000  0.419809  0
15.546667  0.419493  0
15.573333  0.419177  0
15.600000  0.418861  0
15.626667  0.418546  0
15.653333  0.418230  0
15.680000  0.417914  0
15.706667  0.417598  0
15.733333  0.417282  0
15.760000  0.416966  0
15.786667  0.416650  0
15.813333  0.416334  0
15.840000  0.416018  0
15.866667  0.415702  0
15.893333  0.415386  0
15.920000  0.415071  0
15.946667  0.414755  0
15.973333  0.414439  0
16.000000  0.414123  0
16.026667  0.413807  0
16.053333  0.413491  0
16.080000  0.413175  0
16.106667  0.412859  0
16.133333  0.412543  0
16.160000  0.412227  0
16.186667  0.411911  0
16.213333  0.411595  0
16.240000  0.411280  0
16.266667  0.410964  0
16.293333  0.410648  0
16.320000  0.410332  0
16.346667  0.410016  0
16.373333  0.409700  0
16.400000  0.409384  0
16.426667  0.409068  0
16.453333  0.408752  0
16.480000  0.408436  0
16.506667  0.408120  0
16.533333  0.407805  0
16.560000  0.407489  0
16.586667  0.407173  0
16.613333  0.406857  0
16.640000  0.406541  0
16.666667  0.406225  0
16.693333  0.405909  0
16.720000  0.405593  0
16.746667  0.405277  0
16.773333  0.404961  0
16.800000  0.404645  0
16.826667  0.404329  0
16.853333  0.404014  0
16.880000  0.403698  0
16.906667  0.403382  0
16.933333  0.403066  0
16.960000  0.402750  0
16.986667  0.402434  0
17.013333  0.402118  0
17.040000  0.401802  0
17.066667  0.401486  0
17.093333  0.401170  0
17.120000  0.400854  0
17.146667  0.400538  0
17.173333  0.400223  0
17.200000  0.399907  0
17.226667  0.399591  0
17.253333  0.399275  0
17.280000  0.398959  0
17.306667  0.398643  0
17.333333  0.398327  0
17.360000  0.398011  0
17.386667  0.397695  0
17.413333  0.397379  0
17.440000  0.397063  0
17.466667  0.396748  0
17.493333  0.396432  0
17.520000  0.396116  0
17.546667  0.395800  0
17.573333  0.395484  0
17.600000  0.395168  0
17.626667  0.394852  0
17.653333  0.394536  0
17.680000  0.394220  0
17.706667  0.393904  0
17.733333  0.393588  0
17.760000  0.393272  0
17.786667  0.392957  0
17.813333  0.392641  0
17.840000  0.392325  0
17.866667  0.392009  0
17.893333  0.391693  0
17.920000  0.391377  0
17.946667  0.391061  0
17.973333  0.390745  0
18.000000  0.390429  0
18.026667  0.390113  0
18.053333  0.389797  0
18.080000  0.389482  0
18.106667  0.389177  0
18.133333  0.388919  0
18.160000  0.388749  0
18.186667  0.388648  0
18.213333  0.388573  0
18.240000  0.388503  0
18.266667  0.388433  0
18.293333  0.388364  0
18.320000  0.388294  0
18.346667  0.388224  0
18.373333  0.388154  0
18.400000  0.388084  0
18.426667  0.388014  0
18.453333  0.387945  0
18.480000  0.387875  0
18.506667  0.387805  0
18.533333  0.387735  0
18.560000  0.387665  0
18.586667  0.387595  0
18.613333  0.387526  0
18.640000  0.387456  0
18.666667  0.387386  0
18.693333  0.387316  0
18.720000  0.387246  0
18.746667  0.387176  0
18.773333  0.387107  0
18.800000  0.387037  0
18.826667  0.386967  0
18.853333  0.386897  0
18.880000  0.386827  0
18.906667  0.386757  0
18.933333  0.386688  0
18.960000  0.386618  0
18.986667  0.386548  0
19.013333  0.386478  0
19.040000  0.386408  0
19.066667  0.386338  0
19.093333  0.386269  0
19.120000  0.386199  0
19.146667  0.386129  0
19.173333  0.386059  0
19.200000  0.385989  0
19.226667  0.385919  0
19.253333  0.385850  0
19.280000  0.385780  0
19.306667  0.385710  0
19.333333  0.385640  0
19.360000  0.385570  0
19.386667  0.385500  0
19.413333  0.385431  0
19.440000  0.385361  0
19.466667  0.385291  0
19.493333  0.385221  0
19.520000  0.385151  0
19.546667  0.385081  0
19.573333  0.385012  0
19.600000  0.384942  0
19.626667  0.384872  0
19.653333  0.384802  0
19.680000  0.384732  0
19.706667  0.384662  0
19.733333  0.384593  0
19.760000  0.384523  0
19.786667  0.384453  0
19.813333  0.384383  0
19.840000  0.384313  0
19.866667  0.384243  0
19.893333  0.384174  0
19.920000  0.384104  0
19.946667  0.384034  0
19.973333  0.383964  0
20.000000  0.383894  0
20.026667  0.383824  0
20.053333  0.383755  0
20.080000  0.383685  0
20.106667  0.383615  0
20.133333  0.383545  0
20.160000  0.383475  0
20.186667  0.383405  0
20.213333  0.383336  0
20.240000  0.383266  0
20.266667  0.383196  0
20.293333  0.383126  0
20.320000  0.383056  0
20.346667  0.382986  0
20.373333  0.382917  0
20.400000  0.382847  0
20.426667  0.382777  0
20.453333  0.382707  0
20.480000  0.382637  0
20.506667  0.382567  0
20.533333  0.382498  0
20.560000  0.382428  0
20.586667  0.382358  0
20.613333  0.382288  0
20.640000  0.382219  0
20.666667  0.382153  0
20.693333  0.382108  0
