2.693333  0.728698  0
2.720000  0.728486  0
2.746667  0.728070  0
2.773333  0.727463  0
2.800000  0.726687  0
2.826667  0.725765  0
2.853333  0.724724  0
2.880000  0.723593  0
2.906667  0.722397  0
2.933333  0.721161  0
2.960000  0.719910  0
2.986667  0.718663  0
3.013333  0.717438  0
3.040000  0.716249  0
3.066667  0.715109  0
3.093333  0.714027  0
3.120000  0.713010  0
3.146667  0.712061  0
3.173333  0.711183  0
3.200000  0.710376  0
3.226667  0.709636  0
3.253333  0.708960  0
3.280000  0.708343  0
3.306667  0.707779  0
3.333333  0.707260  0
3.360000  0.706779  0
3.386667  0.706327  0
3.413333  0.705896  0
3.440000  0.705475  0
3.466667  0.705047  0
3.493333  0.704589  0
3.520000  0.704066  0
3.546667  0.703443  0
3.573333  0.702709  0
3.600000  0.701886  0
3.626667  0.701009  0
3.653333  0.700110  0
3.680000  0.699203  0
3.706667  0.698295  0
3.733333  0.697387  0
3.760000  0.696478  0
3.786667  0.695570  0
3.813333  0.694662  0
3.840000  0.693753  0
3.866667  0.692845  0
3.893333  0.691937  0
3.920000  0.691028  0
3.946667  0.690120  0
3.973333  0.689211  0
4.000000  0.688303  0
4.026667  0.687395  0
4.053333  0.686486  0
4.080000  0.685578  0
4.106667  0.684670  0
4.133333  0.683761  0
4.160000  0.682853  0
4.186667  0.681945  0
4.213333  0.681036  0
4.240000  0.680128  0
4.266667  0.679219  0
4.293333  0.678311  0
4.320000  0.677403  0
4.346667  0.676495  0
4.373333  0.675588  0
4.400000  0.674687  0
4.426667  0.673807  0
4.453333  0.672980  0
4.480000  0.672250  0
4.506667  0.671664  0
4.533333  0.671241  0
4.560000  0.670973  0
4.586667  0.670832  0
4.613333  0.670777  0
4.640000  0.670760  0
4.666667  0.670736  0
4.693333  0.670661  0
4.720000  0.670497  0
4.746667  0.670217  0
4.773333  0.669806  0
4.800000  0.669259  0
4.826667  0.668577  0
4.853333  0.667769  0
4.880000  0.666845  0
4.906667  0.665814  0
4.933333  0.664682  0
4.960000  0.663449  0
4.986667  0.662113  0
5.013333  0.660667  0
5.040000  0.659100  0
5.066667  0.657405  0
5.093333  0.655575  0
5.120000  0.653610  0
5.146667  0.651519  0
5.173333  0.649318  0
5.200000  0.647035  0
5.226667  0.644706  0
5.253333  0.642372  0
5.280000  0.640079  0
5.306667  0.637868  0
5.333333  0.635777  0
5.360000  0.633829  0
5.386667  0.632035  0
5.413333  0.630391  0
5.440000  0.628877  0
5.466667  0.627461  0
5.493333  0.626103  0
5.520000  0.624764  0
5.546667  0.623407  0
5.573333  0.622005  0
5.600000  0.620542  0
5.626667  0.619012  0
5.653333  0.617422  0
5.680000  0.615784  0
5.706667  0.614116  0
5.733333  0.612437  0
5.760000  0.610765  0
5.786667  0.609116  0
5.813333  0.607503  0
5.840000  0.605940  0
5.866667  0.604437  0
5.893333  0.603003  0
5.920000  0.601648  0
5.946667  0.600379  0
5.973333  0.599201  0
6.000000  0.598115  0
6.026667  0.597120  0
6.053333  0.596209  0
6.080000  0.595371  0
6.106667  0.594590  0
6.133333  0.593850  0
6.160000  0.593130  0
6.186667  0.592414  0
6.213333  0.591685  0
6.240000  0.590930  0
6.266667  0.590142  0
6.293333  0.589316  0
6.320000  0.588451  0
6.346667  0.587548  0
6.373333  0.586612  0
6.400000  0.585648  0
6.426667  0.584661  0
6.453333  0.583658  0
6.480000  0.582648  0
6.506667  0.581642  0
6.533333  0.580652  0
6.560000  0.579695  0
6.586667  0.578789  0
6.613333  0.577953  0
6.640000  0.577202  0
6.666667  0.576548  0
6.693333  0.576000  0
6.720000  0.575553  0
6.746667  0.575198  0
6.773333  0.574918  0
6.800000  0.574689  0
6.826667  0.574482  0
6.853333  0.574271  0
6.880000  0.574031  0
6.906667  0.573745  0
6.933333  0.573404  0
6.960000  0.573008  0
6.986667  0.572569  0
7.013333  0.572107  0
7.040000  0.571645  0
7.066667  0.571211  0
7.093333  0.570830  0
7.120000  0.570519  0
7.146667  0.570289  0
7.173333  0.570140  0
7.200000  0.570064  0
7.226667  0.570042  0
7.253333  0.570053  0
7.280000  0.570071  0
7.306667  0.570071  0
7.333333  0.570030  0
7.360000  0.569931  0
7.386667  0.569763  0
7.413333  0.569521  0
7.440000  0.569203  0
7.466667  0.568814  0
7.493333  0.568360  0
7.520000  0.567848  0
7.546667  0.567289  0
7.573333  0.566690  0
7.600000  0.566059  0
7.626667  0.565406  0
7.653333  0.564738  0
7.680000  0.564064  0
7.706667  0.563391  0
7.733333  0.562729  0
7.760000  0.562081  0
7.786667  0.561453  0
7.813333  0.560846  0
7.840000  0.560259  0
7.866667  0.559686  0
7.893333  0.559122  0
7.920000  0.558559  0
7.946667  0.557991  0
7.973333  0.557411  0
8.000000  0.556814  0
8.026667  0.556198  0
8.053333  0.555561  0
8.080000  0.554903  0
8.106667  0.554226  0
8.133333  0.553533  0
8.160000  0.552828  0
8.186667  0.552113  0
8.213333  0.551396  0
8.240000  0.550683  0
8.266667  0.549980  0
8.293333  0.549296  0
8.320000  0.548637  0
8.346667  0.548010  0
8.373333  0.547419  0
8.400000  0.546867  0
8.426667  0.546355  0
8.453333  0.545881  0
8.480000  0.545444  0
8.506667  0.545037  0
8.533333  0.544655  0
8.560000  0.544291  0
8.586667  0.543935  0
8.613333  0.543578  0
8.640000  0.543208  0
8.666667  0.542814  0
8.693333  0.542383  0
8.720000  0.541903  0
8.746667  0.541366  0
8.773333  0.540766  0
8.800000  0.540105  0
8.826667  0.539389  0
8.853333  0.538634  0
8.880000  0.537861  0
8.906667  0.537095  0
8.933333  0.536363  0
8.960000  0.535686  0
8.986667  0.535084  0
9.013333  0.534562  0
9.040000  0.534119  0
9.066667  0.533742  0
9.093333  0.533412  0
9.120000  0.533102  0
9.146667  0.532787  0
9.173333  0.532444  0
9.200000  0.532052  0
9.226667  0.531600  0
9.253333  0.531082  0
9.280000  0.530499  0
9.306667  0.529857  0
9.333333  0.529167  0
9.360000  0.528441  0
9.386667  0.527692  0
9.413333  0.526930  0
9.440000  0.526166  0
9.466667  0.525407  0
9.493333  0.524657  0
9.520000  0.523920  0
9.546667  0.523195  0
9.573333  0.522482  0
9.600000  0.521780  0
9.626667  0.521090  0
9.653333  0.520412  0
9.680000  0.519748  0
9.706667  0.519102  0
9.733333  0.518477  0
9.760000  0.517879  0
9.786667  0.517314  0
9.813333  0.516785  0
9.840000  0.516293  0
9.866667  0.515837  0
9.893333  0.515412  0
9.920000  0.515011  0
9.946667  0.514621  0
9.973333  0.514231  0
10.000000  0.513828  0
10.026667  0.513399  0
10.053333  0.512934  0
10.080000  0.512427  0
10.106667  0.511875  0
10.133333  0.511279  0
10.160000  0.510644  0
10.186667  0.509976  0
10.213333  0.509287  0
10.240000  0.508587  0
10.266667  0.507888  0
10.293333  0.507203  0
10.320000  0.506542  0
10.346667  0.505912  0
10.373333  0.505322  0
10.400000  0.504774  0
10.426667  0.504270  0
10.453333  0.503809  0
10.480000  0.503388  0
10.506667  0.503003  0
10.533333  0.502651  0
10.560000  0.502327  0
10.586667  0.502026  0
10.613333  0.501743  0
10.640000  0.501476  0
10.666667  0.501219  0
10.693333  0.500970  0
10.720000  0.500727  0
10.746667  0.500486  0
10.773333  0.500247  0
10.800000  0.500008  0
10.826667  0.499770  0
10.853333  0.499531  0
10.880000  0.499293  0
10.906667  0.499054  0
10.933333  0.498814  0
10.960000  0.498572  0
10.986667  0.498324  0
11.013333  0.498066  0
11.040000  0.497795  0
11.066667  0.497505  0
11.093333  0.497192  0
11.120000  0.496853  0
11.146667  0.496485  0
11.173333  0.496089  0
11.200000  0.495664  0
11.226667  0.495214  0
11.253333  0.494742  0
11.280000  0.494252  0
11.306667  0.493751  0
11.333333  0.493241  0
11.360000  0.492729  0
11.386667  0.492216  0
11.413333  0.491706  0
11.440000  0.491198  0
11.466667  0.490692  0
11.493333  0.490189  0
11.520000  0.489688  0
11.546667  0.489188  0
11.573333  0.488692  0
11.600000  0.488201  0
11.626667  0.487719  0
11.653333  0.487249  0
11.680000  0.486792  0
11.706667  0.486351  0
11.733333  0.485927  0
11.760000  0.485517  0
11.786667  0.485120  0
11.813333  0.484733  0
11.840000  0.484352  0
11.866667  0.483976  0
11.893333  0.483602  0
11.920000  0.483230  0
11.946667  0.482861  0
11.973333  0.482494  0
12.000000  0.482131  0
12.026667  0.481773  0
12.053333  0.481419  0
12.080000  0.481070  0
12.106667  0.480725  0
12.133333  0.480382  0
12.160000  0.480042  0
12.186667  0.479704  0
12.213333  0.479367  0
12.240000  0.479032  0
12.266667  0.478702  0
12.293333  0.478379  0
12.320000  0.478068  0
12.346667  0.477775  0
12.373333  0.477503  0
12.400000  0.477260  0
12.426667  0.477050  0
12.453333  0.476874  0
12.480000  0.476732  0
12.506667  0.476623  0
12.533333  0.476541  0
12.560000  0.476479  0
12.586667  0.476426  0
12.613333  0.476373  0
12.640000  0.476311  0
12.666667  0.476232  0
12.693333  0.476130  0
12.720000  0.476001  0
12.746667  0.475845  0
12.773333  0.475662  0
12.800000  0.475455  0
12.826667  0.475228  0
12.853333  0.474986  0
12.880000  0.474734  0
12.906667  0.474478  0
12.933333  0.474223  0
12.960000  0.473977  0
12.986667  0.473745  0
13.013333  0.473533  0
13.040000  0.473345  0
13.066667  0.473184  0
13.093333  0.473052  0
13.120000  0.472945  0
13.146667  0.472860  0
13.173333  0.472793  0
13.200000  0.472738  0
13.226667  0.472688  0
13.253333  0.472638  0
13.280000  0.472584  0
13.306667  0.472523  0
13.333333  0.472453  0
13.360000  0.472371  0
13.386667  0.472278  0
13.413333  0.472171  0
13.440000  0.472049  0
13.466667  0.471909  0
13.493333  0.471749  0
13.520000  0.471566  0
13.546667  0.471359  0
13.573333  0.471128  0
13.600000  0.470872  0
13.626667  0.470596  0
13.653333  0.470302  0
13.680000  0.469995  0
13.706667  0.469681  0
13.733333  0.469365  0
13.760000  0.469052  0
13.786667  0.468746  0
13.813333  0.468451  0
13.840000  0.468167  0
13.866667  0.467896  0
13.893333  0.467637  0
13.920000  0.467388  0
13.946667  0.467147  0
13.973333  0.466912  0
14.000000  0.466680  0
14.026667  0.466451  0
14.053333  0.466222  0
14.080000  0.465993  0
14.106667  0.465763  0
14.133333  0.465532  0
14.160000  0.465299  0
14.186667  0.465063  0
14.213333  0.464823  0
14.240000  0.464576  0
14.266667  0.464321  0
14.293333  0.464055  0
14.320000  0.463779  0
14.346667  0.463494  0
14.373333  0.463202  0
14.400000  0.462908  0
14.426667  0.462617  0
14.453333  0.462334  0
14.480000  0.462065  0
14.506667  0.461813  0
14.533333  0.461581  0
14.560000  0.461369  0
14.586667  0.461176  0
14.613333  0.460997  0
14.640000  0.460828  0
14.666667  0.460661  0
14.693333  0.460491  0
14.720000  0.460310  0
14.746667  0.460114  0
14.773333  0.459898  0
14.800000  0.459660  0
14.826667  0.459399  0
14.853333  0.459115  0
14.880000  0.458812  0
14.906667  0.458492  0
14.933333  0.458160  0
14.960000  0.457821  0
14.986667  0.457480  0
15.013333  0.457141  0
15.040000  0.456810  0
15.066667  0.456487  0
15.093333  0.456177  0
15.120000  0.455878  0
15.146667  0.455593  0
15.173333  0.455319  0
15.200000  0.455055  0
15.226667  0.454801  0
15.253333  0.454553  0
15.280000  0.454311  0
15.306667  0.454073  0
15.333333  0.453837  0
15.360000  0.453604  0
15.386667  0.453372  0
15.413333  0.453141  0
15.440000  0.452910  0
15.466667  0.452680  0
15.493333  0.452449  0
15.520000  0.452219  0
15.546667  0.451989  0
15.573333  0.451759  0
15.600000  0.451529  0
15.626667  0.451299  0
15.653333  0.451069  0
15.680000  0.450839  0
15.706667  0.450609  0
15.733333  0.450378  0
15.760000  0.450148  0
15.786667  0.449918  0
15.813333  0.449688  0
15.840000  0.449458  0
15.866667  0.449228  0
15.893333  0.448998  0
15.920000  0.448768  0
15.946667  0.448538  0
15.973333  0.448308  0
16.000000  0.448078  0
16.026667  0.447847  0
16.053333  0.447617  0
16.080000  0.447387  0
16.106667  0.447157  0
16.133333  0.446927  0
16.160000  0.446697  0
16.186667  0.446467  0
16.213333  0.446237  0
16.240000  0.446007  0
16.266667  0.445777  0
16.293333  0.445547  0
16.320000  0.445316  0
16.346667  0.445086  0
16.373333  0.444856  0
16.400000  0.444626  0
16.426667  0.444396  0
16.453333  0.444166  0
16.480000  0.443936  0
16.506667  0.443706  0
16.533333  0.443476  0
16.560000  0.443246  0
16.586667  0.443016  0
16.613333  0.442786  0
16.640000  0.442555  0
16.666667  0.442325  0
16.693333  0.442095  0
16.720000  0.441865  0
16.746667  0.441635  0
16.773333  0.441405  0
16.800000  0.441175  0
16.826667  0.440945  0
16.853333  0.440715  0
16.880000  0.440485  0
16.906667  0.440255  0
16.933333  0.440024  0
16.960000  0.439794  0
16.986667  0.439564  0
17.013333  0.439334  0
17.040000  0.439104  0
17.066667  0.438874  0
17.093333  0.438644  0
17.120000  0.438414  0
17.146667  0.438184  0
17.173333  0.437954  0
17.200000  0.437724  0
17.226667  0.437493  0
17.253333  0.437263  0
17.280000  0.437033  0
17.306667  0.436803  0
17.333333  0.436573  0
17.360000  0.436343  0
17.386667  0.436113  0
17.413333  0.435883  0
17.440000  0.435653  0
17.466667  0.435423  0
17.493333  0.435193  0
17.520000  0.434962  0
17.546667  0.434732  0
17.573333  0.434502  0
17.600000  0.434272  0
17.626667  0.434042  0
17.653333  0.433812  0
17.680000  0.433582  0
17.706667  0.433352  0
17.733333  0.433122  0
17.760000  0.432892  0
17.786667  0.432662  0
17.813333  0.432432  0
17.840000  0.432202  0
17.866667  0.431973  0
17.893333  0.431743  0
17.920000  0.431515  0
17.946667  0.431287  0
17.973333  0.431061  0
18.000000  0.430836  0
18.026667  0.430613  0
18.053333  0.430394  0
18.080000  0.430179  0
18.106667  0.429968  0
18.133333  0.429763  0
18.160000  0.429565  0
18.186667  0.429374  0
18.213333  0.429190  0
18.240000  0.429014  0
18.266667  0.428846  0
18.293333  0.428685  0
18.320000  0.428531  0
18.346667  0.428383  0
18.373333  0.428241  0
18.400000  0.428103  0
18.426667  0.427968  0
18.453333  0.427837  0
18.480000  0.427708  0
18.506667  0.427580  0
18.533333  0.427454  0
18.560000  0.427328  0
18.586667  0.427203  0
18.613333  0.427078  0
18.640000  0.426953  0
18.666667  0.426828  0
18.693333  0.426704  0
18.720000  0.426579  0
18.746667  0.426455  0
18.773333  0.426330  0
18.800000  0.426206  0
18.826667  0.426081  0
18.853333  0.425957  0
18.880000  0.425832  0
18.906667  0.425708  0
18.933333  0.425583  0
18.960000  0.425459  0
18.986667  0.425334  0
19.013333  0.425210  0
19.040000  0.425086  0
19.066667  0.424961  0
19.093333  0.424837  0
19.120000  0.424712  0
19.146667  0.424588  0
19.173333  0.424463  0
19.200000  0.424339  0
19.226667  0.424214  0
19.253333  0.424090  0
19.280000  0.423965  0
19.306667  0.423841  0
19.333333  0.423716  0
19.360000  0.423592  0
19.386667  0.423467  0
19.413333  0.423343  0
19.440000  0.423218  0
19.466667  0.423094  0
19.493333  0.422969  0
19.520000  0.422845  0
19.546667  0.422720  0
19.573333  0.422596  0
19.600000  0.422471  0
19.626667  0.422347  0
19.653333  0.422222  0
19.680000  0.422098  0
19.706667  0.421974  0
19.733333  0.421849  0
19.760000  0.421725  0
19.786667  0.421600  0
19.813333  0.421476  0
19.840000  0.421351  0
19.866667  0.421227  0
19.893333  0.421102  0
19.920000  0.420978  0
19.946667  0.420853  0
19.973333  0.420729  0
20.000000  0.420604  0
20.026667  0.420480  0
20.053333  0.420355  0
20.080000  0.420231  0
20.106667  0.420106  0
20.133333  0.419982  0
20.160000  0.419857  0
20.186667  0.419733  0
20.213333  0.419608  0
20.240000  0.419484  0
20.266667  0.419359  0
20.293333  0.419235  0
20.320000  0.419110  0
20.346667  0.418986  0
20.373333  0.418861  0
20.400000  0.418737  0
20.426667  0.418613  0
20.453333  0.418488  0
20.480000  0.418364  0
20.506667  0.418239  0
20.533333  0.418115  0
20.560000  0.417990  0
20.586667  0.417866  0
20.613333  0.417741  0
20.640000  0.417617  0
20.666667  0.417492  0
20.693333  0.417368  0
20.720000  0.417243  0
20.746667  0.417119  0
20.773333  0.416994  0
20.800000  0.416870  0
20.826667  0.416745  0
20.853333  0.416621  0
20.880000  0.416496  0
20.906667  0.416372  0
20.933333  0.416247  0
20.960000  0.416123  0
20.986667  0.415998  0
21.013333  0.415874  0
21.040000  0.415749  0
21.066667  0.415625  0
21.093333  0.415501  0
21.120000  0.415376  0
21.146667  0.415252  0
21.173333  0.415127  0
21.200000  0.415003  0
21.226667  0.414878  0
21.253333  0.414754  0
21.280000  0.414629  0
21.306667  0.414505  0
21.333333  0.414380  0
21.360000  0.414256  0
21.386667  0.414131  0
21.413333  0.414007  0
21.440000  0.413882  0
21.466667  0.413758  0
21.493333  0.413633  0
21.520000  0.413509  0
21.546667  0.413384  0
21.573333  0.413260  0
21.600000  0.413135  0
21.626667  0.413011  0
21.653333  0.412886  0
21.680000  0.412762  0
21.706667  0.412637  0
21.733333  0.412513  0
21.760000  0.412389  0
21.786667  0.412264  0
21.813333  0.412140  0
21.840000  0.412015  0
21.866667  0.411891  0
21.893333  0.411766  0
21.920000  0.411642  0
21.946667  0.411517  0
21.973333  0.411393  0
22.000000  0.411268  0
22.026667  0.411144  0
22.053333  0.411019  0
22.080000  0.410895  0
22.106667  0.410770  0
22.133333  0.410646  0
22.160000  0.410521  0
22.186667  0.410397  0
22.213333  0.410272  0
22.240000  0.410148  0
22.266667  0.410023  0
22.293333  0.409899  0
22.320000  0.409774  0
22.346667  0.409650  0
22.373333  0.409525  0
22.400000  0.409401  0
22.426667  0.409276  0
22.453333  0.409152  0
22.480000  0.409028  0
22.506667  0.408903  0
22.533333  0.408779  0
22.560000  0.408654  0
22.586667  0.408530  0
22.613333  0.408405  0
22.640000  0.408281  0
22.666667  0.408156  0
22.693333  0.408032  0
22.720000  0.407907  0
22.746667  0.407783  0
22.773333  0.407658  0
22.800000  0.407534  0
22.826667  0.407409  0
22.853333  0.407285  0
22.880000  0.407160  0
22.906667  0.407036  0
22.933333  0.406911  0
22.960000  0.406787  0
22.986667  0.406662  0
23.013333  0.406538  0
23.040000  0.406413  0
23.066667  0.406289  0
23.093333  0.406164  0
23.120000  0.406040  0
23.146667  0.405916  0
23.173333  0.405791  0
23.200000  0.405667  0
23.226667  0.405542  0
23.253333  0.405418  0
23.280000  0.405293  0
23.306667  0.405169  0
23.333333  0.405044  0
23.360000  0.404920  0
23.386667  0.404795  0
23.413333  0.404671  0
23.440000  0.404546  0
23.466667  0.404422  0
23.493333  0.404297  0
23.520000  0.404173  0
23.546667  0.404048  0
23.573333  0.403924  0
23.600000  0.403799  0
23.626667  0.403675  0
23.653333  0.403550  0
23.680000  0.403426  0
23.706667  0.403301  0
23.733333  0.403177  0
23.760000  0.403052  0
23.786667  0.402928  0
23.813333  0.402803  0
23.840000  0.402679  0
23.866667  0.402555  0
23.893333  0.402430  0
23.920000  0.402306  0
23.946667  0.402181  0
23.973333  0.402057  0
24.000000  0.401932  0
24.026667  0.401808  0
24.053333  0.401683  0
24.080000  0.401559  0
24.106667  0.401434  0
24.133333  0.401310  0
24.160000  0.401185  0
24.186667  0.401061  0
24.213333  0.400936  0
24.240000  0.400812  0
24.266667  0.400687  0
24.293333  0.400563  0
24.320000  0.400438  0
24.346667  0.400314  0
24.373333  0.400189  0
24.400000  0.400065  0
24.426667  0.399940  0
24.453333  0.399816  0
24.480000  0.399691  0
24.506667  0.399567  0
24.533333  0.399443  0
24.560000  0.399318  0
24.586667  0.399194  0
24.613333  0.399069  0
24.640000  0.398945  0
24.666667  0.398820  0
24.693333  0.398696  0
24.720000  0.398571  0
24.746667  0.398447  0
24.773333  0.398322  0
24.800000  0.398198  0
24.826667  0.398073  0
24.853333  0.397949  0
24.880000  0.397824  0
24.906667  0.397700  0
24.933333  0.397575  0
24.960000  0.397451  0
24.986667  0.397326  0
25.013333  0.397202  0
25.040000  0.397077  0
25.066667  0.396953  0
25.093333  0.396828  0
25.120000  0.396704  0
25.146667  0.396579  0
25.173333  0.396455  0
25.200000  0.396331  0
25.226667  0.396206  0
25.253333  0.396082  0
25.280000  0.395957  0
25.306667  0.395833  0
25.333333  0.395708  0
25.360000  0.395584  0
25.386667  0.395459  0
25.413333  0.395335  0
25.440000  0.395211  0
25.466667  0.395087  0
25.493333  0.394964  0
25.520000  0.394841  0
25.546667  0.394720  0
25.573333  0.394601  0
25.600000  0.394484  0
25.626667  0.394372  0
25.653333  0.394265  0
25.680000  0.394164  0
25.706667  0.394073  0
25.733333  0.393993  0
25.760000  0.393925  0
25.786667  0.393873  0
25.813333  0.393837  0
25.840000  0.393819  0
