2.693333  0.707437  0
2.720000  0.707343  0
2.746667  0.707157  0
2.773333  0.706884  0
2.800000  0.706531  0
2.826667  0.706105  0
2.853333  0.705616  0
2.880000  0.705073  0
2.906667  0.704488  0
2.933333  0.703868  0
2.960000  0.703224  0
2.986667  0.702563  0
3.013333  0.701892  0
3.040000  0.701216  0
3.066667  0.700539  0
3.093333  0.699864  0
3.120000  0.699193  0
3.146667  0.698525  0
3.173333  0.697858  0
3.200000  0.697192  0
3.226667  0.696525  0
3.253333  0.695852  0
3.280000  0.695172  0
3.306667  0.694484  0
3.333333  0.693785  0
3.360000  0.693075  0
3.386667  0.692356  0
3.413333  0.691629  0
3.440000  0.690896  0
3.466667  0.690161  0
3.493333  0.689427  0
3.520000  0.688697  0
3.546667  0.687972  0
3.573333  0.687253  0
3.600000  0.686539  0
3.626667  0.685824  0
3.653333  0.685101  0
3.680000  0.684360  0
3.706667  0.683587  0
3.733333  0.682766  0
3.760000  0.681881  0
3.786667  0.680915  0
3.813333  0.679855  0
3.840000  0.678690  0
3.866667  0.677417  0
3.893333  0.676038  0
3.920000  0.674565  0
3.946667  0.673017  0
3.973333  0.671422  0
4.000000  0.669811  0
4.026667  0.668221  0
4.053333  0.666687  0
4.080000  0.665239  0
4.106667  0.663903  0
4.133333  0.662693  0
4.160000  0.661614  0
4.186667  0.660655  0
4.213333  0.659796  0
4.240000  0.659004  0
4.266667  0.658238  0
4.293333  0.657454  0
4.320000  0.656602  0
4.346667  0.655638  0
4.373333  0.654522  0
4.400000  0.653223  0
4.426667  0.651722  0
4.453333  0.650014  0
4.480000  0.648108  0
4.506667  0.646025  0
4.533333  0.643798  0
4.560000  0.641468  0
4.586667  0.639082  0
4.613333  0.636692  0
4.640000  0.634346  0
4.666667  0.632089  0
4.693333  0.629959  0
4.720000  0.627986  0
4.746667  0.626188  0
4.773333  0.624574  0
4.800000  0.623142  0
4.826667  0.621881  0
4.853333  0.620772  0
4.880000  0.619790  0
4.906667  0.618909  0
4.933333  0.618099  0
4.960000  0.617330  0
4.986667  0.616574  0
5.013333  0.615809  0
5.040000  0.615011  0
5.066667  0.614163  0
5.093333  0.613252  0
5.120000  0.612267  0
5.146667  0.611203  0
5.173333  0.610054  0
5.200000  0.608821  0
5.226667  0.607503  0
5.253333  0.606103  0
5.280000  0.604627  0
5.306667  0.603079  0
5.333333  0.601467  0
5.360000  0.599800  0
5.386667  0.598088  0
5.413333  0.596337  0
5.440000  0.594555  0
5.466667  0.592746  0
5.493333  0.590911  0
5.520000  0.589045  0
5.546667  0.587143  0
5.573333  0.585195  0
5.600000  0.583189  0
5.626667  0.581115  0
5.653333  0.578963  0
5.680000  0.576728  0
5.706667  0.574409  0
5.733333  0.572009  0
5.760000  0.569538  0
5.786667  0.567007  0
5.813333  0.564432  0
5.840000  0.561827  0
5.866667  0.559209  0
5.893333  0.556592  0
5.920000  0.553990  0
5.946667  0.551414  0
5.973333  0.548876  0
6.000000  0.546389  0
6.026667  0.543969  0
6.053333  0.541633  0
6.080000  0.539401  0
6.106667  0.537297  0
6.133333  0.535344  0
6.160000  0.533563  0
6.186667  0.531972  0
6.213333  0.530585  0
6.240000  0.529407  0
6.266667  0.528435  0
6.293333  0.527658  0
6.320000  0.527055  0
6.346667  0.526600  0
6.373333  0.526262  0
6.400000  0.526007  0
6.426667  0.525800  0
6.453333  0.525608  0
6.480000  0.525404  0
6.506667  0.525164  0
6.533333  0.524871  0
6.560000  0.524517  0
6.586667  0.524098  0
6.613333  0.523616  0
6.640000  0.523077  0
6.666667  0.522487  0
6.693333  0.521853  0
6.720000  0.521177  0
6.746667  0.520461  0
6.773333  0.519699  0
6.800000  0.518884  0
6.826667  0.518006  0
6.853333  0.517056  0
6.880000  0.516027  0
6.906667  0.514915  0
6.933333  0.513723  0
6.960000  0.512462  0
6.986667  0.511146  0
7.013333  0.509800  0
7.040000  0.508449  0
7.066667  0.507123  0
7.093333  0.505850  0
7.120000  0.504656  0
7.146667  0.503562  0
7.173333  0.502584  0
7.200000  0.501735  0
7.226667  0.501017  0
7.253333  0.500431  0
7.280000  0.499972  0
7.306667  0.499631  0
7.333333  0.499395  0
7.360000  0.499245  0
7.386667  0.499158  0
7.413333  0.499105  0
7.440000  0.499050  0
7.466667  0.498948  0
7.493333  0.498746  0
7.520000  0.498386  0
7.546667  0.497806  0
7.573333  0.496939  0
7.600000  0.495724  0
7.626667  0.494107  0
7.653333  0.492047  0
7.680000  0.489522  0
7.706667  0.486533  0
7.733333  0.483104  0
7.760000  0.479285  0
7.786667  0.475151  0
7.813333  0.470796  0
7.840000  0.466323  0
7.866667  0.461846  0
7.893333  0.457471  0
7.920000  0.453296  0
7.946667  0.449405  0
7.973333  0.445858  0
8.000000  0.442696  0
8.026667  0.439938  0
8.053333  0.437585  0
8.080000  0.435620  0
8.106667  0.434016  0
8.133333  0.432738  0
8.160000  0.431748  0
8.186667  0.431003  0
8.213333  0.430465  0
8.240000  0.430096  0
8.266667  0.429861  0
8.293333  0.429728  0
8.320000  0.429672  0
8.346667  0.429667  0
8.373333  0.429696  0
8.400000  0.429743  0
8.426667  0.429796  0
8.453333  0.429849  0
8.480000  0.429898  0
8.506667  0.429943  0
8.533333  0.429983  0
8.560000  0.430022  0
8.586667  0.430062  0
8.613333  0.430105  0
8.640000  0.430150  0
8.666667  0.430198  0
8.693333  0.430245  0
8.720000  0.430289  0
8.746667  0.430327  0
8.773333  0.430357  0
8.800000  0.430378  0
8.826667  0.430393  0
8.853333  0.430405  0
8.880000  0.430420  0
8.906667  0.430445  0
8.933333  0.430486  0
8.960000  0.430548  0
8.986667  0.430634  0
9.013333  0.430741  0
9.040000  0.430865  0
9.066667  0.430997  0
9.093333  0.431126  0
9.120000  0.431239  0
9.146667  0.431321  0
9.173333  0.431362  0
9.200000  0.431350  0
9.226667  0.431279  0
9.253333  0.431141  0
9.280000  0.430936  0
9.306667  0.430663  0
9.333333  0.430321  0
9.360000  0.429912  0
9.386667  0.429437  0
9.413333  0.428895  0
9.440000  0.428287  0
9.466667  0.427611  0
9.493333  0.426866  0
9.520000  0.426053  0
9.546667  0.425170  0
9.573333  0.424222  0
9.600000  0.423211  0
9.626667  0.422143  0
9.653333  0.421028  0
9.680000  0.419876  0
9.706667  0.418697  0
9.733333  0.417504  0
9.760000  0.416309  0
9.786667  0.415125  0
9.813333  0.413965  0
9.840000  0.412838  0
9.866667  0.411757  0
9.893333  0.410729  0
9.920000  0.409764  0
9.946667  0.408868  0
9.973333  0.408045  0
10.000000  0.407296  0
10.026667  0.406620  0
10.053333  0.406013  0
10.080000  0.405469  0
10.106667  0.404980  0
10.133333  0.404536  0
10.160000  0.404128  0
10.186667  0.403746  0
10.213333  0.403385  0
10.240000  0.403038  0
10.266667  0.402702  0
10.293333  0.402375  0
10.320000  0.402058  0
10.346667  0.401750  0
10.373333  0.401452  0
10.400000  0.401165  0
10.426667  0.400889  0
10.453333  0.400621  0
10.480000  0.400359  0
10.506667  0.400102  0
10.533333  0.399847  0
10.560000  0.399590  0
10.586667  0.399331  0
10.613333  0.399068  0
10.640000  0.398802  0
10.666667  0.398533  0
10.693333  0.398264  0
10.720000  0.397998  0
10.746667  0.397738  0
10.773333  0.397488  0
10.800000  0.397250  0
10.826667  0.397027  0
10.853333  0.396821  0
10.880000  0.396631  0
10.906667  0.396457  0
10.933333  0.396297  0
10.960000  0.396149  0
10.986667  0.396010  0
11.013333  0.395877  0
11.040000  0.395745  0
11.066667  0.395613  0
11.093333  0.395478  0
11.120000  0.395339  0
11.146667  0.395195  0
11.173333  0.395045  0
11.200000  0.394891  0
11.226667  0.394732  0
11.253333  0.394570  0
11.280000  0.394404  0
11.306667  0.394237  0
11.333333  0.394067  0
11.360000  0.393897  0
11.386667  0.393725  0
11.413333  0.393552  0
11.440000  0.393378  0
11.466667  0.393205  0
11.493333  0.393031  0
11.520000  0.392860  0
11.546667  0.392690  0
11.573333  0.392522  0
11.600000  0.392358  0
11.626667  0.392198  0
11.653333  0.392041  0
11.680000  0.391888  0
11.706667  0.391738  0
11.733333  0.391589  0
11.760000  0.391440  0
11.786667  0.391291  0
11.813333  0.391139  0
11.840000  0.390983  0
11.866667  0.390825  0
11.893333  0.390662  0
11.920000  0.390497  0
11.946667  0.390331  0
11.973333  0.390165  0
12.000000  0.390002  0
12.026667  0.389842  0
12.053333  0.389688  0
12.080000  0.389540  0
12.106667  0.389400  0
12.133333  0.389266  0
12.160000  0.389138  0
12.186667  0.389016  0
12.213333  0.388896  0
12.240000  0.388779  0
12.266667  0.388661  0
12.293333  0.388542  0
12.320000  0.388421  0
12.346667  0.388298  0
12.373333  0.388172  0
12.400000  0.388044  0
12.426667  0.387917  0
12.453333  0.387790  0
12.480000  0.387667  0
12.506667  0.387547  0
12.533333  0.387433  0
12.560000  0.387324  0
12.586667  0.387220  0
12.613333  0.387120  0
12.640000  0.387023  0
12.666667  0.386925  0
12.693333  0.386825  0
12.720000  0.386720  0
12.746667  0.386609  0
12.773333  0.386489  0
12.800000  0.386360  0
12.826667  0.386221  0
12.853333  0.386075  0
12.880000  0.385922  0
12.906667  0.385764  0
12.933333  0.385604  0
12.960000  0.385443  0
12.986667  0.385284  0
13.013333  0.385129  0
13.040000  0.384978  0
13.066667  0.384834  0
13.093333  0.384694  0
13.120000  0.384560  0
13.146667  0.384428  0
13.173333  0.384296  0
13.200000  0.384163  0
13.226667  0.384026  0
13.253333  0.383883  0
13.280000  0.383731  0
13.306667  0.383571  0
13.333333  0.383402  0
13.360000  0.383225  0
13.386667  0.383043  0
13.413333  0.382858  0
13.440000  0.382671  0
13.466667  0.382485  0
13.493333  0.382301  0
13.520000  0.382119  0
13.546667  0.381941  0
13.573333  0.381766  0
13.600000  0.381593  0
13.626667  0.381422  0
13.653333  0.381251  0
13.680000  0.381082  0
13.706667  0.380913  0
13.733333  0.380747  0
13.760000  0.380582  0
13.786667  0.380419  0
13.813333  0.380258  0
13.840000  0.380098  0
13.866667  0.379939  0
13.893333  0.379781  0
13.920000  0.379623  0
13.946667  0.379466  0
13.973333  0.379312  0
14.000000  0.379163  0
14.026667  0.379022  0
14.053333  0.378892  0
14.080000  0.378777  0
14.106667  0.378678  0
14.133333  0.378597  0
14.160000  0.378534  0
14.186667  0.378488  0
14.213333  0.378456  0
14.240000  0.378435  0
14.266667  0.378423  0
14.293333  0.378414  0
14.320000  0.378407  0
14.346667  0.378397  0
14.373333  0.378384  0
14.400000  0.378367  0
14.426667  0.378346  0
14.453333  0.378322  0
14.480000  0.378296  0
14.506667  0.378272  0
14.533333  0.378251  0
14.560000  0.378235  0
14.586667  0.378226  0
14.613333  0.378226  0
14.640000  0.378233  0
14.666667  0.378246  0
14.693333  0.378265  0
14.720000  0.378284  0
14.746667  0.378302  0
14.773333  0.378313  0
14.800000  0.378316  0
14.826667  0.378307  0
14.853333  0.378284  0
14.880000  0.378247  0
14.906667  0.378195  0
14.933333  0.378131  0
14.960000  0.378055  0
14.986667  0.377971  0
15.013333  0.377880  0
15.040000  0.377784  0
15.066667  0.377686  0
15.093333  0.377586  0
15.120000  0.377486  0
15.146667  0.377387  0
15.173333  0.377288  0
15.200000  0.377189  0
15.226667  0.377091  0
15.253333  0.376993  0
15.280000  0.376895  0
15.306667  0.376798  0
15.333333  0.376700  0
15.360000  0.376603  0
15.386667  0.376505  0
15.413333  0.376408  0
15.440000  0.376310  0
15.466667  0.376213  0
15.493333  0.376115  0
15.520000  0.376017  0
15.546667  0.375919  0
15.573333  0.375822  0
15.600000  0.375724  0
15.626667  0.375626  0
15.653333  0.375528  0
15.680000  0.375431  0
15.706667  0.375333  0
15.733333  0.375235  0
15.760000  0.375138  0
15.786667  0.375040  0
15.813333  0.374942  0
15.840000  0.374844  0
15.866667  0.374747  0
15.893333  0.374649  0
15.920000  0.374551  0
15.946667  0.374453  0
15.973333  0.374356  0
16.000000  0.374258  0
16.026667  0.374160  0
16.053333  0.374062  0
16.080000  0.373965  0
16.106667  0.373867  0
16.133333  0.373769  0
16.160000  0.373671  0
16.186667  0.373574  0
16.213333  0.373476  0
16.240000  0.373378  0
16.266667  0.373280  0
16.293333  0.373183  0
16.320000  0.373085  0
16.346667  0.372987  0
16.373333  0.372889  0
16.400000  0.372792  0
16.426667  0.372694  0
16.453333  0.372596  0
16.480000  0.372499  0
16.506667  0.372401  0
16.533333  0.372303  0
16.560000  0.372205  0
16.586667  0.372108  0
16.613333  0.372010  0
16.640000  0.371912  0
16.666667  0.371814  0
16.693333  0.371717  0
16.720000  0.371619  0
16.746667  0.371521  0
16.773333  0.371423  0
16.800000  0.371326  0
16.826667  0.371228  0
16.853333  0.371130  0
16.880000  0.371032  0
16.906667  0.370935  0
16.933333  0.370837  0
16.960000  0.370739  0
16.986667  0.370641  0
17.013333  0.370544  0
17.040000  0.370446  0
17.066667  0.370348  0
17.093333  0.370250  0
17.120000  0.370153  0
17.146667  0.370055  0
17.173333  0.369957  0
17.200000  0.369860  0
17.226667  0.369762  0
17.253333  0.369664  0
17.280000  0.369566  0
17.306667  0.369469  0
17.333333  0.369371  0
17.360000  0.369273  0
17.386667  0.369175  0
17.413333  0.369078  0
17.440000  0.368980  0
17.466667  0.368882  0
17.493333  0.368784  0
17.520000  0.368687  0
17.546667  0.368589  0
17.573333  0.368491  0
17.600000  0.368393  0
17.626667  0.368296  0
17.653333  0.368198  0
17.680000  0.368100  0
17.706667  0.368002  0
17.733333  0.367905  0
17.760000  0.367807  0
17.786667  0.367709  0
17.813333  0.367611  0
17.840000  0.367514  0
17.866667  0.367416  0
17.893333  0.367318  0
17.920000  0.367221  0
17.946667  0.367123  0
17.973333  0.367025  0
18.000000  0.366927  0
18.026667  0.366830  0
18.053333  0.366732  0
18.080000  0.366634  0
18.106667  0.366536  0
18.133333  0.366439  0
18.160000  0.366341  0
18.186667  0.366243  0
18.213333  0.366145  0
18.240000  0.366048  0
18.266667  0.365950  0
18.293333  0.365852  0
18.320000  0.365754  0
18.346667  0.365657  0
18.373333  0.365559  0
18.400000  0.365461  0
18.426667  0.365363  0
18.453333  0.365266  0
18.480000  0.365168  0
18.506667  0.365070  0
18.533333  0.364972  0
18.560000  0.364875  0
18.586667  0.364777  0
18.613333  0.364679  0
18.640000  0.364582  0
18.666667  0.364484  0
18.693333  0.364386  0
18.720000  0.364288  0
18.746667  0.364191  0
18.773333  0.364093  0
18.800000  0.363995  0
18.826667  0.363897  0
18.853333  0.363800  0
18.880000  0.363702  0
18.906667  0.363604  0
18.933333  0.363506  0
18.960000  0.363409  0
18.986667  0.363311  0
19.013333  0.363213  0
19.040000  0.363115  0
19.066667  0.363018  0
19.093333  0.362920  0
19.120000  0.362822  0
19.146667  0.362724  0
19.173333  0.362627  0
19.200000  0.362529  0
19.226667  0.362431  0
19.253333  0.362333  0
19.280000  0.362236  0
19.306667  0.362138  0
19.333333  0.362040  0
19.360000  0.361943  0
19.386667  0.361845  0
19.413333  0.361747  0
19.440000  0.361649  0
19.466667  0.361552  0
19.493333  0.361454  0
19.520000  0.361356  0
19.546667  0.361258  0
19.573333  0.361161  0
19.600000  0.361063  0
19.626667  0.360965  0
19.653333  0.360867  0
19.680000  0.360770  0
19.706667  0.360672  0
19.733333  0.360574  0
19.760000  0.360476  0
19.786667  0.360379  0
19.813333  0.360281  0
19.840000  0.360183  0
19.866667  0.360085  0
19.893333  0.359988  0
19.920000  0.359890  0
19.946667  0.359792  0
19.973333  0.359694  0
20.000000  0.359597  0
20.026667  0.359499  0
20.053333  0.359401  0
20.080000  0.359304  0
20.106667  0.359206  0
20.133333  0.359108  0
20.160000  0.359010  0
20.186667  0.358913  0
20.213333  0.358815  0
20.240000  0.358717  0
20.266667  0.358619  0
20.293333  0.358522  0
20.320000  0.358424  0
20.346667  0.358326  0
20.373333  0.358228  0
20.400000  0.358131  0
20.426667  0.358033  0
20.453333  0.357935  0
20.480000  0.357837  0
20.506667  0.357740  0
20.533333  0.357642  0
20.560000  0.357544  0
20.586667  0.357446  0
20.613333  0.357349  0
20.640000  0.357251  0
20.666667  0.357153  0
20.693333  0.357055  0
20.720000  0.356958  0
20.746667  0.356860  0
20.773333  0.356762  0
20.800000  0.356664  0
20.826667  0.356567  0
20.853333  0.356469  0
20.880000  0.356371  0
20.906667  0.356274  0
20.933333  0.356176  0
20.960000  0.356078  0
20.986667  0.355980  0
21.013333  0.355883  0
21.040000  0.355785  0
21.066667  0.355687  0
21.093333  0.355589  0
21.120000  0.355492  0
21.146667  0.355394  0
21.173333  0.355296  0
21.200000  0.355198  0
21.226667  0.355101  0
21.253333  0.355003  0
21.280000  0.354905  0
21.306667  0.354807  0
21.333333  0.354710  0
21.360000  0.354612  0
21.386667  0.354514  0
21.413333  0.354416  0
21.440000  0.354319  0
21.466667  0.354221  0
21.493333  0.354123  0
21.520000  0.354025  0
21.546667  0.353928  0
21.573333  0.353830  0
21.600000  0.353732  0
21.626667  0.353635  0
21.653333  0.353537  0
21.680000  0.353439  0
21.706667  0.353341  0
21.733333  0.353244  0
21.760000  0.353146  0
21.786667  0.353048  0
21.813333  0.352950  0
21.840000  0.352853  0
21.866667  0.352755  0
21.893333  0.352657  0
21.920000  0.352559  0
21.946667  0.352462  0
21.973333  0.352364  0
22.000000  0.352266  0
22.026667  0.352168  0
22.053333  0.352071  0
22.080000  0.351973  0
22.106667  0.351875  0
22.133333  0.351777  0
22.160000  0.351680  0
22.186667  0.351582  0
22.213333  0.351484  0
22.240000  0.351386  0
22.266667  0.351289  0
22.293333  0.351191  0
22.320000  0.351093  0
22.346667  0.350996  0
22.373333  0.350898  0
22.400000  0.350800  0
22.426667  0.350702  0
22.453333  0.350605  0
22.480000  0.350507  0
22.506667  0.350409  0
22.533333  0.350311  0
22.560000  0.350214  0
22.586667  0.350116  0
22.613333  0.350018  0
22.640000  0.349920  0
22.666667  0.349823  0
22.693333  0.349725  0
22.720000  0.349627  0
22.746667  0.349529  0
22.773333  0.349432  0
22.800000  0.349334  0
22.826667  0.349236  0
22.853333  0.349138  0
22.880000  0.349041  0
22.906667  0.348943  0
22.933333  0.348845  0
22.960000  0.348747  0
22.986667  0.348650  0
23.013333  0.348552  0
23.040000  0.348454  0
23.066667  0.348357  0
23.093333  0.348259  0
23.120000  0.348161  0
23.146667  0.348063  0
23.173333  0.347966  0
23.200000  0.347868  0
23.226667  0.347770  0
23.253333  0.347672  0
23.280000  0.347575  0
23.306667  0.347477  0
23.333333  0.347379  0
23.360000  0.347281  0
23.386667  0.347184  0
23.413333  0.347086  0
23.440000  0.346988  0
23.466667  0.346890  0
23.493333  0.346793  0
23.520000  0.346695  0
23.546667  0.346597  0
23.573333  0.346499  0
23.600000  0.346402  0
23.626667  0.346304  0
23.653333  0.346206  0
23.680000  0.346109  0
23.706667  0.346011  0
23.733333  0.345914  0
23.760000  0.345816  0
23.786667  0.345720  0
23.813333  0.345623  0
23.840000  0.345528  0
23.866667  0.345433  0
23.893333  0.345340  0
23.920000  0.345249  0
23.946667  0.345161  0
23.973333  0.345077  0
24.000000  0.344998  0
24.026667  0.344925  0
24.053333  0.344859  0
24.080000  0.344802  0
24.106667  0.344754  0
24.133333  0.344717  0
24.160000  0.344692  0
24.186667  0.344679  0
