2.613333  0.716319  0
2.640000  0.716264  0
2.666667  0.716164  0
2.693333  0.716032  0
2.720000  0.715883  0
2.746667  0.715726  0
2.773333  0.715566  0
2.800000  0.715404  0
2.826667  0.715241  0
2.853333  0.715073  0
2.880000  0.714893  0
2.906667  0.714686  0
2.933333  0.714432  0
2.960000  0.714106  0
2.986667  0.713690  0
3.013333  0.713184  0
3.040000  0.712600  0
3.066667  0.711961  0
3.093333  0.711292  0
3.120000  0.710607  0
3.146667  0.709917  0
3.173333  0.709225  0
3.200000  0.708532  0
3.226667  0.707840  0
3.253333  0.707149  0
3.280000  0.706462  0
3.306667  0.705787  0
3.333333  0.705139  0
3.360000  0.704539  0
3.386667  0.704015  0
3.413333  0.703586  0
3.440000  0.703255  0
3.466667  0.703011  0
3.493333  0.702827  0
3.520000  0.702679  0
3.546667  0.702548  0
3.573333  0.702423  0
3.600000  0.702301  0
3.626667  0.702180  0
3.653333  0.702059  0
3.680000  0.701938  0
3.706667  0.701816  0
3.733333  0.701694  0
3.760000  0.701571  0
3.786667  0.701443  0
3.813333  0.701302  0
3.840000  0.701137  0
3.866667  0.700930  0
3.893333  0.700666  0
3.920000  0.700337  0
3.946667  0.699950  0
3.973333  0.699517  0
4.000000  0.699056  0
4.026667  0.698580  0
4.053333  0.698098  0
4.080000  0.697614  0
4.106667  0.697129  0
4.133333  0.696644  0
4.160000  0.696159  0
4.186667  0.695674  0
4.213333  0.695188  0
4.240000  0.694701  0
4.266667  0.694206  0
4.293333  0.693693  0
4.320000  0.693142  0
4.346667  0.692522  0
4.373333  0.691802  0
4.400000  0.690962  0
4.426667  0.689999  0
4.453333  0.688937  0
4.480000  0.687806  0
4.506667  0.686636  0
4.533333  0.685448  0
4.560000  0.684252  0
4.586667  0.683054  0
4.613333  0.681852  0
4.640000  0.680645  0
4.666667  0.679423  0
4.693333  0.678177  0
4.720000  0.676896  0
4.746667  0.675571  0
4.773333  0.674202  0
4.800000  0.672797  0
4.826667  0.671367  0
4.853333  0.669922  0
4.880000  0.668471  0
4.906667  0.667017  0
4.933333  0.665563  0
4.960000  0.664108  0
4.986667  0.662654  0
5.013333  0.661201  0
5.040000  0.659751  0
5.066667  0.658310  0
5.093333  0.656886  0
5.120000  0.655487  0
5.146667  0.654120  0
5.173333  0.652785  0
5.200000  0.651469  0
5.226667  0.650150  0
5.253333  0.648800  0
5.280000  0.647393  0
5.306667  0.645917  0
5.333333  0.644373  0
5.360000  0.642775  0
5.386667  0.641143  0
5.413333  0.639493  0
5.440000  0.637835  0
5.466667  0.636176  0
5.493333  0.634519  0
5.520000  0.632869  0
5.546667  0.631231  0
5.573333  0.629609  0
5.600000  0.628003  0
5.626667  0.626413  0
5.653333  0.624834  0
5.680000  0.623263  0
5.706667  0.621697  0
5.733333  0.620137  0
5.760000  0.618592  0
5.786667  0.617072  0
5.813333  0.615594  0
5.840000  0.614170  0
5.866667  0.612806  0
5.893333  0.611494  0
5.920000  0.610218  0
5.946667  0.608955  0
5.973333  0.607675  0
6.000000  0.606344  0
6.026667  0.604916  0
6.053333  0.603350  0
6.080000  0.601628  0
6.106667  0.599767  0
6.133333  0.597815  0
6.160000  0.595836  0
6.186667  0.593891  0
6.213333  0.592020  0
6.240000  0.590252  0
6.266667  0.588600  0
6.293333  0.587069  0
6.320000  0.585660  0
6.346667  0.584372  0
6.373333  0.583198  0
6.400000  0.582130  0
6.426667  0.581159  0
6.453333  0.580274  0
6.480000  0.579463  0
6.506667  0.578714  0
6.533333  0.578017  0
6.560000  0.577359  0
6.586667  0.576733  0
6.613333  0.576130  0
6.640000  0.575544  0
6.666667  0.574970  0
6.693333  0.574405  0
6.720000  0.573849  0
6.746667  0.573301  0
6.773333  0.572762  0
6.800000  0.572236  0
6.826667  0.571723  0
6.853333  0.571228  0
6.880000  0.570752  0
6.906667  0.570299  0
6.933333  0.569871  0
6.960000  0.569469  0
6.986667  0.569094  0
7.013333  0.568747  0
7.040000  0.568428  0
7.066667  0.568136  0
7.093333  0.567870  0
7.120000  0.567630  0
7.146667  0.567413  0
7.173333  0.567218  0
7.200000  0.567044  0
7.226667  0.566888  0
7.253333  0.566749  0
7.280000  0.566625  0
7.306667  0.566513  0
7.333333  0.566412  0
7.360000  0.566318  0
7.386667  0.566228  0
7.413333  0.566139  0
7.440000  0.566048  0
7.466667  0.565949  0
7.493333  0.565838  0
7.520000  0.565710  0
7.546667  0.565561  0
7.573333  0.565384  0
7.600000  0.565176  0
7.626667  0.564931  0
7.653333  0.564646  0
7.680000  0.564317  0
7.706667  0.563943  0
7.733333  0.563522  0
7.760000  0.563056  0
7.786667  0.562546  0
7.813333  0.561994  0
7.840000  0.561406  0
7.866667  0.560787  0
7.893333  0.560141  0
7.920000  0.559474  0
7.946667  0.558791  0
7.973333  0.558097  0
8.000000  0.557394  0
8.026667  0.556684  0
8.053333  0.555966  0
8.080000  0.555239  0
8.106667  0.554497  0
8.133333  0.553736  0
8.160000  0.552949  0
8.186667  0.552127  0
8.213333  0.551263  0
8.240000  0.550348  0
8.266667  0.549376  0
8.293333  0.548341  0
8.320000  0.547239  0
8.346667  0.546069  0
8.373333  0.544829  0
8.400000  0.543525  0
8.426667  0.542159  0
8.453333  0.540739  0
8.480000  0.539274  0
8.506667  0.537772  0
8.533333  0.536247  0
8.560000  0.534708  0
8.586667  0.533169  0
8.613333  0.531641  0
8.640000  0.530136  0
8.666667  0.528666  0
8.693333  0.527243  0
8.720000  0.525877  0
8.746667  0.524576  0
8.773333  0.523350  0
8.800000  0.522206  0
8.826667  0.521150  0
8.853333  0.520186  0
8.880000  0.519316  0
8.906667  0.518542  0
8.933333  0.517861  0
8.960000  0.517272  0
8.986667  0.516768  0
9.013333  0.516344  0
9.040000  0.515991  0
9.066667  0.515700  0
9.093333  0.515462  0
9.120000  0.515266  0
9.146667  0.515103  0
9.173333  0.514965  0
9.200000  0.514843  0
9.226667  0.514731  0
9.253333  0.514624  0
9.280000  0.514519  0
9.306667  0.514411  0
9.333333  0.514299  0
9.360000  0.514182  0
9.386667  0.514059  0
9.413333  0.513930  0
9.440000  0.513793  0
9.466667  0.513650  0
9.493333  0.513498  0
9.520000  0.513339  0
9.546667  0.513169  0
9.573333  0.512990  0
9.600000  0.512798  0
9.626667  0.512591  0
9.653333  0.512368  0
9.680000  0.512125  0
9.706667  0.511860  0
9.733333  0.511568  0
9.760000  0.511247  0
9.786667  0.510892  0
9.813333  0.510502  0
9.840000  0.510074  0
9.866667  0.509607  0
9.893333  0.509101  0
9.920000  0.508560  0
9.946667  0.507986  0
9.973333  0.507385  0
10.000000  0.506763  0
10.026667  0.506129  0
10.053333  0.505490  0
10.080000  0.504855  0
10.106667  0.504231  0
10.133333  0.503624  0
10.160000  0.503037  0
10.186667  0.502475  0
10.213333  0.501936  0
10.240000  0.501420  0
10.266667  0.500922  0
10.293333  0.500439  0
10.320000  0.499963  0
10.346667  0.499490  0
10.373333  0.499013  0
10.400000  0.498527  0
10.426667  0.498027  0
10.453333  0.497510  0
10.480000  0.496976  0
10.506667  0.496422  0
10.533333  0.495852  0
10.560000  0.495266  0
10.586667  0.494668  0
10.613333  0.494061  0
10.640000  0.493450  0
10.666667  0.492838  0
10.693333  0.492230  0
10.720000  0.491630  0
10.746667  0.491042  0
10.773333  0.490470  0
10.800000  0.489917  0
10.826667  0.489386  0
10.853333  0.488881  0
10.880000  0.488405  0
10.906667  0.487960  0
10.933333  0.487550  0
10.960000  0.487177  0
10.986667  0.486841  0
11.013333  0.486539  0
11.040000  0.486258  0
11.066667  0.485976  0
11.093333  0.485657  0
11.120000  0.485260  0
11.146667  0.484757  0
11.173333  0.484143  0
11.200000  0.483435  0
11.226667  0.482661  0
11.253333  0.481851  0
11.280000  0.481024  0
11.306667  0.480191  0
11.333333  0.479355  0
11.360000  0.478519  0
11.386667  0.477683  0
11.413333  0.476846  0
11.440000  0.476010  0
11.466667  0.475174  0
11.493333  0.474338  0
11.520000  0.473504  0
11.546667  0.472673  0
11.573333  0.471852  0
11.600000  0.471051  0
11.626667  0.470284  0
11.653333  0.469568  0
11.680000  0.468908  0
11.706667  0.468305  0
11.733333  0.467747  0
11.760000  0.467218  0
11.786667  0.466705  0
11.813333  0.466200  0
11.840000  0.465697  0
11.866667  0.465195  0
11.893333  0.464693  0
11.920000  0.464192  0
11.946667  0.463690  0
11.973333  0.463188  0
12.000000  0.462687  0
12.026667  0.462185  0
12.053333  0.461683  0
12.080000  0.461181  0
12.106667  0.460679  0
12.133333  0.460174  0
12.160000  0.459665  0
12.186667  0.459145  0
12.213333  0.458605  0
12.240000  0.458037  0
12.266667  0.457433  0
12.293333  0.456794  0
12.320000  0.456125  0
12.346667  0.455436  0
12.373333  0.454735  0
12.400000  0.454028  0
12.426667  0.453319  0
12.453333  0.452610  0
12.480000  0.451900  0
12.506667  0.451191  0
12.533333  0.450481  0
12.560000  0.449771  0
12.586667  0.449062  0
12.613333  0.448352  0
12.640000  0.447642  0
12.666667  0.446932  0
12.693333  0.446223  0
12.720000  0.445513  0
12.746667  0.444803  0
12.773333  0.444094  0
12.800000  0.443384  0
12.826667  0.442674  0
12.853333  0.441965  0
12.880000  0.441255  0
12.906667  0.440545  0
12.933333  0.439836  0
12.960000  0.439127  0
12.986667  0.438419  0
13.013333  0.437715  0
13.040000  0.437017  0
13.066667  0.436330  0
13.093333  0.435658  0
13.120000  0.435002  0
13.146667  0.434360  0
13.173333  0.433730  0
13.200000  0.433106  0
13.226667  0.432485  0
13.253333  0.431865  0
13.280000  0.431246  0
13.306667  0.430627  0
13.333333  0.430007  0
13.360000  0.429388  0
13.386667  0.428769  0
13.413333  0.428150  0
13.440000  0.427531  0
13.466667  0.426912  0
13.493333  0.426293  0
13.520000  0.425674  0
13.546667  0.425055  0
13.573333  0.424436  0
13.600000  0.423817  0
13.626667  0.423197  0
13.653333  0.422578  0
13.680000  0.421959  0
13.706667  0.421340  0
13.733333  0.420721  0
13.760000  0.420102  0
13.786667  0.419483  0
13.813333  0.418864  0
13.840000  0.418245  0
13.866667  0.417626  0
13.893333  0.417008  0
13.920000  0.416392  0
13.946667  0.415783  0
13.973333  0.415192  0
14.000000  0.414637  0
14.026667  0.414141  0
14.053333  0.413724  0
14.080000  0.413396  0
14.106667  0.413146  0
14.133333  0.412956  0
14.160000  0.412801  0
14.186667  0.412664  0
14.213333  0.412535  0
14.240000  0.412407  0
14.266667  0.412281  0
14.293333  0.412154  0
14.320000  0.412028  0
14.346667  0.411901  0
14.373333  0.411775  0
14.400000  0.411648  0
14.426667  0.411522  0
14.453333  0.411395  0
14.480000  0.411269  0
14.506667  0.411142  0
14.533333  0.411015  0
14.560000  0.410889  0
14.586667  0.410762  0
14.613333  0.410636  0
14.640000  0.410509  0
14.666667  0.410383  0
14.693333  0.410256  0
14.720000  0.410130  0
14.746667  0.410003  0
14.773333  0.409877  0
14.800000  0.409750  0
14.826667  0.409624  0
14.853333  0.409497  0
14.880000  0.409371  0
14.906667  0.409244  0
14.933333  0.409118  0
14.960000  0.408991  0
14.986667  0.408865  0
15.013333  0.408738  0
15.040000  0.408612  0
15.066667  0.408485  0
15.093333  0.408359  0
15.120000  0.408232  0
15.146667  0.408106  0
15.173333  0.407979  0
15.200000  0.407853  0
15.226667  0.407726  0
15.253333  0.407600  0
15.280000  0.407473  0
15.306667  0.407347  0
15.333333  0.407220  0
15.360000  0.407094  0
15.386667  0.406967  0
15.413333  0.406841  0
15.440000  0.406714  0
15.466667  0.406588  0
15.493333  0.406461  0
15.520000  0.406335  0
15.546667  0.406208  0
15.573333  0.406082  0
15.600000  0.405955  0
15.626667  0.405829  0
15.653333  0.405702  0
15.680000  0.405576  0
15.706667  0.405449  0
15.733333  0.405323  0
15.760000  0.405196  0
15.786667  0.405070  0
15.813333  0.404945  0
15.840000  0.404823  0
15.866667  0.404707  0
15.893333  0.404602  0
15.920000  0.404513  0
15.946667  0.404442  0
15.973333  0.404391  0
16.000000  0.404356  0
16.026667  0.404332  0
16.053333  0.404314  0
16.080000  0.404298  0
16.106667  0.404284  0
16.133333  0.404270  0
16.160000  0.404257  0
16.186667  0.404243  0
16.213333  0.404229  0
16.240000  0.404215  0
16.266667  0.404202  0
16.293333  0.404188  0
16.320000  0.404174  0
16.346667  0.404160  0
16.373333  0.404147  0
16.400000  0.404133  0
16.426667  0.404119  0
16.453333  0.404106  0
16.480000  0.404092  0
16.506667  0.404078  0
16.533333  0.404064  0
16.560000  0.404051  0
16.586667  0.404037  0
16.613333  0.404023  0
16.640000  0.404009  0
16.666667  0.403996  0
16.693333  0.403982  0
16.720000  0.403968  0
16.746667  0.403955  0
16.773333  0.403941  0
16.800000  0.403927  0
16.826667  0.403913  0
16.853333  0.403900  0
16.880000  0.403886  0
16.906667  0.403872  0
16.933333  0.403859  0
16.960000  0.403845  0
16.986667  0.403831  0
17.013333  0.403817  0
17.040000  0.403804  0
17.066667  0.403790  0
17.093333  0.403776  0
17.120000  0.403762  0
17.146667  0.403749  0
17.173333  0.403735  0
17.200000  0.403721  0
17.226667  0.403708  0
17.253333  0.403694  0
17.280000  0.403680  0
17.306667  0.403666  0
17.333333  0.403653  0
17.360000  0.403639  0
17.386667  0.403625  0
17.413333  0.403611  0
17.440000  0.403598  0
17.466667  0.403584  0
17.493333  0.403570  0
17.520000  0.403557  0
17.546667  0.403543  0
17.573333  0.403529  0
17.600000  0.403515  0
17.626667  0.403502  0
17.653333  0.403488  0
17.680000  0.403474  0
17.706667  0.403460  0
17.733333  0.403447  0
17.760000  0.403433  0
17.786667  0.403419  0
17.813333  0.403406  0
17.840000  0.403392  0
17.866667  0.403378  0
17.893333  0.403364  0
17.920000  0.403351  0
17.946667  0.403337  0
17.973333  0.403323  0
18.000000  0.403310  0
18.026667  0.403296  0
18.053333  0.403282  0
18.080000  0.403268  0
18.106667  0.403255  0
18.133333  0.403241  0
18.160000  0.403227  0
18.186667  0.403213  0
18.213333  0.403200  0
18.240000  0.403186  0
18.266667  0.403172  0
18.293333  0.403159  0
18.320000  0.403145  0
18.346667  0.403131  0
18.373333  0.403117  0
18.400000  0.403104  0
18.426667  0.403090  0
18.453333  0.403076  0
18.480000  0.403062  0
18.506667  0.403049  0
18.533333  0.403035  0
18.560000  0.403021  0
18.586667  0.403008  0
18.613333  0.402994  0
18.640000  0.402980  0
18.666667  0.402966  0
18.693333  0.402953  0
18.720000  0.402939  0
18.746667  0.402925  0
18.773333  0.402911  0
18.800000  0.402898  0
18.826667  0.402884  0
18.853333  0.402870  0
18.880000  0.402857  0
18.906667  0.402843  0
18.933333  0.402829  0
18.960000  0.402815  0
18.986667  0.402802  0
19.013333  0.402788  0
19.040000  0.402774  0
19.066667  0.402760  0
19.093333  0.402747  0
19.120000  0.402733  0
19.146667  0.402719  0
19.173333  0.402706  0
19.200000  0.402692  0
19.226667  0.402678  0
19.253333  0.402664  0
19.280000  0.402651  0
19.306667  0.402637  0
19.333333  0.402623  0
19.360000  0.402610  0
19.386667  0.402596  0
19.413333  0.402582  0
19.440000  0.402568  0
19.466667  0.402555  0
19.493333  0.402541  0
19.520000  0.402527  0
19.546667  0.402513  0
19.573333  0.402500  0
19.600000  0.402486  0
19.626667  0.402472  0
19.653333  0.402459  0
19.680000  0.402445  0
19.706667  0.402431  0
19.733333  0.402417  0
19.760000  0.402404  0
19.786667  0.402390  0
19.813333  0.402376  0
19.840000  0.402362  0
19.866667  0.402349  0
19.893333  0.402335  0
19.920000  0.402321  0
19.946667  0.402308  0
19.973333  0.402294  0
20.000000  0.402280  0
20.026667  0.402266  0
20.053333  0.402253  0
20.080000  0.402239  0
20.106667  0.402225  0
20.133333  0.402211  0
20.160000  0.402196  0
20.186667  0.402179  0
20.213333  0.402158  0
20.240000  0.402130  0
20.266667  0.402093  0
20.293333  0.402046  0
20.320000  0.401990  0
20.346667  0.401927  0
20.373333  0.401860  0
20.400000  0.401792  0
20.426667  0.401722  0
20.453333  0.401653  0
20.480000  0.401583  0
20.506667  0.401513  0
20.533333  0.401443  0
20.560000  0.401373  0
20.586667  0.401303  0
20.613333  0.401234  0
20.640000  0.401164  0
20.666667  0.401094  0
20.693333  0.401024  0
20.720000  0.400954  0
20.746667  0.400884  0
20.773333  0.400815  0
20.800000  0.400745  0
20.826667  0.400675  0
20.853333  0.400605  0
20.880000  0.400535  0
20.906667  0.400465  0
20.933333  0.400396  0
20.960000  0.400326  0
20.986667  0.400256  0
21.013333  0.400186  0
21.040000  0.400116  0
21.066667  0.400046  0
21.093333  0.399977  0
21.120000  0.399907  0
21.146667  0.399837  0
21.173333  0.399767  0
21.200000  0.399697  0
21.226667  0.399627  0
21.253333  0.399558  0
21.280000  0.399488  0
21.306667  0.399418  0
21.333333  0.399348  0
21.360000  0.399278  0
21.386667  0.399208  0
21.413333  0.399139  0
21.440000  0.399069  0
21.466667  0.398999  0
21.493333  0.398929  0
21.520000  0.398859  0
21.546667  0.398789  0
21.573333  0.398720  0
21.600000  0.398650  0
21.626667  0.398580  0
21.653333  0.398510  0
21.680000  0.398440  0
21.706667  0.398370  0
21.733333  0.398301  0
21.760000  0.398231  0
21.786667  0.398161  0
21.813333  0.398091  0
21.840000  0.398021  0
21.866667  0.397951  0
21.893333  0.397882  0
21.920000  0.397812  0
21.946667  0.397742  0
21.973333  0.397672  0
22.000000  0.397602  0
22.026667  0.397532  0
22.053333  0.397463  0
22.080000  0.397393  0
22.106667  0.397323  0
22.133333  0.397253  0
22.160000  0.397183  0
22.186667  0.397113  0
22.213333  0.397044  0
22.240000  0.396974  0
22.266667  0.396904  0
22.293333  0.396834  0
22.320000  0.396764  0
22.346667  0.396694  0
22.373333  0.396625  0
22.400000  0.396555  0
22.426667  0.396485  0
22.453333  0.396415  0
22.480000  0.396345  0
22.506667  0.396275  0
22.533333  0.396206  0
22.560000  0.396136  0
22.586667  0.396066  0
22.613333  0.395996  0
22.640000  0.395926  0
22.666667  0.395856  0
22.693333  0.395787  0
22.720000  0.395717  0
22.746667  0.395647  0
22.773333  0.395577  0
22.800000  0.395507  0
22.826667  0.395437  0
22.853333  0.395368  0
22.880000  0.395298  0
22.906667  0.395228  0
22.933333  0.395158  0
22.960000  0.395088  0
22.986667  0.395018  0
23.013333  0.394949  0
23.040000  0.394879  0
23.066667  0.394809  0
23.093333  0.394739  0
23.120000  0.394669  0
23.146667  0.394599  0
23.173333  0.394530  0
23.200000  0.394460  0
23.226667  0.394390  0
23.253333  0.394320  0
23.280000  0.394250  0
23.306667  0.394180  0
23.333333  0.394111  0
23.360000  0.394041  0
23.386667  0.393971  0
23.413333  0.393901  0
23.440000  0.393831  0
23.466667  0.393761  0
23.493333  0.393692  0
23.520000  0.393622  0
23.546667  0.393552  0
23.573333  0.393482  0
23.600000  0.393412  0
23.626667  0.393342  0
23.653333  0.393273  0
23.680000  0.393203  0
23.706667  0.393133  0
23.733333  0.393063  0
23.760000  0.392993  0
23.786667  0.392923  0
23.813333  0.392854  0
23.840000  0.392784  0
23.866667  0.392714  0
23.893333  0.392644  0
23.920000  0.392574  0
23.946667  0.392504  0
23.973333  0.392435  0
24.000000  0.392365  0
24.026667  0.392295  0
24.053333  0.392225  0
24.080000  0.392155  0
24.106667  0.392085  0
24.133333  0.392016  0
24.160000  0.391946  0
24.186667  0.391876  0
24.213333  0.391806  0
24.240000  0.391736  0
24.266667  0.391666  0
24.293333  0.391597  0
24.320000  0.391527  0
24.346667  0.391457  0
24.373333  0.391387  0
24.400000  0.391317  0
24.426667  0.391247  0
24.453333  0.391178  0
24.480000  0.391108  0
24.506667  0.391038  0
24.533333  0.390968  0
24.560000  0.390898  0
24.586667  0.390828  0
24.613333  0.390759  0
24.640000  0.390689  0
24.666667  0.390619  0
24.693333  0.390549  0
24.720000  0.390479  0
24.746667  0.390409  0
24.773333  0.390340  0
24.800000  0.390270  0
24.826667  0.390200  0
24.853333  0.390130  0
24.880000  0.390060  0
24.906667  0.389990  0
24.933333  0.389921  0
24.960000  0.389851  0
24.986667  0.389781  0
25.013333  0.389711  0
25.040000  0.389641  0
25.066667  0.389571  0
25.093333  0.389502  0
25.120000  0.389432  0
25.146667  0.389362  0
25.173333  0.389292  0
25.200000  0.389222  0
25.226667  0.389153  0
25.253333  0.389085  0
25.280000  0.389021  0
25.306667  0.388964  0
25.333333  0.388921  0
25.360000  0.388897  0
