2.560000  0.651217  0
2.586667  0.650808  0
2.613333  0.650018  0
2.640000  0.648897  0
2.666667  0.647509  0
2.693333  0.645929  0
2.720000  0.644226  0
2.746667  0.642468  0
2.773333  0.640707  0
2.800000  0.638988  0
2.826667  0.637345  0
2.853333  0.635803  0
2.880000  0.634378  0
2.906667  0.633083  0
2.933333  0.631921  0
2.960000  0.630891  0
2.986667  0.629987  0
3.013333  0.629198  0
3.040000  0.628507  0
3.066667  0.627896  0
3.093333  0.627346  0
3.120000  0.626837  0
3.146667  0.626350  0
3.173333  0.625872  0
3.200000  0.625390  0
3.226667  0.624895  0
3.253333  0.624381  0
3.280000  0.623847  0
3.306667  0.623294  0
3.333333  0.622726  0
3.360000  0.622153  0
3.386667  0.621586  0
3.413333  0.621039  0
3.440000  0.620528  0
3.466667  0.620065  0
3.493333  0.619661  0
3.520000  0.619319  0
3.546667  0.619038  0
3.573333  0.618810  0
3.600000  0.618622  0
3.626667  0.618457  0
3.653333  0.618297  0
3.680000  0.618123  0
3.706667  0.617917  0
3.733333  0.617665  0
3.760000  0.617354  0
3.786667  0.616974  0
3.813333  0.616514  0
3.840000  0.615962  0
3.866667  0.615305  0
3.893333  0.614525  0
3.920000  0.613608  0
3.946667  0.612544  0
3.973333  0.611338  0
4.000000  0.610017  0
4.026667  0.608631  0
4.053333  0.607256  0
4.080000  0.605981  0
4.106667  0.604893  0
4.133333  0.604062  0
4.160000  0.603518  0
4.186667  0.603250  0
4.213333  0.603201  0
4.240000  0.603283  0
4.266667  0.603392  0
4.293333  0.603425  0
4.320000  0.603293  0
4.346667  0.602928  0
4.373333  0.602287  0
4.400000  0.601343  0
4.426667  0.600092  0
4.453333  0.598546  0
4.480000  0.596733  0
4.506667  0.594698  0
4.533333  0.592496  0
4.560000  0.590186  0
4.586667  0.587818  0
4.613333  0.585426  0
4.640000  0.583021  0
4.666667  0.580591  0
4.693333  0.578108  0
4.720000  0.575534  0
4.746667  0.572840  0
4.773333  0.570009  0
4.800000  0.567048  0
4.826667  0.563989  0
4.853333  0.560884  0
4.880000  0.557798  0
4.906667  0.554802  0
4.933333  0.551960  0
4.960000  0.549318  0
4.986667  0.546902  0
5.013333  0.544718  0
5.040000  0.542749  0
5.066667  0.540971  0
5.093333  0.539356  0
5.120000  0.537885  0
5.146667  0.536552  0
5.173333  0.535370  0
5.200000  0.534367  0
5.226667  0.533587  0
5.253333  0.533077  0
5.280000  0.532874  0
5.306667  0.532994  0
5.333333  0.533418  0
5.360000  0.534084  0
5.386667  0.534891  0
5.413333  0.535711  0
5.440000  0.536404  0
5.466667  0.536846  0
5.493333  0.536946  0
5.520000  0.536665  0
5.546667  0.536017  0
5.573333  0.535063  0
5.600000  0.533898  0
5.626667  0.532630  0
5.653333  0.531366  0
5.680000  0.530193  0
5.706667  0.529174  0
5.733333  0.528345  0
5.760000  0.527715  0
5.786667  0.527276  0
5.813333  0.527000  0
5.840000  0.526851  0
5.866667  0.526784  0
5.893333  0.526754  0
5.920000  0.526717  0
5.946667  0.526636  0
5.973333  0.526489  0
6.000000  0.526267  0
6.026667  0.525978  0
6.053333  0.525640  0
6.080000  0.525275  0
6.106667  0.524907  0
6.133333  0.524552  0
6.160000  0.524223  0
6.186667  0.523922  0
6.213333  0.523648  0
6.240000  0.523395  0
6.266667  0.523156  0
6.293333  0.522924  0
6.320000  0.522694  0
6.346667  0.522461  0
6.373333  0.522221  0
6.400000  0.521973  0
6.426667  0.521714  0
6.453333  0.521443  0
6.480000  0.521158  0
6.506667  0.520857  0
6.533333  0.520539  0
6.560000  0.520203  0
6.586667  0.519848  0
6.613333  0.519476  0
6.640000  0.519086  0
6.666667  0.518682  0
6.693333  0.518265  0
6.720000  0.517838  0
6.746667  0.517404  0
6.773333  0.516964  0
6.800000  0.516520  0
6.826667  0.516073  0
6.853333  0.515623  0
6.880000  0.515168  0
6.906667  0.514706  0
6.933333  0.514234  0
6.960000  0.513746  0
6.986667  0.513237  0
7.013333  0.512698  0
7.040000  0.512122  0
7.066667  0.511501  0
7.093333  0.510829  0
7.120000  0.510099  0
7.146667  0.509310  0
7.173333  0.508459  0
7.200000  0.507547  0
7.226667  0.506577  0
7.253333  0.505553  0
7.280000  0.504479  0
7.306667  0.503364  0
7.333333  0.502215  0
7.360000  0.501044  0
7.386667  0.499864  0
7.413333  0.498688  0
7.440000  0.497529  0
7.466667  0.496399  0
7.493333  0.495307  0
7.520000  0.494254  0
7.546667  0.493235  0
7.573333  0.492239  0
7.600000  0.491243  0
7.626667  0.490217  0
7.653333  0.489126  0
7.680000  0.487928  0
7.706667  0.486580  0
7.733333  0.485042  0
7.760000  0.483276  0
7.786667  0.481255  0
7.813333  0.478961  0
7.840000  0.476390  0
7.866667  0.473554  0
7.893333  0.470487  0
7.920000  0.467238  0
7.946667  0.463878  0
7.973333  0.460491  0
8.000000  0.457167  0
8.026667  0.454000  0
8.053333  0.451073  0
8.080000  0.448459  0
8.106667  0.446211  0
8.133333  0.444365  0
8.160000  0.442931  0
8.186667  0.441896  0
8.213333  0.441224  0
8.240000  0.440850  0
8.266667  0.440696  0
8.293333  0.440675  0
8.320000  0.440703  0
8.346667  0.440718  0
8.373333  0.440679  0
8.400000  0.440574  0
8.426667  0.440412  0
8.453333  0.440213  0
8.480000  0.439999  0
8.506667  0.439776  0
8.533333  0.439539  0
8.560000  0.439266  0
8.586667  0.438925  0
8.613333  0.438487  0
8.640000  0.437928  0
8.666667  0.437238  0
8.693333  0.436421  0
8.720000  0.435493  0
8.746667  0.434480  0
8.773333  0.433411  0
8.800000  0.432318  0
8.826667  0.431233  0
8.853333  0.430185  0
8.880000  0.429203  0
8.906667  0.428310  0
8.933333  0.427524  0
8.960000  0.426856  0
8.986667  0.426306  0
9.013333  0.425859  0
9.040000  0.425488  0
9.066667  0.425151  0
9.093333  0.424796  0
9.120000  0.424368  0
9.146667  0.423823  0
9.173333  0.423129  0
9.200000  0.422276  0
9.226667  0.421273  0
9.253333  0.420145  0
9.280000  0.418919  0
9.306667  0.417624  0
9.333333  0.416278  0
9.360000  0.414898  0
9.386667  0.413500  0
9.413333  0.412107  0
9.440000  0.410752  0
9.466667  0.409473  0
9.493333  0.408309  0
9.520000  0.407287  0
9.546667  0.406421  0
9.573333  0.405707  0
9.600000  0.405128  0
9.626667  0.404660  0
9.653333  0.404280  0
9.680000  0.403970  0
9.706667  0.403716  0
9.733333  0.403506  0
9.760000  0.403328  0
9.786667  0.403168  0
9.813333  0.403009  0
9.840000  0.402831  0
9.866667  0.402621  0
9.893333  0.402367  0
9.920000  0.402068  0
9.946667  0.401729  0
9.973333  0.401359  0
10.000000  0.400974  0
10.026667  0.400592  0
10.053333  0.400237  0
10.080000  0.399932  0
10.106667  0.399705  0
10.133333  0.399578  0
10.160000  0.399565  0
10.186667  0.399668  0
10.213333  0.399870  0
10.240000  0.400141  0
10.266667  0.400445  0
10.293333  0.400745  0
10.320000  0.401016  0
10.346667  0.401247  0
10.373333  0.401447  0
10.400000  0.401632  0
10.426667  0.401830  0
10.453333  0.402063  0
10.480000  0.402350  0
10.506667  0.402697  0
10.533333  0.403099  0
10.560000  0.403542  0
10.586667  0.404003  0
10.613333  0.404451  0
10.640000  0.404854  0
10.666667  0.405183  0
10.693333  0.405414  0
10.720000  0.405538  0
10.746667  0.405559  0
10.773333  0.405498  0
10.800000  0.405385  0
10.826667  0.405260  0
10.853333  0.405155  0
10.880000  0.405096  0
10.906667  0.405089  0
10.933333  0.405125  0
10.960000  0.405177  0
10.986667  0.405208  0
11.013333  0.405181  0
11.040000  0.405065  0
11.066667  0.404844  0
11.093333  0.404518  0
11.120000  0.404105  0
11.146667  0.403636  0
11.173333  0.403142  0
11.200000  0.402655  0
11.226667  0.402197  0
11.253333  0.401778  0
11.280000  0.401399  0
11.306667  0.401049  0
11.333333  0.400715  0
11.360000  0.400384  0
11.386667  0.400042  0
11.413333  0.399683  0
11.440000  0.399305  0
11.466667  0.398910  0
11.493333  0.398502  0
11.520000  0.398086  0
11.546667  0.397664  0
11.573333  0.397232  0
11.600000  0.396778  0
11.626667  0.396286  0
11.653333  0.395736  0
11.680000  0.395110  0
11.706667  0.394401  0
11.733333  0.393617  0
11.760000  0.392780  0
11.786667  0.391929  0
11.813333  0.391111  0
11.840000  0.390371  0
11.866667  0.389749  0
11.893333  0.389271  0
11.920000  0.388948  0
11.946667  0.388777  0
11.973333  0.388744  0
12.000000  0.388824  0
12.026667  0.388987  0
12.053333  0.389196  0
12.080000  0.389419  0
12.106667  0.389629  0
12.133333  0.389809  0
12.160000  0.389956  0
12.186667  0.390081  0
12.213333  0.390202  0
12.240000  0.390337  0
12.266667  0.390498  0
12.293333  0.390689  0
12.320000  0.390898  0
12.346667  0.391109  0
12.373333  0.391302  0
12.400000  0.391459  0
12.426667  0.391569  0
12.453333  0.391631  0
12.480000  0.391650  0
12.506667  0.391635  0
12.533333  0.391596  0
12.560000  0.391541  0
12.586667  0.391475  0
12.613333  0.391397  0
12.640000  0.391305  0
12.666667  0.391195  0
12.693333  0.391064  0
12.720000  0.390913  0
12.746667  0.390744  0
12.773333  0.390564  0
12.800000  0.390378  0
12.826667  0.390196  0
12.853333  0.390025  0
12.880000  0.389873  0
12.906667  0.389744  0
12.933333  0.389643  0
12.960000  0.389572  0
12.986667  0.389533  0
13.013333  0.389528  0
13.040000  0.389555  0
13.066667  0.389612  0
13.093333  0.389691  0
13.120000  0.389782  0
13.146667  0.389869  0
13.173333  0.389939  0
13.200000  0.389976  0
13.226667  0.389969  0
13.253333  0.389911  0
13.280000  0.389797  0
13.306667  0.389627  0
13.333333  0.389404  0
13.360000  0.389134  0
13.386667  0.388827  0
13.413333  0.388495  0
13.440000  0.388149  0
13.466667  0.387800  0
13.493333  0.387454  0
13.520000  0.387116  0
13.546667  0.386783  0
13.573333  0.386457  0
13.600000  0.386134  0
13.626667  0.385817  0
13.653333  0.385507  0
13.680000  0.385205  0
13.706667  0.384911  0
13.733333  0.384623  0
13.760000  0.384340  0
13.786667  0.384062  0
13.813333  0.383791  0
13.840000  0.383532  0
13.866667  0.383290  0
13.893333  0.383069  0
13.920000  0.382867  0
13.946667  0.382685  0
13.973333  0.382517  0
14.000000  0.382359  0
14.026667  0.382207  0
14.053333  0.382058  0
14.080000  0.381911  0
14.106667  0.381765  0
14.133333  0.381619  0
14.160000  0.381474  0
14.186667  0.381328  0
14.213333  0.381182  0
14.240000  0.381037  0
14.266667  0.380891  0
14.293333  0.380745  0
14.320000  0.380599  0
14.346667  0.380454  0
14.373333  0.380308  0
14.400000  0.380162  0
14.426667  0.380017  0
14.453333  0.379871  0
14.480000  0.379725  0
14.506667  0.379580  0
14.533333  0.379434  0
14.560000  0.379288  0
14.586667  0.379142  0
14.613333  0.378997  0
14.640000  0.378851  0
14.666667  0.378706  0
14.693333  0.378562  0
14.720000  0.378420  0
14.746667  0.378284  0
14.773333  0.378160  0
14.800000  0.378059  0
14.826667  0.377997  0
14.853333  0.377997  0
14.880000  0.378082  0
14.906667  0.378272  0
14.933333  0.378576  0
14.960000  0.378986  0
14.986667  0.379475  0
15.013333  0.380005  0
15.040000  0.380528  0
15.066667  0.381006  0
15.093333  0.381408  0
15.120000  0.381721  0
15.146667  0.381948  0
15.173333  0.382098  0
15.200000  0.382189  0
15.226667  0.382238  0
15.253333  0.382257  0
15.280000  0.382259  0
15.306667  0.382252  0
15.333333  0.382238  0
15.360000  0.382222  0
15.386667  0.382205  0
15.413333  0.382187  0
15.440000  0.382169  0
15.466667  0.382151  0
15.493333  0.382133  0
15.520000  0.382115  0
15.546667  0.382097  0
15.573333  0.382079  0
15.600000  0.382060  0
15.626667  0.382042  0
15.653333  0.382024  0
15.680000  0.382006  0
15.706667  0.381988  0
15.733333  0.381970  0
15.760000  0.381952  0
15.786667  0.381933  0
15.813333  0.381915  0
15.840000  0.381897  0
15.866667  0.381879  0
15.893333  0.381861  0
15.920000  0.381843  0
15.946667  0.381824  0
15.973333  0.381806  0
16.000000  0.381788  0
16.026667  0.381770  0
16.053333  0.381752  0
16.080000  0.381734  0
16.106667  0.381716  0
16.133333  0.381697  0
16.160000  0.381679  0
16.186667  0.381661  0
16.213333  0.381643  0
16.240000  0.381625  0
16.266667  0.381607  0
16.293333  0.381588  0
16.320000  0.381570  0
16.346667  0.381552  0
16.373333  0.381534  0
16.400000  0.381516  0
16.426667  0.381498  0
16.453333  0.381480  0
16.480000  0.381461  0
16.506667  0.381443  0
16.533333  0.381425  0
16.560000  0.381407  0
16.586667  0.381389  0
16.613333  0.381371  0
16.640000  0.381352  0
16.666667  0.381334  0
16.693333  0.381316  0
16.720000  0.381298  0
16.746667  0.381280  0
16.773333  0.381262  0
16.800000  0.381244  0
16.826667  0.381225  0
16.853333  0.381207  0
16.880000  0.381189  0
16.906667  0.381171  0
16.933333  0.381153  0
16.960000  0.381135  0
16.986667  0.381116  0
17.013333  0.381098  0
17.040000  0.381080  0
17.066667  0.381062  0
17.093333  0.381044  0
17.120000  0.381026  0
17.146667  0.381008  0
17.173333  0.380989  0
17.200000  0.380971  0
17.226667  0.380953  0
17.253333  0.380935  0
17.280000  0.380917  0
17.306667  0.380899  0
17.333333  0.380880  0
17.360000  0.380862  0
17.386667  0.380844  0
17.413333  0.380826  0
17.440000  0.380808  0
17.466667  0.380790  0
17.493333  0.380772  0
17.520000  0.380753  0
17.546667  0.380735  0
17.573333  0.380717  0
17.600000  0.380699  0
17.626667  0.380681  0
17.653333  0.380663  0
17.680000  0.380644  0
17.706667  0.380626  0
17.733333  0.380608  0
17.760000  0.380590  0
17.786667  0.380572  0
17.813333  0.380554  0
17.840000  0.380535  0
17.866667  0.380517  0
17.893333  0.380499  0
17.920000  0.380481  0
17.946667  0.380463  0
17.973333  0.380445  0
18.000000  0.380427  0
18.026667  0.380408  0
18.053333  0.380390  0
18.080000  0.380372  0
18.106667  0.380354  0
18.133333  0.380336  0
18.160000  0.380318  0
18.186667  0.380299  0
18.213333  0.380281  0
18.240000  0.380263  0
18.266667  0.380245  0
18.293333  0.380227  0
18.320000  0.380209  0
18.346667  0.380191  0
18.373333  0.380172  0
18.400000  0.380154  0
18.426667  0.380136  0
18.453333  0.380118  0
18.480000  0.380100  0
18.506667  0.380082  0
18.533333  0.380064  0
18.560000  0.380045  0
18.586667  0.380027  0
18.613333  0.380010  0
18.640000  0.379992  0
18.666667  0.379975  0
18.693333  0.379958  0
18.720000  0.379943  0
18.746667  0.379929  0
18.773333  0.379917  0
18.800000  0.379907  0
18.826667  0.379900  0
18.853333  0.379897  0
