3.066667  0.860159  0
3.093333  0.855775  0
3.120000  0.851391  0
3.146667  0.847007  0
3.173333  0.842623  0
3.200000  0.838239  0
3.226667  0.833855  0
3.253333  0.829471  0
3.280000  0.825087  0
3.306667  0.820703  0
3.333333  0.816319  0
3.360000  0.811935  0
3.386667  0.807551  0
3.413333  0.803167  0
3.440000  0.798783  0
3.466667  0.794399  0
3.493333  0.790015  0
3.520000  0.785631  0
3.546667  0.781247  0
3.573333  0.776863  0
3.600000  0.772479  0
3.626667  0.768095  0
3.653333  0.763711  0
3.680000  0.759328  0
3.706667  0.754944  0
3.733333  0.750560  0
3.760000  0.746176  0
3.786667  0.741792  0
3.813333  0.737408  0
3.840000  0.733024  0
3.866667  0.728640  0
3.893333  0.724256  0
3.920000  0.719872  0
3.946667  0.715488  0
3.973333  0.711104  0
4.000000  0.706720  0
4.026667  0.702336  0
4.053333  0.697952  0
4.080000  0.693568  0
4.106667  0.689184  0
4.133333  0.684800  0
4.160000  0.680416  0
4.186667  0.676032  0
4.213333  0.671648  0
4.240000  0.670020  0
4.266667  0.667080  0
4.293333  0.663279  0
4.320000  0.659006  0
4.346667  0.654506  0
4.373333  0.649900  0
4.400000  0.645243  0
4.426667  0.640564  0
4.453333  0.635884  0
4.480000  0.631220  0
4.506667  0.626588  0
4.533333  0.622003  0
4.560000  0.617482  0
4.586667  0.613037  0
4.613333  0.608683  0
4.640000  0.604434  0
4.666667  0.600303  0
4.693333  0.596302  0
4.720000  0.592445  0
4.746667  0.588740  0
4.773333  0.585198  0
4.800000  0.581827  0
4.826667  0.578633  0
4.853333  0.575619  0
4.880000  0.572790  0
4.906667  0.570143  0
4.933333  0.567676  0
4.960000  0.565384  0
4.986667  0.563259  0
5.013333  0.561293  0
5.040000  0.559473  0
5.066667  0.557789  0
5.093333  0.556226  0
5.120000  0.554769  0
5.146667  0.553403  0
5.173333  0.552111  0
5.200000  0.550877  0
5.226667  0.549685  0
5.253333  0.548519  0
5.280000  0.547363  0
5.306667  0.546202  0
5.333333  0.545024  0
5.360000  0.543815  0
5.386667  0.542565  0
5.413333  0.541262  0
5.440000  0.539899  0
5.466667  0.538468  0
5.493333  0.536962  0
5.520000  0.535376  0
5.546667  0.533706  0
5.573333  0.531949  0
5.600000  0.530102  0
5.626667  0.528164  0
5.653333  0.526133  0
5.680000  0.524008  0
5.706667  0.521789  0
5.733333  0.519478  0
5.760000  0.517074  0
5.786667  0.514581  0
5.813333  0.512000  0
5.840000  0.509335  0
5.866667  0.506591  0
5.893333  0.503772  0
5.920000  0.500885  0
5.946667  0.497937  0
5.973333  0.494937  0
6.000000  0.491895  0
6.026667  0.488820  0
6.053333  0.485724  0
6.080000  0.482621  0
6.106667  0.479523  0
6.133333  0.476444  0
6.160000  0.473398  0
6.186667  0.470400  0
6.213333  0.467462  0
6.240000  0.464599  0
6.266667  0.461822  0
6.293333  0.459144  0
6.320000  0.456574  0
6.346667  0.454122  0
6.373333  0.451793  0
6.400000  0.449596  0
6.426667  0.447532  0
6.453333  0.445604  0
6.480000  0.443813  0
6.506667  0.442157  0
6.533333  0.440635  0
6.560000  0.439241  0
6.586667  0.437971  0
6.613333  0.436819  0
6.640000  0.435776  0
6.666667  0.434833  0
6.693333  0.433983  0
6.720000  0.433217  0
6.746667  0.432526  0
6.773333  0.431900  0
6.800000  0.431331  0
6.826667  0.430812  0
6.853333  0.430334  0
6.880000  0.429890  0
6.906667  0.429474  0
6.933333  0.429079  0
6.960000  0.428701  0
6.986667  0.428335  0
7.013333  0.427978  0
7.040000  0.427626  0
7.066667  0.427275  0
7.093333  0.426925  0
7.120000  0.426573  0
7.146667  0.426217  0
7.173333  0.425856  0
7.200000  0.425488  0
7.226667  0.425112  0
7.253333  0.424728  0
7.280000  0.424333  0
7.306667  0.423927  0
7.333333  0.423508  0
7.360000  0.423075  0
7.386667  0.422628  0
7.413333  0.422164  0
7.440000  0.421683  0
7.466667  0.421184  0
7.493333  0.420667  0
7.520000  0.420131  0
7.546667  0.419576  0
7.573333  0.419001  0
7.600000  0.418408  0
7.626667  0.417797  0
7.653333  0.417167  0
7.680000  0.416521  0
7.706667  0.415860  0
7.733333  0.415184  0
7.760000  0.414498  0
7.786667  0.413811  0
7.813333  0.413138  0
7.840000  0.412502  0
7.866667  0.411926  0
7.893333  0.411421  0
7.920000  0.410981  0
7.946667  0.410584  0
7.973333  0.410212  0
8.000000  0.409850  0
8.026667  0.409490  0
8.053333  0.409132  0
8.080000  0.408774  0
8.106667  0.408416  0
8.133333  0.408058  0
8.160000  0.407700  0
8.186667  0.407341  0
8.213333  0.406983  0
8.240000  0.406625  0
8.266667  0.406267  0
8.293333  0.405909  0
8.320000  0.405551  0
8.346667  0.405193  0
8.373333  0.404835  0
8.400000  0.404477  0
8.426667  0.404118  0
8.453333  0.403760  0
8.480000  0.403402  0
8.506667  0.403044  0
8.533333  0.402686  0
8.560000  0.402328  0
8.586667  0.401970  0
8.613333  0.401612  0
8.640000  0.401253  0
8.666667  0.400895  0
8.693333  0.400537  0
8.720000  0.400179  0
8.746667  0.399821  0
8.773333  0.399463  0
8.800000  0.399105  0
8.826667  0.398747  0
8.853333  0.398388  0
8.880000  0.398030  0
8.906667  0.397672  0
8.933333  0.397314  0
8.960000  0.396956  0
8.986667  0.396598  0
9.013333  0.396240  0
9.040000  0.395882  0
9.066667  0.395524  0
9.093333  0.395165  0
9.120000  0.394807  0
9.146667  0.394449  0
9.173333  0.394091  0
9.200000  0.393733  0
9.226667  0.393375  0
9.253333  0.393017  0
9.280000  0.392659  0
9.306667  0.392300  0
9.333333  0.391942  0
9.360000  0.391584  0
9.386667  0.391226  0
9.413333  0.390868  0
9.440000  0.390510  0
9.466667  0.390152  0
9.493333  0.389794  0
9.520000  0.389436  0
9.546667  0.389077  0
9.573333  0.388719  0
9.600000  0.388361  0
9.626667  0.388003  0
9.653333  0.387645  0
9.680000  0.387287  0
9.706667  0.386929  0
9.733333  0.386571  0
9.760000  0.386212  0
9.786667  0.385854  0
9.813333  0.385496  0
9.840000  0.385138  0
9.866667  0.384780  0
9.893333  0.384422  0
9.920000  0.384064  0
9.946667  0.383706  0
9.973333  0.383349  0
10.000000  0.382995  0
10.026667  0.382646  0
10.053333  0.382305  0
10.080000  0.381975  0
10.106667  0.381655  0
10.133333  0.381345  0
10.160000  0.381039  0
10.186667  0.380737  0
10.213333  0.380435  0
10.240000  0.380134  0
10.266667  0.379833  0
10.293333  0.379532  0
10.320000  0.379231  0
10.346667  0.378930  0
10.373333  0.378629  0
10.400000  0.378328  0
10.426667  0.378027  0
10.453333  0.377726  0
10.480000  0.377425  0
10.506667  0.377124  0
10.533333  0.376823  0
10.560000  0.376522  0
10.586667  0.376221  0
10.613333  0.375920  0
10.640000  0.375619  0
10.666667  0.375318  0
10.693333  0.375017  0
10.720000  0.374716  0
10.746667  0.374415  0
10.773333  0.374114  0
10.800000  0.373813  0
10.826667  0.373512  0
10.853333  0.373211  0
10.880000  0.372910  0
10.906667  0.372609  0
10.933333  0.372308  0
10.960000  0.372007  0
10.986667  0.371706  0
11.013333  0.371405  0
11.040000  0.371104  0
11.066667  0.370803  0
11.093333  0.370502  0
11.120000  0.370201  0
11.146667  0.369900  0
11.173333  0.369599  0
11.200000  0.369298  0
11.226667  0.368997  0
11.253333  0.368696  0
11.280000  0.368395  0
11.306667  0.368094  0
11.333333  0.367793  0
11.360000  0.367492  0
11.386667  0.367191  0
11.413333  0.366890  0
11.440000  0.366589  0
11.466667  0.366288  0
11.493333  0.365987  0
11.520000  0.365686  0
11.546667  0.365385  0
11.573333  0.365084  0
11.600000  0.364783  0
11.626667  0.364482  0
11.653333  0.364181  0
11.680000  0.363880  0
11.706667  0.363579  0
11.733333  0.363278  0
11.760000  0.362977  0
11.786667  0.362676  0
11.813333  0.362375  0
11.840000  0.362074  0
11.866667  0.361773  0
11.893333  0.361472  0
11.920000  0.361171  0
11.946667  0.360870  0
11.973333  0.360569  0
12.000000  0.360268  0
12.026667  0.359967  0
12.053333  0.359666  0
12.080000  0.359365  0
12.106667  0.359064  0
12.133333  0.358763  0
12.160000  0.358462  0
12.186667  0.358161  0
12.213333  0.357860  0
12.240000  0.357559  0
12.266667  0.357258  0
12.293333  0.356957  0
12.320000  0.356656  0
12.346667  0.356355  0
12.373333  0.356054  0
12.400000  0.355753  0
12.426667  0.355452  0
12.453333  0.355151  0
12.480000  0.354850  0
12.506667  0.354549  0
12.533333  0.354248  0
12.560000  0.353947  0
12.586667  0.353646  0
12.613333  0.353345  0
12.640000  0.353044  0
12.666667  0.352743  0
12.693333  0.352442  0
12.720000  0.352141  0
12.746667  0.351840  0
12.773333  0.351539  0
12.800000  0.351238  0
12.826667  0.350937  0
12.853333  0.350636  0
12.880000  0.350335  0
12.906667  0.350034  0
12.933333  0.349733  0
12.960000  0.349432  0
12.986667  0.349131  0
13.013333  0.348830  0
13.040000  0.348529  0
13.066667  0.348228  0
13.093333  0.347927  0
13.120000  0.347626  0
13.146667  0.347325  0
13.173333  0.347024  0
13.200000  0.346723  0
13.226667  0.346422  0
13.253333  0.346121  0
13.280000  0.345820  0
13.306667  0.345519  0
13.333333  0.345217  0
13.360000  0.344916  0
13.386667  0.344615  0
13.413333  0.344314  0
13.440000  0.344013  0
13.466667  0.343712  0
13.493333  0.343411  0
13.520000  0.343110  0
13.546667  0.342809  0
13.573333  0.342508  0
13.600000  0.342207  0
13.626667  0.341906  0
13.653333  0.341605  0
13.680000  0.341304  0
13.706667  0.341003  0
13.733333  0.340702  0
13.760000  0.340401  0
13.786667  0.340100  0
13.813333  0.339799  0
13.840000  0.339498  0
13.866667  0.339197  0
13.893333  0.338896  0
13.920000  0.338595  0
13.946667  0.338294  0
13.973333  0.337993  0
14.000000  0.337692  0
14.026667  0.337391  0
14.053333  0.337090  0
14.080000  0.336790  0
14.106667  0.336491  0
14.133333  0.336198  0
14.160000  0.335919  0
14.186667  0.335665  0
14.213333  0.335449  0
14.240000  0.335278  0
14.266667  0.335148  0
14.293333  0.335046  0
14.320000  0.334961  0
14.346667  0.334883  0
14.373333  0.334808  0
14.400000  0.334733  0
14.426667  0.334658  0
14.453333  0.334583  0
14.480000  0.334509  0
14.506667  0.334434  0
14.533333  0.334360  0
14.560000  0.334285  0
14.586667  0.334210  0
14.613333  0.334136  0
14.640000  0.334061  0
14.666667  0.333987  0
14.693333  0.333912  0
14.720000  0.333837  0
14.746667  0.333763  0
14.773333  0.333688  0
14.800000  0.333614  0
14.826667  0.333539  0
14.853333  0.333464  0
14.880000  0.333390  0
14.906667  0.333315  0
14.933333  0.333241  0
14.960000  0.333166  0
14.986667  0.333091  0
15.013333  0.333017  0
15.040000  0.332942  0
15.066667  0.332867  0
15.093333  0.332793  0
15.120000  0.332718  0
15.146667  0.332644  0
15.173333  0.332569  0
15.200000  0.332494  0
15.226667  0.332420  0
15.253333  0.332345  0
15.280000  0.332271  0
15.306667  0.332196  0
15.333333  0.332121  0
15.360000  0.332047  0
15.386667  0.331972  0
15.413333  0.331898  0
15.440000  0.331823  0
15.466667  0.331748  0
15.493333  0.331674  0
15.520000  0.331599  0
15.546667  0.331525  0
15.573333  0.331450  0
15.600000  0.331375  0
15.626667  0.331301  0
15.653333  0.331226  0
15.680000  0.331151  0
15.706667  0.331077  0
15.733333  0.331002  0
15.760000  0.330928  0
15.786667  0.330853  0
15.813333  0.330778  0
15.840000  0.330704  0
15.866667  0.330629  0
15.893333  0.330555  0
15.920000  0.330480  0
15.946667  0.330405  0
15.973333  0.330331  0
16.000000  0.330256  0
16.026667  0.330182  0
16.053333  0.330107  0
16.080000  0.330032  0
16.106667  0.329958  0
16.133333  0.329883  0
16.160000  0.329809  0
16.186667  0.329734  0
16.213333  0.329659  0
16.240000  0.329585  0
16.266667  0.329510  0
16.293333  0.329435  0
16.320000  0.329361  0
16.346667  0.329286  0
16.373333  0.329212  0
16.400000  0.329137  0
16.426667  0.329062  0
16.453333  0.328988  0
16.480000  0.328913  0
16.506667  0.328839  0
16.533333  0.328764  0
16.560000  0.328689  0
16.586667  0.328615  0
16.613333  0.328540  0
16.640000  0.328466  0
16.666667  0.328391  0
16.693333  0.328316  0
16.720000  0.328242  0
16.746667  0.328167  0
16.773333  0.328093  0
16.800000  0.328018  0
16.826667  0.327943  0
16.853333  0.327869  0
16.880000  0.327794  0
16.906667  0.327719  0
16.933333  0.327645  0
16.960000  0.327570  0
16.986667  0.327496  0
17.013333  0.327421  0
17.040000  0.327346  0
17.066667  0.327272  0
17.093333  0.327197  0
17.120000  0.327123  0
17.146667  0.327048  0
17.173333  0.326973  0
17.200000  0.326899  0
17.226667  0.326824  0
17.253333  0.326750  0
17.280000  0.326675  0
17.306667  0.326600  0
17.333333  0.326526  0
17.360000  0.326451  0
17.386667  0.326377  0
17.413333  0.326302  0
17.440000  0.326227  0
17.466667  0.326153  0
17.493333  0.326078  0
17.520000  0.326003  0
17.546667  0.325929  0
17.573333  0.325854  0
17.600000  0.325780  0
17.626667  0.325705  0
17.653333  0.325630  0
17.680000  0.325556  0
17.706667  0.325481  0
17.733333  0.325407  0
17.760000  0.325332  0
17.786667  0.325257  0
17.813333  0.325183  0
17.840000  0.325108  0
17.866667  0.325034  0
17.893333  0.324959  0
17.920000  0.324884  0
17.946667  0.324810  0
17.973333  0.324735  0
18.000000  0.324661  0
18.026667  0.324586  0
18.053333  0.324511  0
18.080000  0.324437  0
18.106667  0.324362  0
18.133333  0.324287  0
18.160000  0.324213  0
18.186667  0.324138  0
18.213333  0.324064  0
18.240000  0.323989  0
18.266667  0.323914  0
18.293333  0.323840  0
18.320000  0.323765  0
18.346667  0.323691  0
18.373333  0.323616  0
18.400000  0.323541  0
18.426667  0.323467  0
18.453333  0.323392  0
18.480000  0.323318  0
18.506667  0.323243  0
18.533333  0.323168  0
18.560000  0.323094  0
18.586667  0.323019  0
18.613333  0.322945  0
18.640000  0.322870  0
18.666667  0.322795  0
18.693333  0.322721  0
18.720000  0.322646  0
18.746667  0.322571  0
18.773333  0.322497  0
18.800000  0.322422  0
18.826667  0.322348  0
18.853333  0.322273  0
18.880000  0.322200  0
18.906667  0.322129  0
18.933333  0.322065  0
18.960000  0.322015  0
18.986667  0.321987  0
