2.746667  0.687691  0
2.773333  0.687577  0
2.800000  0.687355  0
2.826667  0.687032  0
2.853333  0.686620  0
2.880000  0.686132  0
2.906667  0.685583  0
2.933333  0.684986  0
2.960000  0.684356  0
2.986667  0.683708  0
3.013333  0.683056  0
3.040000  0.682415  0
3.066667  0.681800  0
3.093333  0.681225  0
3.120000  0.680703  0
3.146667  0.680242  0
3.173333  0.679850  0
3.200000  0.679526  0
3.226667  0.679270  0
3.253333  0.679074  0
3.280000  0.678930  0
3.306667  0.678828  0
3.333333  0.678760  0
3.360000  0.678716  0
3.386667  0.678689  0
3.413333  0.678673  0
3.440000  0.678664  0
3.466667  0.678659  0
3.493333  0.678657  0
3.520000  0.678656  0
3.546667  0.678655  0
3.573333  0.678655  0
3.600000  0.678655  0
3.626667  0.678655  0
3.653333  0.678655  0
3.680000  0.678656  0
3.706667  0.678657  0
3.733333  0.678659  0
3.760000  0.678663  0
3.786667  0.678670  0
3.813333  0.678681  0
3.840000  0.678700  0
3.866667  0.678727  0
3.893333  0.678768  0
3.920000  0.678824  0
3.946667  0.678898  0
3.973333  0.678992  0
4.000000  0.679108  0
4.026667  0.679245  0
4.053333  0.679398  0
4.080000  0.679565  0
4.106667  0.679740  0
4.133333  0.679916  0
4.160000  0.680086  0
4.186667  0.680244  0
4.213333  0.680387  0
4.240000  0.680509  0
4.266667  0.680611  0
4.293333  0.680692  0
4.320000  0.680753  0
4.346667  0.680798  0
4.373333  0.680829  0
4.400000  0.680848  0
4.426667  0.680857  0
4.453333  0.680857  0
4.480000  0.680847  0
4.506667  0.680823  0
4.533333  0.680782  0
4.560000  0.680714  0
4.586667  0.680612  0
4.613333  0.680465  0
4.640000  0.680260  0
4.666667  0.679988  0
4.693333  0.679638  0
4.720000  0.679204  0
4.746667  0.678681  0
4.773333  0.678069  0
4.800000  0.677367  0
4.826667  0.676579  0
4.853333  0.675705  0
4.880000  0.674746  0
4.906667  0.673700  0
4.933333  0.672567  0
4.960000  0.671346  0
4.986667  0.670036  0
5.013333  0.668643  0
5.040000  0.667173  0
5.066667  0.665636  0
5.093333  0.664046  0
5.120000  0.662418  0
5.146667  0.660766  0
5.173333  0.659105  0
5.200000  0.657446  0
5.226667  0.655798  0
5.253333  0.654167  0
5.280000  0.652554  0
5.306667  0.650957  0
5.333333  0.649374  0
5.360000  0.647799  0
5.386667  0.646227  0
5.413333  0.644652  0
5.440000  0.643070  0
5.466667  0.641480  0
5.493333  0.639879  0
5.520000  0.638267  0
5.546667  0.636645  0
5.573333  0.635014  0
5.600000  0.633373  0
5.626667  0.631723  0
5.653333  0.630062  0
5.680000  0.628385  0
5.706667  0.626690  0
5.733333  0.624973  0
5.760000  0.623231  0
5.786667  0.621465  0
5.813333  0.619679  0
5.840000  0.617883  0
5.866667  0.616089  0
5.893333  0.614310  0
5.920000  0.612554  0
5.946667  0.610822  0
5.973333  0.609105  0
6.000000  0.607382  0
6.026667  0.605626  0
6.053333  0.603805  0
6.080000  0.601895  0
6.106667  0.599881  0
6.133333  0.597765  0
6.160000  0.595559  0
6.186667  0.593290  0
6.213333  0.590989  0
6.240000  0.588687  0
6.266667  0.586412  0
6.293333  0.584188  0
6.320000  0.582035  0
6.346667  0.579969  0
6.373333  0.578006  0
6.400000  0.576162  0
6.426667  0.574452  0
6.453333  0.572890  0
6.480000  0.571484  0
6.506667  0.570240  0
6.533333  0.569156  0
6.560000  0.568224  0
6.586667  0.567431  0
6.613333  0.566762  0
6.640000  0.566196  0
6.666667  0.565713  0
6.693333  0.565296  0
6.720000  0.564934  0
6.746667  0.564619  0
6.773333  0.564347  0
6.800000  0.564116  0
6.826667  0.563916  0
6.853333  0.563724  0
6.880000  0.563505  0
6.906667  0.563213  0
6.933333  0.562795  0
6.960000  0.562208  0
6.986667  0.561426  0
7.013333  0.560454  0
7.040000  0.559325  0
7.066667  0.558099  0
7.093333  0.556851  0
7.120000  0.555656  0
7.146667  0.554575  0
7.173333  0.553644  0
7.200000  0.552875  0
7.226667  0.552255  0
7.253333  0.551750  0
7.280000  0.551320  0
7.306667  0.550922  0
7.333333  0.550515  0
7.360000  0.550068  0
7.386667  0.549562  0
7.413333  0.548986  0
7.440000  0.548342  0
7.466667  0.547642  0
7.493333  0.546902  0
7.520000  0.546140  0
7.546667  0.545374  0
7.573333  0.544616  0
7.600000  0.543873  0
7.626667  0.543146  0
7.653333  0.542431  0
7.680000  0.541721  0
7.706667  0.541012  0
7.733333  0.540305  0
7.760000  0.539601  0
7.786667  0.538910  0
7.813333  0.538241  0
7.840000  0.537605  0
7.866667  0.537011  0
7.893333  0.536464  0
7.920000  0.535970  0
7.946667  0.535525  0
7.973333  0.535127  0
8.000000  0.534767  0
8.026667  0.534437  0
8.053333  0.534128  0
8.080000  0.533832  0
8.106667  0.533545  0
8.133333  0.533263  0
8.160000  0.532985  0
8.186667  0.532711  0
8.213333  0.532438  0
8.240000  0.532163  0
8.266667  0.531877  0
8.293333  0.531572  0
8.320000  0.531236  0
8.346667  0.530863  0
8.373333  0.530446  0
8.400000  0.529986  0
8.426667  0.529486  0
8.453333  0.528954  0
8.480000  0.528395  0
8.506667  0.527815  0
8.533333  0.527220  0
8.560000  0.526609  0
8.586667  0.525985  0
8.613333  0.525349  0
8.640000  0.524708  0
8.666667  0.524069  0
8.693333  0.523441  0
8.720000  0.522833  0
8.746667  0.522253  0
8.773333  0.521705  0
8.800000  0.521190  0
8.826667  0.520704  0
8.853333  0.520242  0
8.880000  0.519795  0
8.906667  0.519356  0
8.933333  0.518919  0
8.960000  0.518482  0
8.986667  0.518047  0
9.013333  0.517619  0
9.040000  0.517209  0
9.066667  0.516826  0
9.093333  0.516481  0
9.120000  0.516180  0
9.146667  0.515920  0
9.173333  0.515696  0
9.200000  0.515495  0
9.226667  0.515305  0
9.253333  0.515120  0
9.280000  0.514937  0
9.306667  0.514762  0
9.333333  0.514604  0
9.360000  0.514468  0
9.386667  0.514351  0
9.413333  0.514235  0
9.440000  0.514088  0
9.466667  0.513868  0
9.493333  0.513531  0
9.520000  0.513037  0
9.546667  0.512361  0
9.573333  0.511494  0
9.600000  0.510443  0
9.626667  0.509231  0
9.653333  0.507886  0
9.680000  0.506444  0
9.706667  0.504937  0
9.733333  0.503399  0
9.760000  0.501856  0
9.786667  0.500336  0
9.813333  0.498858  0
9.840000  0.497441  0
9.866667  0.496099  0
9.893333  0.494839  0
9.920000  0.493664  0
9.946667  0.492571  0
9.973333  0.491554  0
10.000000  0.490602  0
10.026667  0.489703  0
10.053333  0.488844  0
10.080000  0.488013  0
10.106667  0.487199  0
10.133333  0.486392  0
10.160000  0.485586  0
10.186667  0.484774  0
10.213333  0.483950  0
10.240000  0.483112  0
10.266667  0.482257  0
10.293333  0.481383  0
10.320000  0.480491  0
10.346667  0.479582  0
10.373333  0.478656  0
10.400000  0.477716  0
10.426667  0.476764  0
10.453333  0.475800  0
10.480000  0.474824  0
10.506667  0.473837  0
10.533333  0.472836  0
10.560000  0.471820  0
10.586667  0.470787  0
10.613333  0.469735  0
10.640000  0.468661  0
10.666667  0.467567  0
10.693333  0.466451  0
10.720000  0.465316  0
10.746667  0.464163  0
10.773333  0.462993  0
10.800000  0.461807  0
10.826667  0.460608  0
10.853333  0.459393  0
10.880000  0.458163  0
10.906667  0.456915  0
10.933333  0.455647  0
10.960000  0.454357  0
10.986667  0.453044  0
11.013333  0.451708  0
11.040000  0.450349  0
11.066667  0.448971  0
11.093333  0.447577  0
11.120000  0.446173  0
11.146667  0.444764  0
11.173333  0.443358  0
11.200000  0.441964  0
11.226667  0.440591  0
11.253333  0.439249  0
11.280000  0.437947  0
11.306667  0.436695  0
11.333333  0.435499  0
11.360000  0.434365  0
11.386667  0.433294  0
11.413333  0.432285  0
11.440000  0.431336  0
11.466667  0.430442  0
11.493333  0.429599  0
11.520000  0.428801  0
11.546667  0.428045  0
11.573333  0.427328  0
11.600000  0.426646  0
11.626667  0.425994  0
11.653333  0.425360  0
11.680000  0.424729  0
11.706667  0.424081  0
11.733333  0.423388  0
11.760000  0.422626  0
11.786667  0.421770  0
11.813333  0.420809  0
11.840000  0.419742  0
11.866667  0.418590  0
11.893333  0.417384  0
11.920000  0.416172  0
11.946667  0.415003  0
11.973333  0.413923  0
12.000000  0.412968  0
12.026667  0.412162  0
12.053333  0.411513  0
12.080000  0.411017  0
12.106667  0.410660  0
12.133333  0.410422  0
12.160000  0.410276  0
12.186667  0.410192  0
12.213333  0.410140  0
12.240000  0.410093  0
12.266667  0.410028  0
12.293333  0.409929  0
12.320000  0.409788  0
12.346667  0.409607  0
12.373333  0.409392  0
12.400000  0.409155  0
12.426667  0.408907  0
12.453333  0.408661  0
12.480000  0.408426  0
12.506667  0.408207  0
12.533333  0.408008  0
12.560000  0.407832  0
12.586667  0.407684  0
12.613333  0.407569  0
12.640000  0.407494  0
12.666667  0.407465  0
12.693333  0.407483  0
12.720000  0.407546  0
12.746667  0.407647  0
12.773333  0.407776  0
12.800000  0.407923  0
12.826667  0.408078  0
12.853333  0.408240  0
12.880000  0.408407  0
12.906667  0.408583  0
12.933333  0.408769  0
12.960000  0.408966  0
12.986667  0.409169  0
13.013333  0.409368  0
13.040000  0.409552  0
13.066667  0.409707  0
13.093333  0.409823  0
13.120000  0.409894  0
13.146667  0.409921  0
13.173333  0.409915  0
13.200000  0.409889  0
13.226667  0.409862  0
13.253333  0.409850  0
13.280000  0.409865  0
13.306667  0.409911  0
13.333333  0.409985  0
13.360000  0.410075  0
13.386667  0.410166  0
13.413333  0.410244  0
13.440000  0.410298  0
13.466667  0.410323  0
13.493333  0.410319  0
13.520000  0.410296  0
13.546667  0.410262  0
13.573333  0.410231  0
13.600000  0.410210  0
13.626667  0.410207  0
13.653333  0.410225  0
13.680000  0.410267  0
13.706667  0.410333  0
13.733333  0.410426  0
13.760000  0.410549  0
13.786667  0.410705  0
13.813333  0.410895  0
13.840000  0.411115  0
13.866667  0.411360  0
13.893333  0.411620  0
13.920000  0.411882  0
13.946667  0.412132  0
13.973333  0.412358  0
14.000000  0.412548  0
14.026667  0.412697  0
14.053333  0.412803  0
14.080000  0.412869  0
14.106667  0.412904  0
14.133333  0.412919  0
14.160000  0.412927  0
14.186667  0.412940  0
14.213333  0.412968  0
14.240000  0.413014  0
14.266667  0.413076  0
14.293333  0.413146  0
14.320000  0.413209  0
14.346667  0.413248  0
14.373333  0.413247  0
14.400000  0.413194  0
14.426667  0.413084  0
14.453333  0.412920  0
14.480000  0.412710  0
14.506667  0.412466  0
14.533333  0.412200  0
14.560000  0.411916  0
14.586667  0.411616  0
14.613333  0.411296  0
14.640000  0.410950  0
14.666667  0.410575  0
14.693333  0.410172  0
14.720000  0.409746  0
14.746667  0.409306  0
14.773333  0.408865  0
14.800000  0.408429  0
14.826667  0.408006  0
14.853333  0.407598  0
14.880000  0.407205  0
14.906667  0.406830  0
14.933333  0.406474  0
14.960000  0.406143  0
14.986667  0.405842  0
15.013333  0.405576  0
15.040000  0.405349  0
15.066667  0.405160  0
15.093333  0.405006  0
15.120000  0.404883  0
15.146667  0.404784  0
15.173333  0.404703  0
15.200000  0.404635  0
15.226667  0.404574  0
15.253333  0.404519  0
15.280000  0.404467  0
15.306667  0.404416  0
15.333333  0.404366  0
15.360000  0.404317  0
15.386667  0.404267  0
15.413333  0.404218  0
15.440000  0.404169  0
15.466667  0.404119  0
15.493333  0.404070  0
15.520000  0.404021  0
15.546667  0.403972  0
15.573333  0.403922  0
15.600000  0.403873  0
15.626667  0.403824  0
15.653333  0.403775  0
15.680000  0.403725  0
15.706667  0.403676  0
15.733333  0.403627  0
15.760000  0.403578  0
15.786667  0.403528  0
15.813333  0.403479  0
15.840000  0.403430  0
15.866667  0.403381  0
15.893333  0.403331  0
15.920000  0.403282  0
15.946667  0.403233  0
15.973333  0.403184  0
16.000000  0.403134  0
16.026667  0.403085  0
16.053333  0.403036  0
16.080000  0.402987  0
16.106667  0.402937  0
16.133333  0.402888  0
16.160000  0.402839  0
16.186667  0.402790  0
16.213333  0.402740  0
16.240000  0.402691  0
16.266667  0.402642  0
16.293333  0.402593  0
16.320000  0.402543  0
16.346667  0.402494  0
16.373333  0.402445  0
16.400000  0.402396  0
16.426667  0.402346  0
16.453333  0.402297  0
16.480000  0.402248  0
16.506667  0.402199  0
16.533333  0.402149  0
16.560000  0.402100  0
16.586667  0.402051  0
16.613333  0.402002  0
16.640000  0.401952  0
16.666667  0.401903  0
16.693333  0.401854  0
16.720000  0.401805  0
16.746667  0.401755  0
16.773333  0.401706  0
16.800000  0.401657  0
16.826667  0.401608  0
16.853333  0.401558  0
16.880000  0.401509  0
16.906667  0.401460  0
16.933333  0.401411  0
16.960000  0.401361  0
16.986667  0.401312  0
17.013333  0.401263  0
17.040000  0.401214  0
17.066667  0.401164  0
17.093333  0.401115  0
17.120000  0.401066  0
17.146667  0.401017  0
17.173333  0.400967  0
17.200000  0.400918  0
17.226667  0.400869  0
17.253333  0.400820  0
17.280000  0.400770  0
17.306667  0.400721  0
17.333333  0.400672  0
17.360000  0.400623  0
17.386667  0.400573  0
17.413333  0.400524  0
17.440000  0.400475  0
17.466667  0.400426  0
17.493333  0.400376  0
17.520000  0.400327  0
17.546667  0.400278  0
17.573333  0.400229  0
17.600000  0.400179  0
17.626667  0.400130  0
17.653333  0.400081  0
17.680000  0.400032  0
17.706667  0.399982  0
17.733333  0.399933  0
17.760000  0.399884  0
17.786667  0.399835  0
17.813333  0.399785  0
17.840000  0.399736  0
17.866667  0.399687  0
17.893333  0.399638  0
17.920000  0.399588  0
17.946667  0.399539  0
17.973333  0.399490  0
18.000000  0.399441  0
18.026667  0.399391  0
18.053333  0.399342  0
18.080000  0.399293  0
18.106667  0.399244  0
18.133333  0.399194  0
18.160000  0.399145  0
18.186667  0.399096  0
18.213333  0.399047  0
18.240000  0.398997  0
18.266667  0.398948  0
18.293333  0.398899  0
18.320000  0.398850  0
18.346667  0.398800  0
18.373333  0.398751  0
18.400000  0.398702  0
18.426667  0.398653  0
18.453333  0.398603  0
18.480000  0.398554  0
18.506667  0.398505  0
18.533333  0.398456  0
18.560000  0.398406  0
18.586667  0.398357  0
18.613333  0.398308  0
18.640000  0.398259  0
18.666667  0.398209  0
18.693333  0.398160  0
18.720000  0.398111  0
18.746667  0.398062  0
18.773333  0.398012  0
18.800000  0.397963  0
18.826667  0.397914  0
18.853333  0.397865  0
18.880000  0.397815  0
18.906667  0.397766  0
18.933333  0.397717  0
18.960000  0.397668  0
18.986667  0.397618  0
19.013333  0.397569  0
19.040000  0.397520  0
19.066667  0.397471  0
19.093333  0.397421  0
19.120000  0.397372  0
19.146667  0.397323  0
19.173333  0.397274  0
19.200000  0.397224  0
19.226667  0.397175  0
19.253333  0.397126  0
19.280000  0.397077  0
19.306667  0.397027  0
19.333333  0.396978  0
19.360000  0.396929  0
19.386667  0.396880  0
19.413333  0.396830  0
19.440000  0.396781  0
19.466667  0.396732  0
19.493333  0.396683  0
19.520000  0.396633  0
19.546667  0.396584  0
19.573333  0.396535  0
19.600000  0.396486  0
19.626667  0.396436  0
19.653333  0.396387  0
19.680000  0.396338  0
19.706667  0.396289  0
19.733333  0.396239  0
19.760000  0.396190  0
19.786667  0.396141  0
19.813333  0.396092  0
19.840000  0.396042  0
19.866667  0.395993  0
19.893333  0.395944  0
19.920000  0.395895  0
19.946667  0.395845  0
19.973333  0.395796  0
20.000000  0.395747  0
20.026667  0.395698  0
20.053333  0.395648  0
20.080000  0.395599  0
20.106667  0.395550  0
20.133333  0.395501  0
20.160000  0.395451  0
20.186667  0.395402  0
20.213333  0.395353  0
20.240000  0.395304  0
20.266667  0.395254  0
20.293333  0.395205  0
20.320000  0.395156  0
20.346667  0.395107  0
20.373333  0.395057  0
20.400000  0.395008  0
20.426667  0.394959  0
20.453333  0.394910  0
20.480000  0.394860  0
20.506667  0.394811  0
20.533333  0.394762  0
20.560000  0.394713  0
20.586667  0.394663  0
20.613333  0.394614  0
20.640000  0.394565  0
20.666667  0.394516  0
20.693333  0.394466  0
20.720000  0.394417  0
20.746667  0.394368  0
20.773333  0.394319  0
20.800000  0.394269  0
20.826667  0.394220  0
20.853333  0.394171  0
20.880000  0.394122  0
20.906667  0.394072  0
20.933333  0.394023  0
20.960000  0.393974  0
20.986667  0.393925  0
21.013333  0.393875  0
21.040000  0.393826  0
21.066667  0.393777  0
21.093333  0.393728  0
21.120000  0.393678  0
21.146667  0.393629  0
21.173333  0.393580  0
21.200000  0.393531  0
21.226667  0.393481  0
21.253333  0.393432  0
21.280000  0.393383  0
21.306667  0.393334  0
21.333333  0.393284  0
21.360000  0.393235  0
21.386667  0.393186  0
21.413333  0.393137  0
21.440000  0.393087  0
21.466667  0.393038  0
21.493333  0.392989  0
21.520000  0.392940  0
21.546667  0.392890  0
21.573333  0.392841  0
21.600000  0.392792  0
21.626667  0.392743  0
21.653333  0.392693  0
21.680000  0.392644  0
21.706667  0.392595  0
21.733333  0.392546  0
21.760000  0.392496  0
21.786667  0.392447  0
21.813333  0.392398  0
21.840000  0.392349  0
21.866667  0.392299  0
21.893333  0.392250  0
21.920000  0.392201  0
21.946667  0.392152  0
21.973333  0.392102  0
22.000000  0.392053  0
22.026667  0.392004  0
22.053333  0.391955  0
22.080000  0.391905  0
22.106667  0.391856  0
22.133333  0.391807  0
22.160000  0.391758  0
22.186667  0.391708  0
22.213333  0.391659  0
22.240000  0.391610  0
22.266667  0.391561  0
22.293333  0.391511  0
22.320000  0.391462  0
22.346667  0.391413  0
22.373333  0.391364  0
22.400000  0.391314  0
22.426667  0.391265  0
22.453333  0.391216  0
22.480000  0.391167  0
22.506667  0.391117  0
22.533333  0.391068  0
22.560000  0.391019  0
22.586667  0.390970  0
22.613333  0.390920  0
22.640000  0.390871  0
22.666667  0.390822  0
22.693333  0.390773  0
22.720000  0.390723  0
22.746667  0.390674  0
22.773333  0.390625  0
22.800000  0.390576  0
22.826667  0.390526  0
22.853333  0.390477  0
22.880000  0.390428  0
22.906667  0.390379  0
22.933333  0.390329  0
22.960000  0.390280  0
22.986667  0.390231  0
23.013333  0.390182  0
23.040000  0.390132  0
23.066667  0.390083  0
23.093333  0.390034  0
23.120000  0.389985  0
23.146667  0.389935  0
23.173333  0.389886  0
23.200000  0.389837  0
23.226667  0.389788  0
23.253333  0.389738  0
23.280000  0.389689  0
23.306667  0.389640  0
23.333333  0.389591  0
23.360000  0.389541  0
23.386667  0.389492  0
23.413333  0.389443  0
23.440000  0.389394  0
23.466667  0.389345  0
23.493333  0.389296  0
23.520000  0.389248  0
23.546667  0.389201  0
23.573333  0.389155  0
23.600000  0.389111  0
23.626667  0.389070  0
23.653333  0.389033  0
23.680000  0.389002  0
23.706667  0.388977  0
23.733333  0.388960  0
23.760000  0.388951  0
