3.386667  0.765208  0
3.413333  0.764333  0
3.440000  0.762677  0
3.466667  0.760399  0
3.493333  0.757687  0
3.520000  0.754720  0
3.546667  0.751645  0
3.573333  0.748570  0
3.600000  0.745562  0
3.626667  0.742658  0
3.653333  0.739868  0
3.680000  0.737182  0
3.706667  0.734583  0
3.733333  0.732048  0
3.760000  0.729561  0
3.786667  0.727110  0
3.813333  0.724693  0
3.840000  0.722312  0
3.866667  0.719970  0
3.893333  0.717670  0
3.920000  0.715409  0
3.946667  0.713185  0
3.973333  0.710988  0
4.000000  0.708810  0
4.026667  0.706646  0
4.053333  0.704489  0
4.080000  0.702335  0
4.106667  0.700183  0
4.133333  0.698031  0
4.160000  0.695878  0
4.186667  0.693722  0
4.213333  0.691560  0
4.240000  0.689386  0
4.266667  0.687194  0
4.293333  0.684974  0
4.320000  0.682717  0
4.346667  0.680419  0
4.373333  0.678078  0
4.400000  0.675699  0
4.426667  0.673290  0
4.453333  0.670863  0
4.480000  0.668430  0
4.506667  0.665998  0
4.533333  0.663572  0
4.560000  0.661155  0
4.586667  0.658746  0
4.613333  0.656343  0
4.640000  0.653947  0
4.666667  0.651560  0
4.693333  0.649187  0
4.720000  0.646841  0
4.746667  0.644539  0
4.773333  0.642305  0
4.800000  0.640161  0
4.826667  0.638130  0
4.853333  0.636221  0
4.880000  0.634434  0
4.906667  0.632755  0
4.933333  0.631163  0
4.960000  0.629638  0
4.986667  0.628165  0
5.013333  0.626739  0
5.040000  0.625366  0
5.066667  0.624060  0
5.093333  0.622837  0
5.120000  0.621712  0
5.146667  0.620690  0
5.173333  0.619768  0
5.200000  0.618930  0
5.226667  0.618157  0
5.253333  0.617425  0
5.280000  0.616717  0
5.306667  0.616018  0
5.333333  0.615315  0
5.360000  0.614603  0
5.386667  0.613875  0
5.413333  0.613131  0
5.440000  0.612370  0
5.466667  0.611595  0
5.493333  0.610808  0
5.520000  0.610011  0
5.546667  0.609205  0
5.573333  0.608386  0
5.600000  0.607550  0
5.626667  0.606690  0
5.653333  0.605795  0
5.680000  0.604857  0
5.706667  0.603868  0
5.733333  0.602824  0
5.760000  0.601722  0
5.786667  0.600562  0
5.813333  0.599350  0
5.840000  0.598092  0
5.866667  0.596801  0
5.893333  0.595494  0
5.920000  0.594190  0
5.946667  0.592904  0
5.973333  0.591649  0
6.000000  0.590430  0
6.026667  0.589236  0
6.053333  0.588049  0
6.080000  0.586838  0
6.106667  0.585567  0
6.133333  0.584198  0
6.160000  0.582700  0
6.186667  0.581050  0
6.213333  0.579237  0
6.240000  0.577268  0
6.266667  0.575162  0
6.293333  0.572949  0
6.320000  0.570664  0
6.346667  0.568347  0
6.373333  0.566031  0
6.400000  0.563743  0
6.426667  0.561500  0
6.453333  0.559311  0
6.480000  0.557175  0
6.506667  0.555087  0
6.533333  0.553037  0
6.560000  0.551018  0
6.586667  0.549026  0
6.613333  0.547062  0
6.640000  0.545133  0
6.666667  0.543250  0
6.693333  0.541429  0
6.720000  0.539687  0
6.746667  0.538041  0
6.773333  0.536505  0
6.800000  0.535091  0
6.826667  0.533804  0
6.853333  0.532647  0
6.880000  0.531618  0
6.906667  0.530710  0
6.933333  0.529917  0
6.960000  0.529229  0
6.986667  0.528638  0
7.013333  0.528136  0
7.040000  0.527717  0
7.066667  0.527378  0
7.093333  0.527115  0
7.120000  0.526929  0
7.146667  0.526820  0
7.173333  0.526789  0
7.200000  0.526837  0
7.226667  0.526964  0
7.253333  0.527168  0
7.280000  0.527443  0
7.306667  0.527782  0
7.333333  0.528174  0
7.360000  0.528602  0
7.386667  0.529049  0
7.413333  0.529494  0
7.440000  0.529917  0
7.466667  0.530295  0
7.493333  0.530611  0
7.520000  0.530852  0
7.546667  0.531009  0
7.573333  0.531082  0
7.600000  0.531077  0
7.626667  0.531008  0
7.653333  0.530894  0
7.680000  0.530758  0
7.706667  0.530621  0
7.733333  0.530504  0
7.760000  0.530421  0
7.786667  0.530376  0
7.813333  0.530365  0
7.840000  0.530374  0
7.866667  0.530380  0
7.893333  0.530355  0
7.920000  0.530269  0
7.946667  0.530091  0
7.973333  0.529798  0
8.000000  0.529371  0
8.026667  0.528805  0
8.053333  0.528102  0
8.080000  0.527276  0
8.106667  0.526351  0
8.133333  0.525357  0
8.160000  0.524327  0
8.186667  0.523298  0
8.213333  0.522303  0
8.240000  0.521372  0
8.266667  0.520524  0
8.293333  0.519770  0
8.320000  0.519111  0
8.346667  0.518535  0
8.373333  0.518021  0
8.400000  0.517535  0
8.426667  0.517043  0
8.453333  0.516502  0
8.480000  0.515876  0
8.506667  0.515131  0
8.533333  0.514245  0
8.560000  0.513212  0
8.586667  0.512038  0
8.613333  0.510749  0
8.640000  0.509386  0
8.666667  0.508000  0
8.693333  0.506652  0
8.720000  0.505400  0
8.746667  0.504299  0
8.773333  0.503393  0
8.800000  0.502707  0
8.826667  0.502249  0
8.853333  0.502009  0
8.880000  0.501955  0
8.906667  0.502040  0
8.933333  0.502208  0
8.960000  0.502393  0
8.986667  0.502532  0
9.013333  0.502564  0
9.040000  0.502441  0
9.066667  0.502122  0
9.093333  0.501587  0
9.120000  0.500824  0
9.146667  0.499841  0
9.173333  0.498656  0
9.200000  0.497299  0
9.226667  0.495809  0
9.253333  0.494232  0
9.280000  0.492617  0
9.306667  0.491015  0
9.333333  0.489475  0
9.360000  0.488040  0
9.386667  0.486742  0
9.413333  0.485606  0
9.440000  0.484643  0
9.466667  0.483853  0
9.493333  0.483226  0
9.520000  0.482743  0
9.546667  0.482378  0
9.573333  0.482106  0
9.600000  0.481899  0
9.626667  0.481731  0
9.653333  0.481583  0
9.680000  0.481436  0
9.706667  0.481279  0
9.733333  0.481105  0
9.760000  0.480907  0
9.786667  0.480684  0
9.813333  0.480436  0
9.840000  0.480162  0
9.866667  0.479865  0
9.893333  0.479544  0
9.920000  0.479205  0
9.946667  0.478850  0
9.973333  0.478488  0
10.000000  0.478128  0
10.026667  0.477780  0
10.053333  0.477458  0
10.080000  0.477176  0
10.106667  0.476948  0
10.133333  0.476786  0
10.160000  0.476701  0
10.186667  0.476699  0
10.213333  0.476784  0
10.240000  0.476953  0
10.266667  0.477202  0
10.293333  0.477522  0
10.320000  0.477903  0
10.346667  0.478333  0
10.373333  0.478797  0
10.400000  0.479285  0
10.426667  0.479784  0
10.453333  0.480284  0
10.480000  0.480775  0
10.506667  0.481248  0
10.533333  0.481696  0
10.560000  0.482110  0
10.586667  0.482484  0
10.613333  0.482811  0
10.640000  0.483086  0
10.666667  0.483305  0
10.693333  0.483467  0
10.720000  0.483572  0
10.746667  0.483625  0
10.773333  0.483632  0
10.800000  0.483601  0
10.826667  0.483541  0
10.853333  0.483462  0
10.880000  0.483373  0
10.906667  0.483281  0
10.933333  0.483192  0
10.960000  0.483111  0
10.986667  0.483041  0
11.013333  0.482982  0
11.040000  0.482938  0
11.066667  0.482906  0
11.093333  0.482887  0
11.120000  0.482878  0
11.146667  0.482877  0
11.173333  0.482879  0
11.200000  0.482878  0
11.226667  0.482868  0
11.253333  0.482840  0
11.280000  0.482785  0
11.306667  0.482694  0
11.333333  0.482559  0
11.360000  0.482371  0
11.386667  0.482124  0
11.413333  0.481812  0
11.440000  0.481435  0
11.466667  0.480991  0
11.493333  0.480483  0
11.520000  0.479917  0
11.546667  0.479299  0
11.573333  0.478638  0
11.600000  0.477946  0
11.626667  0.477231  0
11.653333  0.476504  0
11.680000  0.475775  0
11.706667  0.475050  0
11.733333  0.474333  0
11.760000  0.473627  0
11.786667  0.472933  0
11.813333  0.472249  0
11.840000  0.471571  0
11.866667  0.470896  0
11.893333  0.470222  0
11.920000  0.469545  0
11.946667  0.468865  0
11.973333  0.468183  0
12.000000  0.467500  0
12.026667  0.466819  0
12.053333  0.466146  0
12.080000  0.465484  0
12.106667  0.464840  0
12.133333  0.464216  0
12.160000  0.463616  0
12.186667  0.463040  0
12.213333  0.462487  0
12.240000  0.461953  0
12.266667  0.461434  0
12.293333  0.460923  0
12.320000  0.460413  0
12.346667  0.459898  0
12.373333  0.459373  0
12.400000  0.458837  0
12.426667  0.458289  0
12.453333  0.457735  0
12.480000  0.457181  0
12.506667  0.456636  0
12.533333  0.456111  0
12.560000  0.455619  0
12.586667  0.455171  0
12.613333  0.454775  0
12.640000  0.454438  0
12.666667  0.454164  0
12.693333  0.453951  0
12.720000  0.453796  0
12.746667  0.453690  0
12.773333  0.453622  0
12.800000  0.453580  0
12.826667  0.453548  0
12.853333  0.453514  0
12.880000  0.453466  0
12.906667  0.453392  0
12.933333  0.453287  0
12.960000  0.453146  0
12.986667  0.452968  0
13.013333  0.452756  0
13.040000  0.452514  0
13.066667  0.452245  0
13.093333  0.451956  0
13.120000  0.451652  0
13.146667  0.451337  0
13.173333  0.451016  0
13.200000  0.450689  0
13.226667  0.450362  0
13.253333  0.450035  0
13.280000  0.449711  0
13.306667  0.449392  0
13.333333  0.449078  0
13.360000  0.448773  0
13.386667  0.448475  0
13.413333  0.448185  0
13.440000  0.447903  0
13.466667  0.447626  0
13.493333  0.447353  0
13.520000  0.447083  0
13.546667  0.446812  0
13.573333  0.446541  0
13.600000  0.446265  0
13.626667  0.445985  0
13.653333  0.445697  0
13.680000  0.445400  0
13.706667  0.445089  0
13.733333  0.444762  0
13.760000  0.444415  0
13.786667  0.444045  0
13.813333  0.443651  0
13.840000  0.443233  0
13.866667  0.442794  0
13.893333  0.442341  0
13.920000  0.441882  0
13.946667  0.441430  0
13.973333  0.440999  0
14.000000  0.440604  0
14.026667  0.440257  0
14.053333  0.439967  0
14.080000  0.439738  0
14.106667  0.439569  0
14.133333  0.439453  0
14.160000  0.439381  0
14.186667  0.439342  0
14.213333  0.439325  0
14.240000  0.439322  0
14.266667  0.439326  0
14.293333  0.439334  0
14.320000  0.439345  0
14.346667  0.439356  0
14.373333  0.439367  0
14.400000  0.439378  0
14.426667  0.439390  0
14.453333  0.439401  0
14.480000  0.439413  0
14.506667  0.439424  0
14.533333  0.439435  0
14.560000  0.439447  0
14.586667  0.439458  0
14.613333  0.439470  0
14.640000  0.439481  0
14.666667  0.439492  0
14.693333  0.439504  0
14.720000  0.439515  0
14.746667  0.439527  0
14.773333  0.439538  0
14.800000  0.439549  0
14.826667  0.439561  0
14.853333  0.439572  0
14.880000  0.439584  0
14.906667  0.439595  0
14.933333  0.439607  0
14.960000  0.439618  0
14.986667  0.439629  0
15.013333  0.439641  0
15.040000  0.439652  0
15.066667  0.439664  0
15.093333  0.439675  0
15.120000  0.439686  0
15.146667  0.439698  0
15.173333  0.439709  0
15.200000  0.439721  0
15.226667  0.439732  0
15.253333  0.439743  0
15.280000  0.439755  0
15.306667  0.439766  0
15.333333  0.439778  0
15.360000  0.439789  0
15.386667  0.439801  0
15.413333  0.439812  0
15.440000  0.439823  0
15.466667  0.439835  0
15.493333  0.439846  0
15.520000  0.439858  0
15.546667  0.439869  0
15.573333  0.439880  0
15.600000  0.439892  0
15.626667  0.439903  0
15.653333  0.439915  0
15.680000  0.439926  0
15.706667  0.439937  0
15.733333  0.439949  0
15.760000  0.439960  0
15.786667  0.439972  0
15.813333  0.439983  0
15.840000  0.439994  0
15.866667  0.440004  0
15.893333  0.440013  0
15.920000  0.440021  0
15.946667  0.440027  0
15.973333  0.440029  0
