2.666667  0.691658  0
2.693333  0.691065  0
2.720000  0.690473  0
2.746667  0.689881  0
2.773333  0.689288  0
2.800000  0.688696  0
2.826667  0.688104  0
2.853333  0.687511  0
2.880000  0.686919  0
2.906667  0.686327  0
2.933333  0.685734  0
2.960000  0.685142  0
2.986667  0.684550  0
3.013333  0.683957  0
3.040000  0.683365  0
3.066667  0.682773  0
3.093333  0.682180  0
3.120000  0.681588  0
3.146667  0.680996  0
3.173333  0.680403  0
3.200000  0.679811  0
3.226667  0.679219  0
3.253333  0.678626  0
3.280000  0.678034  0
3.306667  0.677442  0
3.333333  0.676849  0
3.360000  0.676257  0
3.386667  0.675665  0
3.413333  0.675072  0
3.440000  0.674480  0
3.466667  0.673888  0
3.493333  0.673295  0
3.520000  0.672703  0
3.546667  0.672111  0
3.573333  0.671518  0
3.600000  0.670926  0
3.626667  0.670333  0
3.653333  0.669741  0
3.680000  0.669149  0
3.706667  0.668556  0
3.733333  0.667964  0
3.760000  0.667372  0
3.786667  0.666779  0
3.813333  0.666187  0
3.840000  0.665595  0
3.866667  0.665002  0
3.893333  0.664410  0
3.920000  0.663818  0
3.946667  0.663225  0
3.973333  0.662633  0
4.000000  0.662041  0
4.026667  0.661448  0
4.053333  0.661246  0
4.080000  0.661044  0
4.106667  0.660658  0
4.133333  0.660259  0
4.160000  0.659697  0
4.186667  0.659110  0
4.213333  0.658386  0
4.240000  0.657627  0
4.266667  0.656755  0
4.293333  0.655844  0
4.320000  0.654844  0
4.346667  0.653802  0
4.373333  0.652696  0
4.400000  0.651549  0
4.426667  0.650359  0
4.453333  0.649132  0
4.480000  0.647880  0
4.506667  0.646599  0
4.533333  0.645306  0
4.560000  0.643993  0
4.586667  0.642676  0
4.613333  0.641351  0
4.640000  0.640025  0
4.666667  0.638699  0
4.693333  0.637374  0
4.720000  0.636055  0
4.746667  0.634738  0
4.773333  0.633428  0
4.800000  0.632118  0
4.826667  0.630816  0
4.853333  0.629513  0
4.880000  0.628213  0
4.906667  0.626913  0
4.933333  0.625612  0
4.960000  0.624310  0
4.986667  0.623002  0
5.013333  0.621694  0
5.040000  0.620381  0
5.066667  0.619066  0
5.093333  0.617746  0
5.120000  0.616426  0
5.146667  0.615106  0
5.173333  0.613786  0
5.200000  0.612472  0
5.226667  0.611161  0
5.253333  0.609861  0
5.280000  0.608570  0
5.306667  0.607294  0
5.333333  0.606035  0
5.360000  0.604795  0
5.386667  0.603581  0
5.413333  0.602387  0
5.440000  0.601229  0
5.466667  0.600092  0
5.493333  0.599003  0
5.520000  0.597933  0
5.546667  0.596925  0
5.573333  0.595931  0
5.600000  0.595014  0
5.626667  0.594107  0
5.653333  0.593291  0
5.680000  0.592480  0
5.706667  0.591775  0
5.733333  0.591070  0
5.760000  0.590482  0
5.786667  0.589896  0
5.813333  0.589424  0
5.840000  0.588962  0
5.866667  0.588607  0
5.893333  0.588272  0
5.920000  0.588033  0
5.946667  0.587821  0
5.973333  0.587692  0
6.000000  0.587595  0
6.026667  0.587563  0
6.053333  0.587567  0
6.080000  0.587619  0
6.106667  0.587705  0
6.133333  0.587822  0
6.160000  0.587967  0
6.186667  0.588128  0
6.213333  0.588307  0
6.240000  0.588491  0
6.266667  0.588679  0
6.293333  0.588864  0
6.320000  0.589038  0
6.346667  0.589204  0
6.373333  0.589344  0
6.400000  0.589476  0
6.426667  0.589567  0
6.453333  0.589652  0
6.480000  0.589685  0
6.506667  0.589714  0
6.533333  0.589685  0
6.560000  0.589656  0
6.586667  0.589565  0
6.613333  0.589473  0
6.640000  0.589329  0
6.666667  0.589180  0
6.693333  0.588988  0
6.720000  0.588788  0
6.746667  0.588555  0
6.773333  0.588313  0
6.800000  0.588047  0
6.826667  0.587771  0
6.853333  0.587479  0
6.880000  0.587178  0
6.906667  0.586867  0
6.933333  0.586548  0
6.960000  0.586223  0
6.986667  0.585894  0
7.013333  0.585561  0
7.040000  0.585226  0
7.066667  0.584891  0
7.093333  0.584557  0
7.120000  0.584223  0
7.146667  0.583893  0
7.173333  0.583565  0
7.200000  0.583244  0
7.226667  0.582925  0
7.253333  0.582615  0
7.280000  0.582307  0
7.306667  0.582011  0
7.333333  0.581715  0
7.360000  0.581433  0
7.386667  0.581151  0
7.413333  0.580882  0
7.440000  0.580612  0
7.466667  0.580352  0
7.493333  0.580092  0
7.520000  0.579835  0
7.546667  0.579579  0
7.573333  0.579319  0
7.600000  0.579059  0
7.626667  0.578788  0
7.653333  0.578513  0
7.680000  0.578221  0
7.706667  0.577920  0
7.733333  0.577594  0
7.760000  0.577254  0
7.786667  0.576881  0
7.813333  0.576484  0
7.840000  0.576051  0
7.866667  0.575581  0
7.893333  0.575071  0
7.920000  0.574510  0
7.946667  0.573908  0
7.973333  0.573235  0
8.000000  0.572525  0
8.026667  0.571723  0
8.053333  0.570888  0
8.080000  0.569940  0
8.106667  0.568966  0
8.133333  0.567857  0
8.160000  0.566731  0
8.186667  0.565451  0
8.213333  0.564166  0
8.240000  0.562711  0
8.266667  0.561257  0
8.293333  0.559638  0
8.320000  0.558014  0
8.346667  0.556249  0
8.373333  0.554468  0
8.400000  0.552576  0
8.426667  0.550662  0
8.453333  0.548671  0
8.480000  0.546657  0
8.506667  0.544601  0
8.533333  0.542528  0
8.560000  0.540446  0
8.586667  0.538358  0
8.613333  0.536291  0
8.640000  0.534238  0
8.666667  0.532227  0
8.693333  0.530255  0
8.720000  0.528339  0
8.746667  0.526490  0
8.773333  0.524700  0
8.800000  0.523008  0
8.826667  0.521373  0
8.853333  0.519862  0
8.880000  0.518399  0
8.906667  0.517080  0
8.933333  0.515799  0
8.960000  0.514676  0
8.986667  0.513576  0
9.013333  0.512641  0
9.040000  0.511716  0
9.066667  0.510951  0
9.093333  0.510187  0
9.120000  0.509569  0
9.146667  0.508953  0
9.173333  0.508449  0
9.200000  0.507953  0
9.226667  0.507537  0
9.253333  0.507133  0
9.280000  0.506778  0
9.306667  0.506435  0
9.333333  0.506116  0
9.360000  0.505805  0
9.386667  0.505496  0
9.413333  0.505189  0
9.440000  0.504868  0
9.466667  0.504537  0
9.493333  0.504181  0
9.520000  0.503802  0
9.546667  0.503389  0
9.573333  0.502938  0
9.600000  0.502449  0
9.626667  0.501904  0
9.653333  0.501321  0
9.680000  0.500663  0
9.706667  0.499969  0
9.733333  0.499180  0
9.760000  0.498362  0
9.786667  0.497430  0
9.813333  0.496477  0
9.840000  0.495394  0
9.866667  0.494299  0
9.893333  0.493064  0
9.920000  0.491827  0
9.946667  0.490446  0
9.973333  0.489064  0
10.000000  0.487558  0
10.026667  0.486044  0
10.053333  0.484432  0
10.080000  0.482807  0
10.106667  0.481112  0
10.133333  0.479401  0
10.160000  0.477648  0
10.186667  0.475880  0
10.213333  0.474092  0
10.240000  0.472296  0
10.266667  0.470497  0
10.293333  0.468697  0
10.320000  0.466906  0
10.346667  0.465121  0
10.373333  0.463350  0
10.400000  0.461592  0
10.426667  0.459848  0
10.453333  0.458123  0
10.480000  0.456408  0
10.506667  0.454712  0
10.533333  0.453024  0
10.560000  0.451353  0
10.586667  0.449687  0
10.613333  0.448037  0
10.640000  0.446388  0
10.666667  0.444755  0
10.693333  0.443123  0
10.720000  0.441508  0
10.746667  0.439893  0
10.773333  0.438305  0
10.800000  0.436717  0
10.826667  0.435168  0
10.853333  0.433621  0
10.880000  0.432127  0
10.906667  0.430638  0
10.933333  0.429217  0
10.960000  0.427808  0
10.986667  0.426476  0
11.013333  0.425166  0
11.040000  0.423939  0
11.066667  0.422746  0
11.093333  0.421635  0
11.120000  0.420570  0
11.146667  0.419582  0
11.173333  0.418651  0
11.200000  0.417788  0
11.226667  0.416991  0
11.253333  0.416250  0
11.280000  0.415581  0
11.306667  0.414957  0
11.333333  0.414406  0
11.360000  0.413889  0
11.386667  0.413444  0
11.413333  0.413022  0
11.440000  0.412670  0
11.466667  0.412332  0
11.493333  0.412058  0
11.520000  0.411792  0
11.546667  0.411584  0
11.573333  0.411378  0
11.600000  0.411225  0
11.626667  0.411071  0
11.653333  0.410961  0
11.680000  0.410852  0
11.706667  0.410776  0
11.733333  0.410702  0
11.760000  0.410653  0
11.786667  0.410609  0
11.813333  0.410582  0
11.840000  0.410560  0
11.866667  0.410552  0
11.893333  0.410549  0
11.920000  0.410555  0
11.946667  0.410566  0
11.973333  0.410585  0
12.000000  0.410608  0
12.026667  0.410636  0
12.053333  0.410669  0
12.080000  0.410706  0
12.106667  0.410748  0
12.133333  0.410793  0
12.160000  0.410843  0
12.186667  0.410896  0
12.213333  0.410953  0
12.240000  0.411013  0
12.266667  0.411077  0
12.293333  0.411143  0
12.320000  0.411215  0
12.346667  0.411287  0
12.373333  0.411365  0
12.400000  0.411442  0
12.426667  0.411524  0
12.453333  0.411606  0
12.480000  0.411690  0
12.506667  0.411774  0
12.533333  0.411859  0
12.560000  0.411944  0
12.586667  0.412027  0
12.613333  0.412109  0
12.640000  0.412188  0
12.666667  0.412266  0
12.693333  0.412338  0
12.720000  0.412409  0
12.746667  0.412474  0
12.773333  0.412537  0
12.800000  0.412593  0
12.826667  0.412645  0
12.853333  0.412691  0
12.880000  0.412732  0
12.906667  0.412768  0
12.933333  0.412799  0
12.960000  0.412825  0
12.986667  0.412845  0
13.013333  0.412862  0
13.040000  0.412871  0
13.066667  0.412879  0
13.093333  0.412879  0
13.120000  0.412877  0
13.146667  0.412869  0
13.173333  0.412859  0
13.200000  0.412842  0
13.226667  0.412824  0
13.253333  0.412798  0
13.280000  0.412772  0
13.306667  0.412737  0
13.333333  0.412703  0
13.360000  0.412660  0
13.386667  0.412617  0
13.413333  0.412565  0
13.440000  0.412512  0
13.466667  0.412452  0
13.493333  0.412391  0
13.520000  0.412322  0
13.546667  0.412251  0
13.573333  0.412174  0
13.600000  0.412094  0
13.626667  0.412010  0
13.653333  0.411923  0
13.680000  0.411831  0
13.706667  0.411737  0
13.733333  0.411641  0
13.760000  0.411541  0
13.786667  0.411441  0
13.813333  0.411338  0
13.840000  0.411234  0
13.866667  0.411129  0
13.893333  0.411023  0
13.920000  0.410918  0
13.946667  0.410812  0
13.973333  0.410706  0
14.000000  0.410601  0
14.026667  0.410496  0
14.053333  0.410392  0
14.080000  0.410288  0
14.106667  0.410185  0
14.133333  0.410082  0
14.160000  0.409979  0
14.186667  0.409877  0
14.213333  0.409774  0
14.240000  0.409671  0
14.266667  0.409568  0
14.293333  0.409463  0
14.320000  0.409359  0
14.346667  0.409253  0
14.373333  0.409147  0
14.400000  0.409041  0
14.426667  0.408933  0
14.453333  0.408826  0
14.480000  0.408717  0
14.506667  0.408610  0
14.533333  0.408502  0
14.560000  0.408396  0
14.586667  0.408291  0
14.613333  0.408188  0
14.640000  0.408088  0
14.666667  0.407990  0
14.693333  0.407897  0
14.720000  0.407808  0
14.746667  0.407725  0
14.773333  0.407645  0
14.800000  0.407575  0
14.826667  0.407508  0
14.853333  0.407453  0
14.880000  0.407400  0
14.906667  0.407362  0
14.933333  0.407325  0
14.960000  0.407306  0
14.986667  0.407287  0
15.013333  0.407219  0
15.040000  0.407151  0
15.066667  0.407083  0
15.093333  0.407016  0
15.120000  0.406948  0
15.146667  0.406880  0
15.173333  0.406812  0
15.200000  0.406744  0
15.226667  0.406677  0
15.253333  0.406609  0
15.280000  0.406541  0
15.306667  0.406473  0
15.333333  0.406405  0
15.360000  0.406337  0
15.386667  0.406270  0
15.413333  0.406202  0
15.440000  0.406134  0
15.466667  0.406066  0
15.493333  0.405998  0
15.520000  0.405931  0
15.546667  0.405863  0
15.573333  0.405795  0
15.600000  0.405727  0
15.626667  0.405659  0
15.653333  0.405592  0
15.680000  0.405524  0
15.706667  0.405456  0
15.733333  0.405388  0
15.760000  0.405320  0
15.786667  0.405252  0
15.813333  0.405185  0
15.840000  0.405117  0
15.866667  0.405049  0
15.893333  0.404981  0
15.920000  0.404913  0
15.946667  0.404846  0
15.973333  0.404778  0
16.000000  0.404710  0
16.026667  0.404642  0
16.053333  0.404574  0
16.080000  0.404507  0
16.106667  0.404439  0
16.133333  0.404371  0
16.160000  0.404303  0
16.186667  0.404235  0
16.213333  0.404167  0
16.240000  0.404100  0
16.266667  0.404032  0
16.293333  0.403964  0
16.320000  0.403896  0
16.346667  0.403828  0
16.373333  0.403761  0
16.400000  0.403693  0
16.426667  0.403625  0
16.453333  0.403557  0
16.480000  0.403489  0
16.506667  0.403421  0
16.533333  0.403354  0
16.560000  0.403286  0
16.586667  0.403218  0
16.613333  0.403150  0
16.640000  0.403082  0
16.666667  0.403015  0
16.693333  0.402947  0
16.720000  0.402879  0
16.746667  0.402811  0
16.773333  0.402743  0
16.800000  0.402676  0
16.826667  0.402608  0
16.853333  0.402540  0
16.880000  0.402472  0
16.906667  0.402404  0
16.933333  0.402336  0
16.960000  0.402269  0
16.986667  0.402201  0
17.013333  0.402133  0
17.040000  0.402065  0
17.066667  0.401997  0
17.093333  0.401930  0
17.120000  0.401862  0
17.146667  0.401794  0
17.173333  0.401726  0
17.200000  0.401658  0
17.226667  0.401591  0
17.253333  0.401523  0
17.280000  0.401455  0
17.306667  0.401387  0
17.333333  0.401319  0
17.360000  0.401251  0
17.386667  0.401184  0
17.413333  0.401116  0
17.440000  0.401048  0
17.466667  0.400980  0
17.493333  0.400912  0
17.520000  0.400845  0
17.546667  0.400777  0
17.573333  0.400709  0
17.600000  0.400641  0
17.626667  0.400573  0
17.653333  0.400506  0
17.680000  0.400438  0
17.706667  0.400370  0
17.733333  0.400302  0
17.760000  0.400234  0
17.786667  0.400166  0
17.813333  0.400099  0
17.840000  0.400031  0
17.866667  0.399963  0
17.893333  0.399895  0
17.920000  0.399827  0
17.946667  0.399760  0
17.973333  0.399692  0
18.000000  0.399624  0
18.026667  0.399556  0
18.053333  0.399488  0
18.080000  0.399420  0
18.106667  0.399353  0
18.133333  0.399285  0
18.160000  0.399217  0
18.186667  0.399149  0
18.213333  0.399081  0
18.240000  0.399014  0
18.266667  0.398946  0
18.293333  0.398878  0
18.320000  0.398810  0
18.346667  0.398742  0
18.373333  0.398675  0
18.400000  0.398607  0
18.426667  0.398539  0
18.453333  0.398471  0
18.480000  0.398403  0
18.506667  0.398335  0
18.533333  0.398268  0
18.560000  0.398200  0
18.586667  0.398132  0
18.613333  0.398064  0
18.640000  0.397996  0
18.666667  0.397929  0
18.693333  0.397861  0
18.720000  0.397793  0
18.746667  0.397725  0
18.773333  0.397657  0
18.800000  0.397590  0
18.826667  0.397522  0
18.853333  0.397454  0
18.880000  0.397386  0
18.906667  0.397318  0
18.933333  0.397250  0
18.960000  0.397183  0
18.986667  0.397115  0
19.013333  0.397047  0
19.040000  0.396979  0
19.066667  0.396911  0
19.093333  0.396844  0
19.120000  0.396776  0
19.146667  0.396708  0
19.173333  0.396640  0
19.200000  0.396572  0
19.226667  0.396505  0
19.253333  0.396437  0
19.280000  0.396369  0
19.306667  0.396301  0
19.333333  0.396233  0
19.360000  0.396165  0
19.386667  0.396098  0
19.413333  0.396030  0
19.440000  0.395962  0
19.466667  0.395894  0
19.493333  0.395826  0
19.520000  0.395759  0
19.546667  0.395691  0
19.573333  0.395623  0
19.600000  0.395555  0
19.626667  0.395487  0
19.653333  0.395419  0
19.680000  0.395352  0
19.706667  0.395284  0
19.733333  0.395216  0
19.760000  0.395148  0
19.786667  0.395080  0
19.813333  0.395013  0
19.840000  0.394945  0
19.866667  0.394877  0
19.893333  0.394809  0
19.920000  0.394741  0
19.946667  0.394674  0
19.973333  0.394606  0
20.000000  0.394538  0
20.026667  0.394470  0
20.053333  0.394402  0
20.080000  0.394334  0
20.106667  0.394267  0
20.133333  0.394199  0
20.160000  0.394131  0
20.186667  0.394063  0
20.213333  0.393995  0
20.240000  0.393928  0
20.266667  0.393860  0
20.293333  0.393792  0
20.320000  0.393724  0
20.346667  0.393656  0
20.373333  0.393589  0
20.400000  0.393521  0
20.426667  0.393453  0
20.453333  0.393385  0
20.480000  0.393317  0
20.506667  0.393249  0
20.533333  0.393182  0
20.560000  0.393114  0
20.586667  0.393046  0
20.613333  0.392978  0
20.640000  0.392910  0
20.666667  0.392843  0
20.693333  0.392775  0
20.720000  0.392707  0
20.746667  0.392639  0
20.773333  0.392571  0
20.800000  0.392504  0
20.826667  0.392436  0
20.853333  0.392368  0
20.880000  0.392300  0
20.906667  0.392232  0
20.933333  0.392164  0
20.960000  0.392097  0
20.986667  0.392029  0
21.013333  0.391961  0
21.040000  0.391893  0
21.066667  0.391825  0
21.093333  0.391758  0
21.120000  0.391690  0
21.146667  0.391622  0
21.173333  0.391554  0
21.200000  0.391486  0
21.226667  0.391418  0
21.253333  0.391351  0
21.280000  0.391283  0
21.306667  0.391215  0
21.333333  0.391147  0
21.360000  0.391079  0
21.386667  0.391012  0
21.413333  0.390944  0
21.440000  0.390876  0
21.466667  0.390808  0
21.493333  0.390740  0
21.520000  0.390673  0
21.546667  0.390605  0
21.573333  0.390537  0
21.600000  0.390469  0
21.626667  0.390401  0
21.653333  0.390333  0
21.680000  0.390266  0
21.706667  0.390198  0
21.733333  0.390130  0
21.760000  0.390062  0
21.786667  0.389994  0
21.813333  0.389927  0
21.840000  0.389859  0
21.866667  0.389791  0
21.893333  0.389723  0
21.920000  0.389655  0
21.946667  0.389588  0
21.973333  0.389520  0
22.000000  0.389452  0
22.026667  0.389384  0
22.053333  0.389316  0
22.080000  0.389248  0
22.106667  0.389181  0
22.133333  0.389113  0
22.160000  0.389045  0
22.186667  0.388977  0
22.213333  0.388909  0
22.240000  0.388842  0
22.266667  0.388774  0
22.293333  0.388706  0
22.320000  0.388638  0
22.346667  0.388570  0
22.373333  0.388503  0
22.400000  0.388435  0
22.426667  0.388367  0
22.453333  0.388299  0
22.480000  0.388231  0
22.506667  0.388163  0
22.533333  0.388096  0
22.560000  0.388028  0
22.586667  0.387960  0
22.613333  0.387892  0
22.640000  0.387824  0
22.666667  0.387757  0
22.693333  0.387689  0
22.720000  0.387621  0
22.746667  0.387553  0
22.773333  0.387485  0
22.800000  0.387417  0
22.826667  0.387350  0
22.853333  0.387282  0
22.880000  0.387214  0
22.906667  0.387146  0
22.933333  0.387078  0
22.960000  0.387011  0
22.986667  0.386943  0
23.013333  0.386875  0
23.040000  0.386807  0
23.066667  0.386739  0
23.093333  0.386672  0
23.120000  0.386604  0
23.146667  0.386536  0
