2.746667  0.680338  0
2.773333  0.680308  0
2.800000  0.680250  0
2.826667  0.680166  0
2.853333  0.680060  0
2.880000  0.679937  0
2.906667  0.679800  0
2.933333  0.679654  0
2.960000  0.679499  0
2.986667  0.679339  0
3.013333  0.679173  0
3.040000  0.679000  0
3.066667  0.678817  0
3.093333  0.678620  0
3.120000  0.678403  0
3.146667  0.678157  0
3.173333  0.677875  0
3.200000  0.677549  0
3.226667  0.677174  0
3.253333  0.676752  0
3.280000  0.676287  0
3.306667  0.675790  0
3.333333  0.675278  0
3.360000  0.674765  0
3.386667  0.674267  0
3.413333  0.673794  0
3.440000  0.673349  0
3.466667  0.672928  0
3.493333  0.672524  0
3.520000  0.672120  0
3.546667  0.671703  0
3.573333  0.671256  0
3.600000  0.670769  0
3.626667  0.670235  0
3.653333  0.669654  0
3.680000  0.669036  0
3.706667  0.668395  0
3.733333  0.667748  0
3.760000  0.667112  0
3.786667  0.666502  0
3.813333  0.665924  0
3.840000  0.665382  0
3.866667  0.664869  0
3.893333  0.664376  0
3.920000  0.663892  0
3.946667  0.663401  0
3.973333  0.662892  0
4.000000  0.662355  0
4.026667  0.661782  0
4.053333  0.661171  0
4.080000  0.660520  0
4.106667  0.659834  0
4.133333  0.659115  0
4.160000  0.658370  0
4.186667  0.657605  0
4.213333  0.656826  0
4.240000  0.656037  0
4.266667  0.655242  0
4.293333  0.654443  0
4.320000  0.653641  0
4.346667  0.652838  0
4.373333  0.652035  0
4.400000  0.651232  0
4.426667  0.650428  0
4.453333  0.649624  0
4.480000  0.648820  0
4.506667  0.648017  0
4.533333  0.647213  0
4.560000  0.646409  0
4.586667  0.645605  0
4.613333  0.644802  0
4.640000  0.643998  0
4.666667  0.643194  0
4.693333  0.642390  0
4.720000  0.641586  0
4.746667  0.640783  0
4.773333  0.639979  0
4.800000  0.639175  0
4.826667  0.638371  0
4.853333  0.637567  0
4.880000  0.636764  0
4.906667  0.635960  0
4.933333  0.635156  0
4.960000  0.634352  0
4.986667  0.633549  0
5.013333  0.632745  0
5.040000  0.631941  0
5.066667  0.631137  0
5.093333  0.630333  0
5.120000  0.629530  0
5.146667  0.628726  0
5.173333  0.627923  0
5.200000  0.627121  0
5.226667  0.626319  0
5.253333  0.625519  0
5.280000  0.624721  0
5.306667  0.623926  0
5.333333  0.623134  0
5.360000  0.622342  0
5.386667  0.621548  0
5.413333  0.620743  0
5.440000  0.619915  0
5.466667  0.619048  0
5.493333  0.618120  0
5.520000  0.617106  0
5.546667  0.615982  0
5.573333  0.614727  0
5.600000  0.613326  0
5.626667  0.611776  0
5.653333  0.610086  0
5.680000  0.608278  0
5.706667  0.606387  0
5.733333  0.604455  0
5.760000  0.602532  0
5.786667  0.600667  0
5.813333  0.598902  0
5.840000  0.597273  0
5.866667  0.595800  0
5.893333  0.594494  0
5.920000  0.593349  0
5.946667  0.592351  0
5.973333  0.591480  0
6.000000  0.590709  0
6.026667  0.590013  0
6.053333  0.589366  0
6.080000  0.588743  0
6.106667  0.588117  0
6.133333  0.587461  0
6.160000  0.586743  0
6.186667  0.585925  0
6.213333  0.584968  0
6.240000  0.583831  0
6.266667  0.582483  0
6.293333  0.580903  0
6.320000  0.579093  0
6.346667  0.577076  0
6.373333  0.574895  0
6.400000  0.572609  0
6.426667  0.570281  0
6.453333  0.567970  0
6.480000  0.565725  0
6.506667  0.563576  0
6.533333  0.561539  0
6.560000  0.559615  0
6.586667  0.557795  0
6.613333  0.556067  0
6.640000  0.554413  0
6.666667  0.552818  0
6.693333  0.551264  0
6.720000  0.549735  0
6.746667  0.548214  0
6.773333  0.546685  0
6.800000  0.545134  0
6.826667  0.543547  0
6.853333  0.541917  0
6.880000  0.540240  0
6.906667  0.538515  0
6.933333  0.536747  0
6.960000  0.534943  0
6.986667  0.533113  0
7.013333  0.531263  0
7.040000  0.529401  0
7.066667  0.527528  0
7.093333  0.525644  0
7.120000  0.523744  0
7.146667  0.521822  0
7.173333  0.519866  0
7.200000  0.517865  0
7.226667  0.515809  0
7.253333  0.513689  0
7.280000  0.511500  0
7.306667  0.509248  0
7.333333  0.506944  0
7.360000  0.504608  0
7.386667  0.502267  0
7.413333  0.499949  0
7.440000  0.497680  0
7.466667  0.495479  0
7.493333  0.493357  0
7.520000  0.491313  0
7.546667  0.489340  0
7.573333  0.487423  0
7.600000  0.485545  0
7.626667  0.483688  0
7.653333  0.481835  0
7.680000  0.479971  0
7.706667  0.478081  0
7.733333  0.476146  0
7.760000  0.474145  0
7.786667  0.472050  0
7.813333  0.469828  0
7.840000  0.467440  0
7.866667  0.464853  0
7.893333  0.462041  0
7.920000  0.458996  0
7.946667  0.455738  0
7.973333  0.452315  0
8.000000  0.448798  0
8.026667  0.445280  0
8.053333  0.441857  0
8.080000  0.438621  0
8.106667  0.435645  0
8.133333  0.432979  0
8.160000  0.430648  0
8.186667  0.428654  0
8.213333  0.426977  0
8.240000  0.425587  0
8.266667  0.424442  0
8.293333  0.423498  0
8.320000  0.422708  0
8.346667  0.422031  0
8.373333  0.421430  0
8.400000  0.420875  0
8.426667  0.420341  0
8.453333  0.419812  0
8.480000  0.419278  0
8.506667  0.418734  0
8.533333  0.418179  0
8.560000  0.417619  0
8.586667  0.417060  0
8.613333  0.416511  0
8.640000  0.415982  0
8.666667  0.415485  0
8.693333  0.415027  0
8.720000  0.414617  0
8.746667  0.414259  0
8.773333  0.413955  0
8.800000  0.413701  0
8.826667  0.413494  0
8.853333  0.413325  0
8.880000  0.413187  0
8.906667  0.413070  0
8.933333  0.412966  0
8.960000  0.412868  0
8.986667  0.412772  0
9.013333  0.412674  0
9.040000  0.412574  0
9.066667  0.412472  0
9.093333  0.412368  0
9.120000  0.412266  0
9.146667  0.412167  0
9.173333  0.412073  0
9.200000  0.411988  0
9.226667  0.411913  0
9.253333  0.411848  0
9.280000  0.411795  0
9.306667  0.411754  0
9.333333  0.411724  0
9.360000  0.411706  0
9.386667  0.411698  0
9.413333  0.411699  0
9.440000  0.411709  0
9.466667  0.411727  0
9.493333  0.411753  0
9.520000  0.411785  0
9.546667  0.411824  0
9.573333  0.411867  0
9.600000  0.411912  0
9.626667  0.411955  0
9.653333  0.411991  0
9.680000  0.412012  0
9.706667  0.412012  0
9.733333  0.411984  0
9.760000  0.411921  0
9.786667  0.411821  0
9.813333  0.411681  0
9.840000  0.411505  0
9.866667  0.411296  0
9.893333  0.411060  0
9.920000  0.410803  0
9.946667  0.410530  0
9.973333  0.410246  0
10.000000  0.409955  0
10.026667  0.409660  0
10.053333  0.409363  0
10.080000  0.409064  0
10.106667  0.408765  0
10.133333  0.408465  0
10.160000  0.408165  0
10.186667  0.407865  0
10.213333  0.407565  0
10.240000  0.407265  0
10.266667  0.406965  0
10.293333  0.406665  0
10.320000  0.406365  0
10.346667  0.406065  0
10.373333  0.405765  0
10.400000  0.405465  0
10.426667  0.405165  0
10.453333  0.404865  0
10.480000  0.404565  0
10.506667  0.404265  0
10.533333  0.403965  0
10.560000  0.403665  0
10.586667  0.403365  0
10.613333  0.403065  0
10.640000  0.402766  0
10.666667  0.402467  0
10.693333  0.402169  0
10.720000  0.401873  0
10.746667  0.401579  0
10.773333  0.401290  0
10.800000  0.401007  0
10.826667  0.400732  0
10.853333  0.400467  0
10.880000  0.400216  0
10.906667  0.399981  0
10.933333  0.399763  0
10.960000  0.399565  0
10.986667  0.399387  0
11.013333  0.399230  0
11.040000  0.399092  0
11.066667  0.398973  0
11.093333  0.398871  0
11.120000  0.398784  0
11.146667  0.398711  0
11.173333  0.398650  0
11.200000  0.398599  0
11.226667  0.398558  0
11.253333  0.398524  0
11.280000  0.398496  0
11.306667  0.398474  0
11.333333  0.398457  0
11.360000  0.398445  0
11.386667  0.398435  0
11.413333  0.398428  0
11.440000  0.398422  0
11.466667  0.398417  0
11.493333  0.398411  0
11.520000  0.398404  0
11.546667  0.398395  0
11.573333  0.398384  0
11.600000  0.398368  0
11.626667  0.398347  0
11.653333  0.398322  0
11.680000  0.398292  0
11.706667  0.398257  0
11.733333  0.398218  0
11.760000  0.398175  0
11.786667  0.398129  0
11.813333  0.398081  0
11.840000  0.398033  0
11.866667  0.397985  0
11.893333  0.397939  0
11.920000  0.397896  0
11.946667  0.397857  0
11.973333  0.397822  0
12.000000  0.397791  0
12.026667  0.397765  0
12.053333  0.397743  0
12.080000  0.397725  0
12.106667  0.397712  0
12.133333  0.397701  0
12.160000  0.397693  0
12.186667  0.397688  0
12.213333  0.397683  0
12.240000  0.397680  0
12.266667  0.397677  0
12.293333  0.397674  0
12.320000  0.397670  0
12.346667  0.397664  0
12.373333  0.397657  0
12.400000  0.397648  0
12.426667  0.397636  0
12.453333  0.397621  0
12.480000  0.397604  0
12.506667  0.397584  0
12.533333  0.397562  0
12.560000  0.397539  0
12.586667  0.397514  0
12.613333  0.397489  0
12.640000  0.397464  0
12.666667  0.397440  0
12.693333  0.397419  0
12.720000  0.397401  0
12.746667  0.397387  0
12.773333  0.397379  0
12.800000  0.397377  0
12.826667  0.397383  0
12.853333  0.397397  0
12.880000  0.397421  0
12.906667  0.397454  0
12.933333  0.397498  0
12.960000  0.397553  0
12.986667  0.397619  0
13.013333  0.397696  0
13.040000  0.397783  0
13.066667  0.397880  0
13.093333  0.397985  0
13.120000  0.398098  0
13.146667  0.398216  0
13.173333  0.398339  0
13.200000  0.398464  0
13.226667  0.398590  0
13.253333  0.398717  0
13.280000  0.398842  0
13.306667  0.398966  0
13.333333  0.399087  0
13.360000  0.399205  0
13.386667  0.399320  0
13.413333  0.399432  0
13.440000  0.399542  0
13.466667  0.399650  0
13.493333  0.399758  0
13.520000  0.399864  0
13.546667  0.399970  0
13.573333  0.400077  0
13.600000  0.400185  0
13.626667  0.400293  0
13.653333  0.400402  0
13.680000  0.400511  0
13.706667  0.400621  0
13.733333  0.400730  0
13.760000  0.400837  0
13.786667  0.400942  0
13.813333  0.401044  0
13.840000  0.401141  0
13.866667  0.401234  0
13.893333  0.401322  0
13.920000  0.401403  0
13.946667  0.401479  0
13.973333  0.401549  0
14.000000  0.401614  0
14.026667  0.401673  0
14.053333  0.401728  0
14.080000  0.401778  0
14.106667  0.401824  0
14.133333  0.401865  0
14.160000  0.401903  0
14.186667  0.401935  0
14.213333  0.401962  0
14.240000  0.401981  0
14.266667  0.401992  0
14.293333  0.401994  0
14.320000  0.401983  0
14.346667  0.401959  0
14.373333  0.401920  0
14.400000  0.401865  0
14.426667  0.401792  0
14.453333  0.401702  0
14.480000  0.401593  0
14.506667  0.401467  0
14.533333  0.401323  0
14.560000  0.401164  0
14.586667  0.400990  0
14.613333  0.400803  0
14.640000  0.400606  0
14.666667  0.400402  0
14.693333  0.400194  0
14.720000  0.399984  0
14.746667  0.399776  0
14.773333  0.399575  0
14.800000  0.399383  0
14.826667  0.399204  0
14.853333  0.399041  0
14.880000  0.398900  0
14.906667  0.398782  0
14.933333  0.398690  0
14.960000  0.398628  0
14.986667  0.398597  0
15.013333  0.398529  0
15.040000  0.398461  0
15.066667  0.398393  0
15.093333  0.398325  0
15.120000  0.398257  0
15.146667  0.398188  0
15.173333  0.398120  0
15.200000  0.398052  0
15.226667  0.397984  0
15.253333  0.397916  0
15.280000  0.397848  0
15.306667  0.397780  0
15.333333  0.397712  0
15.360000  0.397644  0
15.386667  0.397576  0
15.413333  0.397508  0
15.440000  0.397440  0
15.466667  0.397372  0
15.493333  0.397304  0
15.520000  0.397236  0
15.546667  0.397168  0
15.573333  0.397100  0
15.600000  0.397032  0
15.626667  0.396964  0
15.653333  0.396896  0
15.680000  0.396828  0
15.706667  0.396760  0
15.733333  0.396692  0
15.760000  0.396624  0
15.786667  0.396556  0
15.813333  0.396488  0
15.840000  0.396420  0
15.866667  0.396352  0
15.893333  0.396284  0
15.920000  0.396216  0
15.946667  0.396148  0
15.973333  0.396080  0
16.000000  0.396012  0
16.026667  0.395944  0
16.053333  0.395876  0
16.080000  0.395808  0
16.106667  0.395740  0
16.133333  0.395672  0
16.160000  0.395604  0
16.186667  0.395536  0
16.213333  0.395468  0
16.240000  0.395400  0
16.266667  0.395332  0
16.293333  0.395264  0
16.320000  0.395196  0
16.346667  0.395128  0
16.373333  0.395060  0
16.400000  0.394992  0
16.426667  0.394924  0
16.453333  0.394856  0
16.480000  0.394788  0
16.506667  0.394720  0
16.533333  0.394652  0
16.560000  0.394584  0
16.586667  0.394516  0
16.613333  0.394448  0
16.640000  0.394380  0
16.666667  0.394312  0
16.693333  0.394244  0
16.720000  0.394176  0
16.746667  0.394108  0
16.773333  0.394040  0
16.800000  0.393972  0
16.826667  0.393904  0
16.853333  0.393836  0
16.880000  0.393768  0
16.906667  0.393700  0
16.933333  0.393631  0
16.960000  0.393563  0
16.986667  0.393495  0
17.013333  0.393427  0
17.040000  0.393359  0
17.066667  0.393291  0
17.093333  0.393223  0
17.120000  0.393155  0
17.146667  0.393087  0
17.173333  0.393019  0
17.200000  0.392951  0
17.226667  0.392883  0
17.253333  0.392815  0
17.280000  0.392747  0
17.306667  0.392679  0
17.333333  0.392611  0
17.360000  0.392543  0
17.386667  0.392475  0
17.413333  0.392407  0
17.440000  0.392339  0
17.466667  0.392271  0
17.493333  0.392203  0
17.520000  0.392135  0
17.546667  0.392067  0
17.573333  0.391999  0
17.600000  0.391931  0
17.626667  0.391863  0
17.653333  0.391795  0
17.680000  0.391727  0
17.706667  0.391659  0
17.733333  0.391591  0
17.760000  0.391523  0
17.786667  0.391455  0
17.813333  0.391387  0
17.840000  0.391319  0
17.866667  0.391251  0
17.893333  0.391183  0
17.920000  0.391115  0
17.946667  0.391047  0
17.973333  0.390979  0
18.000000  0.390911  0
18.026667  0.390843  0
18.053333  0.390775  0
18.080000  0.390707  0
18.106667  0.390639  0
18.133333  0.390571  0
18.160000  0.390503  0
18.186667  0.390435  0
18.213333  0.390367  0
18.240000  0.390299  0
18.266667  0.390231  0
18.293333  0.390163  0
18.320000  0.390095  0
18.346667  0.390027  0
18.373333  0.389959  0
18.400000  0.389891  0
18.426667  0.389823  0
18.453333  0.389755  0
18.480000  0.389687  0
18.506667  0.389619  0
18.533333  0.389551  0
18.560000  0.389483  0
18.586667  0.389415  0
18.613333  0.389347  0
18.640000  0.389279  0
18.666667  0.389211  0
18.693333  0.389142  0
18.720000  0.389074  0
18.746667  0.389006  0
18.773333  0.388938  0
18.800000  0.388870  0
18.826667  0.388802  0
18.853333  0.388734  0
18.880000  0.388666  0
18.906667  0.388598  0
18.933333  0.388530  0
18.960000  0.388462  0
18.986667  0.388394  0
19.013333  0.388326  0
19.040000  0.388258  0
19.066667  0.388190  0
19.093333  0.388122  0
19.120000  0.388054  0
19.146667  0.387986  0
19.173333  0.387918  0
19.200000  0.387850  0
19.226667  0.387782  0
19.253333  0.387714  0
19.280000  0.387646  0
19.306667  0.387578  0
19.333333  0.387510  0
19.360000  0.387442  0
19.386667  0.387374  0
19.413333  0.387306  0
19.440000  0.387238  0
19.466667  0.387170  0
19.493333  0.387102  0
19.520000  0.387034  0
19.546667  0.386966  0
19.573333  0.386898  0
19.600000  0.386830  0
19.626667  0.386762  0
19.653333  0.386694  0
19.680000  0.386626  0
19.706667  0.386558  0
19.733333  0.386490  0
19.760000  0.386422  0
19.786667  0.386354  0
19.813333  0.386286  0
19.840000  0.386218  0
19.866667  0.386150  0
19.893333  0.386082  0
19.920000  0.386014  0
19.946667  0.385946  0
19.973333  0.385878  0
20.000000  0.385810  0
20.026667  0.385742  0
20.053333  0.385674  0
20.080000  0.385606  0
20.106667  0.385538  0
20.133333  0.385470  0
20.160000  0.385402  0
20.186667  0.385334  0
20.213333  0.385266  0
20.240000  0.385198  0
20.266667  0.385130  0
20.293333  0.385062  0
20.320000  0.384994  0
20.346667  0.384926  0
20.373333  0.384858  0
20.400000  0.384790  0
20.426667  0.384722  0
20.453333  0.384654  0
20.480000  0.384585  0
20.506667  0.384517  0
20.533333  0.384449  0
20.560000  0.384381  0
20.586667  0.384313  0
20.613333  0.384245  0
20.640000  0.384177  0
20.666667  0.384109  0
20.693333  0.384041  0
20.720000  0.383973  0
20.746667  0.383905  0
20.773333  0.383837  0
20.800000  0.383769  0
20.826667  0.383701  0
20.853333  0.383633  0
20.880000  0.383565  0
20.906667  0.383497  0
20.933333  0.383429  0
20.960000  0.383361  0
20.986667  0.383293  0
21.013333  0.383225  0
21.040000  0.383157  0
21.066667  0.383089  0
21.093333  0.383021  0
21.120000  0.382953  0
21.146667  0.382885  0
21.173333  0.382817  0
21.200000  0.382749  0
21.226667  0.382681  0
21.253333  0.382613  0
21.280000  0.382545  0
21.306667  0.382477  0
21.333333  0.382409  0
21.360000  0.382341  0
21.386667  0.382273  0
21.413333  0.382205  0
21.440000  0.382137  0
21.466667  0.382069  0
21.493333  0.382001  0
21.520000  0.381933  0
21.546667  0.381865  0
21.573333  0.381797  0
21.600000  0.381729  0
21.626667  0.381661  0
21.653333  0.381593  0
21.680000  0.381525  0
21.706667  0.381457  0
21.733333  0.381389  0
21.760000  0.381321  0
21.786667  0.381253  0
21.813333  0.381185  0
21.840000  0.381117  0
21.866667  0.381049  0
21.893333  0.380981  0
21.920000  0.380913  0
21.946667  0.380845  0
21.973333  0.380777  0
22.000000  0.380709  0
22.026667  0.380641  0
22.053333  0.380573  0
22.080000  0.380505  0
22.106667  0.380437  0
22.133333  0.380369  0
22.160000  0.380301  0
22.186667  0.380233  0
22.213333  0.380165  0
22.240000  0.380097  0
22.266667  0.380028  0
22.293333  0.379960  0
22.320000  0.379892  0
22.346667  0.379824  0
22.373333  0.379756  0
22.400000  0.379688  0
22.426667  0.379620  0
22.453333  0.379552  0
22.480000  0.379484  0
22.506667  0.379416  0
22.533333  0.379348  0
22.560000  0.379280  0
22.586667  0.379212  0
22.613333  0.379144  0
22.640000  0.379076  0
22.666667  0.379008  0
22.693333  0.378940  0
22.720000  0.378872  0
22.746667  0.378804  0
22.773333  0.378736  0
22.800000  0.378668  0
22.826667  0.378600  0
22.853333  0.378532  0
22.880000  0.378464  0
22.906667  0.378396  0
22.933333  0.378328  0
22.960000  0.378260  0
22.986667  0.378192  0
23.013333  0.378124  0
23.040000  0.378056  0
23.066667  0.377988  0
23.093333  0.377920  0
23.120000  0.377852  0
23.146667  0.377784  0
23.173333  0.377716  0
23.200000  0.377648  0
23.226667  0.377580  0
23.253333  0.377512  0
23.280000  0.377444  0
23.306667  0.377376  0
23.333333  0.377308  0
23.360000  0.377240  0
23.386667  0.377172  0
23.413333  0.377104  0
23.440000  0.377036  0
23.466667  0.376968  0
23.493333  0.376900  0
23.520000  0.376832  0
23.546667  0.376764  0
23.573333  0.376696  0
23.600000  0.376628  0
23.626667  0.376560  0
23.653333  0.376492  0
23.680000  0.376424  0
23.706667  0.376356  0
23.733333  0.376288  0
23.760000  0.376220  0
23.786667  0.376152  0
23.813333  0.376084  0
23.840000  0.376016  0
23.866667  0.375948  0
23.893333  0.375880  0
23.920000  0.375812  0
23.946667  0.375744  0
23.973333  0.375676  0
24.000000  0.375608  0
24.026667  0.375540  0
24.053333  0.375471  0
24.080000  0.375403  0
