5.760000  0.610201  0
5.786667  0.609006  0
5.813333  0.607667  0
5.840000  0.606208  0
5.866667  0.604664  0
5.893333  0.603073  0
5.920000  0.601475  0
5.946667  0.599909  0
5.973333  0.598399  0
6.000000  0.596963  0
6.026667  0.595602  0
6.053333  0.594307  0
6.080000  0.593058  0
6.106667  0.591835  0
6.133333  0.590615  0
6.160000  0.589380  0
6.186667  0.588122  0
6.213333  0.586836  0
6.240000  0.585527  0
6.266667  0.584208  0
6.293333  0.582892  0
6.320000  0.581598  0
6.346667  0.580344  0
6.373333  0.579147  0
6.400000  0.578023  0
6.426667  0.576984  0
6.453333  0.576038  0
6.480000  0.575186  0
6.506667  0.574423  0
6.533333  0.573734  0
6.560000  0.573097  0
6.586667  0.572483  0
6.613333  0.571862  0
6.640000  0.571200  0
6.666667  0.570471  0
6.693333  0.569656  0
6.720000  0.568750  0
6.746667  0.567757  0
6.773333  0.566697  0
6.800000  0.565597  0
6.826667  0.564490  0
6.853333  0.563409  0
6.880000  0.562384  0
6.906667  0.561437  0
6.933333  0.560581  0
6.960000  0.559821  0
6.986667  0.559150  0
7.013333  0.558560  0
7.040000  0.558036  0
7.066667  0.557563  0
7.093333  0.557127  0
7.120000  0.556716  0
7.146667  0.556322  0
7.173333  0.555940  0
7.200000  0.555565  0
7.226667  0.555198  0
7.253333  0.554838  0
7.280000  0.554488  0
7.306667  0.554148  0
7.333333  0.553822  0
7.360000  0.553509  0
7.386667  0.553210  0
7.413333  0.552923  0
7.440000  0.552646  0
7.466667  0.552375  0
7.493333  0.552105  0
7.520000  0.551833  0
7.546667  0.551553  0
7.573333  0.551263  0
7.600000  0.550958  0
7.626667  0.550637  0
7.653333  0.550297  0
7.680000  0.549936  0
7.706667  0.549551  0
7.733333  0.549141  0
7.760000  0.548701  0
7.786667  0.548229  0
7.813333  0.547723  0
7.840000  0.547179  0
7.866667  0.546596  0
7.893333  0.545969  0
7.920000  0.545297  0
7.946667  0.544575  0
7.973333  0.543799  0
8.000000  0.542963  0
8.026667  0.542066  0
8.053333  0.541104  0
8.080000  0.540083  0
8.106667  0.539011  0
8.133333  0.537903  0
8.160000  0.536783  0
8.186667  0.535676  0
8.213333  0.534610  0
8.240000  0.533610  0
8.266667  0.532699  0
8.293333  0.531887  0
8.320000  0.531179  0
8.346667  0.530567  0
8.373333  0.530037  0
8.400000  0.529568  0
8.426667  0.529137  0
8.453333  0.528723  0
8.480000  0.528306  0
8.506667  0.527874  0
8.533333  0.527418  0
8.560000  0.526938  0
8.586667  0.526434  0
8.613333  0.525913  0
8.640000  0.525381  0
8.666667  0.524848  0
8.693333  0.524320  0
8.720000  0.523804  0
8.746667  0.523305  0
8.773333  0.522823  0
8.800000  0.522353  0
8.826667  0.521886  0
8.853333  0.521404  0
8.880000  0.520884  0
8.906667  0.520303  0
8.933333  0.519636  0
8.960000  0.518868  0
8.986667  0.517991  0
9.013333  0.517011  0
9.040000  0.515948  0
9.066667  0.514832  0
9.093333  0.513700  0
9.120000  0.512589  0
9.146667  0.511535  0
9.173333  0.510565  0
9.200000  0.509694  0
9.226667  0.508928  0
9.253333  0.508263  0
9.280000  0.507689  0
9.306667  0.507191  0
9.333333  0.506752  0
9.360000  0.506356  0
9.386667  0.505987  0
9.413333  0.505629  0
9.440000  0.505270  0
9.466667  0.504897  0
9.493333  0.504498  0
9.520000  0.504065  0
9.546667  0.503592  0
9.573333  0.503077  0
9.600000  0.502524  0
9.626667  0.501940  0
9.653333  0.501337  0
9.680000  0.500728  0
9.706667  0.500128  0
9.733333  0.499548  0
9.760000  0.498996  0
9.786667  0.498473  0
9.813333  0.497973  0
9.840000  0.497482  0
9.866667  0.496980  0
9.893333  0.496443  0
9.920000  0.495848  0
9.946667  0.495172  0
9.973333  0.494402  0
10.000000  0.493533  0
10.026667  0.492571  0
10.053333  0.491532  0
10.080000  0.490442  0
10.106667  0.489334  0
10.133333  0.488244  0
10.160000  0.487207  0
10.186667  0.486253  0
10.213333  0.485406  0
10.240000  0.484683  0
10.266667  0.484092  0
10.293333  0.483629  0
10.320000  0.483287  0
10.346667  0.483051  0
10.373333  0.482902  0
10.400000  0.482822  0
10.426667  0.482792  0
10.453333  0.482795  0
10.480000  0.482819  0
10.506667  0.482853  0
10.533333  0.482891  0
10.560000  0.482930  0
10.586667  0.482967  0
10.613333  0.483002  0
10.640000  0.483037  0
10.666667  0.483074  0
10.693333  0.483116  0
10.720000  0.483168  0
10.746667  0.483236  0
10.773333  0.483323  0
10.800000  0.483436  0
10.826667  0.483579  0
10.853333  0.483754  0
10.880000  0.483959  0
10.906667  0.484191  0
10.933333  0.484445  0
10.960000  0.484713  0
10.986667  0.484987  0
11.013333  0.485259  0
11.040000  0.485525  0
11.066667  0.485779  0
11.093333  0.486019  0
11.120000  0.486244  0
11.146667  0.486453  0
11.173333  0.486642  0
11.200000  0.486808  0
11.226667  0.486944  0
11.253333  0.487042  0
11.280000  0.487093  0
11.306667  0.487090  0
11.333333  0.487025  0
11.360000  0.486896  0
11.386667  0.486703  0
11.413333  0.486451  0
11.440000  0.486149  0
11.466667  0.485806  0
11.493333  0.485436  0
11.520000  0.485052  0
11.546667  0.484667  0
11.573333  0.484293  0
11.600000  0.483941  0
11.626667  0.483619  0
11.653333  0.483333  0
11.680000  0.483090  0
11.706667  0.482892  0
11.733333  0.482738  0
11.760000  0.482629  0
11.786667  0.482560  0
11.813333  0.482527  0
11.840000  0.482524  0
11.866667  0.482544  0
11.893333  0.482579  0
11.920000  0.482621  0
11.946667  0.482664  0
11.973333  0.482702  0
12.000000  0.482729  0
12.026667  0.482741  0
12.053333  0.482738  0
12.080000  0.482716  0
12.106667  0.482675  0
12.133333  0.482614  0
12.160000  0.482530  0
12.186667  0.482422  0
12.213333  0.482286  0
12.240000  0.482118  0
12.266667  0.481914  0
12.293333  0.481670  0
12.320000  0.481384  0
12.346667  0.481056  0
12.373333  0.480687  0
12.400000  0.480280  0
12.426667  0.479840  0
12.453333  0.479375  0
12.480000  0.478890  0
12.506667  0.478394  0
12.533333  0.477891  0
12.560000  0.477385  0
12.586667  0.476879  0
12.613333  0.476371  0
12.640000  0.475861  0
12.666667  0.475346  0
12.693333  0.474825  0
12.720000  0.474297  0
12.746667  0.473763  0
12.773333  0.473228  0
12.800000  0.472695  0
12.826667  0.472170  0
12.853333  0.471657  0
12.880000  0.471158  0
12.906667  0.470672  0
12.933333  0.470195  0
12.960000  0.469723  0
12.986667  0.469249  0
13.013333  0.468766  0
13.040000  0.468272  0
13.066667  0.467766  0
13.093333  0.467254  0
13.120000  0.466744  0
13.146667  0.466249  0
13.173333  0.465786  0
13.200000  0.465370  0
13.226667  0.465016  0
13.253333  0.464735  0
13.280000  0.464531  0
13.306667  0.464406  0
13.333333  0.464353  0
13.360000  0.464361  0
13.386667  0.464418  0
13.413333  0.464508  0
13.440000  0.464617  0
13.466667  0.464731  0
13.493333  0.464841  0
13.520000  0.464938  0
13.546667  0.465017  0
13.573333  0.465076  0
13.600000  0.465115  0
13.626667  0.465134  0
13.653333  0.465134  0
13.680000  0.465117  0
13.706667  0.465085  0
13.733333  0.465041  0
13.760000  0.464986  0
13.786667  0.464921  0
13.813333  0.464848  0
13.840000  0.464764  0
13.866667  0.464667  0
13.893333  0.464552  0
13.920000  0.464412  0
13.946667  0.464240  0
13.973333  0.464033  0
14.000000  0.463789  0
14.026667  0.463513  0
14.053333  0.463212  0
14.080000  0.462900  0
14.106667  0.462594  0
14.133333  0.462309  0
14.160000  0.462060  0
14.186667  0.461859  0
14.213333  0.461712  0
14.240000  0.461618  0
14.266667  0.461573  0
14.293333  0.461569  0
14.320000  0.461595  0
14.346667  0.461639  0
14.373333  0.461690  0
14.400000  0.461738  0
14.426667  0.461775  0
14.453333  0.461794  0
14.480000  0.461790  0
14.506667  0.461761  0
14.533333  0.461710  0
14.560000  0.461637  0
14.586667  0.461551  0
14.613333  0.461456  0
14.640000  0.461363  0
14.666667  0.461277  0
14.693333  0.461206  0
14.720000  0.461154  0
14.746667  0.461121  0
14.773333  0.461108  0
14.800000  0.461109  0
14.826667  0.461119  0
14.853333  0.461133  0
14.880000  0.461141  0
14.906667  0.461136  0
14.933333  0.461110  0
14.960000  0.461055  0
14.986667  0.460963  0
15.013333  0.460828  0
15.040000  0.460643  0
15.066667  0.460406  0
15.093333  0.460114  0
15.120000  0.459768  0
15.146667  0.459371  0
15.173333  0.458928  0
15.200000  0.458445  0
15.226667  0.457929  0
15.253333  0.457386  0
15.280000  0.456823  0
15.306667  0.456244  0
15.333333  0.455656  0
15.360000  0.455060  0
15.386667  0.454459  0
15.413333  0.453855  0
15.440000  0.453250  0
15.466667  0.452644  0
15.493333  0.452037  0
15.520000  0.451430  0
15.546667  0.450822  0
15.573333  0.450215  0
15.600000  0.449608  0
15.626667  0.449000  0
15.653333  0.448393  0
15.680000  0.447785  0
15.706667  0.447178  0
15.733333  0.446570  0
15.760000  0.445962  0
15.786667  0.445353  0
15.813333  0.444745  0
15.840000  0.444135  0
15.866667  0.443524  0
15.893333  0.442910  0
15.920000  0.442295  0
15.946667  0.441676  0
15.973333  0.441052  0
16.000000  0.440424  0
16.026667  0.439788  0
16.053333  0.439146  0
16.080000  0.438495  0
16.106667  0.437836  0
16.133333  0.437168  0
16.160000  0.436490  0
16.186667  0.435804  0
16.213333  0.435111  0
16.240000  0.434410  0
16.266667  0.433702  0
16.293333  0.432990  0
16.320000  0.432273  0
16.346667  0.431553  0
16.373333  0.430831  0
16.400000  0.430107  0
16.426667  0.429382  0
16.453333  0.428656  0
16.480000  0.427929  0
16.506667  0.427202  0
16.533333  0.426475  0
16.560000  0.425748  0
16.586667  0.425020  0
16.613333  0.424293  0
16.640000  0.423566  0
16.666667  0.422838  0
16.693333  0.422111  0
16.720000  0.421383  0
16.746667  0.420656  0
16.773333  0.419929  0
16.800000  0.419201  0
16.826667  0.418474  0
16.853333  0.417746  0
16.880000  0.417019  0
16.906667  0.416291  0
16.933333  0.415564  0
16.960000  0.414837  0
16.986667  0.414109  0
17.013333  0.413382  0
17.040000  0.412655  0
17.066667  0.411928  0
17.093333  0.411201  0
17.120000  0.410475  0
17.146667  0.409750  0
17.173333  0.409027  0
17.200000  0.408306  0
17.226667  0.407590  0
17.253333  0.406880  0
17.280000  0.406180  0
17.306667  0.405491  0
17.333333  0.404820  0
17.360000  0.404169  0
17.386667  0.403545  0
17.413333  0.402952  0
17.440000  0.402394  0
17.466667  0.401878  0
17.493333  0.401404  0
17.520000  0.400974  0
17.546667  0.400590  0
17.573333  0.400249  0
17.600000  0.399947  0
17.626667  0.399682  0
17.653333  0.399449  0
17.680000  0.399242  0
17.706667  0.399056  0
17.733333  0.398887  0
17.760000  0.398730  0
17.786667  0.398582  0
17.813333  0.398441  0
17.840000  0.398305  0
17.866667  0.398171  0
17.893333  0.398038  0
17.920000  0.397907  0
17.946667  0.397777  0
17.973333  0.397647  0
18.000000  0.397517  0
18.026667  0.397387  0
18.053333  0.397258  0
18.080000  0.397128  0
18.106667  0.396998  0
18.133333  0.396869  0
18.160000  0.396739  0
18.186667  0.396609  0
18.213333  0.396480  0
18.240000  0.396350  0
18.266667  0.396220  0
18.293333  0.396091  0
18.320000  0.395961  0
18.346667  0.395831  0
18.373333  0.395702  0
18.400000  0.395572  0
18.426667  0.395443  0
18.453333  0.395313  0
18.480000  0.395183  0
18.506667  0.395054  0
18.533333  0.394924  0
18.560000  0.394794  0
18.586667  0.394665  0
18.613333  0.394535  0
18.640000  0.394405  0
18.666667  0.394276  0
18.693333  0.394146  0
18.720000  0.394017  0
18.746667  0.393887  0
18.773333  0.393757  0
18.800000  0.393628  0
18.826667  0.393498  0
18.853333  0.393368  0
18.880000  0.393239  0
18.906667  0.393109  0
18.933333  0.392979  0
18.960000  0.392850  0
18.986667  0.392720  0
19.013333  0.392590  0
19.040000  0.392461  0
19.066667  0.392331  0
19.093333  0.392202  0
19.120000  0.392072  0
19.146667  0.391942  0
19.173333  0.391813  0
19.200000  0.391683  0
19.226667  0.391553  0
19.253333  0.391424  0
19.280000  0.391294  0
19.306667  0.391164  0
19.333333  0.391035  0
19.360000  0.390905  0
19.386667  0.390775  0
19.413333  0.390646  0
19.440000  0.390516  0
19.466667  0.390387  0
19.493333  0.390257  0
19.520000  0.390127  0
19.546667  0.389998  0
19.573333  0.389868  0
19.600000  0.389738  0
19.626667  0.389609  0
19.653333  0.389479  0
19.680000  0.389349  0
19.706667  0.389220  0
19.733333  0.389090  0
19.760000  0.388960  0
19.786667  0.388831  0
19.813333  0.388701  0
19.840000  0.388572  0
19.866667  0.388442  0
19.893333  0.388312  0
19.920000  0.388183  0
19.946667  0.388053  0
19.973333  0.387923  0
20.000000  0.387794  0
20.026667  0.387664  0
20.053333  0.387534  0
20.080000  0.387405  0
20.106667  0.387275  0
20.133333  0.387146  0
20.160000  0.387016  0
20.186667  0.386886  0
20.213333  0.386757  0
20.240000  0.386627  0
20.266667  0.386497  0
20.293333  0.386368  0
20.320000  0.386238  0
20.346667  0.386108  0
20.373333  0.385979  0
20.400000  0.385849  0
20.426667  0.385719  0
20.453333  0.385590  0
20.480000  0.385460  0
20.506667  0.385331  0
20.533333  0.385201  0
20.560000  0.385071  0
20.586667  0.384942  0
20.613333  0.384812  0
20.640000  0.384682  0
20.666667  0.384553  0
20.693333  0.384423  0
20.720000  0.384293  0
20.746667  0.384164  0
20.773333  0.384034  0
20.800000  0.383904  0
20.826667  0.383775  0
20.853333  0.383645  0
20.880000  0.383516  0
20.906667  0.383386  0
20.933333  0.383256  0
20.960000  0.383127  0
20.986667  0.382997  0
21.013333  0.382867  0
21.040000  0.382738  0
21.066667  0.382608  0
21.093333  0.382478  0
21.120000  0.382349  0
21.146667  0.382219  0
21.173333  0.382089  0
21.200000  0.381960  0
21.226667  0.381830  0
21.253333  0.381701  0
21.280000  0.381571  0
21.306667  0.381441  0
21.333333  0.381312  0
21.360000  0.381182  0
21.386667  0.381052  0
21.413333  0.380923  0
21.440000  0.380793  0
21.466667  0.380663  0
21.493333  0.380534  0
21.520000  0.380404  0
21.546667  0.380275  0
21.573333  0.380145  0
21.600000  0.380015  0
21.626667  0.379886  0
21.653333  0.379756  0
21.680000  0.379626  0
21.706667  0.379497  0
21.733333  0.379367  0
21.760000  0.379237  0
21.786667  0.379108  0
21.813333  0.378978  0
21.840000  0.378848  0
21.866667  0.378719  0
21.893333  0.378589  0
21.920000  0.378460  0
21.946667  0.378330  0
21.973333  0.378200  0
22.000000  0.378071  0
22.026667  0.377941  0
22.053333  0.377811  0
22.080000  0.377682  0
22.106667  0.377552  0
22.133333  0.377422  0
22.160000  0.377293  0
22.186667  0.377163  0
22.213333  0.377033  0
22.240000  0.376904  0
22.266667  0.376774  0
22.293333  0.376645  0
22.320000  0.376515  0
22.346667  0.376385  0
22.373333  0.376256  0
22.400000  0.376126  0
22.426667  0.375996  0
22.453333  0.375867  0
22.480000  0.375737  0
22.506667  0.375607  0
22.533333  0.375478  0
22.560000  0.375348  0
22.586667  0.375218  0
22.613333  0.375089  0
22.640000  0.374959  0
22.666667  0.374830  0
22.693333  0.374700  0
22.720000  0.374570  0
22.746667  0.374441  0
22.773333  0.374311  0
22.800000  0.374181  0
22.826667  0.374052  0
22.853333  0.373922  0
22.880000  0.373792  0
22.906667  0.373663  0
22.933333  0.373533  0
22.960000  0.373403  0
22.986667  0.373274  0
23.013333  0.373144  0
23.040000  0.373015  0
23.066667  0.372885  0
23.093333  0.372755  0
23.120000  0.372626  0
23.146667  0.372496  0
23.173333  0.372366  0
23.200000  0.372237  0
23.226667  0.372107  0
23.253333  0.371977  0
23.280000  0.371848  0
23.306667  0.371718  0
23.333333  0.371589  0
23.360000  0.371459  0
23.386667  0.371329  0
23.413333  0.371200  0
23.440000  0.371070  0
23.466667  0.370940  0
23.493333  0.370811  0
23.520000  0.370681  0
23.546667  0.370551  0
23.573333  0.370422  0
23.600000  0.370292  0
23.626667  0.370162  0
23.653333  0.370033  0
23.680000  0.369903  0
23.706667  0.369774  0
23.733333  0.369644  0
23.760000  0.369514  0
23.786667  0.369385  0
23.813333  0.369255  0
23.840000  0.369125  0
23.866667  0.368996  0
23.893333  0.368866  0
23.920000  0.368736  0
23.946667  0.368607  0
23.973333  0.368477  0
24.000000  0.368347  0
24.026667  0.368218  0
24.053333  0.368088  0
24.080000  0.367959  0
24.106667  0.367829  0
24.133333  0.367699  0
24.160000  0.367570  0
24.186667  0.367440  0
24.213333  0.367310  0
24.240000  0.367181  0
24.266667  0.367051  0
24.293333  0.366921  0
24.320000  0.366792  0
24.346667  0.366662  0
24.373333  0.366532  0
24.400000  0.366403  0
24.426667  0.366273  0
24.453333  0.366144  0
24.480000  0.366014  0
24.506667  0.365884  0
24.533333  0.365755  0
24.560000  0.365625  0
24.586667  0.365495  0
24.613333  0.365366  0
24.640000  0.365236  0
24.666667  0.365106  0
24.693333  0.364977  0
24.720000  0.364847  0
24.746667  0.364718  0
24.773333  0.364588  0
24.800000  0.364458  0
24.826667  0.364329  0
24.853333  0.364199  0
24.880000  0.364069  0
24.906667  0.363940  0
24.933333  0.363810  0
24.960000  0.363680  0
24.986667  0.363551  0
25.013333  0.363421  0
25.040000  0.363291  0
25.066667  0.363162  0
25.093333  0.363032  0
25.120000  0.362903  0
25.146667  0.362773  0
25.173333  0.362643  0
25.200000  0.362514  0
25.226667  0.362384  0
25.253333  0.362254  0
25.280000  0.362125  0
25.306667  0.361995  0
25.333333  0.361866  0
25.360000  0.361736  0
25.386667  0.361607  0
25.413333  0.361479  0
25.440000  0.361351  0
25.466667  0.361224  0
25.493333  0.361100  0
25.520000  0.360978  0
25.546667  0.360860  0
25.573333  0.360747  0
25.600000  0.360642  0
25.626667  0.360546  0
25.653333  0.360461  0
25.680000  0.360390  0
25.706667  0.360334  0
25.733333  0.360296  0
25.760000  0.360277  0
