3.760000  0.729354  0
3.786667  0.729133  0
3.813333  0.728701  0
3.840000  0.728073  0
3.866667  0.727273  0
3.893333  0.726327  0
3.920000  0.725262  0
3.946667  0.724104  0
3.973333  0.722877  0
4.000000  0.721600  0
4.026667  0.720288  0
4.053333  0.718953  0
4.080000  0.717604  0
4.106667  0.716247  0
4.133333  0.714884  0
4.160000  0.713520  0
4.186667  0.712155  0
4.213333  0.710790  0
4.240000  0.709428  0
4.266667  0.708068  0
4.293333  0.706714  0
4.320000  0.705364  0
4.346667  0.704023  0
4.373333  0.702689  0
4.400000  0.701366  0
4.426667  0.700053  0
4.453333  0.698752  0
4.480000  0.697461  0
4.506667  0.696182  0
4.533333  0.694910  0
4.560000  0.693646  0
4.586667  0.692385  0
4.613333  0.691125  0
4.640000  0.689860  0
4.666667  0.688586  0
4.693333  0.687297  0
4.720000  0.685988  0
4.746667  0.684653  0
4.773333  0.683287  0
4.800000  0.681885  0
4.826667  0.680445  0
4.853333  0.678965  0
4.880000  0.677444  0
4.906667  0.675886  0
4.933333  0.674292  0
4.960000  0.672667  0
4.986667  0.671017  0
5.013333  0.669344  0
5.040000  0.667655  0
5.066667  0.665952  0
5.093333  0.664238  0
5.120000  0.662514  0
5.146667  0.660780  0
5.173333  0.659035  0
5.200000  0.657276  0
5.226667  0.655498  0
5.253333  0.653697  0
5.280000  0.651868  0
5.306667  0.650003  0
5.333333  0.648100  0
5.360000  0.646152  0
5.386667  0.644160  0
5.413333  0.642123  0
5.440000  0.640045  0
5.466667  0.637933  0
5.493333  0.635795  0
5.520000  0.633645  0
5.546667  0.631496  0
5.573333  0.629363  0
5.600000  0.627261  0
5.626667  0.625205  0
5.653333  0.623210  0
5.680000  0.621286  0
5.706667  0.619442  0
5.733333  0.617684  0
5.760000  0.616015  0
5.786667  0.614433  0
5.813333  0.612935  0
5.840000  0.611514  0
5.866667  0.610161  0
5.893333  0.608865  0
5.920000  0.607612  0
5.946667  0.606389  0
5.973333  0.605178  0
6.000000  0.603963  0
6.026667  0.602728  0
6.053333  0.601456  0
6.080000  0.600136  0
6.106667  0.598756  0
6.133333  0.597310  0
6.160000  0.595797  0
6.186667  0.594219  0
6.213333  0.592579  0
6.240000  0.590885  0
6.266667  0.589145  0
6.293333  0.587363  0
6.320000  0.585544  0
6.346667  0.583689  0
6.373333  0.581797  0
6.400000  0.579864  0
6.426667  0.577886  0
6.453333  0.575862  0
6.480000  0.573795  0
6.506667  0.571695  0
6.533333  0.569581  0
6.560000  0.567483  0
6.586667  0.565438  0
6.613333  0.563482  0
6.640000  0.561651  0
6.666667  0.559965  0
6.693333  0.558423  0
6.720000  0.557005  0
6.746667  0.555664  0
6.773333  0.554338  0
6.800000  0.552952  0
6.826667  0.551436  0
6.853333  0.549734  0
6.880000  0.547808  0
6.906667  0.545653  0
6.933333  0.543293  0
6.960000  0.540779  0
6.986667  0.538186  0
7.013333  0.535602  0
7.040000  0.533114  0
7.066667  0.530802  0
7.093333  0.528728  0
7.120000  0.526925  0
7.146667  0.525401  0
7.173333  0.524136  0
7.200000  0.523092  0
7.226667  0.522216  0
7.253333  0.521452  0
7.280000  0.520746  0
7.306667  0.520054  0
7.333333  0.519345  0
7.360000  0.518597  0
7.386667  0.517803  0
7.413333  0.516967  0
7.440000  0.516098  0
7.466667  0.515215  0
7.493333  0.514338  0
7.520000  0.513487  0
7.546667  0.512681  0
7.573333  0.511934  0
7.600000  0.511254  0
7.626667  0.510642  0
7.653333  0.510092  0
7.680000  0.509594  0
7.706667  0.509134  0
7.733333  0.508700  0
7.760000  0.508279  0
7.786667  0.507862  0
7.813333  0.507442  0
7.840000  0.507012  0
7.866667  0.506565  0
7.893333  0.506096  0
7.920000  0.505596  0
7.946667  0.505058  0
7.973333  0.504475  0
8.000000  0.503845  0
8.026667  0.503167  0
8.053333  0.502443  0
8.080000  0.501680  0
8.106667  0.500884  0
8.133333  0.500065  0
8.160000  0.499229  0
8.186667  0.498386  0
8.213333  0.497544  0
8.240000  0.496714  0
8.266667  0.495906  0
8.293333  0.495129  0
8.320000  0.494392  0
8.346667  0.493701  0
8.373333  0.493058  0
8.400000  0.492459  0
8.426667  0.491899  0
8.453333  0.491368  0
8.480000  0.490858  0
8.506667  0.490359  0
8.533333  0.489865  0
8.560000  0.489369  0
8.586667  0.488868  0
8.613333  0.488355  0
8.640000  0.487826  0
8.666667  0.487270  0
8.693333  0.486674  0
8.720000  0.486021  0
8.746667  0.485288  0
8.773333  0.484452  0
8.800000  0.483485  0
8.826667  0.482363  0
8.853333  0.481062  0
8.880000  0.479568  0
8.906667  0.477874  0
8.933333  0.475983  0
8.960000  0.473915  0
8.986667  0.471699  0
9.013333  0.469376  0
9.040000  0.466993  0
9.066667  0.464599  0
9.093333  0.462240  0
9.120000  0.459956  0
9.146667  0.457777  0
9.173333  0.455721  0
9.200000  0.453798  0
9.226667  0.452006  0
9.253333  0.450338  0
9.280000  0.448781  0
9.306667  0.447322  0
9.333333  0.445947  0
9.360000  0.444642  0
9.386667  0.443394  0
9.413333  0.442193  0
9.440000  0.441030  0
9.466667  0.439899  0
9.493333  0.438797  0
9.520000  0.437726  0
9.546667  0.436690  0
9.573333  0.435699  0
9.600000  0.434764  0
9.626667  0.433896  0
9.653333  0.433109  0
9.680000  0.432411  0
9.706667  0.431808  0
9.733333  0.431300  0
9.760000  0.430883  0
9.786667  0.430548  0
9.813333  0.430281  0
9.840000  0.430068  0
9.866667  0.429893  0
9.893333  0.429737  0
9.920000  0.429585  0
9.946667  0.429419  0
9.973333  0.429228  0
10.000000  0.428998  0
10.026667  0.428722  0
10.053333  0.428397  0
10.080000  0.428024  0
10.106667  0.427611  0
10.133333  0.427167  0
10.160000  0.426707  0
10.186667  0.426245  0
10.213333  0.425794  0
10.240000  0.425365  0
10.266667  0.424964  0
10.293333  0.424596  0
10.320000  0.424262  0
10.346667  0.423961  0
10.373333  0.423690  0
10.400000  0.423447  0
10.426667  0.423229  0
10.453333  0.423033  0
10.480000  0.422856  0
10.506667  0.422695  0
10.533333  0.422546  0
10.560000  0.422405  0
10.586667  0.422267  0
10.613333  0.422128  0
10.640000  0.421987  0
10.666667  0.421842  0
10.693333  0.421695  0
10.720000  0.421548  0
10.746667  0.421403  0
10.773333  0.421265  0
10.800000  0.421135  0
10.826667  0.421014  0
10.853333  0.420902  0
10.880000  0.420794  0
10.906667  0.420691  0
10.933333  0.420589  0
10.960000  0.420489  0
10.986667  0.420392  0
11.013333  0.420299  0
11.040000  0.420210  0
11.066667  0.420124  0
11.093333  0.420035  0
11.120000  0.419932  0
11.146667  0.419802  0
11.173333  0.419632  0
11.200000  0.419414  0
11.226667  0.419147  0
11.253333  0.418844  0
11.280000  0.418534  0
11.306667  0.418257  0
11.333333  0.418068  0
11.360000  0.418029  0
11.386667  0.418197  0
11.413333  0.418625  0
11.440000  0.419350  0
11.466667  0.420388  0
11.493333  0.421733  0
11.520000  0.423355  0
11.546667  0.425207  0
11.573333  0.427222  0
11.600000  0.429331  0
11.626667  0.431457  0
11.653333  0.433533  0
11.680000  0.435501  0
11.706667  0.437316  0
11.733333  0.438950  0
11.760000  0.440389  0
11.786667  0.441635  0
11.813333  0.442697  0
11.840000  0.443595  0
11.866667  0.444349  0
11.893333  0.444983  0
11.920000  0.445517  0
11.946667  0.445973  0
11.973333  0.446365  0
12.000000  0.446710  0
12.026667  0.447018  0
12.053333  0.447299  0
12.080000  0.447564  0
12.106667  0.447820  0
12.133333  0.448075  0
12.160000  0.448336  0
12.186667  0.448609  0
12.213333  0.448900  0
12.240000  0.449211  0
12.266667  0.449545  0
12.293333  0.449901  0
12.320000  0.450275  0
12.346667  0.450661  0
12.373333  0.451050  0
12.400000  0.451431  0
12.426667  0.451792  0
12.453333  0.452118  0
12.480000  0.452397  0
12.506667  0.452619  0
12.533333  0.452775  0
12.560000  0.452863  0
12.586667  0.452885  0
12.613333  0.452846  0
12.640000  0.452755  0
12.666667  0.452622  0
12.693333  0.452455  0
12.720000  0.452259  0
12.746667  0.452038  0
12.773333  0.451787  0
12.800000  0.451501  0
12.826667  0.451172  0
12.853333  0.450794  0
12.880000  0.450362  0
12.906667  0.449876  0
12.933333  0.449341  0
12.960000  0.448767  0
12.986667  0.448167  0
13.013333  0.447555  0
13.040000  0.446945  0
13.066667  0.446345  0
13.093333  0.445761  0
13.120000  0.445193  0
13.146667  0.444636  0
13.173333  0.444085  0
13.200000  0.443532  0
13.226667  0.442973  0
13.253333  0.442404  0
13.280000  0.441825  0
13.306667  0.441237  0
13.333333  0.440641  0
13.360000  0.440036  0
13.386667  0.439421  0
13.413333  0.438789  0
13.440000  0.438134  0
13.466667  0.437448  0
13.493333  0.436725  0
13.520000  0.435962  0
13.546667  0.435159  0
13.573333  0.434318  0
13.600000  0.433448  0
13.626667  0.432556  0
13.653333  0.431651  0
13.680000  0.430745  0
13.706667  0.429847  0
13.733333  0.428966  0
13.760000  0.428112  0
13.786667  0.427292  0
13.813333  0.426513  0
13.840000  0.425779  0
13.866667  0.425090  0
13.893333  0.424446  0
13.920000  0.423844  0
13.946667  0.423283  0
13.973333  0.422759  0
14.000000  0.422273  0
14.026667  0.421823  0
14.053333  0.421412  0
14.080000  0.421039  0
14.106667  0.420702  0
14.133333  0.420398  0
14.160000  0.420119  0
14.186667  0.419856  0
14.213333  0.419601  0
14.240000  0.419344  0
14.266667  0.419079  0
14.293333  0.418804  0
14.320000  0.418519  0
14.346667  0.418227  0
14.373333  0.417934  0
14.400000  0.417644  0
14.426667  0.417363  0
14.453333  0.417092  0
14.480000  0.416832  0
14.506667  0.416583  0
14.533333  0.416341  0
14.560000  0.416104  0
14.586667  0.415870  0
14.613333  0.415637  0
14.640000  0.415406  0
14.666667  0.415177  0
14.693333  0.414951  0
14.720000  0.414728  0
14.746667  0.414510  0
14.773333  0.414294  0
14.800000  0.414078  0
14.826667  0.413857  0
14.853333  0.413627  0
14.880000  0.413384  0
14.906667  0.413126  0
14.933333  0.412852  0
14.960000  0.412563  0
14.986667  0.412263  0
15.013333  0.411956  0
15.040000  0.411648  0
15.066667  0.411343  0
15.093333  0.411045  0
15.120000  0.410757  0
15.146667  0.410479  0
15.173333  0.410211  0
15.200000  0.409952  0
15.226667  0.409701  0
15.253333  0.409456  0
15.280000  0.409215  0
15.306667  0.408977  0
15.333333  0.408741  0
15.360000  0.408507  0
15.386667  0.408273  0
15.413333  0.408039  0
15.440000  0.407806  0
15.466667  0.407573  0
15.493333  0.407340  0
15.520000  0.407108  0
15.546667  0.406875  0
15.573333  0.406642  0
15.600000  0.406409  0
15.626667  0.406176  0
15.653333  0.405943  0
15.680000  0.405710  0
15.706667  0.405477  0
15.733333  0.405245  0
15.760000  0.405012  0
15.786667  0.404779  0
15.813333  0.404546  0
15.840000  0.404313  0
15.866667  0.404080  0
15.893333  0.403847  0
15.920000  0.403614  0
15.946667  0.403382  0
15.973333  0.403149  0
16.000000  0.402916  0
16.026667  0.402683  0
16.053333  0.402450  0
16.080000  0.402217  0
16.106667  0.401984  0
16.133333  0.401751  0
16.160000  0.401519  0
16.186667  0.401286  0
16.213333  0.401053  0
16.240000  0.400820  0
16.266667  0.400587  0
16.293333  0.400354  0
16.320000  0.400121  0
16.346667  0.399889  0
16.373333  0.399656  0
16.400000  0.399423  0
16.426667  0.399190  0
16.453333  0.398957  0
16.480000  0.398724  0
16.506667  0.398491  0
16.533333  0.398258  0
16.560000  0.398026  0
16.586667  0.397793  0
16.613333  0.397560  0
16.640000  0.397327  0
16.666667  0.397094  0
16.693333  0.396861  0
16.720000  0.396628  0
16.746667  0.396395  0
16.773333  0.396163  0
16.800000  0.395930  0
16.826667  0.395697  0
16.853333  0.395464  0
16.880000  0.395231  0
16.906667  0.394998  0
16.933333  0.394765  0
16.960000  0.394532  0
16.986667  0.394300  0
17.013333  0.394067  0
17.040000  0.393834  0
17.066667  0.393601  0
17.093333  0.393368  0
17.120000  0.393135  0
17.146667  0.392902  0
17.173333  0.392669  0
17.200000  0.392437  0
17.226667  0.392204  0
17.253333  0.391971  0
17.280000  0.391738  0
17.306667  0.391505  0
17.333333  0.391272  0
17.360000  0.391039  0
17.386667  0.390806  0
17.413333  0.390574  0
17.440000  0.390341  0
17.466667  0.390108  0
17.493333  0.389875  0
17.520000  0.389642  0
17.546667  0.389409  0
17.573333  0.389176  0
17.600000  0.388943  0
17.626667  0.388711  0
17.653333  0.388478  0
17.680000  0.388245  0
17.706667  0.388012  0
17.733333  0.387779  0
17.760000  0.387546  0
17.786667  0.387313  0
17.813333  0.387081  0
17.840000  0.386848  0
17.866667  0.386615  0
17.893333  0.386382  0
17.920000  0.386149  0
17.946667  0.385916  0
17.973333  0.385683  0
18.000000  0.385450  0
18.026667  0.385218  0
18.053333  0.384985  0
18.080000  0.384752  0
18.106667  0.384519  0
18.133333  0.384286  0
18.160000  0.384053  0
18.186667  0.383820  0
18.213333  0.383587  0
18.240000  0.383355  0
18.266667  0.383122  0
18.293333  0.382889  0
18.320000  0.382656  0
18.346667  0.382423  0
18.373333  0.382190  0
18.400000  0.381957  0
18.426667  0.381724  0
18.453333  0.381492  0
18.480000  0.381259  0
18.506667  0.381026  0
18.533333  0.380793  0
18.560000  0.380560  0
18.586667  0.380327  0
18.613333  0.380094  0
18.640000  0.379861  0
18.666667  0.379629  0
18.693333  0.379396  0
18.720000  0.379163  0
18.746667  0.378930  0
18.773333  0.378697  0
18.800000  0.378464  0
18.826667  0.378231  0
18.853333  0.377998  0
18.880000  0.377766  0
18.906667  0.377533  0
18.933333  0.377300  0
18.960000  0.377067  0
18.986667  0.376834  0
19.013333  0.376601  0
19.040000  0.376368  0
19.066667  0.376135  0
19.093333  0.375903  0
19.120000  0.375670  0
19.146667  0.375437  0
19.173333  0.375204  0
19.200000  0.374971  0
19.226667  0.374738  0
19.253333  0.374505  0
19.280000  0.374273  0
19.306667  0.374040  0
19.333333  0.373807  0
19.360000  0.373574  0
19.386667  0.373341  0
19.413333  0.373108  0
19.440000  0.372875  0
19.466667  0.372642  0
19.493333  0.372410  0
19.520000  0.372177  0
19.546667  0.371944  0
19.573333  0.371711  0
19.600000  0.371478  0
19.626667  0.371245  0
19.653333  0.371012  0
19.680000  0.370779  0
19.706667  0.370547  0
19.733333  0.370314  0
19.760000  0.370081  0
19.786667  0.369848  0
19.813333  0.369615  0
19.840000  0.369382  0
19.866667  0.369149  0
19.893333  0.368916  0
19.920000  0.368684  0
19.946667  0.368451  0
19.973333  0.368218  0
20.000000  0.367985  0
20.026667  0.367753  0
20.053333  0.367520  0
20.080000  0.367288  0
20.106667  0.367057  0
20.133333  0.366828  0
20.160000  0.366601  0
20.186667  0.366378  0
20.213333  0.366161  0
20.240000  0.365952  0
20.266667  0.365755  0
20.293333  0.365574  0
20.320000  0.365413  0
20.346667  0.365277  0
20.373333  0.365170  0
20.400000  0.365097  0
20.426667  0.365059  0
