2.800000  0.718414  0
2.826667  0.717015  0
2.853333  0.715615  0
2.880000  0.714216  0
2.906667  0.712816  0
2.933333  0.711417  0
2.960000  0.710017  0
2.986667  0.708618  0
3.013333  0.707218  0
3.040000  0.705818  0
3.066667  0.704419  0
3.093333  0.703019  0
3.120000  0.701620  0
3.146667  0.700220  0
3.173333  0.698821  0
3.200000  0.697421  0
3.226667  0.696022  0
3.253333  0.694622  0
3.280000  0.693223  0
3.306667  0.691823  0
3.333333  0.690424  0
3.360000  0.689024  0
3.386667  0.687625  0
3.413333  0.686225  0
3.440000  0.684825  0
3.466667  0.683426  0
3.493333  0.682026  0
3.520000  0.680627  0
3.546667  0.679227  0
3.573333  0.677828  0
3.600000  0.676428  0
3.626667  0.675029  0
3.653333  0.673629  0
3.680000  0.672230  0
3.706667  0.670830  0
3.733333  0.669431  0
3.760000  0.668031  0
3.786667  0.666631  0
3.813333  0.665232  0
3.840000  0.663832  0
3.866667  0.662433  0
3.893333  0.661033  0
3.920000  0.659634  0
3.946667  0.658234  0
3.973333  0.656835  0
4.000000  0.655435  0
4.026667  0.654036  0
4.053333  0.652636  0
4.080000  0.651237  0
4.106667  0.649837  0
4.133333  0.648438  0
4.160000  0.647038  0
4.186667  0.645638  0
4.213333  0.644239  0
4.240000  0.642839  0
4.266667  0.641440  0
4.293333  0.640040  0
4.320000  0.638641  0
4.346667  0.637241  0
4.373333  0.635842  0
4.400000  0.634442  0
4.426667  0.632856  0
4.453333  0.631156  0
4.480000  0.629381  0
4.506667  0.627566  0
4.533333  0.625743  0
4.560000  0.623934  0
4.586667  0.622157  0
4.613333  0.620424  0
4.640000  0.618743  0
4.666667  0.617119  0
4.693333  0.615553  0
4.720000  0.614046  0
4.746667  0.612595  0
4.773333  0.611192  0
4.800000  0.609827  0
4.826667  0.608485  0
4.853333  0.607148  0
4.880000  0.605794  0
4.906667  0.604404  0
4.933333  0.602956  0
4.960000  0.601433  0
4.986667  0.599824  0
5.013333  0.598124  0
5.040000  0.596337  0
5.066667  0.594476  0
5.093333  0.592564  0
5.120000  0.590636  0
5.146667  0.588731  0
5.173333  0.586899  0
5.200000  0.585192  0
5.226667  0.583661  0
5.253333  0.582355  0
5.280000  0.581314  0
5.306667  0.580565  0
5.333333  0.580119  0
5.360000  0.579966  0
5.386667  0.580078  0
5.413333  0.580405  0
5.440000  0.580883  0
5.466667  0.581435  0
5.493333  0.581980  0
5.520000  0.582442  0
5.546667  0.582754  0
5.573333  0.582867  0
5.600000  0.582752  0
5.626667  0.582405  0
5.653333  0.581841  0
5.680000  0.581094  0
5.706667  0.580210  0
5.733333  0.579239  0
5.760000  0.578228  0
5.786667  0.577219  0
5.813333  0.576240  0
5.840000  0.575309  0
5.866667  0.574426  0
5.893333  0.573583  0
5.920000  0.572762  0
5.946667  0.571942  0
5.973333  0.571098  0
6.000000  0.570209  0
6.026667  0.569260  0
6.053333  0.568240  0
6.080000  0.567146  0
6.106667  0.565980  0
6.133333  0.564754  0
6.160000  0.563480  0
6.186667  0.562174  0
6.213333  0.560856  0
6.240000  0.559543  0
6.266667  0.558252  0
6.293333  0.556999  0
6.320000  0.555797  0
6.346667  0.554654  0
6.373333  0.553579  0
6.400000  0.552575  0
6.426667  0.551643  0
6.453333  0.550782  0
6.480000  0.549988  0
6.506667  0.549255  0
6.533333  0.548578  0
6.560000  0.547948  0
6.586667  0.547356  0
6.613333  0.546794  0
6.640000  0.546254  0
6.666667  0.545727  0
6.693333  0.545206  0
6.720000  0.544687  0
6.746667  0.544163  0
6.773333  0.543630  0
6.800000  0.543086  0
6.826667  0.542528  0
6.853333  0.541953  0
6.880000  0.541359  0
6.906667  0.540745  0
6.933333  0.540108  0
6.960000  0.539449  0
6.986667  0.538768  0
7.013333  0.538068  0
7.040000  0.537352  0
7.066667  0.536627  0
7.093333  0.535899  0
7.120000  0.535177  0
7.146667  0.534469  0
7.173333  0.533784  0
7.200000  0.533131  0
7.226667  0.532517  0
7.253333  0.531947  0
7.280000  0.531426  0
7.306667  0.530957  0
7.333333  0.530539  0
7.360000  0.530170  0
7.386667  0.529848  0
7.413333  0.529567  0
7.440000  0.529322  0
7.466667  0.529106  0
7.493333  0.528915  0
7.520000  0.528742  0
7.546667  0.528582  0
7.573333  0.528433  0
7.600000  0.528292  0
7.626667  0.528155  0
7.653333  0.528022  0
7.680000  0.527892  0
7.706667  0.527761  0
7.733333  0.527630  0
7.760000  0.527494  0
7.786667  0.527350  0
7.813333  0.527195  0
7.840000  0.527024  0
7.866667  0.526831  0
7.893333  0.526611  0
7.920000  0.526358  0
7.946667  0.526069  0
7.973333  0.525739  0
8.000000  0.525366  0
8.026667  0.524948  0
8.053333  0.524486  0
8.080000  0.523982  0
8.106667  0.523438  0
8.133333  0.522860  0
8.160000  0.522253  0
8.186667  0.521624  0
8.213333  0.520980  0
8.240000  0.520329  0
8.266667  0.519678  0
8.293333  0.519033  0
8.320000  0.518401  0
8.346667  0.517788  0
8.373333  0.517197  0
8.400000  0.516630  0
8.426667  0.516089  0
8.453333  0.515574  0
8.480000  0.515081  0
8.506667  0.514608  0
8.533333  0.514152  0
8.560000  0.513709  0
8.586667  0.513274  0
8.613333  0.512844  0
8.640000  0.512417  0
8.666667  0.511990  0
8.693333  0.511563  0
8.720000  0.511133  0
8.746667  0.510701  0
8.773333  0.510267  0
8.800000  0.509831  0
8.826667  0.509394  0
8.853333  0.508955  0
8.880000  0.508515  0
8.906667  0.508074  0
8.933333  0.507633  0
8.960000  0.507192  0
8.986667  0.506751  0
9.013333  0.506309  0
9.040000  0.505867  0
9.066667  0.505425  0
9.093333  0.504984  0
9.120000  0.504542  0
9.146667  0.504100  0
9.173333  0.503658  0
9.200000  0.503216  0
9.226667  0.502775  0
9.253333  0.502333  0
9.280000  0.501891  0
9.306667  0.501449  0
9.333333  0.501007  0
9.360000  0.500565  0
9.386667  0.500124  0
9.413333  0.499682  0
9.440000  0.499240  0
9.466667  0.498798  0
9.493333  0.498356  0
9.520000  0.497915  0
9.546667  0.497473  0
9.573333  0.497031  0
9.600000  0.496589  0
9.626667  0.496147  0
9.653333  0.495706  0
9.680000  0.495264  0
9.706667  0.494822  0
9.733333  0.494380  0
9.760000  0.493938  0
9.786667  0.493496  0
9.813333  0.493055  0
9.840000  0.492613  0
9.866667  0.492171  0
9.893333  0.491729  0
9.920000  0.491287  0
9.946667  0.490846  0
9.973333  0.490404  0
10.000000  0.489962  0
10.026667  0.489520  0
10.053333  0.489078  0
10.080000  0.488637  0
10.106667  0.488195  0
10.133333  0.487753  0
10.160000  0.487311  0
10.186667  0.486869  0
10.213333  0.486428  0
10.240000  0.485986  0
10.266667  0.485544  0
10.293333  0.485102  0
10.320000  0.484660  0
10.346667  0.484218  0
10.373333  0.483777  0
10.400000  0.483335  0
10.426667  0.482893  0
10.453333  0.482451  0
10.480000  0.482009  0
10.506667  0.481568  0
10.533333  0.481126  0
10.560000  0.480684  0
10.586667  0.480242  0
10.613333  0.479800  0
10.640000  0.479359  0
10.666667  0.478917  0
10.693333  0.478475  0
10.720000  0.478033  0
10.746667  0.477591  0
10.773333  0.477149  0
10.800000  0.476708  0
10.826667  0.476266  0
10.853333  0.475824  0
10.880000  0.475382  0
10.906667  0.474940  0
10.933333  0.474499  0
10.960000  0.474057  0
10.986667  0.473615  0
11.013333  0.473173  0
11.040000  0.472731  0
11.066667  0.472290  0
11.093333  0.471848  0
11.120000  0.471406  0
11.146667  0.470964  0
11.173333  0.470522  0
11.200000  0.470080  0
11.226667  0.469639  0
11.253333  0.469197  0
11.280000  0.468755  0
11.306667  0.468313  0
11.333333  0.467871  0
11.360000  0.467430  0
11.386667  0.466988  0
11.413333  0.466546  0
11.440000  0.466104  0
11.466667  0.465662  0
11.493333  0.465221  0
11.520000  0.464779  0
11.546667  0.464337  0
11.573333  0.463895  0
11.600000  0.463453  0
11.626667  0.463011  0
11.653333  0.462570  0
11.680000  0.462128  0
11.706667  0.461686  0
11.733333  0.461244  0
11.760000  0.460802  0
11.786667  0.460361  0
11.813333  0.459919  0
11.840000  0.459477  0
11.866667  0.459035  0
11.893333  0.458593  0
11.920000  0.458152  0
11.946667  0.457710  0
11.973333  0.457268  0
12.000000  0.456826  0
12.026667  0.456384  0
12.053333  0.455942  0
12.080000  0.455501  0
12.106667  0.455059  0
12.133333  0.454617  0
12.160000  0.454175  0
12.186667  0.453733  0
12.213333  0.453292  0
12.240000  0.452850  0
12.266667  0.452408  0
12.293333  0.451966  0
12.320000  0.451524  0
12.346667  0.451083  0
12.373333  0.450641  0
12.400000  0.450199  0
12.426667  0.449757  0
12.453333  0.449315  0
12.480000  0.448873  0
12.506667  0.448432  0
12.533333  0.447990  0
12.560000  0.447548  0
12.586667  0.447106  0
12.613333  0.446664  0
12.640000  0.446223  0
12.666667  0.445781  0
12.693333  0.445339  0
12.720000  0.444897  0
12.746667  0.444455  0
12.773333  0.444014  0
12.800000  0.443572  0
12.826667  0.443130  0
12.853333  0.442688  0
12.880000  0.442246  0
12.906667  0.441804  0
12.933333  0.441363  0
12.960000  0.440921  0
12.986667  0.440479  0
13.013333  0.440037  0
13.040000  0.439595  0
13.066667  0.439154  0
13.093333  0.438712  0
13.120000  0.438270  0
13.146667  0.437828  0
13.173333  0.437386  0
13.200000  0.436945  0
13.226667  0.436503  0
13.253333  0.436061  0
13.280000  0.435619  0
13.306667  0.435177  0
13.333333  0.434736  0
13.360000  0.434294  0
13.386667  0.433852  0
13.413333  0.433410  0
13.440000  0.432968  0
13.466667  0.432526  0
13.493333  0.432085  0
13.520000  0.431643  0
13.546667  0.431201  0
13.573333  0.430759  0
13.600000  0.430317  0
13.626667  0.429876  0
13.653333  0.429434  0
13.680000  0.428992  0
13.706667  0.428550  0
13.733333  0.428108  0
13.760000  0.427667  0
13.786667  0.427225  0
13.813333  0.426783  0
13.840000  0.426342  0
13.866667  0.425901  0
13.893333  0.425461  0
13.920000  0.425021  0
13.946667  0.424583  0
13.973333  0.424148  0
14.000000  0.423716  0
14.026667  0.423289  0
14.053333  0.422870  0
14.080000  0.422461  0
14.106667  0.422065  0
14.133333  0.421688  0
14.160000  0.421333  0
14.186667  0.421005  0
14.213333  0.420710  0
14.240000  0.420453  0
14.266667  0.420237  0
14.293333  0.420064  0
14.320000  0.419934  0
14.346667  0.419844  0
14.373333  0.419788  0
14.400000  0.419755  0
14.426667  0.419735  0
14.453333  0.419712  0
14.480000  0.419671  0
14.506667  0.419598  0
14.533333  0.419479  0
14.560000  0.419305  0
14.586667  0.419068  0
14.613333  0.418768  0
14.640000  0.418407  0
14.666667  0.417992  0
14.693333  0.417534  0
14.720000  0.417045  0
14.746667  0.416539  0
14.773333  0.416032  0
14.800000  0.415536  0
14.826667  0.415067  0
14.853333  0.414636  0
14.880000  0.414256  0
14.906667  0.413938  0
14.933333  0.413691  0
14.960000  0.413522  0
14.986667  0.413436  0
