3.226667  0.795510  0
3.253333  0.794927  0
3.280000  0.793797  0
3.306667  0.792194  0
3.333333  0.790211  0
3.360000  0.787954  0
3.386667  0.785527  0
3.413333  0.783022  0
3.440000  0.780513  0
3.466667  0.778049  0
3.493333  0.775660  0
3.520000  0.773354  0
3.546667  0.771126  0
3.573333  0.768960  0
3.600000  0.766838  0
3.626667  0.764740  0
3.653333  0.762648  0
3.680000  0.760549  0
3.706667  0.758434  0
3.733333  0.756299  0
3.760000  0.754143  0
3.786667  0.751965  0
3.813333  0.749768  0
3.840000  0.747554  0
3.866667  0.745323  0
3.893333  0.743077  0
3.920000  0.740815  0
3.946667  0.738537  0
3.973333  0.736244  0
4.000000  0.733935  0
4.026667  0.731614  0
4.053333  0.729284  0
4.080000  0.726950  0
4.106667  0.724620  0
4.133333  0.722302  0
4.160000  0.720007  0
4.186667  0.717743  0
4.213333  0.715521  0
4.240000  0.713350  0
4.266667  0.711240  0
4.293333  0.709197  0
4.320000  0.707228  0
4.346667  0.705338  0
4.373333  0.703529  0
4.400000  0.701804  0
4.426667  0.700162  0
4.453333  0.698599  0
4.480000  0.697109  0
4.506667  0.695686  0
4.533333  0.694318  0
4.560000  0.692996  0
4.586667  0.691708  0
4.613333  0.690446  0
4.640000  0.689199  0
4.666667  0.687960  0
4.693333  0.686723  0
4.720000  0.685482  0
4.746667  0.684235  0
4.773333  0.682979  0
4.800000  0.681713  0
4.826667  0.680437  0
4.853333  0.679151  0
4.880000  0.677857  0
4.906667  0.676556  0
4.933333  0.675251  0
4.960000  0.673944  0
4.986667  0.672639  0
5.013333  0.671340  0
5.040000  0.670053  0
5.066667  0.668782  0
5.093333  0.667535  0
5.120000  0.666321  0
5.146667  0.665147  0
5.173333  0.664020  0
5.200000  0.662946  0
5.226667  0.661928  0
5.253333  0.660966  0
5.280000  0.660057  0
5.306667  0.659194  0
5.333333  0.658368  0
5.360000  0.657570  0
5.386667  0.656789  0
5.413333  0.656014  0
5.440000  0.655236  0
5.466667  0.654447  0
5.493333  0.653639  0
5.520000  0.652806  0
5.546667  0.651943  0
5.573333  0.651045  0
5.600000  0.650110  0
5.626667  0.649136  0
5.653333  0.648123  0
5.680000  0.647077  0
5.706667  0.646002  0
5.733333  0.644909  0
5.760000  0.643806  0
5.786667  0.642707  0
5.813333  0.641622  0
5.840000  0.640563  0
5.866667  0.639538  0
5.893333  0.638551  0
5.920000  0.637603  0
5.946667  0.636689  0
5.973333  0.635801  0
6.000000  0.634924  0
6.026667  0.634038  0
6.053333  0.633114  0
6.080000  0.632121  0
6.106667  0.631019  0
6.133333  0.629770  0
6.160000  0.628337  0
6.186667  0.626692  0
6.213333  0.624824  0
6.240000  0.622741  0
6.266667  0.620465  0
6.293333  0.618035  0
6.320000  0.615485  0
6.346667  0.612845  0
6.373333  0.610123  0
6.400000  0.607310  0
6.426667  0.604381  0
6.453333  0.601304  0
6.480000  0.598057  0
6.506667  0.594640  0
6.533333  0.591078  0
6.560000  0.587427  0
6.586667  0.583767  0
6.613333  0.580193  0
6.640000  0.576798  0
6.666667  0.573666  0
6.693333  0.570860  0
6.720000  0.568410  0
6.746667  0.566319  0
6.773333  0.564560  0
6.800000  0.563085  0
6.826667  0.561838  0
6.853333  0.560759  0
6.880000  0.559798  0
6.906667  0.558919  0
6.933333  0.558099  0
6.960000  0.557326  0
6.986667  0.556599  0
7.013333  0.555922  0
7.040000  0.555295  0
7.066667  0.554718  0
7.093333  0.554188  0
7.120000  0.553694  0
7.146667  0.553222  0
7.173333  0.552758  0
7.200000  0.552281  0
7.226667  0.551772  0
7.253333  0.551213  0
7.280000  0.550590  0
7.306667  0.549897  0
7.333333  0.549135  0
7.360000  0.548317  0
7.386667  0.547461  0
7.413333  0.546595  0
7.440000  0.545743  0
7.466667  0.544926  0
7.493333  0.544158  0
7.520000  0.543441  0
7.546667  0.542766  0
7.573333  0.542119  0
7.600000  0.541488  0
7.626667  0.540862  0
7.653333  0.540243  0
7.680000  0.539644  0
7.706667  0.539087  0
7.733333  0.538596  0
7.760000  0.538193  0
7.786667  0.537890  0
7.813333  0.537682  0
7.840000  0.537547  0
7.866667  0.537446  0
7.893333  0.537332  0
7.920000  0.537155  0
7.946667  0.536869  0
7.973333  0.536437  0
8.000000  0.535840  0
8.026667  0.535068  0
8.053333  0.534122  0
8.080000  0.533010  0
8.106667  0.531742  0
8.133333  0.530329  0
8.160000  0.528789  0
8.186667  0.527145  0
8.213333  0.525432  0
8.240000  0.523696  0
8.266667  0.521992  0
8.293333  0.520379  0
8.320000  0.518912  0
8.346667  0.517634  0
8.373333  0.516570  0
8.400000  0.515726  0
8.426667  0.515089  0
8.453333  0.514629  0
8.480000  0.514303  0
8.506667  0.514061  0
8.533333  0.513849  0
8.560000  0.513614  0
8.586667  0.513312  0
8.613333  0.512909  0
8.640000  0.512391  0
8.666667  0.511759  0
8.693333  0.511032  0
8.720000  0.510241  0
8.746667  0.509422  0
8.773333  0.508611  0
8.800000  0.507838  0
8.826667  0.507120  0
8.853333  0.506465  0
8.880000  0.505870  0
8.906667  0.505322  0
8.933333  0.504803  0
8.960000  0.504296  0
8.986667  0.503784  0
9.013333  0.503257  0
9.040000  0.502711  0
9.066667  0.502150  0
9.093333  0.501582  0
9.120000  0.501014  0
9.146667  0.500451  0
9.173333  0.499891  0
9.200000  0.499327  0
9.226667  0.498751  0
9.253333  0.498155  0
9.280000  0.497535  0
9.306667  0.496895  0
9.333333  0.496243  0
9.360000  0.495593  0
9.386667  0.494959  0
9.413333  0.494353  0
9.440000  0.493783  0
9.466667  0.493253  0
9.493333  0.492759  0
9.520000  0.492297  0
9.546667  0.491860  0
9.573333  0.491443  0
9.600000  0.491044  0
9.626667  0.490661  0
9.653333  0.490297  0
9.680000  0.489956  0
9.706667  0.489644  0
9.733333  0.489365  0
9.760000  0.489125  0
9.786667  0.488932  0
9.813333  0.488791  0
9.840000  0.488707  0
9.866667  0.488681  0
9.893333  0.488704  0
9.920000  0.488765  0
9.946667  0.488840  0
9.973333  0.488905  0
10.000000  0.488931  0
10.026667  0.488897  0
10.053333  0.488788  0
10.080000  0.488605  0
10.106667  0.488362  0
10.133333  0.488084  0
10.160000  0.487809  0
10.186667  0.487572  0
10.213333  0.487410  0
10.240000  0.487346  0
10.266667  0.487389  0
10.293333  0.487534  0
10.320000  0.487760  0
10.346667  0.488035  0
10.373333  0.488324  0
10.400000  0.488596  0
10.426667  0.488826  0
10.453333  0.489003  0
10.480000  0.489129  0
10.506667  0.489216  0
10.533333  0.489283  0
10.560000  0.489353  0
10.586667  0.489442  0
10.613333  0.489562  0
10.640000  0.489716  0
10.666667  0.489898  0
10.693333  0.490097  0
10.720000  0.490297  0
10.746667  0.490483  0
10.773333  0.490648  0
10.800000  0.490784  0
10.826667  0.490895  0
10.853333  0.490985  0
10.880000  0.491060  0
10.906667  0.491125  0
10.933333  0.491179  0
10.960000  0.491221  0
10.986667  0.491245  0
11.013333  0.491244  0
11.040000  0.491217  0
11.066667  0.491163  0
11.093333  0.491085  0
11.120000  0.490989  0
11.146667  0.490879  0
11.173333  0.490759  0
11.200000  0.490630  0
11.226667  0.490491  0
11.253333  0.490340  0
11.280000  0.490171  0
11.306667  0.489982  0
11.333333  0.489770  0
11.360000  0.489532  0
11.386667  0.489267  0
11.413333  0.488972  0
11.440000  0.488650  0
11.466667  0.488302  0
11.493333  0.487937  0
11.520000  0.487565  0
11.546667  0.487199  0
11.573333  0.486855  0
11.600000  0.486545  0
11.626667  0.486280  0
11.653333  0.486061  0
11.680000  0.485886  0
11.706667  0.485745  0
11.733333  0.485626  0
11.760000  0.485513  0
11.786667  0.485393  0
11.813333  0.485253  0
11.840000  0.485084  0
11.866667  0.484882  0
11.893333  0.484644  0
11.920000  0.484370  0
11.946667  0.484063  0
11.973333  0.483727  0
12.000000  0.483364  0
12.026667  0.482982  0
12.053333  0.482585  0
12.080000  0.482180  0
12.106667  0.481773  0
12.133333  0.481370  0
12.160000  0.480980  0
12.186667  0.480608  0
12.213333  0.480264  0
12.240000  0.479953  0
12.266667  0.479683  0
12.293333  0.479459  0
12.320000  0.479284  0
12.346667  0.479159  0
12.373333  0.479084  0
12.400000  0.479054  0
12.426667  0.479065  0
12.453333  0.479106  0
12.480000  0.479165  0
12.506667  0.479229  0
12.533333  0.479284  0
12.560000  0.479316  0
12.586667  0.479317  0
12.613333  0.479284  0
12.640000  0.479215  0
12.666667  0.479116  0
12.693333  0.478990  0
12.720000  0.478841  0
12.746667  0.478670  0
12.773333  0.478472  0
12.800000  0.478241  0
12.826667  0.477969  0
12.853333  0.477649  0
12.880000  0.477279  0
12.906667  0.476861  0
12.933333  0.476406  0
12.960000  0.475927  0
12.986667  0.475445  0
13.013333  0.474978  0
13.040000  0.474542  0
13.066667  0.474147  0
13.093333  0.473799  0
13.120000  0.473496  0
13.146667  0.473237  0
13.173333  0.473020  0
13.200000  0.472845  0
13.226667  0.472719  0
13.253333  0.472647  0
13.280000  0.472636  0
13.306667  0.472685  0
13.333333  0.472787  0
13.360000  0.472923  0
13.386667  0.473070  0
13.413333  0.473196  0
13.440000  0.473276  0
13.466667  0.473289  0
13.493333  0.473226  0
13.520000  0.473088  0
13.546667  0.472888  0
13.573333  0.472642  0
13.600000  0.472369  0
13.626667  0.472087  0
13.653333  0.471806  0
13.680000  0.471533  0
13.706667  0.471267  0
13.733333  0.471006  0
13.760000  0.470743  0
13.786667  0.470475  0
13.813333  0.470202  0
13.840000  0.469929  0
13.866667  0.469671  0
13.893333  0.469447  0
13.920000  0.469281  0
13.946667  0.469199  0
13.973333  0.469218  0
14.000000  0.469348  0
14.026667  0.469583  0
14.053333  0.469903  0
14.080000  0.470278  0
14.106667  0.470668  0
14.133333  0.471036  0
14.160000  0.471350  0
14.186667  0.471594  0
14.213333  0.471766  0
14.240000  0.471879  0
14.266667  0.471953  0
14.293333  0.472013  0
14.320000  0.472080  0
14.346667  0.472164  0
14.373333  0.472266  0
14.400000  0.472372  0
14.426667  0.472464  0
14.453333  0.472521  0
14.480000  0.472525  0
14.506667  0.472470  0
14.533333  0.472357  0
14.560000  0.472201  0
14.586667  0.472021  0
14.613333  0.471841  0
14.640000  0.471687  0
14.666667  0.471577  0
14.693333  0.471530  0
14.720000  0.471559  0
14.746667  0.471673  0
14.773333  0.471881  0
14.800000  0.472190  0
14.826667  0.472602  0
14.853333  0.473112  0
14.880000  0.473706  0
14.906667  0.474359  0
14.933333  0.475039  0
14.960000  0.475706  0
14.986667  0.476323  0
15.013333  0.476859  0
15.040000  0.477291  0
15.066667  0.477609  0
15.093333  0.477817  0
15.120000  0.477924  0
15.146667  0.477948  0
15.173333  0.477905  0
15.200000  0.477813  0
15.226667  0.477689  0
15.253333  0.477542  0
15.280000  0.477381  0
15.306667  0.477213  0
15.333333  0.477040  0
15.360000  0.476865  0
15.386667  0.476689  0
15.413333  0.476512  0
15.440000  0.476335  0
15.466667  0.476158  0
15.493333  0.475980  0
15.520000  0.475803  0
15.546667  0.475626  0
15.573333  0.475448  0
15.600000  0.475271  0
15.626667  0.475094  0
15.653333  0.474916  0
15.680000  0.474739  0
15.706667  0.474562  0
15.733333  0.474385  0
15.760000  0.474207  0
15.786667  0.474030  0
15.813333  0.473853  0
15.840000  0.473675  0
15.866667  0.473498  0
15.893333  0.473321  0
15.920000  0.473143  0
15.946667  0.472966  0
15.973333  0.472789  0
16.000000  0.472612  0
16.026667  0.472434  0
16.053333  0.472257  0
16.080000  0.472080  0
16.106667  0.471902  0
16.133333  0.471725  0
16.160000  0.471548  0
16.186667  0.471370  0
16.213333  0.471193  0
16.240000  0.471016  0
16.266667  0.470839  0
16.293333  0.470661  0
16.320000  0.470484  0
16.346667  0.470307  0
16.373333  0.470129  0
16.400000  0.469952  0
16.426667  0.469775  0
16.453333  0.469597  0
16.480000  0.469420  0
16.506667  0.469243  0
16.533333  0.469066  0
16.560000  0.468888  0
16.586667  0.468711  0
16.613333  0.468534  0
16.640000  0.468356  0
16.666667  0.468179  0
16.693333  0.468002  0
16.720000  0.467824  0
16.746667  0.467647  0
16.773333  0.467470  0
16.800000  0.467292  0
16.826667  0.467115  0
16.853333  0.466938  0
16.880000  0.466761  0
16.906667  0.466583  0
16.933333  0.466406  0
16.960000  0.466229  0
16.986667  0.466051  0
17.013333  0.465874  0
17.040000  0.465697  0
17.066667  0.465519  0
17.093333  0.465342  0
17.120000  0.465165  0
17.146667  0.464988  0
17.173333  0.464810  0
17.200000  0.464633  0
17.226667  0.464456  0
17.253333  0.464278  0
17.280000  0.464101  0
17.306667  0.463924  0
17.333333  0.463746  0
17.360000  0.463569  0
17.386667  0.463392  0
17.413333  0.463215  0
17.440000  0.463037  0
17.466667  0.462860  0
17.493333  0.462683  0
17.520000  0.462505  0
17.546667  0.462328  0
17.573333  0.462151  0
17.600000  0.461973  0
17.626667  0.461796  0
17.653333  0.461619  0
17.680000  0.461442  0
17.706667  0.461264  0
17.733333  0.461087  0
17.760000  0.460910  0
17.786667  0.460732  0
17.813333  0.460555  0
17.840000  0.460378  0
17.866667  0.460200  0
17.893333  0.460023  0
17.920000  0.459846  0
17.946667  0.459669  0
17.973333  0.459491  0
18.000000  0.459314  0
18.026667  0.459137  0
18.053333  0.458959  0
18.080000  0.458782  0
18.106667  0.458605  0
18.133333  0.458427  0
18.160000  0.458250  0
18.186667  0.458073  0
18.213333  0.457896  0
18.240000  0.457719  0
18.266667  0.457543  0
18.293333  0.457369  0
18.320000  0.457195  0
18.346667  0.457025  0
18.373333  0.456859  0
18.400000  0.456698  0
18.426667  0.456545  0
18.453333  0.456403  0
18.480000  0.456272  0
18.506667  0.456157  0
18.533333  0.456057  0
18.560000  0.455974  0
18.586667  0.455908  0
18.613333  0.455858  0
18.640000  0.455823  0
18.666667  0.455801  0
18.693333  0.455789  0
18.720000  0.455786  0
18.746667  0.455789  0
18.773333  0.455796  0
18.800000  0.455806  0
18.826667  0.455818  0
18.853333  0.455831  0
18.880000  0.455845  0
18.906667  0.455860  0
18.933333  0.455874  0
18.960000  0.455889  0
18.986667  0.455904  0
19.013333  0.455919  0
19.040000  0.455933  0
19.066667  0.455948  0
19.093333  0.455963  0
19.120000  0.455978  0
19.146667  0.455992  0
19.173333  0.456007  0
19.200000  0.456022  0
19.226667  0.456037  0
19.253333  0.456051  0
19.280000  0.456066  0
19.306667  0.456081  0
19.333333  0.456096  0
19.360000  0.456111  0
19.386667  0.456125  0
19.413333  0.456140  0
19.440000  0.456155  0
19.466667  0.456170  0
19.493333  0.456184  0
19.520000  0.456199  0
19.546667  0.456214  0
19.573333  0.456229  0
19.600000  0.456243  0
19.626667  0.456258  0
19.653333  0.456273  0
19.680000  0.456288  0
19.706667  0.456303  0
19.733333  0.456317  0
19.760000  0.456332  0
19.786667  0.456347  0
19.813333  0.456362  0
19.840000  0.456376  0
19.866667  0.456391  0
19.893333  0.456406  0
19.920000  0.456421  0
19.946667  0.456436  0
19.973333  0.456450  0
20.000000  0.456465  0
20.026667  0.456480  0
20.053333  0.456495  0
20.080000  0.456509  0
20.106667  0.456524  0
20.133333  0.456539  0
20.160000  0.456554  0
20.186667  0.456568  0
20.213333  0.456583  0
20.240000  0.456598  0
20.266667  0.456613  0
20.293333  0.456628  0
20.320000  0.456642  0
20.346667  0.456657  0
20.373333  0.456672  0
20.400000  0.456687  0
20.426667  0.456701  0
20.453333  0.456716  0
20.480000  0.456731  0
20.506667  0.456746  0
20.533333  0.456760  0
20.560000  0.456775  0
20.586667  0.456790  0
20.613333  0.456805  0
20.640000  0.456820  0
20.666667  0.456834  0
20.693333  0.456849  0
20.720000  0.456864  0
20.746667  0.456879  0
20.773333  0.456893  0
20.800000  0.456908  0
20.826667  0.456923  0
20.853333  0.456938  0
20.880000  0.456952  0
20.906667  0.456967  0
20.933333  0.456982  0
20.960000  0.456997  0
20.986667  0.457012  0
21.013333  0.457026  0
21.040000  0.457041  0
21.066667  0.457056  0
21.093333  0.457071  0
21.120000  0.457085  0
21.146667  0.457100  0
21.173333  0.457115  0
21.200000  0.457130  0
21.226667  0.457144  0
21.253333  0.457159  0
21.280000  0.457174  0
21.306667  0.457189  0
21.333333  0.457204  0
21.360000  0.457218  0
21.386667  0.457233  0
21.413333  0.457248  0
21.440000  0.457263  0
21.466667  0.457277  0
21.493333  0.457292  0
21.520000  0.457307  0
21.546667  0.457322  0
21.573333  0.457336  0
21.600000  0.457351  0
21.626667  0.457366  0
21.653333  0.457381  0
21.680000  0.457396  0
21.706667  0.457410  0
21.733333  0.457425  0
21.760000  0.457440  0
21.786667  0.457455  0
21.813333  0.457469  0
21.840000  0.457484  0
21.866667  0.457499  0
21.893333  0.457514  0
21.920000  0.457529  0
21.946667  0.457543  0
21.973333  0.457558  0
22.000000  0.457573  0
22.026667  0.457588  0
22.053333  0.457602  0
22.080000  0.457617  0
22.106667  0.457632  0
22.133333  0.457647  0
22.160000  0.457661  0
22.186667  0.457676  0
22.213333  0.457691  0
22.240000  0.457706  0
22.266667  0.457720  0
22.293333  0.457735  0
22.320000  0.457749  0
22.346667  0.457763  0
22.373333  0.457777  0
22.400000  0.457790  0
22.426667  0.457802  0
22.453333  0.457813  0
22.480000  0.457822  0
22.506667  0.457830  0
22.533333  0.457835  0
22.560000  0.457837  0
