2.880000  0.913407  0
2.906667  0.912401  0
2.933333  0.910489  0
2.960000  0.907850  0
2.986667  0.904704  0
3.013333  0.901277  0
3.040000  0.897761  0
3.066667  0.894300  0
3.093333  0.890981  0
3.120000  0.887840  0
3.146667  0.884883  0
3.173333  0.882093  0
3.200000  0.879451  0
3.226667  0.876936  0
3.253333  0.874532  0
3.280000  0.872228  0
3.306667  0.870009  0
3.333333  0.867864  0
3.360000  0.865777  0
3.386667  0.863734  0
3.413333  0.861719  0
3.440000  0.859721  0
3.466667  0.857728  0
3.493333  0.855730  0
3.520000  0.853717  0
3.546667  0.851672  0
3.573333  0.849570  0
3.600000  0.847371  0
3.626667  0.845029  0
3.653333  0.842490  0
3.680000  0.839710  0
3.706667  0.836668  0
3.733333  0.833374  0
3.760000  0.829865  0
3.786667  0.826195  0
3.813333  0.822418  0
3.840000  0.818580  0
3.866667  0.814711  0
3.893333  0.810829  0
3.920000  0.806941  0
3.946667  0.803051  0
3.973333  0.799160  0
4.000000  0.795270  0
4.026667  0.791379  0
4.053333  0.787489  0
4.080000  0.783598  0
4.106667  0.779708  0
4.133333  0.775817  0
4.160000  0.771924  0
4.186667  0.768027  0
4.213333  0.764121  0
4.240000  0.760195  0
4.266667  0.756237  0
4.293333  0.752234  0
4.320000  0.748180  0
4.346667  0.744081  0
4.373333  0.739947  0
4.400000  0.735784  0
4.426667  0.731568  0
4.453333  0.727242  0
4.480000  0.722723  0
4.506667  0.717931  0
4.533333  0.712823  0
4.560000  0.707414  0
4.586667  0.701780  0
4.613333  0.696040  0
4.640000  0.690331  0
4.666667  0.684773  0
4.693333  0.679457  0
4.720000  0.674441  0
4.746667  0.669763  0
4.773333  0.665449  0
4.800000  0.661517  0
4.826667  0.657969  0
4.853333  0.654780  0
4.880000  0.651896  0
4.906667  0.649233  0
4.933333  0.646699  0
4.960000  0.644213  0
4.986667  0.641724  0
5.013333  0.639216  0
5.040000  0.636708  0
5.066667  0.634248  0
5.093333  0.631896  0
5.120000  0.629722  0
5.146667  0.627786  0
5.173333  0.626136  0
5.200000  0.624796  0
5.226667  0.623765  0
5.253333  0.623016  0
5.280000  0.622500  0
5.306667  0.622148  0
5.333333  0.621882  0
5.360000  0.621612  0
5.386667  0.621256  0
5.413333  0.620744  0
5.440000  0.620040  0
5.466667  0.619149  0
5.493333  0.618114  0
5.520000  0.617002  0
5.546667  0.615883  0
5.573333  0.614811  0
5.600000  0.613807  0
5.626667  0.612870  0
5.653333  0.611975  0
5.680000  0.611093  0
5.706667  0.610193  0
5.733333  0.609251  0
5.760000  0.608243  0
5.786667  0.607154  0
5.813333  0.605979  0
5.840000  0.604725  0
5.866667  0.603405  0
5.893333  0.602039  0
5.920000  0.600645  0
5.946667  0.599236  0
5.973333  0.597820  0
6.000000  0.596402  0
6.026667  0.594982  0
6.053333  0.593562  0
6.080000  0.592142  0
6.106667  0.590723  0
6.133333  0.589303  0
6.160000  0.587883  0
6.186667  0.586465  0
6.213333  0.585048  0
6.240000  0.583637  0
6.266667  0.582235  0
6.293333  0.580852  0
6.320000  0.579496  0
6.346667  0.578178  0
6.373333  0.576906  0
6.400000  0.575685  0
6.426667  0.574514  0
6.453333  0.573388  0
6.480000  0.572302  0
6.506667  0.571247  0
6.533333  0.570219  0
6.560000  0.569210  0
6.586667  0.568218  0
6.613333  0.567237  0
6.640000  0.566264  0
6.666667  0.565294  0
6.693333  0.564319  0
6.720000  0.563332  0
6.746667  0.562327  0
6.773333  0.561299  0
6.800000  0.560247  0
6.826667  0.559177  0
6.853333  0.558093  0
6.880000  0.556999  0
6.906667  0.555902  0
6.933333  0.554802  0
6.960000  0.553701  0
6.986667  0.552600  0
7.013333  0.551499  0
7.040000  0.550398  0
7.066667  0.549297  0
7.093333  0.548196  0
7.120000  0.547095  0
7.146667  0.545993  0
7.173333  0.544892  0
7.200000  0.543791  0
7.226667  0.542690  0
7.253333  0.541589  0
7.280000  0.540488  0
7.306667  0.539387  0
7.333333  0.538286  0
7.360000  0.537184  0
7.386667  0.536083  0
7.413333  0.534982  0
7.440000  0.533882  0
7.466667  0.532782  0
7.493333  0.531685  0
7.520000  0.530594  0
7.546667  0.529514  0
7.573333  0.528454  0
7.600000  0.527429  0
7.626667  0.526456  0
7.653333  0.525560  0
7.680000  0.524763  0
7.706667  0.524083  0
7.733333  0.523532  0
7.760000  0.523107  0
7.786667  0.522792  0
7.813333  0.522560  0
7.840000  0.522378  0
7.866667  0.522212  0
7.893333  0.522028  0
7.920000  0.521797  0
7.946667  0.521499  0
7.973333  0.521117  0
8.000000  0.520643  0
8.026667  0.520066  0
8.053333  0.519372  0
8.080000  0.518544  0
8.106667  0.517557  0
8.133333  0.516384  0
8.160000  0.514996  0
8.186667  0.513360  0
8.213333  0.511449  0
8.240000  0.509245  0
8.266667  0.506746  0
8.293333  0.503976  0
8.320000  0.500986  0
8.346667  0.497853  0
8.373333  0.494670  0
8.400000  0.491530  0
8.426667  0.488515  0
8.453333  0.485683  0
8.480000  0.483065  0
8.506667  0.480663  0
8.533333  0.478458  0
8.560000  0.476424  0
8.586667  0.474534  0
8.613333  0.472763  0
8.640000  0.471091  0
8.666667  0.469499  0
8.693333  0.467968  0
8.720000  0.466477  0
8.746667  0.465011  0
8.773333  0.463558  0
8.800000  0.462110  0
8.826667  0.460665  0
8.853333  0.459221  0
8.880000  0.457778  0
8.906667  0.456334  0
8.933333  0.454890  0
8.960000  0.453446  0
8.986667  0.452003  0
9.013333  0.450559  0
9.040000  0.449115  0
9.066667  0.447672  0
9.093333  0.446229  0
9.120000  0.444787  0
9.146667  0.443350  0
9.173333  0.441921  0
9.200000  0.440510  0
9.226667  0.439129  0
9.253333  0.437794  0
9.280000  0.436521  0
9.306667  0.435322  0
9.333333  0.434206  0
9.360000  0.433176  0
9.386667  0.432229  0
9.413333  0.431359  0
9.440000  0.430560  0
9.466667  0.429821  0
9.493333  0.429132  0
9.520000  0.428482  0
9.546667  0.427859  0
9.573333  0.427255  0
9.600000  0.426665  0
9.626667  0.426084  0
9.653333  0.425515  0
9.680000  0.424959  0
9.706667  0.424426  0
9.733333  0.423926  0
9.760000  0.423468  0
9.786667  0.423060  0
9.813333  0.422702  0
9.840000  0.422383  0
9.866667  0.422078  0
9.893333  0.421758  0
9.920000  0.421396  0
9.946667  0.420977  0
9.973333  0.420507  0
10.000000  0.420012  0
10.026667  0.419531  0
10.053333  0.419103  0
10.080000  0.418756  0
10.106667  0.418502  0
10.133333  0.418334  0
10.160000  0.418235  0
10.186667  0.418185  0
10.213333  0.418167  0
10.240000  0.418172  0
10.266667  0.418192  0
10.293333  0.418222  0
10.320000  0.418252  0
10.346667  0.418271  0
10.373333  0.418268  0
10.400000  0.418239  0
10.426667  0.418189  0
10.453333  0.418130  0
10.480000  0.418076  0
10.506667  0.418036  0
10.533333  0.418012  0
10.560000  0.417993  0
10.586667  0.417959  0
10.613333  0.417891  0
10.640000  0.417772  0
10.666667  0.417603  0
10.693333  0.417396  0
10.720000  0.417178  0
10.746667  0.416983  0
10.773333  0.416843  0
10.800000  0.416776  0
10.826667  0.416786  0
10.853333  0.416860  0
10.880000  0.416971  0
10.906667  0.417089  0
10.933333  0.417184  0
10.960000  0.417232  0
10.986667  0.417217  0
11.013333  0.417135  0
11.040000  0.416990  0
11.066667  0.416792  0
11.093333  0.416556  0
11.120000  0.416299  0
11.146667  0.416037  0
11.173333  0.415787  0
11.200000  0.415563  0
11.226667  0.415374  0
11.253333  0.415227  0
11.280000  0.415125  0
11.306667  0.415060  0
11.333333  0.415018  0
11.360000  0.414976  0
11.386667  0.414908  0
11.413333  0.414788  0
11.440000  0.414596  0
11.466667  0.414329  0
11.493333  0.413996  0
11.520000  0.413621  0
11.546667  0.413235  0
11.573333  0.412871  0
11.600000  0.412559  0
11.626667  0.412318  0
11.653333  0.412160  0
11.680000  0.412088  0
11.706667  0.412097  0
11.733333  0.412174  0
11.760000  0.412296  0
11.786667  0.412433  0
11.813333  0.412553  0
11.840000  0.412627  0
11.866667  0.412637  0
11.893333  0.412581  0
11.920000  0.412470  0
11.946667  0.412321  0
11.973333  0.412153  0
12.000000  0.411979  0
12.026667  0.411803  0
12.053333  0.411625  0
12.080000  0.411441  0
12.106667  0.411248  0
12.133333  0.411045  0
12.160000  0.410834  0
12.186667  0.410620  0
12.213333  0.410405  0
12.240000  0.410192  0
12.266667  0.409973  0
12.293333  0.409739  0
12.320000  0.409472  0
12.346667  0.409156  0
12.373333  0.408776  0
12.400000  0.408324  0
12.426667  0.407795  0
12.453333  0.407186  0
12.480000  0.406494  0
12.506667  0.405720  0
12.533333  0.404873  0
12.560000  0.403984  0
12.586667  0.403110  0
12.613333  0.402332  0
12.640000  0.401737  0
12.666667  0.401390  0
12.693333  0.401309  0
12.720000  0.401453  0
12.746667  0.401730  0
12.773333  0.402030  0
12.800000  0.402249  0
12.826667  0.402318  0
12.853333  0.402209  0
12.880000  0.401929  0
12.906667  0.401503  0
12.933333  0.400956  0
12.960000  0.400309  0
12.986667  0.399574  0
13.013333  0.398753  0
13.040000  0.397849  0
13.066667  0.396867  0
13.093333  0.395816  0
13.120000  0.394707  0
13.146667  0.393554  0
13.173333  0.392369  0
13.200000  0.391165  0
13.226667  0.389947  0
13.253333  0.388724  0
13.280000  0.387497  0
13.306667  0.386272  0
13.333333  0.385050  0
13.360000  0.383836  0
13.386667  0.382637  0
13.413333  0.381463  0
13.440000  0.380326  0
13.466667  0.379241  0
13.493333  0.378221  0
13.520000  0.377282  0
13.546667  0.376431  0
13.573333  0.375673  0
13.600000  0.375003  0
13.626667  0.374413  0
13.653333  0.373889  0
13.680000  0.373418  0
13.706667  0.372986  0
13.733333  0.372582  0
13.760000  0.372197  0
13.786667  0.371823  0
13.813333  0.371457  0
13.840000  0.371098  0
13.866667  0.370745  0
13.893333  0.370402  0
13.920000  0.370076  0
13.946667  0.369777  0
13.973333  0.369517  0
14.000000  0.369305  0
14.026667  0.369144  0
14.053333  0.369030  0
14.080000  0.368955  0
14.106667  0.368907  0
14.133333  0.368875  0
14.160000  0.368852  0
14.186667  0.368832  0
14.213333  0.368815  0
14.240000  0.368797  0
14.266667  0.368780  0
14.293333  0.368763  0
14.320000  0.368746  0
14.346667  0.368729  0
14.373333  0.368712  0
14.400000  0.368694  0
14.426667  0.368677  0
14.453333  0.368660  0
14.480000  0.368643  0
14.506667  0.368626  0
14.533333  0.368609  0
14.560000  0.368592  0
14.586667  0.368575  0
14.613333  0.368558  0
14.640000  0.368540  0
14.666667  0.368523  0
14.693333  0.368506  0
14.720000  0.368489  0
14.746667  0.368472  0
14.773333  0.368456  0
14.800000  0.368440  0
14.826667  0.368426  0
14.853333  0.368418  0
14.880000  0.368417  0
14.906667  0.368428  0
14.933333  0.368453  0
14.960000  0.368489  0
14.986667  0.368531  0
15.013333  0.368568  0
15.040000  0.368591  0
15.066667  0.368593  0
15.093333  0.368573  0
15.120000  0.368534  0
15.146667  0.368479  0
15.173333  0.368414  0
15.200000  0.368343  0
15.226667  0.368269  0
15.253333  0.368194  0
15.280000  0.368117  0
15.306667  0.368041  0
15.333333  0.367964  0
15.360000  0.367887  0
15.386667  0.367811  0
15.413333  0.367734  0
15.440000  0.367657  0
15.466667  0.367581  0
15.493333  0.367504  0
15.520000  0.367427  0
15.546667  0.367351  0
15.573333  0.367274  0
15.600000  0.367197  0
15.626667  0.367121  0
15.653333  0.367044  0
15.680000  0.366967  0
15.706667  0.366891  0
15.733333  0.366814  0
15.760000  0.366737  0
15.786667  0.366661  0
15.813333  0.366584  0
15.840000  0.366507  0
15.866667  0.366431  0
15.893333  0.366354  0
15.920000  0.366277  0
15.946667  0.366201  0
15.973333  0.366124  0
16.000000  0.366047  0
16.026667  0.365971  0
16.053333  0.365894  0
16.080000  0.365817  0
16.106667  0.365741  0
16.133333  0.365664  0
16.160000  0.365587  0
16.186667  0.365510  0
16.213333  0.365434  0
16.240000  0.365357  0
16.266667  0.365280  0
16.293333  0.365204  0
16.320000  0.365127  0
16.346667  0.365050  0
16.373333  0.364974  0
16.400000  0.364897  0
16.426667  0.364820  0
16.453333  0.364744  0
16.480000  0.364667  0
16.506667  0.364590  0
16.533333  0.364514  0
16.560000  0.364437  0
16.586667  0.364360  0
16.613333  0.364284  0
16.640000  0.364207  0
16.666667  0.364130  0
16.693333  0.364054  0
16.720000  0.363977  0
16.746667  0.363900  0
16.773333  0.363824  0
16.800000  0.363747  0
16.826667  0.363670  0
16.853333  0.363594  0
16.880000  0.363517  0
16.906667  0.363440  0
16.933333  0.363363  0
16.960000  0.363287  0
16.986667  0.363210  0
17.013333  0.363133  0
17.040000  0.363057  0
17.066667  0.362980  0
17.093333  0.362903  0
17.120000  0.362827  0
17.146667  0.362750  0
17.173333  0.362673  0
17.200000  0.362597  0
17.226667  0.362520  0
17.253333  0.362443  0
17.280000  0.362367  0
17.306667  0.362290  0
17.333333  0.362213  0
17.360000  0.362137  0
17.386667  0.362060  0
17.413333  0.361983  0
17.440000  0.361907  0
17.466667  0.361830  0
17.493333  0.361753  0
17.520000  0.361677  0
17.546667  0.361600  0
17.573333  0.361523  0
17.600000  0.361447  0
17.626667  0.361370  0
17.653333  0.361293  0
17.680000  0.361216  0
17.706667  0.361140  0
17.733333  0.361063  0
17.760000  0.360986  0
17.786667  0.360910  0
17.813333  0.360833  0
17.840000  0.360756  0
17.866667  0.360680  0
17.893333  0.360603  0
17.920000  0.360526  0
17.946667  0.360450  0
17.973333  0.360373  0
18.000000  0.360295  0
18.026667  0.360218  0
18.053333  0.360140  0
18.080000  0.360061  0
18.106667  0.359980  0
18.133333  0.359898  0
18.160000  0.359814  0
18.186667  0.359728  0
18.213333  0.359639  0
18.240000  0.359548  0
18.266667  0.359455  0
18.293333  0.359361  0
18.320000  0.359266  0
18.346667  0.359169  0
18.373333  0.359073  0
18.400000  0.358976  0
18.426667  0.358878  0
18.453333  0.358781  0
18.480000  0.358684  0
18.506667  0.358586  0
18.533333  0.358489  0
18.560000  0.358391  0
18.586667  0.358294  0
18.613333  0.358196  0
18.640000  0.358099  0
18.666667  0.358001  0
18.693333  0.357904  0
18.720000  0.357806  0
18.746667  0.357709  0
18.773333  0.357612  0
18.800000  0.357514  0
18.826667  0.357417  0
18.853333  0.357319  0
18.880000  0.357222  0
18.906667  0.357124  0
18.933333  0.357027  0
18.960000  0.356929  0
18.986667  0.356832  0
19.013333  0.356734  0
19.040000  0.356637  0
19.066667  0.356540  0
19.093333  0.356442  0
19.120000  0.356345  0
19.146667  0.356247  0
19.173333  0.356150  0
19.200000  0.356052  0
19.226667  0.355955  0
19.253333  0.355857  0
19.280000  0.355760  0
19.306667  0.355662  0
19.333333  0.355565  0
19.360000  0.355468  0
19.386667  0.355370  0
19.413333  0.355273  0
19.440000  0.355175  0
19.466667  0.355078  0
19.493333  0.354980  0
19.520000  0.354883  0
19.546667  0.354785  0
19.573333  0.354688  0
19.600000  0.354590  0
19.626667  0.354493  0
19.653333  0.354395  0
19.680000  0.354298  0
19.706667  0.354201  0
19.733333  0.354103  0
19.760000  0.354006  0
19.786667  0.353908  0
19.813333  0.353811  0
19.840000  0.353713  0
19.866667  0.353616  0
19.893333  0.353518  0
19.920000  0.353421  0
19.946667  0.353323  0
19.973333  0.353226  0
20.000000  0.353129  0
20.026667  0.353031  0
20.053333  0.352934  0
20.080000  0.352836  0
20.106667  0.352739  0
20.133333  0.352641  0
20.160000  0.352544  0
20.186667  0.352446  0
20.213333  0.352349  0
20.240000  0.352251  0
20.266667  0.352154  0
20.293333  0.352057  0
20.320000  0.351959  0
20.346667  0.351862  0
20.373333  0.351764  0
20.400000  0.351667  0
20.426667  0.351569  0
20.453333  0.351472  0
20.480000  0.351374  0
20.506667  0.351277  0
20.533333  0.351179  0
20.560000  0.351082  0
20.586667  0.350985  0
20.613333  0.350887  0
20.640000  0.350790  0
20.666667  0.350692  0
20.693333  0.350595  0
20.720000  0.350497  0
20.746667  0.350400  0
20.773333  0.350302  0
20.800000  0.350205  0
20.826667  0.350107  0
20.853333  0.350010  0
20.880000  0.349913  0
20.906667  0.349815  0
20.933333  0.349718  0
20.960000  0.349620  0
20.986667  0.349523  0
21.013333  0.349425  0
21.040000  0.349328  0
21.066667  0.349230  0
21.093333  0.349133  0
21.120000  0.349035  0
21.146667  0.348938  0
21.173333  0.348841  0
21.200000  0.348743  0
21.226667  0.348646  0
21.253333  0.348548  0
21.280000  0.348451  0
21.306667  0.348353  0
21.333333  0.348256  0
21.360000  0.348158  0
21.386667  0.348061  0
21.413333  0.347963  0
21.440000  0.347866  0
21.466667  0.347769  0
21.493333  0.347671  0
21.520000  0.347574  0
21.546667  0.347476  0
21.573333  0.347379  0
21.600000  0.347281  0
21.626667  0.347184  0
21.653333  0.347086  0
21.680000  0.346989  0
21.706667  0.346891  0
21.733333  0.346794  0
21.760000  0.346697  0
21.786667  0.346599  0
21.813333  0.346502  0
21.840000  0.346404  0
21.866667  0.346307  0
21.893333  0.346209  0
21.920000  0.346112  0
21.946667  0.346014  0
21.973333  0.345917  0
22.000000  0.345819  0
22.026667  0.345722  0
22.053333  0.345625  0
22.080000  0.345527  0
22.106667  0.345430  0
22.133333  0.345332  0
22.160000  0.345235  0
22.186667  0.345137  0
22.213333  0.345040  0
22.240000  0.344942  0
22.266667  0.344845  0
22.293333  0.344748  0
22.320000  0.344650  0
22.346667  0.344553  0
22.373333  0.344456  0
22.400000  0.344359  0
22.426667  0.344262  0
22.453333  0.344166  0
22.480000  0.344069  0
22.506667  0.343973  0
22.533333  0.343877  0
22.560000  0.343782  0
22.586667  0.343686  0
22.613333  0.343590  0
22.640000  0.343495  0
22.666667  0.343400  0
22.693333  0.343304  0
22.720000  0.343209  0
22.746667  0.343113  0
22.773333  0.343018  0
22.800000  0.342923  0
22.826667  0.342827  0
22.853333  0.342732  0
22.880000  0.342636  0
22.906667  0.342541  0
22.933333  0.342446  0
22.960000  0.342350  0
22.986667  0.342255  0
23.013333  0.342159  0
23.040000  0.342064  0
23.066667  0.341969  0
23.093333  0.341873  0
23.120000  0.341778  0
23.146667  0.341682  0
23.173333  0.341587  0
23.200000  0.341492  0
23.226667  0.341396  0
23.253333  0.341301  0
23.280000  0.341205  0
23.306667  0.341110  0
23.333333  0.341015  0
23.360000  0.340919  0
23.386667  0.340824  0
23.413333  0.340728  0
23.440000  0.340633  0
23.466667  0.340538  0
23.493333  0.340442  0
23.520000  0.340347  0
23.546667  0.340251  0
23.573333  0.340156  0
23.600000  0.340060  0
23.626667  0.339965  0
23.653333  0.339870  0
23.680000  0.339774  0
23.706667  0.339679  0
23.733333  0.339583  0
23.760000  0.339488  0
23.786667  0.339393  0
23.813333  0.339297  0
23.840000  0.339202  0
23.866667  0.339106  0
23.893333  0.339011  0
23.920000  0.338916  0
23.946667  0.338820  0
23.973333  0.338725  0
24.000000  0.338629  0
24.026667  0.338534  0
24.053333  0.338439  0
24.080000  0.338343  0
24.106667  0.338248  0
24.133333  0.338152  0
24.160000  0.338057  0
24.186667  0.337962  0
24.213333  0.337866  0
24.240000  0.337771  0
24.266667  0.337675  0
24.293333  0.337580  0
24.320000  0.337485  0
24.346667  0.337389  0
24.373333  0.337294  0
24.400000  0.337198  0
24.426667  0.337103  0
24.453333  0.337008  0
24.480000  0.336912  0
24.506667  0.336817  0
24.533333  0.336721  0
24.560000  0.336626  0
24.586667  0.336531  0
24.613333  0.336435  0
24.640000  0.336340  0
24.666667  0.336244  0
24.693333  0.336149  0
24.720000  0.336054  0
24.746667  0.335958  0
24.773333  0.335863  0
24.800000  0.335767  0
24.826667  0.335672  0
24.853333  0.335577  0
24.880000  0.335481  0
24.906667  0.335386  0
24.933333  0.335290  0
24.960000  0.335195  0
24.986667  0.335100  0
25.013333  0.335004  0
25.040000  0.334909  0
25.066667  0.334813  0
25.093333  0.334718  0
25.120000  0.334623  0
25.146667  0.334527  0
25.173333  0.334432  0
25.200000  0.334336  0
25.226667  0.334241  0
25.253333  0.334146  0
25.280000  0.334050  0
25.306667  0.333955  0
25.333333  0.333859  0
25.360000  0.333764  0
25.386667  0.333669  0
25.413333  0.333573  0
25.440000  0.333478  0
25.466667  0.333382  0
25.493333  0.333287  0
25.520000  0.333192  0
25.546667  0.333096  0
25.573333  0.333001  0
25.600000  0.332905  0
25.626667  0.332810  0
25.653333  0.332715  0
25.680000  0.332619  0
25.706667  0.332524  0
25.733333  0.332428  0
25.760000  0.332333  0
25.786667  0.332238  0
25.813333  0.332142  0
25.840000  0.332047  0
25.866667  0.331951  0
25.893333  0.331856  0
25.920000  0.331761  0
25.946667  0.331665  0
25.973333  0.331570  0
26.000000  0.331474  0
26.026667  0.331379  0
26.053333  0.331284  0
26.080000  0.331188  0
26.106667  0.331093  0
26.133333  0.330997  0
26.160000  0.330902  0
26.186667  0.330807  0
26.213333  0.330711  0
26.240000  0.330616  0
26.266667  0.330520  0
26.293333  0.330425  0
26.320000  0.330330  0
26.346667  0.330234  0
26.373333  0.330139  0
26.400000  0.330043  0
26.426667  0.329948  0
26.453333  0.329853  0
26.480000  0.329757  0
26.506667  0.329662  0
26.533333  0.329566  0
26.560000  0.329471  0
26.586667  0.329376  0
26.613333  0.329280  0
26.640000  0.329185  0
26.666667  0.329089  0
26.693333  0.328994  0
26.720000  0.328899  0
26.746667  0.328803  0
26.773333  0.328708  0
26.800000  0.328612  0
26.826667  0.328517  0
26.853333  0.328422  0
26.880000  0.328326  0
26.906667  0.328231  0
26.933333  0.328135  0
26.960000  0.328040  0
26.986667  0.327945  0
27.013333  0.327849  0
27.040000  0.327754  0
27.066667  0.327658  0
27.093333  0.327563  0
27.120000  0.327468  0
27.146667  0.327373  0
27.173333  0.327278  0
27.200000  0.327184  0
27.226667  0.327091  0
27.253333  0.327000  0
27.280000  0.326914  0
27.306667  0.326835  0
27.333333  0.326765  0
27.360000  0.326709  0
27.386667  0.326669  0
27.413333  0.326648  0
