2.746667  0.745867  0
2.773333  0.745795  0
2.800000  0.745653  0
2.826667  0.745445  0
2.853333  0.745178  0
2.880000  0.744859  0
2.906667  0.744493  0
2.933333  0.744087  0
2.960000  0.743646  0
2.986667  0.743172  0
3.013333  0.742669  0
3.040000  0.742137  0
3.066667  0.741575  0
3.093333  0.740984  0
3.120000  0.740363  0
3.146667  0.739714  0
3.173333  0.739036  0
3.200000  0.738332  0
3.226667  0.737605  0
3.253333  0.736857  0
3.280000  0.736093  0
3.306667  0.735314  0
3.333333  0.734525  0
3.360000  0.733729  0
3.386667  0.732928  0
3.413333  0.732124  0
3.440000  0.731319  0
3.466667  0.730515  0
3.493333  0.729713  0
3.520000  0.728913  0
3.546667  0.728118  0
3.573333  0.727325  0
3.600000  0.726536  0
3.626667  0.725749  0
3.653333  0.724962  0
3.680000  0.724171  0
3.706667  0.723374  0
3.733333  0.722566  0
3.760000  0.721744  0
3.786667  0.720906  0
3.813333  0.720053  0
3.840000  0.719187  0
3.866667  0.718317  0
3.893333  0.717453  0
3.920000  0.716609  0
3.946667  0.715799  0
3.973333  0.715034  0
4.000000  0.714325  0
4.026667  0.713670  0
4.053333  0.713064  0
4.080000  0.712490  0
4.106667  0.711924  0
4.133333  0.711336  0
4.160000  0.710695  0
4.186667  0.709970  0
4.213333  0.709137  0
4.240000  0.708181  0
4.266667  0.707097  0
4.293333  0.705895  0
4.320000  0.704593  0
4.346667  0.703223  0
4.373333  0.701821  0
4.400000  0.700426  0
4.426667  0.699078  0
4.453333  0.697814  0
4.480000  0.696664  0
4.506667  0.695655  0
4.533333  0.694805  0
4.560000  0.694127  0
4.586667  0.693625  0
4.613333  0.693297  0
4.640000  0.693128  0
4.666667  0.693091  0
4.693333  0.693150  0
4.720000  0.693253  0
4.746667  0.693342  0
4.773333  0.693354  0
4.800000  0.693228  0
4.826667  0.692913  0
4.853333  0.692370  0
4.880000  0.691577  0
4.906667  0.690530  0
4.933333  0.689245  0
4.960000  0.687746  0
4.986667  0.686069  0
5.013333  0.684250  0
5.040000  0.682322  0
5.066667  0.680311  0
5.093333  0.678233  0
5.120000  0.676091  0
5.146667  0.673880  0
5.173333  0.671588  0
5.200000  0.669202  0
5.226667  0.666710  0
5.253333  0.664112  0
5.280000  0.661416  0
5.306667  0.658648  0
5.333333  0.655843  0
5.360000  0.653052  0
5.386667  0.650325  0
5.413333  0.647710  0
5.440000  0.645242  0
5.466667  0.642936  0
5.493333  0.640784  0
5.520000  0.638754  0
5.546667  0.636796  0
5.573333  0.634850  0
5.600000  0.632854  0
5.626667  0.630751  0
5.653333  0.628502  0
5.680000  0.626083  0
5.706667  0.623492  0
5.733333  0.620744  0
5.760000  0.617869  0
5.786667  0.614906  0
5.813333  0.611900  0
5.840000  0.608891  0
5.866667  0.605917  0
5.893333  0.603001  0
5.920000  0.600158  0
5.946667  0.597387  0
5.973333  0.594678  0
6.000000  0.592014  0
6.026667  0.589374  0
6.053333  0.586742  0
6.080000  0.584106  0
6.106667  0.581465  0
6.133333  0.578828  0
6.160000  0.576212  0
6.186667  0.573640  0
6.213333  0.571139  0
6.240000  0.568733  0
6.266667  0.566443  0
6.293333  0.564281  0
6.320000  0.562253  0
6.346667  0.560356  0
6.373333  0.558579  0
6.400000  0.556908  0
6.426667  0.555328  0
6.453333  0.553827  0
6.480000  0.552394  0
6.506667  0.551029  0
6.533333  0.549733  0
6.560000  0.548512  0
6.586667  0.547373  0
6.613333  0.546317  0
6.640000  0.545343  0
6.666667  0.544438  0
6.693333  0.543583  0
6.720000  0.542754  0
6.746667  0.541921  0
6.773333  0.541058  0
6.800000  0.540141  0
6.826667  0.539149  0
6.853333  0.538070  0
6.880000  0.536893  0
6.906667  0.535611  0
6.933333  0.534220  0
6.960000  0.532712  0
6.986667  0.531078  0
7.013333  0.529307  0
7.040000  0.527384  0
7.066667  0.525288  0
7.093333  0.522996  0
7.120000  0.520480  0
7.146667  0.517708  0
7.173333  0.514649  0
7.200000  0.511277  0
7.226667  0.507577  0
7.253333  0.503552  0
7.280000  0.499226  0
7.306667  0.494651  0
7.333333  0.489904  0
7.360000  0.485085  0
7.386667  0.480303  0
7.413333  0.475674  0
7.440000  0.471301  0
7.466667  0.467269  0
7.493333  0.463640  0
7.520000  0.460443  0
7.546667  0.457684  0
7.573333  0.455343  0
7.600000  0.453384  0
7.626667  0.451762  0
7.653333  0.450429  0
7.680000  0.449337  0
7.706667  0.448443  0
7.733333  0.447708  0
7.760000  0.447099  0
7.786667  0.446588  0
7.813333  0.446149  0
7.840000  0.445763  0
7.866667  0.445410  0
7.893333  0.445075  0
7.920000  0.444745  0
7.946667  0.444409  0
7.973333  0.444056  0
8.000000  0.443679  0
8.026667  0.443267  0
8.053333  0.442811  0
8.080000  0.442303  0
8.106667  0.441736  0
8.133333  0.441108  0
8.160000  0.440419  0
8.186667  0.439672  0
8.213333  0.438878  0
8.240000  0.438046  0
8.266667  0.437189  0
8.293333  0.436317  0
8.320000  0.435439  0
8.346667  0.434560  0
8.373333  0.433680  0
8.400000  0.432800  0
8.426667  0.431915  0
8.453333  0.431022  0
8.480000  0.430119  0
8.506667  0.429208  0
8.533333  0.428292  0
8.560000  0.427376  0
8.586667  0.426470  0
8.613333  0.425584  0
8.640000  0.424729  0
8.666667  0.423917  0
8.693333  0.423160  0
8.720000  0.422469  0
8.746667  0.421852  0
8.773333  0.421315  0
8.800000  0.420860  0
8.826667  0.420479  0
8.853333  0.420162  0
8.880000  0.419887  0
8.906667  0.419632  0
8.933333  0.419371  0
8.960000  0.419082  0
8.986667  0.418752  0
9.013333  0.418376  0
9.040000  0.417961  0
9.066667  0.417525  0
9.093333  0.417089  0
9.120000  0.416674  0
9.146667  0.416299  0
9.173333  0.415974  0
9.200000  0.415698  0
9.226667  0.415464  0
9.253333  0.415260  0
9.280000  0.415070  0
9.306667  0.414880  0
9.333333  0.414682  0
9.360000  0.414472  0
9.386667  0.414250  0
9.413333  0.414020  0
9.440000  0.413789  0
9.466667  0.413562  0
9.493333  0.413343  0
9.520000  0.413133  0
9.546667  0.412933  0
9.573333  0.412740  0
9.600000  0.412551  0
9.626667  0.412364  0
9.653333  0.412175  0
9.680000  0.411983  0
9.706667  0.411787  0
9.733333  0.411586  0
9.760000  0.411381  0
9.786667  0.411173  0
9.813333  0.410962  0
9.840000  0.410750  0
9.866667  0.410540  0
9.893333  0.410333  0
9.920000  0.410132  0
9.946667  0.409943  0
9.973333  0.409773  0
10.000000  0.409628  0
10.026667  0.409517  0
10.053333  0.409446  0
10.080000  0.409413  0
10.106667  0.409411  0
10.133333  0.409423  0
10.160000  0.409423  0
10.186667  0.409380  0
10.213333  0.409264  0
10.240000  0.409047  0
10.266667  0.408714  0
10.293333  0.408263  0
10.320000  0.407705  0
10.346667  0.407065  0
10.373333  0.406375  0
10.400000  0.405667  0
10.426667  0.404974  0
10.453333  0.404320  0
10.480000  0.403724  0
10.506667  0.403198  0
10.533333  0.402747  0
10.560000  0.402376  0
10.586667  0.402082  0
10.613333  0.401867  0
10.640000  0.401726  0
10.666667  0.401656  0
10.693333  0.401650  0
10.720000  0.401698  0
10.746667  0.401788  0
10.773333  0.401906  0
10.800000  0.402040  0
10.826667  0.402177  0
10.853333  0.402305  0
10.880000  0.402420  0
10.906667  0.402518  0
10.933333  0.402602  0
10.960000  0.402677  0
10.986667  0.402751  0
11.013333  0.402832  0
11.040000  0.402926  0
11.066667  0.403034  0
11.093333  0.403153  0
11.120000  0.403277  0
11.146667  0.403392  0
11.173333  0.403485  0
11.200000  0.403540  0
11.226667  0.403547  0
11.253333  0.403500  0
11.280000  0.403400  0
11.306667  0.403257  0
11.333333  0.403085  0
11.360000  0.402905  0
11.386667  0.402739  0
11.413333  0.402605  0
11.440000  0.402518  0
11.466667  0.402480  0
11.493333  0.402488  0
11.520000  0.402526  0
11.546667  0.402572  0
11.573333  0.402602  0
11.600000  0.402594  0
11.626667  0.402533  0
11.653333  0.402411  0
11.680000  0.402234  0
11.706667  0.402012  0
11.733333  0.401762  0
11.760000  0.401500  0
11.786667  0.401236  0
11.813333  0.400975  0
11.840000  0.400710  0
11.866667  0.400427  0
11.893333  0.400105  0
11.920000  0.399724  0
11.946667  0.399261  0
11.973333  0.398699  0
12.000000  0.398027  0
12.026667  0.397243  0
12.053333  0.396356  0
12.080000  0.395388  0
12.106667  0.394372  0
12.133333  0.393352  0
12.160000  0.392377  0
12.186667  0.391495  0
12.213333  0.390747  0
12.240000  0.390156  0
12.266667  0.389728  0
12.293333  0.389446  0
12.320000  0.389276  0
12.346667  0.389168  0
12.373333  0.389070  0
12.400000  0.388931  0
12.426667  0.388710  0
12.453333  0.388383  0
12.480000  0.387940  0
12.506667  0.387393  0
12.533333  0.386764  0
12.560000  0.386089  0
12.586667  0.385410  0
12.613333  0.384771  0
12.640000  0.384211  0
12.666667  0.383762  0
12.693333  0.383450  0
12.720000  0.383289  0
12.746667  0.383283  0
12.773333  0.383428  0
12.800000  0.383716  0
12.826667  0.384128  0
12.853333  0.384646  0
12.880000  0.385243  0
12.906667  0.385893  0
12.933333  0.386564  0
12.960000  0.387228  0
12.986667  0.387853  0
13.013333  0.388416  0
13.040000  0.388896  0
13.066667  0.389281  0
13.093333  0.389570  0
13.120000  0.389766  0
13.146667  0.389883  0
13.173333  0.389940  0
13.200000  0.389956  0
13.226667  0.389952  0
13.253333  0.389944  0
13.280000  0.389944  0
13.306667  0.389958  0
13.333333  0.389987  0
13.360000  0.390027  0
13.386667  0.390076  0
13.413333  0.390135  0
13.440000  0.390205  0
13.466667  0.390297  0
13.493333  0.390421  0
13.520000  0.390590  0
13.546667  0.390814  0
13.573333  0.391098  0
13.600000  0.391442  0
13.626667  0.391839  0
13.653333  0.392279  0
13.680000  0.392746  0
13.706667  0.393226  0
13.733333  0.393702  0
13.760000  0.394162  0
13.786667  0.394591  0
13.813333  0.394981  0
13.840000  0.395325  0
13.866667  0.395618  0
13.893333  0.395861  0
13.920000  0.396060  0
13.946667  0.396224  0
13.973333  0.396366  0
14.000000  0.396501  0
14.026667  0.396642  0
14.053333  0.396799  0
14.080000  0.396978  0
14.106667  0.397176  0
14.133333  0.397385  0
14.160000  0.397589  0
14.186667  0.397771  0
14.213333  0.397911  0
14.240000  0.397993  0
14.266667  0.398006  0
14.293333  0.397944  0
14.320000  0.397811  0
14.346667  0.397619  0
14.373333  0.397386  0
14.400000  0.397136  0
14.426667  0.396893  0
14.453333  0.396682  0
14.480000  0.396526  0
14.506667  0.396440  0
14.533333  0.396434  0
14.560000  0.396512  0
14.586667  0.396666  0
14.613333  0.396888  0
14.640000  0.397159  0
14.666667  0.397461  0
14.693333  0.397773  0
14.720000  0.398074  0
14.746667  0.398347  0
14.773333  0.398577  0
14.800000  0.398755  0
14.826667  0.398876  0
14.853333  0.398939  0
14.880000  0.398950  0
14.906667  0.398916  0
14.933333  0.398848  0
14.960000  0.398755  0
14.986667  0.398649  0
15.013333  0.398539  0
15.040000  0.398432  0
15.066667  0.398332  0
15.093333  0.398242  0
15.120000  0.398164  0
15.146667  0.398095  0
15.173333  0.398036  0
15.200000  0.397984  0
15.226667  0.397937  0
15.253333  0.397895  0
15.280000  0.397854  0
15.306667  0.397816  0
15.333333  0.397778  0
15.360000  0.397742  0
15.386667  0.397705  0
15.413333  0.397669  0
15.440000  0.397632  0
15.466667  0.397596  0
15.493333  0.397560  0
15.520000  0.397524  0
15.546667  0.397487  0
15.573333  0.397451  0
15.600000  0.397415  0
15.626667  0.397379  0
15.653333  0.397342  0
15.680000  0.397306  0
15.706667  0.397270  0
15.733333  0.397234  0
15.760000  0.397198  0
15.786667  0.397161  0
15.813333  0.397125  0
15.840000  0.397089  0
15.866667  0.397053  0
15.893333  0.397016  0
15.920000  0.396980  0
15.946667  0.396944  0
15.973333  0.396908  0
16.000000  0.396872  0
16.026667  0.396835  0
16.053333  0.396799  0
16.080000  0.396763  0
16.106667  0.396727  0
16.133333  0.396690  0
16.160000  0.396654  0
16.186667  0.396618  0
16.213333  0.396582  0
16.240000  0.396546  0
16.266667  0.396509  0
16.293333  0.396473  0
16.320000  0.396437  0
16.346667  0.396401  0
16.373333  0.396364  0
16.400000  0.396328  0
16.426667  0.396292  0
16.453333  0.396256  0
16.480000  0.396220  0
16.506667  0.396183  0
16.533333  0.396147  0
16.560000  0.396111  0
16.586667  0.396075  0
16.613333  0.396038  0
16.640000  0.396002  0
16.666667  0.395966  0
16.693333  0.395930  0
16.720000  0.395894  0
16.746667  0.395857  0
16.773333  0.395821  0
16.800000  0.395785  0
16.826667  0.395749  0
16.853333  0.395712  0
16.880000  0.395676  0
16.906667  0.395640  0
16.933333  0.395604  0
16.960000  0.395568  0
16.986667  0.395531  0
17.013333  0.395495  0
17.040000  0.395459  0
17.066667  0.395423  0
17.093333  0.395386  0
17.120000  0.395350  0
17.146667  0.395314  0
17.173333  0.395278  0
17.200000  0.395242  0
17.226667  0.395205  0
17.253333  0.395169  0
17.280000  0.395133  0
17.306667  0.395097  0
17.333333  0.395060  0
17.360000  0.395024  0
17.386667  0.394988  0
17.413333  0.394952  0
17.440000  0.394916  0
17.466667  0.394879  0
17.493333  0.394843  0
17.520000  0.394807  0
17.546667  0.394771  0
17.573333  0.394734  0
17.600000  0.394698  0
17.626667  0.394662  0
17.653333  0.394626  0
17.680000  0.394590  0
17.706667  0.394553  0
17.733333  0.394517  0
17.760000  0.394481  0
17.786667  0.394445  0
17.813333  0.394408  0
17.840000  0.394372  0
17.866667  0.394336  0
17.893333  0.394300  0
17.920000  0.394264  0
17.946667  0.394227  0
17.973333  0.394191  0
18.000000  0.394155  0
18.026667  0.394119  0
18.053333  0.394082  0
18.080000  0.394046  0
18.106667  0.394010  0
18.133333  0.393974  0
18.160000  0.393938  0
18.186667  0.393901  0
18.213333  0.393865  0
18.240000  0.393829  0
18.266667  0.393793  0
18.293333  0.393756  0
18.320000  0.393720  0
18.346667  0.393684  0
18.373333  0.393648  0
18.400000  0.393612  0
18.426667  0.393575  0
18.453333  0.393539  0
18.480000  0.393503  0
18.506667  0.393467  0
18.533333  0.393430  0
18.560000  0.393394  0
18.586667  0.393358  0
18.613333  0.393322  0
18.640000  0.393286  0
18.666667  0.393249  0
18.693333  0.393213  0
18.720000  0.393177  0
18.746667  0.393141  0
18.773333  0.393104  0
18.800000  0.393068  0
18.826667  0.393032  0
18.853333  0.392996  0
18.880000  0.392959  0
18.906667  0.392923  0
18.933333  0.392887  0
18.960000  0.392851  0
18.986667  0.392815  0
19.013333  0.392778  0
19.040000  0.392742  0
19.066667  0.392706  0
19.093333  0.392670  0
19.120000  0.392633  0
19.146667  0.392597  0
19.173333  0.392561  0
19.200000  0.392525  0
19.226667  0.392489  0
19.253333  0.392452  0
19.280000  0.392416  0
19.306667  0.392380  0
19.333333  0.392344  0
19.360000  0.392307  0
19.386667  0.392271  0
19.413333  0.392235  0
19.440000  0.392199  0
19.466667  0.392163  0
19.493333  0.392126  0
19.520000  0.392090  0
19.546667  0.392054  0
19.573333  0.392018  0
19.600000  0.391981  0
19.626667  0.391945  0
19.653333  0.391909  0
19.680000  0.391873  0
19.706667  0.391837  0
19.733333  0.391800  0
19.760000  0.391764  0
19.786667  0.391728  0
19.813333  0.391692  0
19.840000  0.391655  0
19.866667  0.391619  0
19.893333  0.391583  0
19.920000  0.391547  0
19.946667  0.391511  0
19.973333  0.391475  0
20.000000  0.391439  0
20.026667  0.391403  0
20.053333  0.391368  0
20.080000  0.391334  0
20.106667  0.391301  0
20.133333  0.391269  0
20.160000  0.391239  0
20.186667  0.391211  0
20.213333  0.391187  0
20.240000  0.391166  0
20.266667  0.391150  0
20.293333  0.391139  0
20.320000  0.391134  0
