2.773333  0.898086  0
2.800000  0.896249  0
2.826667  0.893562  0
2.853333  0.890708  0
2.880000  0.887841  0
2.906667  0.884973  0
2.933333  0.882105  0
2.960000  0.879238  0
2.986667  0.876370  0
3.013333  0.873503  0
3.040000  0.870635  0
3.066667  0.867767  0
3.093333  0.864900  0
3.120000  0.862032  0
3.146667  0.859164  0
3.173333  0.856297  0
3.200000  0.853429  0
3.226667  0.850562  0
3.253333  0.847694  0
3.280000  0.844826  0
3.306667  0.841959  0
3.333333  0.839091  0
3.360000  0.836224  0
3.386667  0.833356  0
3.413333  0.830488  0
3.440000  0.827621  0
3.466667  0.824753  0
3.493333  0.821885  0
3.520000  0.819018  0
3.546667  0.816150  0
3.573333  0.813283  0
3.600000  0.810415  0
3.626667  0.807547  0
3.653333  0.804680  0
3.680000  0.801812  0
3.706667  0.798945  0
3.733333  0.796077  0
3.760000  0.793209  0
3.786667  0.790342  0
3.813333  0.787474  0
3.840000  0.784607  0
3.866667  0.781739  0
3.893333  0.778871  0
3.920000  0.776004  0
3.946667  0.773136  0
3.973333  0.770268  0
4.000000  0.767401  0
4.026667  0.764533  0
4.053333  0.761666  0
4.080000  0.758798  0
4.106667  0.755930  0
4.133333  0.753063  0
4.160000  0.750195  0
4.186667  0.747328  0
4.213333  0.744460  0
4.240000  0.741592  0
4.266667  0.738725  0
4.293333  0.735857  0
4.320000  0.732989  0
4.346667  0.730122  0
4.373333  0.727254  0
4.400000  0.724387  0
4.426667  0.721519  0
4.453333  0.718651  0
4.480000  0.715784  0
4.506667  0.712916  0
4.533333  0.710049  0
4.560000  0.707181  0
4.586667  0.704313  0
4.613333  0.701446  0
4.640000  0.698578  0
4.666667  0.695710  0
4.693333  0.692843  0
4.720000  0.689975  0
4.746667  0.687108  0
4.773333  0.684240  0
4.800000  0.681370  0
4.826667  0.678470  0
4.853333  0.675442  0
4.880000  0.672214  0
4.906667  0.668910  0
4.933333  0.665667  0
4.960000  0.662538  0
4.986667  0.659546  0
5.013333  0.656702  0
5.040000  0.654013  0
5.066667  0.651479  0
5.093333  0.649099  0
5.120000  0.646864  0
5.146667  0.644766  0
5.173333  0.642795  0
5.200000  0.640942  0
5.226667  0.639198  0
5.253333  0.637554  0
5.280000  0.636004  0
5.306667  0.634541  0
5.333333  0.633162  0
5.360000  0.631863  0
5.386667  0.630641  0
5.413333  0.629496  0
5.440000  0.628426  0
5.466667  0.627432  0
5.493333  0.626515  0
5.520000  0.625676  0
5.546667  0.624918  0
5.573333  0.624244  0
5.600000  0.623656  0
5.626667  0.623157  0
5.653333  0.622749  0
5.680000  0.622430  0
5.706667  0.622200  0
5.733333  0.622052  0
5.760000  0.621979  0
5.786667  0.621971  0
5.813333  0.622012  0
5.840000  0.622087  0
5.866667  0.622178  0
5.893333  0.622267  0
5.920000  0.622337  0
5.946667  0.622370  0
5.973333  0.622354  0
6.000000  0.622276  0
6.026667  0.622131  0
6.053333  0.621916  0
6.080000  0.621630  0
6.106667  0.621279  0
6.133333  0.620870  0
6.160000  0.620414  0
6.186667  0.619922  0
6.213333  0.619409  0
6.240000  0.618888  0
6.266667  0.618372  0
6.293333  0.617875  0
6.320000  0.617408  0
6.346667  0.616977  0
6.373333  0.616587  0
6.400000  0.616241  0
6.426667  0.615935  0
6.453333  0.615662  0
6.480000  0.615413  0
6.506667  0.615175  0
6.533333  0.614933  0
6.560000  0.614670  0
6.586667  0.614373  0
6.613333  0.614025  0
6.640000  0.613615  0
6.666667  0.613133  0
6.693333  0.612573  0
6.720000  0.611930  0
6.746667  0.611206  0
6.773333  0.610400  0
6.800000  0.609517  0
6.826667  0.608562  0
6.853333  0.607538  0
6.880000  0.606451  0
6.906667  0.605305  0
6.933333  0.604104  0
6.960000  0.602849  0
6.986667  0.601543  0
7.013333  0.600187  0
7.040000  0.598782  0
7.066667  0.597328  0
7.093333  0.595824  0
7.120000  0.594270  0
7.146667  0.592668  0
7.173333  0.591018  0
7.200000  0.589321  0
7.226667  0.587580  0
7.253333  0.585800  0
7.280000  0.583987  0
7.306667  0.582147  0
7.333333  0.580291  0
7.360000  0.578428  0
7.386667  0.576570  0
7.413333  0.574731  0
7.440000  0.572922  0
7.466667  0.571156  0
7.493333  0.569447  0
7.520000  0.567804  0
7.546667  0.566237  0
7.573333  0.564754  0
7.600000  0.563360  0
7.626667  0.562056  0
7.653333  0.560843  0
7.680000  0.559719  0
7.706667  0.558678  0
7.733333  0.557713  0
7.760000  0.556816  0
7.786667  0.555978  0
7.813333  0.555190  0
7.840000  0.554443  0
7.866667  0.553729  0
7.893333  0.553043  0
7.920000  0.552378  0
7.946667  0.551733  0
7.973333  0.551105  0
8.000000  0.550492  0
8.026667  0.549895  0
8.053333  0.549314  0
8.080000  0.548747  0
8.106667  0.548194  0
8.133333  0.547653  0
8.160000  0.547120  0
8.186667  0.546593  0
8.213333  0.546065  0
8.240000  0.545533  0
8.266667  0.544988  0
8.293333  0.544424  0
8.320000  0.543833  0
8.346667  0.543207  0
8.373333  0.542536  0
8.400000  0.541809  0
8.426667  0.541012  0
8.453333  0.540130  0
8.480000  0.539142  0
8.506667  0.538022  0
8.533333  0.536740  0
8.560000  0.535259  0
8.586667  0.533538  0
8.613333  0.531533  0
8.640000  0.529198  0
8.666667  0.526491  0
8.693333  0.523376  0
8.720000  0.519831  0
8.746667  0.515847  0
8.773333  0.511437  0
8.800000  0.506636  0
8.826667  0.501499  0
8.853333  0.496104  0
8.880000  0.490545  0
8.906667  0.484927  0
8.933333  0.479357  0
8.960000  0.473940  0
8.986667  0.468770  0
9.013333  0.463923  0
9.040000  0.459457  0
9.066667  0.455403  0
9.093333  0.451771  0
9.120000  0.448551  0
9.146667  0.445713  0
9.173333  0.443218  0
9.200000  0.441020  0
9.226667  0.439070  0
9.253333  0.437320  0
9.280000  0.435732  0
9.306667  0.434270  0
9.333333  0.432911  0
9.360000  0.431634  0
9.386667  0.430431  0
9.413333  0.429294  0
9.440000  0.428222  0
9.466667  0.427214  0
9.493333  0.426271  0
9.520000  0.425395  0
9.546667  0.424586  0
9.573333  0.423845  0
9.600000  0.423172  0
9.626667  0.422566  0
9.653333  0.422027  0
9.680000  0.421551  0
9.706667  0.421137  0
9.733333  0.420781  0
9.760000  0.420480  0
9.786667  0.420228  0
9.813333  0.420021  0
9.840000  0.419850  0
9.866667  0.419709  0
9.893333  0.419590  0
9.920000  0.419484  0
9.946667  0.419384  0
9.973333  0.419282  0
10.000000  0.419170  0
10.026667  0.419043  0
10.053333  0.418896  0
10.080000  0.418724  0
10.106667  0.418526  0
10.133333  0.418300  0
10.160000  0.418047  0
10.186667  0.417769  0
10.213333  0.417470  0
10.240000  0.417155  0
10.266667  0.416827  0
10.293333  0.416494  0
10.320000  0.416160  0
10.346667  0.415831  0
10.373333  0.415512  0
10.400000  0.415205  0
10.426667  0.414914  0
10.453333  0.414641  0
10.480000  0.414387  0
10.506667  0.414152  0
10.533333  0.413936  0
10.560000  0.413738  0
10.586667  0.413559  0
10.613333  0.413395  0
10.640000  0.413247  0
10.666667  0.413112  0
10.693333  0.412987  0
10.720000  0.412870  0
10.746667  0.412759  0
10.773333  0.412652  0
10.800000  0.412546  0
10.826667  0.412442  0
10.853333  0.412338  0
10.880000  0.412236  0
10.906667  0.412137  0
10.933333  0.412043  0
10.960000  0.411956  0
10.986667  0.411879  0
11.013333  0.411813  0
11.040000  0.411760  0
11.066667  0.411719  0
11.093333  0.411689  0
11.120000  0.411668  0
11.146667  0.411653  0
11.173333  0.411640  0
11.200000  0.411626  0
11.226667  0.411606  0
11.253333  0.411578  0
11.280000  0.411538  0
11.306667  0.411484  0
11.333333  0.411415  0
11.360000  0.411331  0
11.386667  0.411232  0
11.413333  0.411120  0
11.440000  0.410995  0
11.466667  0.410858  0
11.493333  0.410712  0
11.520000  0.410558  0
11.546667  0.410396  0
11.573333  0.410228  0
11.600000  0.410056  0
11.626667  0.409879  0
11.653333  0.409699  0
11.680000  0.409516  0
11.706667  0.409333  0
11.733333  0.409149  0
11.760000  0.408967  0
11.786667  0.408787  0
11.813333  0.408612  0
11.840000  0.408442  0
11.866667  0.408279  0
11.893333  0.408122  0
11.920000  0.407972  0
11.946667  0.407827  0
11.973333  0.407688  0
12.000000  0.407551  0
12.026667  0.407415  0
12.053333  0.407277  0
12.080000  0.407135  0
12.106667  0.406987  0
12.133333  0.406832  0
12.160000  0.406668  0
12.186667  0.406497  0
12.213333  0.406321  0
12.240000  0.406141  0
12.266667  0.405963  0
12.293333  0.405790  0
12.320000  0.405627  0
12.346667  0.405481  0
12.373333  0.405354  0
12.400000  0.405251  0
12.426667  0.405173  0
12.453333  0.405121  0
12.480000  0.405095  0
12.506667  0.405092  0
12.533333  0.405107  0
12.560000  0.405137  0
12.586667  0.405177  0
12.613333  0.405220  0
12.640000  0.405262  0
12.666667  0.405298  0
12.693333  0.405325  0
12.720000  0.405340  0
12.746667  0.405341  0
12.773333  0.405327  0
12.800000  0.405298  0
12.826667  0.405255  0
12.853333  0.405199  0
12.880000  0.405132  0
12.906667  0.405057  0
12.933333  0.404977  0
12.960000  0.404894  0
12.986667  0.404813  0
13.013333  0.404736  0
13.040000  0.404665  0
13.066667  0.404604  0
13.093333  0.404553  0
13.120000  0.404513  0
13.146667  0.404484  0
13.173333  0.404463  0
13.200000  0.404448  0
13.226667  0.404437  0
13.253333  0.404424  0
13.280000  0.404408  0
13.306667  0.404383  0
13.333333  0.404347  0
13.360000  0.404297  0
13.386667  0.404232  0
13.413333  0.404149  0
13.440000  0.404048  0
13.466667  0.403928  0
13.493333  0.403787  0
13.520000  0.403624  0
13.546667  0.403437  0
13.573333  0.403224  0
13.600000  0.402979  0
13.626667  0.402700  0
13.653333  0.402382  0
13.680000  0.402021  0
13.706667  0.401614  0
13.733333  0.401160  0
13.760000  0.400659  0
13.786667  0.400115  0
13.813333  0.399536  0
13.840000  0.398931  0
13.866667  0.398316  0
13.893333  0.397705  0
13.920000  0.397118  0
13.946667  0.396571  0
13.973333  0.396083  0
14.000000  0.395670  0
14.026667  0.395342  0
14.053333  0.395108  0
14.080000  0.394971  0
14.106667  0.394928  0
14.133333  0.394972  0
14.160000  0.395094  0
14.186667  0.395279  0
14.213333  0.395512  0
14.240000  0.395778  0
14.266667  0.396062  0
14.293333  0.396348  0
14.320000  0.396627  0
14.346667  0.396890  0
14.373333  0.397129  0
14.400000  0.397342  0
14.426667  0.397527  0
14.453333  0.397684  0
14.480000  0.397815  0
14.506667  0.397922  0
14.533333  0.398007  0
14.560000  0.398075  0
14.586667  0.398127  0
14.613333  0.398167  0
14.640000  0.398197  0
14.666667  0.398220  0
14.693333  0.398239  0
14.720000  0.398254  0
14.746667  0.398269  0
14.773333  0.398285  0
14.800000  0.398302  0
14.826667  0.398321  0
14.853333  0.398342  0
14.880000  0.398362  0
14.906667  0.398381  0
14.933333  0.398397  0
14.960000  0.398409  0
14.986667  0.398415  0
15.013333  0.398249  0
15.040000  0.398083  0
15.066667  0.397917  0
15.093333  0.397751  0
15.120000  0.397585  0
15.146667  0.397419  0
15.173333  0.397253  0
15.200000  0.397087  0
15.226667  0.396921  0
15.253333  0.396755  0
15.280000  0.396589  0
15.306667  0.396423  0
15.333333  0.396257  0
15.360000  0.396090  0
15.386667  0.395924  0
15.413333  0.395758  0
15.440000  0.395592  0
15.466667  0.395426  0
15.493333  0.395260  0
15.520000  0.395094  0
15.546667  0.394928  0
15.573333  0.394762  0
15.600000  0.394596  0
15.626667  0.394430  0
15.653333  0.394264  0
15.680000  0.394098  0
15.706667  0.393932  0
15.733333  0.393766  0
15.760000  0.393600  0
15.786667  0.393434  0
15.813333  0.393268  0
15.840000  0.393102  0
15.866667  0.392936  0
15.893333  0.392770  0
15.920000  0.392604  0
15.946667  0.392438  0
15.973333  0.392271  0
16.000000  0.392105  0
16.026667  0.391939  0
16.053333  0.391773  0
16.080000  0.391607  0
16.106667  0.391441  0
16.133333  0.391275  0
16.160000  0.391109  0
16.186667  0.390943  0
16.213333  0.390777  0
16.240000  0.390611  0
16.266667  0.390445  0
16.293333  0.390279  0
16.320000  0.390113  0
16.346667  0.389947  0
16.373333  0.389781  0
16.400000  0.389615  0
16.426667  0.389449  0
16.453333  0.389283  0
16.480000  0.389117  0
16.506667  0.388951  0
16.533333  0.388785  0
16.560000  0.388619  0
16.586667  0.388453  0
16.613333  0.388286  0
16.640000  0.388120  0
16.666667  0.387954  0
16.693333  0.387788  0
16.720000  0.387622  0
16.746667  0.387456  0
16.773333  0.387290  0
16.800000  0.387124  0
16.826667  0.386958  0
16.853333  0.386792  0
16.880000  0.386626  0
16.906667  0.386460  0
16.933333  0.386294  0
16.960000  0.386128  0
16.986667  0.385962  0
17.013333  0.385796  0
17.040000  0.385630  0
17.066667  0.385464  0
17.093333  0.385298  0
17.120000  0.385132  0
17.146667  0.384966  0
17.173333  0.384800  0
17.200000  0.384634  0
17.226667  0.384468  0
17.253333  0.384301  0
17.280000  0.384135  0
17.306667  0.383969  0
17.333333  0.383803  0
17.360000  0.383637  0
17.386667  0.383471  0
17.413333  0.383305  0
17.440000  0.383139  0
17.466667  0.382973  0
17.493333  0.382807  0
17.520000  0.382641  0
17.546667  0.382475  0
17.573333  0.382309  0
17.600000  0.382143  0
17.626667  0.381977  0
17.653333  0.381811  0
17.680000  0.381645  0
17.706667  0.381479  0
17.733333  0.381313  0
17.760000  0.381147  0
17.786667  0.380981  0
17.813333  0.380815  0
17.840000  0.380649  0
17.866667  0.380483  0
17.893333  0.380316  0
17.920000  0.380150  0
17.946667  0.379984  0
17.973333  0.379818  0
18.000000  0.379652  0
18.026667  0.379486  0
18.053333  0.379320  0
18.080000  0.379154  0
18.106667  0.378988  0
18.133333  0.378822  0
18.160000  0.378656  0
18.186667  0.378490  0
18.213333  0.378324  0
18.240000  0.378158  0
18.266667  0.377992  0
18.293333  0.377826  0
18.320000  0.377660  0
18.346667  0.377494  0
18.373333  0.377328  0
18.400000  0.377162  0
18.426667  0.376996  0
18.453333  0.376830  0
18.480000  0.376664  0
18.506667  0.376498  0
18.533333  0.376331  0
18.560000  0.376165  0
18.586667  0.375999  0
18.613333  0.375833  0
18.640000  0.375667  0
18.666667  0.375501  0
18.693333  0.375335  0
18.720000  0.375169  0
18.746667  0.375003  0
18.773333  0.374837  0
18.800000  0.374671  0
18.826667  0.374505  0
18.853333  0.374339  0
18.880000  0.374173  0
18.906667  0.374007  0
18.933333  0.373841  0
18.960000  0.373675  0
18.986667  0.373509  0
19.013333  0.373343  0
19.040000  0.373177  0
19.066667  0.373011  0
19.093333  0.372845  0
19.120000  0.372679  0
19.146667  0.372512  0
19.173333  0.372346  0
19.200000  0.372180  0
19.226667  0.372014  0
19.253333  0.371848  0
19.280000  0.371682  0
19.306667  0.371516  0
19.333333  0.371350  0
19.360000  0.371184  0
19.386667  0.371018  0
19.413333  0.370852  0
19.440000  0.370686  0
19.466667  0.370520  0
19.493333  0.370354  0
19.520000  0.370188  0
19.546667  0.370022  0
19.573333  0.369856  0
19.600000  0.369690  0
19.626667  0.369524  0
19.653333  0.369358  0
19.680000  0.369192  0
19.706667  0.369026  0
19.733333  0.368860  0
19.760000  0.368694  0
19.786667  0.368527  0
19.813333  0.368361  0
19.840000  0.368195  0
19.866667  0.368029  0
19.893333  0.367863  0
19.920000  0.367697  0
19.946667  0.367531  0
19.973333  0.367365  0
20.000000  0.367199  0
20.026667  0.367033  0
20.053333  0.366867  0
20.080000  0.366701  0
20.106667  0.366535  0
20.133333  0.366369  0
20.160000  0.366203  0
20.186667  0.366037  0
20.213333  0.365871  0
20.240000  0.365705  0
20.266667  0.365539  0
20.293333  0.365373  0
20.320000  0.365207  0
20.346667  0.365041  0
20.373333  0.364875  0
20.400000  0.364709  0
20.426667  0.364542  0
20.453333  0.364376  0
20.480000  0.364210  0
20.506667  0.364044  0
20.533333  0.363878  0
20.560000  0.363712  0
20.586667  0.363546  0
20.613333  0.363380  0
20.640000  0.363214  0
20.666667  0.363048  0
20.693333  0.362882  0
20.720000  0.362716  0
20.746667  0.362550  0
20.773333  0.362384  0
20.800000  0.362218  0
20.826667  0.362052  0
20.853333  0.361886  0
20.880000  0.361720  0
20.906667  0.361554  0
20.933333  0.361388  0
20.960000  0.361222  0
20.986667  0.361056  0
21.013333  0.360890  0
21.040000  0.360724  0
21.066667  0.360557  0
21.093333  0.360391  0
21.120000  0.360225  0
21.146667  0.360059  0
21.173333  0.359893  0
21.200000  0.359727  0
21.226667  0.359561  0
21.253333  0.359395  0
21.280000  0.359229  0
21.306667  0.359063  0
21.333333  0.358897  0
21.360000  0.358731  0
21.386667  0.358565  0
21.413333  0.358399  0
21.440000  0.358233  0
21.466667  0.358067  0
21.493333  0.357901  0
21.520000  0.357735  0
21.546667  0.357569  0
21.573333  0.357403  0
21.600000  0.357237  0
21.626667  0.357071  0
21.653333  0.356905  0
21.680000  0.356738  0
21.706667  0.356572  0
21.733333  0.356406  0
21.760000  0.356240  0
21.786667  0.356074  0
21.813333  0.355908  0
21.840000  0.355742  0
21.866667  0.355576  0
21.893333  0.355410  0
21.920000  0.355244  0
21.946667  0.355078  0
21.973333  0.354912  0
22.000000  0.354746  0
22.026667  0.354580  0
22.053333  0.354414  0
22.080000  0.354248  0
22.106667  0.354082  0
22.133333  0.353916  0
22.160000  0.353750  0
22.186667  0.353584  0
22.213333  0.353418  0
22.240000  0.353252  0
22.266667  0.353086  0
22.293333  0.352920  0
22.320000  0.352753  0
22.346667  0.352587  0
22.373333  0.352421  0
22.400000  0.352255  0
22.426667  0.352089  0
22.453333  0.351923  0
22.480000  0.351757  0
22.506667  0.351591  0
22.533333  0.351425  0
22.560000  0.351259  0
22.586667  0.351093  0
22.613333  0.350927  0
22.640000  0.350761  0
22.666667  0.350595  0
22.693333  0.350429  0
22.720000  0.350263  0
22.746667  0.350097  0
22.773333  0.349931  0
22.800000  0.349765  0
22.826667  0.349599  0
22.853333  0.349433  0
22.880000  0.349267  0
22.906667  0.349101  0
22.933333  0.348935  0
22.960000  0.348768  0
22.986667  0.348602  0
23.013333  0.348436  0
23.040000  0.348270  0
23.066667  0.348104  0
23.093333  0.347938  0
23.120000  0.347772  0
23.146667  0.347606  0
23.173333  0.347440  0
23.200000  0.347274  0
23.226667  0.347108  0
23.253333  0.346942  0
23.280000  0.346776  0
23.306667  0.346610  0
23.333333  0.346444  0
23.360000  0.346278  0
23.386667  0.346112  0
23.413333  0.345946  0
23.440000  0.345780  0
23.466667  0.345614  0
23.493333  0.345448  0
23.520000  0.345282  0
23.546667  0.345116  0
23.573333  0.344950  0
23.600000  0.344783  0
23.626667  0.344617  0
23.653333  0.344451  0
23.680000  0.344285  0
