3.173333  0.747634  0
3.200000  0.747322  0
3.226667  0.747010  0
3.253333  0.746699  0
3.280000  0.746387  0
3.306667  0.746075  0
3.333333  0.745763  0
3.360000  0.745452  0
3.386667  0.745140  0
3.413333  0.744828  0
3.440000  0.744516  0
3.466667  0.744205  0
3.493333  0.743893  0
3.520000  0.743581  0
3.546667  0.743269  0
3.573333  0.742958  0
3.600000  0.742646  0
3.626667  0.742334  0
3.653333  0.742022  0
3.680000  0.741711  0
3.706667  0.741399  0
3.733333  0.741066  0
3.760000  0.739547  0
3.786667  0.738029  0
3.813333  0.736511  0
3.840000  0.734993  0
3.866667  0.733475  0
3.893333  0.731957  0
3.920000  0.730439  0
3.946667  0.728921  0
3.973333  0.727402  0
4.000000  0.725884  0
4.026667  0.724366  0
4.053333  0.722848  0
4.080000  0.721330  0
4.106667  0.719812  0
4.133333  0.718294  0
4.160000  0.716776  0
4.186667  0.715257  0
4.213333  0.713195  0
4.240000  0.710285  0
4.266667  0.707375  0
4.293333  0.704466  0
4.320000  0.701556  0
4.346667  0.698646  0
4.373333  0.695736  0
4.400000  0.692827  0
4.426667  0.689917  0
4.453333  0.687007  0
4.480000  0.684097  0
4.506667  0.681188  0
4.533333  0.679101  0
4.560000  0.677110  0
4.586667  0.675119  0
4.613333  0.673128  0
4.640000  0.671138  0
4.666667  0.669147  0
4.693333  0.667156  0
4.720000  0.665165  0
4.746667  0.663174  0
4.773333  0.661183  0
4.800000  0.659192  0
4.826667  0.657201  0
4.853333  0.655211  0
4.880000  0.653220  0
4.906667  0.651457  0
4.933333  0.650148  0
4.960000  0.648838  0
4.986667  0.647529  0
5.013333  0.646220  0
5.040000  0.644910  0
5.066667  0.643601  0
5.093333  0.642291  0
5.120000  0.640982  0
5.146667  0.639673  0
5.173333  0.638363  0
5.200000  0.637054  0
5.226667  0.635744  0
5.253333  0.634435  0
5.280000  0.633126  0
5.306667  0.631812  0
5.333333  0.629872  0
5.360000  0.627932  0
5.386667  0.625992  0
5.413333  0.624052  0
5.440000  0.622113  0
5.466667  0.620173  0
5.493333  0.618233  0
5.520000  0.616293  0
5.546667  0.614353  0
5.573333  0.612413  0
5.600000  0.610474  0
5.626667  0.608534  0
5.653333  0.606594  0
5.680000  0.604654  0
5.706667  0.602714  0
5.733333  0.600774  0
5.760000  0.598835  0
5.786667  0.596895  0
5.813333  0.594955  0
5.840000  0.593015  0
5.866667  0.591075  0
5.893333  0.589136  0
5.920000  0.587196  0
5.946667  0.585256  0
5.973333  0.583316  0
6.000000  0.581376  0
6.026667  0.579436  0
6.053333  0.577497  0
6.080000  0.575557  0
6.106667  0.573617  0
6.133333  0.571677  0
6.160000  0.569737  0
6.186667  0.567797  0
6.213333  0.565858  0
6.240000  0.563918  0
6.266667  0.561978  0
6.293333  0.560129  0
6.320000  0.558597  0
6.346667  0.557066  0
6.373333  0.555534  0
6.400000  0.554003  0
6.426667  0.552472  0
6.453333  0.550940  0
6.480000  0.549409  0
6.506667  0.547877  0
6.533333  0.546346  0
6.560000  0.544814  0
6.586667  0.543283  0
6.613333  0.541751  0
6.640000  0.540220  0
6.666667  0.538689  0
6.693333  0.537157  0
6.720000  0.535626  0
6.746667  0.534094  0
6.773333  0.532563  0
6.800000  0.531031  0
6.826667  0.529500  0
6.853333  0.527968  0
6.880000  0.526437  0
6.906667  0.524906  0
6.933333  0.523374  0
6.960000  0.521843  0
6.986667  0.520311  0
7.013333  0.518780  0
7.040000  0.517248  0
7.066667  0.515760  0
7.093333  0.514656  0
7.120000  0.513552  0
7.146667  0.512449  0
7.173333  0.511345  0
7.200000  0.510241  0
7.226667  0.509137  0
7.253333  0.508034  0
7.280000  0.506930  0
7.306667  0.505826  0
7.333333  0.504723  0
7.360000  0.503619  0
7.386667  0.502515  0
7.413333  0.501412  0
7.440000  0.500308  0
7.466667  0.499204  0
7.493333  0.498101  0
7.520000  0.496997  0
7.546667  0.495893  0
7.573333  0.494789  0
7.600000  0.493686  0
7.626667  0.492582  0
7.653333  0.491478  0
7.680000  0.490737  0
7.706667  0.490048  0
7.733333  0.489359  0
7.760000  0.488670  0
7.786667  0.487981  0
7.813333  0.487292  0
7.840000  0.486603  0
7.866667  0.485913  0
7.893333  0.485224  0
7.920000  0.484535  0
7.946667  0.483846  0
7.973333  0.483157  0
8.000000  0.482468  0
8.026667  0.481779  0
8.053333  0.481089  0
8.080000  0.480400  0
8.106667  0.479711  0
8.133333  0.479022  0
8.160000  0.478333  0
8.186667  0.477644  0
8.213333  0.476954  0
8.240000  0.476265  0
8.266667  0.475576  0
8.293333  0.474887  0
8.320000  0.474198  0
8.346667  0.473509  0
8.373333  0.472820  0
8.400000  0.472130  0
8.426667  0.471441  0
8.453333  0.470995  0
8.480000  0.470629  0
8.506667  0.470263  0
8.533333  0.469897  0
8.560000  0.469531  0
8.586667  0.469165  0
8.613333  0.468799  0
8.640000  0.468433  0
8.666667  0.468067  0
8.693333  0.467701  0
8.720000  0.467335  0
8.746667  0.466969  0
8.773333  0.466603  0
8.800000  0.466237  0
8.826667  0.465871  0
8.853333  0.465505  0
8.880000  0.465139  0
8.906667  0.464773  0
8.933333  0.464407  0
8.960000  0.464041  0
8.986667  0.463675  0
9.013333  0.463309  0
9.040000  0.462943  0
9.066667  0.462577  0
9.093333  0.462211  0
9.120000  0.461845  0
9.146667  0.461479  0
9.173333  0.461113  0
9.200000  0.460747  0
9.226667  0.460381  0
9.253333  0.460015  0
9.280000  0.459649  0
9.306667  0.459283  0
9.333333  0.458917  0
9.360000  0.458551  0
9.386667  0.458185  0
9.413333  0.457819  0
9.440000  0.457453  0
9.466667  0.457087  0
9.493333  0.456721  0
9.520000  0.456355  0
9.546667  0.455989  0
9.573333  0.455623  0
9.600000  0.455257  0
9.626667  0.454891  0
9.653333  0.454525  0
9.680000  0.454159  0
9.706667  0.453793  0
9.733333  0.453427  0
9.760000  0.453061  0
9.786667  0.452695  0
9.813333  0.452329  0
9.840000  0.451963  0
9.866667  0.451597  0
9.893333  0.451231  0
9.920000  0.450865  0
9.946667  0.450499  0
9.973333  0.450133  0
10.000000  0.449767  0
10.026667  0.449401  0
10.053333  0.449035  0
10.080000  0.448669  0
10.106667  0.448303  0
10.133333  0.447937  0
10.160000  0.447571  0
10.186667  0.447205  0
10.213333  0.446839  0
10.240000  0.446473  0
10.266667  0.446107  0
10.293333  0.445741  0
10.320000  0.445375  0
10.346667  0.445009  0
10.373333  0.444643  0
10.400000  0.444277  0
10.426667  0.443911  0
10.453333  0.443545  0
10.480000  0.443179  0
10.506667  0.442813  0
10.533333  0.442447  0
10.560000  0.442081  0
10.586667  0.441715  0
10.613333  0.441349  0
10.640000  0.440983  0
10.666667  0.440617  0
10.693333  0.440251  0
10.720000  0.439885  0
10.746667  0.439519  0
10.773333  0.439153  0
10.800000  0.438787  0
10.826667  0.438421  0
10.853333  0.438055  0
10.880000  0.437689  0
10.906667  0.437323  0
10.933333  0.436957  0
10.960000  0.436591  0
10.986667  0.436225  0
11.013333  0.435859  0
11.040000  0.435493  0
11.066667  0.435127  0
11.093333  0.434761  0
11.120000  0.434395  0
11.146667  0.434029  0
11.173333  0.433663  0
11.200000  0.433297  0
11.226667  0.432931  0
11.253333  0.432565  0
11.280000  0.432199  0
11.306667  0.431833  0
11.333333  0.431467  0
11.360000  0.431101  0
11.386667  0.430735  0
11.413333  0.430369  0
11.440000  0.430003  0
11.466667  0.429637  0
11.493333  0.429271  0
11.520000  0.428905  0
11.546667  0.428539  0
11.573333  0.428173  0
11.600000  0.427807  0
11.626667  0.427441  0
11.653333  0.427075  0
11.680000  0.426709  0
11.706667  0.426548  0
11.733333  0.426411  0
11.760000  0.426273  0
11.786667  0.426135  0
11.813333  0.425997  0
11.840000  0.425859  0
11.866667  0.425722  0
11.893333  0.425584  0
11.920000  0.425446  0
11.946667  0.425308  0
11.973333  0.425171  0
12.000000  0.425033  0
12.026667  0.424895  0
12.053333  0.424757  0
12.080000  0.424619  0
12.106667  0.424482  0
12.133333  0.424344  0
12.160000  0.424206  0
12.186667  0.424068  0
12.213333  0.423930  0
12.240000  0.423793  0
12.266667  0.423655  0
12.293333  0.423517  0
12.320000  0.423379  0
12.346667  0.423242  0
12.373333  0.423104  0
12.400000  0.422966  0
12.426667  0.422828  0
12.453333  0.422690  0
12.480000  0.422553  0
12.506667  0.422415  0
12.533333  0.422277  0
12.560000  0.422139  0
12.586667  0.422001  0
12.613333  0.421864  0
12.640000  0.421726  0
12.666667  0.421588  0
12.693333  0.421450  0
12.720000  0.421312  0
12.746667  0.421175  0
12.773333  0.421037  0
12.800000  0.420899  0
12.826667  0.420761  0
12.853333  0.420624  0
12.880000  0.420486  0
12.906667  0.420348  0
12.933333  0.420210  0
12.960000  0.420072  0
12.986667  0.419935  0
13.013333  0.419797  0
13.040000  0.419659  0
13.066667  0.419521  0
13.093333  0.419383  0
13.120000  0.419246  0
13.146667  0.419108  0
13.173333  0.418970  0
13.200000  0.418832  0
13.226667  0.418695  0
13.253333  0.418557  0
13.280000  0.418419  0
13.306667  0.418281  0
13.333333  0.418143  0
13.360000  0.418006  0
13.386667  0.417868  0
13.413333  0.417730  0
13.440000  0.417592  0
13.466667  0.417454  0
13.493333  0.417317  0
13.520000  0.417179  0
13.546667  0.417041  0
13.573333  0.416903  0
13.600000  0.416766  0
13.626667  0.416628  0
13.653333  0.416490  0
13.680000  0.416352  0
13.706667  0.416214  0
13.733333  0.416077  0
13.760000  0.415939  0
13.786667  0.415801  0
13.813333  0.415663  0
13.840000  0.415525  0
13.866667  0.415388  0
13.893333  0.415250  0
13.920000  0.415112  0
13.946667  0.414974  0
13.973333  0.414837  0
14.000000  0.414699  0
14.026667  0.414561  0
14.053333  0.414423  0
14.080000  0.414285  0
14.106667  0.414148  0
14.133333  0.414010  0
14.160000  0.413872  0
14.186667  0.413734  0
14.213333  0.413596  0
14.240000  0.413459  0
14.266667  0.413321  0
14.293333  0.413183  0
14.320000  0.413045  0
14.346667  0.412907  0
14.373333  0.412770  0
14.400000  0.412632  0
14.426667  0.412494  0
14.453333  0.412356  0
14.480000  0.412219  0
14.506667  0.412081  0
14.533333  0.411943  0
14.560000  0.411805  0
14.586667  0.411667  0
14.613333  0.411530  0
14.640000  0.411392  0
14.666667  0.411254  0
14.693333  0.411116  0
14.720000  0.410978  0
14.746667  0.410841  0
14.773333  0.410703  0
14.800000  0.410565  0
14.826667  0.410427  0
14.853333  0.410290  0
14.880000  0.410152  0
14.906667  0.410014  0
14.933333  0.409876  0
14.960000  0.409738  0
14.986667  0.409601  0
15.013333  0.409463  0
15.040000  0.409325  0
15.066667  0.409187  0
15.093333  0.409049  0
15.120000  0.408912  0
15.146667  0.408774  0
15.173333  0.408636  0
15.200000  0.408498  0
15.226667  0.408361  0
15.253333  0.408223  0
15.280000  0.408085  0
15.306667  0.407947  0
15.333333  0.407809  0
15.360000  0.407672  0
15.386667  0.407534  0
15.413333  0.407396  0
15.440000  0.407258  0
15.466667  0.407120  0
15.493333  0.406983  0
15.520000  0.406845  0
15.546667  0.406707  0
15.573333  0.406569  0
15.600000  0.406432  0
15.626667  0.406294  0
15.653333  0.406156  0
15.680000  0.406018  0
15.706667  0.405880  0
15.733333  0.405743  0
15.760000  0.405605  0
15.786667  0.405467  0
15.813333  0.405329  0
15.840000  0.405191  0
15.866667  0.405054  0
15.893333  0.404916  0
15.920000  0.404778  0
15.946667  0.404640  0
15.973333  0.404502  0
16.000000  0.404365  0
16.026667  0.404227  0
16.053333  0.404089  0
16.080000  0.403951  0
16.106667  0.403814  0
16.133333  0.403676  0
16.160000  0.403538  0
16.186667  0.403400  0
16.213333  0.403262  0
16.240000  0.403125  0
16.266667  0.402987  0
16.293333  0.402849  0
16.320000  0.402711  0
16.346667  0.402573  0
16.373333  0.402436  0
16.400000  0.402298  0
16.426667  0.402160  0
16.453333  0.402022  0
16.480000  0.401885  0
16.506667  0.401747  0
16.533333  0.401609  0
16.560000  0.401471  0
16.586667  0.401333  0
16.613333  0.401196  0
16.640000  0.401058  0
16.666667  0.400920  0
16.693333  0.400782  0
16.720000  0.400644  0
16.746667  0.400507  0
16.773333  0.400369  0
16.800000  0.400231  0
16.826667  0.400093  0
16.853333  0.399956  0
16.880000  0.399818  0
16.906667  0.399680  0
16.933333  0.399542  0
16.960000  0.399404  0
16.986667  0.399267  0
17.013333  0.399129  0
17.040000  0.398991  0
17.066667  0.398853  0
17.093333  0.398715  0
17.120000  0.398578  0
17.146667  0.398440  0
17.173333  0.398302  0
17.200000  0.398164  0
17.226667  0.398027  0
17.253333  0.397889  0
17.280000  0.397751  0
17.306667  0.397613  0
17.333333  0.397475  0
17.360000  0.397338  0
17.386667  0.397200  0
17.413333  0.397062  0
17.440000  0.396924  0
17.466667  0.396786  0
17.493333  0.396649  0
17.520000  0.396511  0
17.546667  0.396373  0
17.573333  0.396235  0
17.600000  0.396097  0
17.626667  0.395960  0
17.653333  0.395822  0
17.680000  0.395684  0
17.706667  0.395546  0
17.733333  0.395409  0
17.760000  0.395271  0
17.786667  0.395133  0
17.813333  0.394995  0
17.840000  0.394857  0
17.866667  0.394720  0
17.893333  0.394582  0
17.920000  0.394444  0
17.946667  0.394306  0
17.973333  0.394168  0
18.000000  0.394031  0
18.026667  0.393893  0
18.053333  0.393755  0
18.080000  0.393617  0
18.106667  0.393480  0
18.133333  0.393342  0
18.160000  0.393204  0
18.186667  0.393066  0
18.213333  0.392928  0
18.240000  0.392791  0
18.266667  0.392653  0
18.293333  0.392515  0
18.320000  0.392377  0
18.346667  0.392239  0
18.373333  0.392102  0
18.400000  0.391964  0
18.426667  0.391826  0
18.453333  0.391688  0
18.480000  0.391551  0
18.506667  0.391413  0
18.533333  0.391275  0
18.560000  0.391137  0
18.586667  0.390999  0
18.613333  0.390862  0
18.640000  0.390724  0
18.666667  0.390586  0
18.693333  0.390448  0
18.720000  0.390310  0
18.746667  0.390173  0
18.773333  0.390035  0
18.800000  0.389897  0
18.826667  0.389759  0
18.853333  0.389622  0
18.880000  0.389484  0
18.906667  0.389346  0
18.933333  0.389208  0
18.960000  0.389070  0
18.986667  0.388933  0
19.013333  0.388795  0
