2.826667  0.740688  0
2.853333  0.739887  0
2.880000  0.739086  0
2.906667  0.738285  0
2.933333  0.737484  0
2.960000  0.736683  0
2.986667  0.735881  0
3.013333  0.735080  0
3.040000  0.734279  0
3.066667  0.733478  0
3.093333  0.732677  0
3.120000  0.731875  0
3.146667  0.731074  0
3.173333  0.730273  0
3.200000  0.729472  0
3.226667  0.728671  0
3.253333  0.727869  0
3.280000  0.727068  0
3.306667  0.726267  0
3.333333  0.725466  0
3.360000  0.724665  0
3.386667  0.723863  0
3.413333  0.723062  0
3.440000  0.722261  0
3.466667  0.721460  0
3.493333  0.720659  0
3.520000  0.719857  0
3.546667  0.719056  0
3.573333  0.718255  0
3.600000  0.717454  0
3.626667  0.716653  0
3.653333  0.715851  0
3.680000  0.715050  0
3.706667  0.714249  0
3.733333  0.713448  0
3.760000  0.712647  0
3.786667  0.711845  0
3.813333  0.711044  0
3.840000  0.710243  0
3.866667  0.709442  0
3.893333  0.708641  0
3.920000  0.707839  0
3.946667  0.707038  0
3.973333  0.706237  0
4.000000  0.705436  0
4.026667  0.704635  0
4.053333  0.703833  0
4.080000  0.703032  0
4.106667  0.702231  0
4.133333  0.701430  0
4.160000  0.700629  0
4.186667  0.699828  0
4.213333  0.699026  0
4.240000  0.698225  0
4.266667  0.697424  0
4.293333  0.696623  0
4.320000  0.695822  0
4.346667  0.695020  0
4.373333  0.694219  0
4.400000  0.693418  0
4.426667  0.692617  0
4.453333  0.691816  0
4.480000  0.691014  0
4.506667  0.690213  0
4.533333  0.689412  0
4.560000  0.688611  0
4.586667  0.687810  0
4.613333  0.687008  0
4.640000  0.686207  0
4.666667  0.685406  0
4.693333  0.684605  0
4.720000  0.683804  0
4.746667  0.683002  0
4.773333  0.682201  0
4.800000  0.681400  0
4.826667  0.680599  0
4.853333  0.679798  0
4.880000  0.678996  0
4.906667  0.678195  0
4.933333  0.677394  0
4.960000  0.676593  0
4.986667  0.675792  0
5.013333  0.674990  0
5.040000  0.674189  0
5.066667  0.673388  0
5.093333  0.672587  0
5.120000  0.671786  0
5.146667  0.670984  0
5.173333  0.670183  0
5.200000  0.669382  0
5.226667  0.668581  0
5.253333  0.667780  0
5.280000  0.666978  0
5.306667  0.666177  0
5.333333  0.665376  0
5.360000  0.664575  0
5.386667  0.663774  0
5.413333  0.662972  0
5.440000  0.662171  0
5.466667  0.661370  0
5.493333  0.660569  0
5.520000  0.659768  0
5.546667  0.658967  0
5.573333  0.658165  0
5.600000  0.657364  0
5.626667  0.656563  0
5.653333  0.655762  0
5.680000  0.654961  0
5.706667  0.654159  0
5.733333  0.653358  0
5.760000  0.652557  0
5.786667  0.651756  0
5.813333  0.650955  0
5.840000  0.650153  0
5.866667  0.649352  0
5.893333  0.648551  0
5.920000  0.647750  0
5.946667  0.646949  0
5.973333  0.646147  0
6.000000  0.645346  0
6.026667  0.644545  0
6.053333  0.643744  0
6.080000  0.642959  0
6.106667  0.642185  0
6.133333  0.641387  0
6.160000  0.640564  0
6.186667  0.639723  0
6.213333  0.638859  0
6.240000  0.637983  0
6.266667  0.637085  0
6.293333  0.636180  0
6.320000  0.635258  0
6.346667  0.634332  0
6.373333  0.633394  0
6.400000  0.632454  0
6.426667  0.631506  0
6.453333  0.630557  0
6.480000  0.629605  0
6.506667  0.628653  0
6.533333  0.627702  0
6.560000  0.626750  0
6.586667  0.625800  0
6.613333  0.624851  0
6.640000  0.623904  0
6.666667  0.622957  0
6.693333  0.622013  0
6.720000  0.621068  0
6.746667  0.620123  0
6.773333  0.619178  0
6.800000  0.618231  0
6.826667  0.617282  0
6.853333  0.616328  0
6.880000  0.615372  0
6.906667  0.614408  0
6.933333  0.613439  0
6.960000  0.612460  0
6.986667  0.611473  0
7.013333  0.610475  0
7.040000  0.609465  0
7.066667  0.608443  0
7.093333  0.607403  0
7.120000  0.606353  0
7.146667  0.605280  0
7.173333  0.604196  0
7.200000  0.603084  0
7.226667  0.601963  0
7.253333  0.600809  0
7.280000  0.599647  0
7.306667  0.598445  0
7.333333  0.597239  0
7.360000  0.595988  0
7.386667  0.594736  0
7.413333  0.593434  0
7.440000  0.592132  0
7.466667  0.590782  0
7.493333  0.589428  0
7.520000  0.588031  0
7.546667  0.586628  0
7.573333  0.585186  0
7.600000  0.583735  0
7.626667  0.582253  0
7.653333  0.580761  0
7.680000  0.579243  0
7.706667  0.577714  0
7.733333  0.576167  0
7.760000  0.574610  0
7.786667  0.573042  0
7.813333  0.571466  0
7.840000  0.569886  0
7.866667  0.568301  0
7.893333  0.566717  0
7.920000  0.565135  0
7.946667  0.563558  0
7.973333  0.561991  0
8.000000  0.560431  0
8.026667  0.558889  0
8.053333  0.557356  0
8.080000  0.555852  0
8.106667  0.554356  0
8.133333  0.552899  0
8.160000  0.551448  0
8.186667  0.550048  0
8.213333  0.548651  0
8.240000  0.547316  0
8.266667  0.545980  0
8.293333  0.544713  0
8.320000  0.543448  0
8.346667  0.542249  0
8.373333  0.541057  0
8.400000  0.539929  0
8.426667  0.538813  0
8.453333  0.537755  0
8.480000  0.536715  0
8.506667  0.535726  0
8.533333  0.534758  0
8.560000  0.533835  0
8.586667  0.532937  0
8.613333  0.532077  0
8.640000  0.531244  0
8.666667  0.530441  0
8.693333  0.529668  0
8.720000  0.528918  0
8.746667  0.528198  0
8.773333  0.527496  0
8.800000  0.526823  0
8.826667  0.526163  0
8.853333  0.525531  0
8.880000  0.524909  0
8.906667  0.524313  0
8.933333  0.523723  0
8.960000  0.523159  0
8.986667  0.522599  0
9.013333  0.522062  0
9.040000  0.521527  0
9.066667  0.521014  0
9.093333  0.520501  0
9.120000  0.520010  0
9.146667  0.519518  0
9.173333  0.519044  0
9.200000  0.518571  0
9.226667  0.518112  0
9.253333  0.517655  0
9.280000  0.517208  0
9.306667  0.516765  0
9.333333  0.516328  0
9.360000  0.515895  0
9.386667  0.515466  0
9.413333  0.515039  0
9.440000  0.514613  0
9.466667  0.514189  0
9.493333  0.513763  0
9.520000  0.513336  0
9.546667  0.512905  0
9.573333  0.512471  0
9.600000  0.512031  0
9.626667  0.511583  0
9.653333  0.511129  0
9.680000  0.510663  0
9.706667  0.510190  0
9.733333  0.509700  0
9.760000  0.509204  0
9.786667  0.508685  0
9.813333  0.508162  0
9.840000  0.507611  0
9.866667  0.507057  0
9.893333  0.506470  0
9.920000  0.505883  0
9.946667  0.505260  0
9.973333  0.504636  0
10.000000  0.503976  0
10.026667  0.503315  0
10.053333  0.502620  0
10.080000  0.501921  0
10.106667  0.501192  0
10.133333  0.500457  0
10.160000  0.499697  0
10.186667  0.498928  0
10.213333  0.498139  0
10.240000  0.497340  0
10.266667  0.496525  0
10.293333  0.495700  0
10.320000  0.494862  0
10.346667  0.494015  0
10.373333  0.493159  0
10.400000  0.492294  0
10.426667  0.491424  0
10.453333  0.490546  0
10.480000  0.489665  0
10.506667  0.488779  0
10.533333  0.487892  0
10.560000  0.487002  0
10.586667  0.486113  0
10.613333  0.485224  0
10.640000  0.484335  0
10.666667  0.483451  0
10.693333  0.482568  0
10.720000  0.481693  0
10.746667  0.480819  0
10.773333  0.479957  0
10.800000  0.479095  0
10.826667  0.478250  0
10.853333  0.477405  0
10.880000  0.476578  0
10.906667  0.475753  0
10.933333  0.474948  0
10.960000  0.474147  0
10.986667  0.473367  0
11.013333  0.472593  0
11.040000  0.471839  0
11.066667  0.471094  0
11.093333  0.470369  0
11.120000  0.469656  0
11.146667  0.468962  0
11.173333  0.468281  0
11.200000  0.467619  0
11.226667  0.466973  0
11.253333  0.466343  0
11.280000  0.465732  0
11.306667  0.465133  0
11.333333  0.464556  0
11.360000  0.463989  0
11.386667  0.463445  0
11.413333  0.462907  0
11.440000  0.462392  0
11.466667  0.461882  0
11.493333  0.461393  0
11.520000  0.460907  0
11.546667  0.460438  0
11.573333  0.459971  0
11.600000  0.459518  0
11.626667  0.459064  0
11.653333  0.458618  0
11.680000  0.458172  0
11.706667  0.457725  0
11.733333  0.457277  0
11.760000  0.456822  0
11.786667  0.456364  0
11.813333  0.455891  0
11.840000  0.455414  0
11.866667  0.454916  0
11.893333  0.454410  0
11.920000  0.453878  0
11.946667  0.453333  0
11.973333  0.452761  0
12.000000  0.452169  0
12.026667  0.451549  0
12.053333  0.450904  0
12.080000  0.450231  0
12.106667  0.449528  0
12.133333  0.448801  0
12.160000  0.448037  0
12.186667  0.447253  0
12.213333  0.446430  0
12.240000  0.445592  0
12.266667  0.444713  0
12.293333  0.443825  0
12.320000  0.442898  0
12.346667  0.441965  0
12.373333  0.440999  0
12.400000  0.440032  0
12.426667  0.439040  0
12.453333  0.438048  0
12.480000  0.437044  0
12.506667  0.436040  0
12.533333  0.435039  0
12.560000  0.434039  0
12.586667  0.433054  0
12.613333  0.432072  0
12.640000  0.431117  0
12.666667  0.430169  0
12.693333  0.429254  0
12.720000  0.428352  0
12.746667  0.427489  0
12.773333  0.426644  0
12.800000  0.425840  0
12.826667  0.425060  0
12.853333  0.424320  0
12.880000  0.423612  0
12.906667  0.422940  0
12.933333  0.422306  0
12.960000  0.421702  0
12.986667  0.421141  0
13.013333  0.420605  0
13.040000  0.420114  0
13.066667  0.419642  0
13.093333  0.419217  0
13.120000  0.418805  0
13.146667  0.418439  0
13.173333  0.418081  0
13.200000  0.417768  0
13.226667  0.417459  0
13.253333  0.417190  0
13.280000  0.416923  0
13.306667  0.416692  0
13.333333  0.416462  0
13.360000  0.416261  0
13.386667  0.416062  0
13.413333  0.415886  0
13.440000  0.415712  0
13.466667  0.415556  0
13.493333  0.415403  0
13.520000  0.415264  0
13.546667  0.415128  0
13.573333  0.415003  0
13.600000  0.414882  0
13.626667  0.414768  0
13.653333  0.414660  0
13.680000  0.414558  0
13.706667  0.414460  0
13.733333  0.414368  0
13.760000  0.414282  0
13.786667  0.414200  0
13.813333  0.414124  0
13.840000  0.414053  0
13.866667  0.413988  0
13.893333  0.413926  0
13.920000  0.413873  0
13.946667  0.413822  0
13.973333  0.413780  0
14.000000  0.413740  0
14.026667  0.413709  0
14.053333  0.413680  0
14.080000  0.413662  0
14.106667  0.413644  0
14.133333  0.413638  0
14.160000  0.413632  0
14.186667  0.413637  0
14.213333  0.413643  0
14.240000  0.413659  0
14.266667  0.413675  0
14.293333  0.413701  0
14.320000  0.413728  0
14.346667  0.413762  0
14.373333  0.413799  0
14.400000  0.413841  0
14.426667  0.413885  0
14.453333  0.413933  0
14.480000  0.413983  0
14.506667  0.414036  0
14.533333  0.414090  0
14.560000  0.414146  0
14.586667  0.414203  0
14.613333  0.414259  0
14.640000  0.414315  0
14.666667  0.414370  0
14.693333  0.414424  0
14.720000  0.414476  0
14.746667  0.414525  0
14.773333  0.414572  0
14.800000  0.414614  0
14.826667  0.414654  0
14.853333  0.414687  0
14.880000  0.414719  0
14.906667  0.414742  0
14.933333  0.414765  0
14.960000  0.414776  0
14.986667  0.414788  0
15.013333  0.414699  0
15.040000  0.414609  0
15.066667  0.414519  0
15.093333  0.414430  0
15.120000  0.414340  0
15.146667  0.414250  0
15.173333  0.414161  0
15.200000  0.414071  0
15.226667  0.413981  0
15.253333  0.413892  0
15.280000  0.413802  0
15.306667  0.413713  0
15.333333  0.413623  0
15.360000  0.413533  0
15.386667  0.413444  0
15.413333  0.413354  0
15.440000  0.413264  0
15.466667  0.413175  0
15.493333  0.413085  0
15.520000  0.412996  0
15.546667  0.412906  0
15.573333  0.412816  0
15.600000  0.412727  0
15.626667  0.412637  0
15.653333  0.412547  0
15.680000  0.412458  0
15.706667  0.412368  0
15.733333  0.412278  0
15.760000  0.412189  0
15.786667  0.412099  0
15.813333  0.412010  0
15.840000  0.411920  0
15.866667  0.411830  0
15.893333  0.411741  0
15.920000  0.411651  0
15.946667  0.411561  0
15.973333  0.411472  0
16.000000  0.411382  0
16.026667  0.411293  0
16.053333  0.411203  0
16.080000  0.411113  0
16.106667  0.411024  0
16.133333  0.410934  0
16.160000  0.410844  0
16.186667  0.410755  0
16.213333  0.410665  0
16.240000  0.410575  0
16.266667  0.410486  0
16.293333  0.410396  0
16.320000  0.410307  0
16.346667  0.410217  0
16.373333  0.410127  0
16.400000  0.410038  0
16.426667  0.409948  0
16.453333  0.409858  0
16.480000  0.409769  0
16.506667  0.409679  0
16.533333  0.409590  0
16.560000  0.409500  0
16.586667  0.409410  0
16.613333  0.409321  0
16.640000  0.409231  0
16.666667  0.409141  0
16.693333  0.409052  0
16.720000  0.408962  0
16.746667  0.408872  0
16.773333  0.408783  0
16.800000  0.408693  0
16.826667  0.408604  0
16.853333  0.408514  0
16.880000  0.408424  0
16.906667  0.408335  0
16.933333  0.408245  0
16.960000  0.408155  0
16.986667  0.408066  0
17.013333  0.407976  0
17.040000  0.407887  0
17.066667  0.407797  0
17.093333  0.407707  0
17.120000  0.407618  0
17.146667  0.407528  0
17.173333  0.407438  0
17.200000  0.407349  0
17.226667  0.407259  0
17.253333  0.407169  0
17.280000  0.407080  0
17.306667  0.406990  0
17.333333  0.406901  0
17.360000  0.406811  0
17.386667  0.406721  0
17.413333  0.406632  0
17.440000  0.406542  0
17.466667  0.406452  0
17.493333  0.406363  0
17.520000  0.406273  0
17.546667  0.406184  0
17.573333  0.406094  0
17.600000  0.406004  0
17.626667  0.405915  0
17.653333  0.405825  0
17.680000  0.405735  0
17.706667  0.405646  0
17.733333  0.405556  0
17.760000  0.405466  0
17.786667  0.405377  0
17.813333  0.405287  0
17.840000  0.405198  0
17.866667  0.405108  0
17.893333  0.405018  0
17.920000  0.404929  0
17.946667  0.404839  0
17.973333  0.404749  0
18.000000  0.404660  0
18.026667  0.404570  0
18.053333  0.404481  0
18.080000  0.404391  0
18.106667  0.404301  0
18.133333  0.404212  0
18.160000  0.404122  0
18.186667  0.404032  0
18.213333  0.403943  0
18.240000  0.403853  0
18.266667  0.403763  0
18.293333  0.403674  0
18.320000  0.403584  0
18.346667  0.403495  0
18.373333  0.403405  0
18.400000  0.403315  0
18.426667  0.403226  0
18.453333  0.403136  0
18.480000  0.403046  0
18.506667  0.402957  0
18.533333  0.402867  0
18.560000  0.402778  0
18.586667  0.402688  0
18.613333  0.402598  0
18.640000  0.402509  0
18.666667  0.402419  0
18.693333  0.402329  0
18.720000  0.402240  0
18.746667  0.402150  0
18.773333  0.402060  0
18.800000  0.401971  0
18.826667  0.401881  0
18.853333  0.401792  0
18.880000  0.401702  0
18.906667  0.401612  0
18.933333  0.401523  0
18.960000  0.401433  0
18.986667  0.401343  0
19.013333  0.401254  0
19.040000  0.401164  0
19.066667  0.401075  0
19.093333  0.400985  0
19.120000  0.400895  0
19.146667  0.400806  0
19.173333  0.400716  0
19.200000  0.400626  0
19.226667  0.400537  0
19.253333  0.400447  0
19.280000  0.400357  0
19.306667  0.400268  0
19.333333  0.400178  0
19.360000  0.400089  0
19.386667  0.399999  0
19.413333  0.399909  0
19.440000  0.399820  0
19.466667  0.399730  0
19.493333  0.399640  0
19.520000  0.399551  0
19.546667  0.399461  0
19.573333  0.399372  0
19.600000  0.399282  0
19.626667  0.399192  0
19.653333  0.399103  0
19.680000  0.399013  0
19.706667  0.398923  0
19.733333  0.398834  0
19.760000  0.398744  0
19.786667  0.398654  0
19.813333  0.398565  0
19.840000  0.398475  0
19.866667  0.398386  0
19.893333  0.398296  0
19.920000  0.398206  0
19.946667  0.398117  0
19.973333  0.398027  0
20.000000  0.397937  0
20.026667  0.397848  0
20.053333  0.397758  0
20.080000  0.397669  0
20.106667  0.397579  0
20.133333  0.397489  0
20.160000  0.397400  0
20.186667  0.397310  0
20.213333  0.397220  0
20.240000  0.397131  0
20.266667  0.397041  0
20.293333  0.396951  0
20.320000  0.396862  0
20.346667  0.396772  0
20.373333  0.396683  0
20.400000  0.396593  0
20.426667  0.396503  0
20.453333  0.396414  0
20.480000  0.396324  0
20.506667  0.396234  0
20.533333  0.396145  0
20.560000  0.396055  0
20.586667  0.395966  0
20.613333  0.395876  0
20.640000  0.395786  0
20.666667  0.395697  0
20.693333  0.395607  0
20.720000  0.395517  0
20.746667  0.395428  0
20.773333  0.395338  0
20.800000  0.395248  0
20.826667  0.395159  0
20.853333  0.395069  0
20.880000  0.394980  0
20.906667  0.394890  0
20.933333  0.394800  0
20.960000  0.394711  0
20.986667  0.394621  0
21.013333  0.394531  0
21.040000  0.394442  0
21.066667  0.394352  0
21.093333  0.394263  0
21.120000  0.394173  0
21.146667  0.394083  0
21.173333  0.393994  0
21.200000  0.393904  0
21.226667  0.393814  0
21.253333  0.393725  0
21.280000  0.393635  0
21.306667  0.393545  0
21.333333  0.393456  0
21.360000  0.393366  0
21.386667  0.393277  0
21.413333  0.393187  0
21.440000  0.393097  0
21.466667  0.393008  0
21.493333  0.392918  0
21.520000  0.392828  0
21.546667  0.392739  0
21.573333  0.392649  0
21.600000  0.392560  0
21.626667  0.392470  0
21.653333  0.392380  0
21.680000  0.392291  0
21.706667  0.392201  0
21.733333  0.392111  0
21.760000  0.392022  0
21.786667  0.391932  0
21.813333  0.391842  0
21.840000  0.391753  0
21.866667  0.391663  0
21.893333  0.391574  0
21.920000  0.391484  0
21.946667  0.391394  0
21.973333  0.391305  0
22.000000  0.391215  0
22.026667  0.391125  0
22.053333  0.391036  0
22.080000  0.390946  0
22.106667  0.390857  0
22.133333  0.390767  0
22.160000  0.390677  0
22.186667  0.390588  0
22.213333  0.390498  0
22.240000  0.390408  0
22.266667  0.390319  0
22.293333  0.390229  0
22.320000  0.390139  0
22.346667  0.390050  0
22.373333  0.389960  0
22.400000  0.389871  0
22.426667  0.389781  0
22.453333  0.389691  0
22.480000  0.389602  0
22.506667  0.389512  0
22.533333  0.389422  0
22.560000  0.389333  0
22.586667  0.389243  0
22.613333  0.389154  0
22.640000  0.389064  0
22.666667  0.388974  0
22.693333  0.388885  0
22.720000  0.388795  0
22.746667  0.388705  0
22.773333  0.388616  0
22.800000  0.388526  0
22.826667  0.388436  0
22.853333  0.388347  0
22.880000  0.388257  0
22.906667  0.388168  0
22.933333  0.388078  0
22.960000  0.387988  0
22.986667  0.387899  0
23.013333  0.387809  0
23.040000  0.387719  0
23.066667  0.387630  0
23.093333  0.387540  0
23.120000  0.387451  0
23.146667  0.387361  0
23.173333  0.387271  0
23.200000  0.387182  0
23.226667  0.387092  0
23.253333  0.387002  0
23.280000  0.386913  0
23.306667  0.386823  0
23.333333  0.386734  0
23.360000  0.386644  0
23.386667  0.386554  0
