2.666667  0.650177  0
2.693333  0.650020  0
2.720000  0.649714  0
2.746667  0.649269  0
2.773333  0.648703  0
2.800000  0.648033  0
2.826667  0.647279  0
2.853333  0.646459  0
2.880000  0.645590  0
2.906667  0.644686  0
2.933333  0.643758  0
2.960000  0.642814  0
2.986667  0.641861  0
3.013333  0.640903  0
3.040000  0.639942  0
3.066667  0.638981  0
3.093333  0.638021  0
3.120000  0.637062  0
3.146667  0.636105  0
3.173333  0.635150  0
3.200000  0.634197  0
3.226667  0.633245  0
3.253333  0.632296  0
3.280000  0.631348  0
3.306667  0.630401  0
3.333333  0.629455  0
3.360000  0.628510  0
3.386667  0.627565  0
3.413333  0.626621  0
3.440000  0.625677  0
3.466667  0.624734  0
3.493333  0.623790  0
3.520000  0.622848  0
3.546667  0.621907  0
3.573333  0.620968  0
3.600000  0.620033  0
3.626667  0.619104  0
3.653333  0.618185  0
3.680000  0.617280  0
3.706667  0.616395  0
3.733333  0.615537  0
3.760000  0.614717  0
3.786667  0.613942  0
3.813333  0.613224  0
3.840000  0.612570  0
3.866667  0.611988  0
3.893333  0.611484  0
3.920000  0.611059  0
3.946667  0.610713  0
3.973333  0.610439  0
4.000000  0.610233  0
4.026667  0.610084  0
4.053333  0.609982  0
4.080000  0.609918  0
4.106667  0.609881  0
4.133333  0.609863  0
4.160000  0.609856  0
4.186667  0.609851  0
4.213333  0.609842  0
4.240000  0.609822  0
4.266667  0.609785  0
4.293333  0.609723  0
4.320000  0.609628  0
4.346667  0.609494  0
4.373333  0.609313  0
4.400000  0.609078  0
4.426667  0.608783  0
4.453333  0.608422  0
4.480000  0.607993  0
4.506667  0.607492  0
4.533333  0.606919  0
4.560000  0.606275  0
4.586667  0.605563  0
4.613333  0.604786  0
4.640000  0.603948  0
4.666667  0.603056  0
4.693333  0.602115  0
4.720000  0.601129  0
4.746667  0.600103  0
4.773333  0.599042  0
4.800000  0.597948  0
4.826667  0.596820  0
4.853333  0.595659  0
4.880000  0.594459  0
4.906667  0.593217  0
4.933333  0.591923  0
4.960000  0.590569  0
4.986667  0.589146  0
5.013333  0.587644  0
5.040000  0.586056  0
5.066667  0.584375  0
5.093333  0.582601  0
5.120000  0.580735  0
5.146667  0.578784  0
5.173333  0.576756  0
5.200000  0.574666  0
5.226667  0.572528  0
5.253333  0.570356  0
5.280000  0.568164  0
5.306667  0.565965  0
5.333333  0.563769  0
5.360000  0.561584  0
5.386667  0.559415  0
5.413333  0.557269  0
5.440000  0.555148  0
5.466667  0.553058  0
5.493333  0.551002  0
5.520000  0.548984  0
5.546667  0.547007  0
5.573333  0.545074  0
5.600000  0.543187  0
5.626667  0.541345  0
5.653333  0.539547  0
5.680000  0.537790  0
5.706667  0.536068  0
5.733333  0.534378  0
5.760000  0.532714  0
5.786667  0.531070  0
5.813333  0.529443  0
5.840000  0.527828  0
5.866667  0.526224  0
5.893333  0.524628  0
5.920000  0.523039  0
5.946667  0.521457  0
5.973333  0.519882  0
6.000000  0.518312  0
6.026667  0.516750  0
6.053333  0.515193  0
6.080000  0.513644  0
6.106667  0.512101  0
6.133333  0.510565  0
6.160000  0.509039  0
6.186667  0.507523  0
6.213333  0.506020  0
6.240000  0.504533  0
6.266667  0.503065  0
6.293333  0.501622  0
6.320000  0.500207  0
6.346667  0.498824  0
6.373333  0.497476  0
6.400000  0.496165  0
6.426667  0.494891  0
6.453333  0.493654  0
6.480000  0.492453  0
6.506667  0.491285  0
6.533333  0.490148  0
6.560000  0.489041  0
6.586667  0.487961  0
6.613333  0.486908  0
6.640000  0.485884  0
6.666667  0.484890  0
6.693333  0.483929  0
6.720000  0.483003  0
6.746667  0.482115  0
6.773333  0.481266  0
6.800000  0.480458  0
6.826667  0.479689  0
6.853333  0.478958  0
6.880000  0.478261  0
6.906667  0.477597  0
6.933333  0.476960  0
6.960000  0.476351  0
6.986667  0.475766  0
7.013333  0.475205  0
7.040000  0.474671  0
7.066667  0.474164  0
7.093333  0.473688  0
7.120000  0.473244  0
7.146667  0.472834  0
7.173333  0.472456  0
7.200000  0.472109  0
7.226667  0.471786  0
7.253333  0.471481  0
7.280000  0.471185  0
7.306667  0.470888  0
7.333333  0.470582  0
7.360000  0.470258  0
7.386667  0.469912  0
7.413333  0.469539  0
7.440000  0.469140  0
7.466667  0.468715  0
7.493333  0.468268  0
7.520000  0.467802  0
7.546667  0.467325  0
7.573333  0.466841  0
7.600000  0.466358  0
7.626667  0.465880  0
7.653333  0.465416  0
7.680000  0.464971  0
7.706667  0.464550  0
7.733333  0.464158  0
7.760000  0.463797  0
7.786667  0.463466  0
7.813333  0.463161  0
7.840000  0.462874  0
7.866667  0.462591  0
7.893333  0.462297  0
7.920000  0.461967  0
7.946667  0.461579  0
7.973333  0.461104  0
8.000000  0.460517  0
8.026667  0.459793  0
8.053333  0.458909  0
8.080000  0.457849  0
8.106667  0.456604  0
8.133333  0.455168  0
8.160000  0.453545  0
8.186667  0.451745  0
8.213333  0.449784  0
8.240000  0.447683  0
8.266667  0.445470  0
8.293333  0.443174  0
8.320000  0.440830  0
8.346667  0.438475  0
8.373333  0.436146  0
8.400000  0.433879  0
8.426667  0.431709  0
8.453333  0.429666  0
8.480000  0.427776  0
8.506667  0.426061  0
8.533333  0.424534  0
8.560000  0.423205  0
8.586667  0.422077  0
8.613333  0.421147  0
8.640000  0.420409  0
8.666667  0.419851  0
8.693333  0.419456  0
8.720000  0.419206  0
8.746667  0.419080  0
8.773333  0.419053  0
8.800000  0.419099  0
8.826667  0.419193  0
8.853333  0.419308  0
8.880000  0.419420  0
8.906667  0.419507  0
8.933333  0.419549  0
8.960000  0.419533  0
8.986667  0.419448  0
9.013333  0.419292  0
9.040000  0.419064  0
9.066667  0.418770  0
9.093333  0.418422  0
9.120000  0.418031  0
9.146667  0.417613  0
9.173333  0.417183  0
9.200000  0.416757  0
9.226667  0.416348  0
9.253333  0.415966  0
9.280000  0.415622  0
9.306667  0.415319  0
9.333333  0.415061  0
9.360000  0.414846  0
9.386667  0.414673  0
9.413333  0.414538  0
9.440000  0.414436  0
9.466667  0.414360  0
9.493333  0.414307  0
9.520000  0.414270  0
9.546667  0.414243  0
9.573333  0.414224  0
9.600000  0.414208  0
9.626667  0.414192  0
9.653333  0.414174  0
9.680000  0.414150  0
9.706667  0.414120  0
9.733333  0.414082  0
9.760000  0.414033  0
9.786667  0.413974  0
9.813333  0.413903  0
9.840000  0.413820  0
9.866667  0.413724  0
9.893333  0.413616  0
9.920000  0.413497  0
9.946667  0.413367  0
9.973333  0.413227  0
10.000000  0.413080  0
10.026667  0.412926  0
10.053333  0.412768  0
10.080000  0.412606  0
10.106667  0.412443  0
10.133333  0.412278  0
10.160000  0.412113  0
10.186667  0.411947  0
10.213333  0.411779  0
10.240000  0.411610  0
10.266667  0.411436  0
10.293333  0.411258  0
10.320000  0.411072  0
10.346667  0.410878  0
10.373333  0.410674  0
10.400000  0.410458  0
10.426667  0.410228  0
10.453333  0.409985  0
10.480000  0.409728  0
10.506667  0.409456  0
10.533333  0.409170  0
10.560000  0.408872  0
10.586667  0.408561  0
10.613333  0.408241  0
10.640000  0.407913  0
10.666667  0.407580  0
10.693333  0.407244  0
10.720000  0.406908  0
10.746667  0.406575  0
10.773333  0.406247  0
10.800000  0.405926  0
10.826667  0.405616  0
10.853333  0.405317  0
10.880000  0.405031  0
10.906667  0.404759  0
10.933333  0.404501  0
10.960000  0.404256  0
10.986667  0.404024  0
11.013333  0.403806  0
11.040000  0.403599  0
11.066667  0.403403  0
11.093333  0.403216  0
11.120000  0.403039  0
11.146667  0.402871  0
11.173333  0.402711  0
11.200000  0.402559  0
11.226667  0.402417  0
11.253333  0.402284  0
11.280000  0.402161  0
11.306667  0.402049  0
11.333333  0.401950  0
11.360000  0.401864  0
11.386667  0.401792  0
11.413333  0.401735  0
11.440000  0.401692  0
11.466667  0.401663  0
11.493333  0.401647  0
11.520000  0.401642  0
11.546667  0.401648  0
11.573333  0.401662  0
11.600000  0.401681  0
11.626667  0.401703  0
11.653333  0.401725  0
11.680000  0.401746  0
11.706667  0.401762  0
11.733333  0.401773  0
11.760000  0.401776  0
11.786667  0.401771  0
11.813333  0.401757  0
11.840000  0.401732  0
11.866667  0.401698  0
11.893333  0.401653  0
11.920000  0.401599  0
11.946667  0.401535  0
11.973333  0.401462  0
12.000000  0.401380  0
12.026667  0.401291  0
12.053333  0.401196  0
12.080000  0.401096  0
12.106667  0.400993  0
12.133333  0.400888  0
12.160000  0.400783  0
12.186667  0.400681  0
12.213333  0.400583  0
12.240000  0.400491  0
12.266667  0.400406  0
12.293333  0.400328  0
12.320000  0.400257  0
12.346667  0.400194  0
12.373333  0.400136  0
12.400000  0.400082  0
12.426667  0.400029  0
12.453333  0.399975  0
12.480000  0.399916  0
12.506667  0.399850  0
12.533333  0.399772  0
12.560000  0.399682  0
12.586667  0.399577  0
12.613333  0.399455  0
12.640000  0.399317  0
12.666667  0.399163  0
12.693333  0.398995  0
12.720000  0.398813  0
12.746667  0.398622  0
12.773333  0.398424  0
12.800000  0.398223  0
12.826667  0.398021  0
12.853333  0.397822  0
12.880000  0.397628  0
12.906667  0.397441  0
12.933333  0.397261  0
12.960000  0.397090  0
12.986667  0.396926  0
13.013333  0.396769  0
13.040000  0.396618  0
13.066667  0.396469  0
13.093333  0.396322  0
13.120000  0.396174  0
13.146667  0.396024  0
13.173333  0.395870  0
13.200000  0.395712  0
13.226667  0.395550  0
13.253333  0.395384  0
13.280000  0.395217  0
13.306667  0.395051  0
13.333333  0.394888  0
13.360000  0.394731  0
13.386667  0.394584  0
13.413333  0.394450  0
13.440000  0.394331  0
13.466667  0.394229  0
13.493333  0.394146  0
13.520000  0.394083  0
13.546667  0.394040  0
13.573333  0.394014  0
13.600000  0.394006  0
13.626667  0.394013  0
13.653333  0.394033  0
13.680000  0.394063  0
13.706667  0.394100  0
13.733333  0.394143  0
13.760000  0.394189  0
13.786667  0.394238  0
13.813333  0.394288  0
13.840000  0.394339  0
13.866667  0.394392  0
13.893333  0.394445  0
13.920000  0.394502  0
13.946667  0.394560  0
13.973333  0.394623  0
14.000000  0.394690  0
14.026667  0.394760  0
14.053333  0.394835  0
14.080000  0.394913  0
14.106667  0.394994  0
14.133333  0.395075  0
14.160000  0.395155  0
14.186667  0.395233  0
14.213333  0.395307  0
14.240000  0.395374  0
14.266667  0.395433  0
14.293333  0.395483  0
14.320000  0.395522  0
14.346667  0.395550  0
14.373333  0.395566  0
14.400000  0.395571  0
14.426667  0.395563  0
14.453333  0.395544  0
14.480000  0.395514  0
14.506667  0.395473  0
14.533333  0.395422  0
14.560000  0.395361  0
14.586667  0.395292  0
14.613333  0.395215  0
14.640000  0.395131  0
14.666667  0.395040  0
14.693333  0.394945  0
14.720000  0.394845  0
14.746667  0.394744  0
14.773333  0.394642  0
14.800000  0.394540  0
14.826667  0.394441  0
14.853333  0.394346  0
14.880000  0.394256  0
14.906667  0.394172  0
14.933333  0.394094  0
14.960000  0.394023  0
14.986667  0.393958  0
15.013333  0.393900  0
15.040000  0.393846  0
15.066667  0.393798  0
15.093333  0.393753  0
15.120000  0.393710  0
15.146667  0.393670  0
15.173333  0.393632  0
15.200000  0.393594  0
15.226667  0.393558  0
15.253333  0.393521  0
15.280000  0.393485  0
15.306667  0.393450  0
15.333333  0.393414  0
15.360000  0.393378  0
15.386667  0.393342  0
15.413333  0.393307  0
15.440000  0.393271  0
15.466667  0.393235  0
15.493333  0.393200  0
15.520000  0.393164  0
15.546667  0.393128  0
15.573333  0.393093  0
15.600000  0.393057  0
15.626667  0.393022  0
15.653333  0.392986  0
15.680000  0.392950  0
15.706667  0.392915  0
15.733333  0.392879  0
15.760000  0.392843  0
15.786667  0.392808  0
15.813333  0.392772  0
15.840000  0.392736  0
15.866667  0.392701  0
15.893333  0.392665  0
15.920000  0.392629  0
15.946667  0.392594  0
15.973333  0.392558  0
16.000000  0.392522  0
16.026667  0.392487  0
16.053333  0.392451  0
16.080000  0.392415  0
16.106667  0.392380  0
16.133333  0.392344  0
16.160000  0.392308  0
16.186667  0.392273  0
16.213333  0.392237  0
16.240000  0.392201  0
16.266667  0.392166  0
16.293333  0.392130  0
16.320000  0.392094  0
16.346667  0.392059  0
16.373333  0.392023  0
16.400000  0.391987  0
16.426667  0.391952  0
16.453333  0.391916  0
16.480000  0.391880  0
16.506667  0.391845  0
16.533333  0.391809  0
16.560000  0.391773  0
16.586667  0.391738  0
16.613333  0.391702  0
16.640000  0.391667  0
16.666667  0.391631  0
16.693333  0.391595  0
16.720000  0.391560  0
16.746667  0.391524  0
16.773333  0.391488  0
16.800000  0.391453  0
16.826667  0.391417  0
16.853333  0.391381  0
16.880000  0.391346  0
16.906667  0.391310  0
16.933333  0.391274  0
16.960000  0.391239  0
16.986667  0.391203  0
17.013333  0.391167  0
17.040000  0.391132  0
17.066667  0.391096  0
17.093333  0.391060  0
17.120000  0.391025  0
17.146667  0.390989  0
17.173333  0.390953  0
17.200000  0.390918  0
17.226667  0.390882  0
17.253333  0.390846  0
17.280000  0.390811  0
17.306667  0.390775  0
17.333333  0.390739  0
17.360000  0.390704  0
17.386667  0.390668  0
17.413333  0.390632  0
17.440000  0.390597  0
17.466667  0.390561  0
17.493333  0.390525  0
17.520000  0.390490  0
17.546667  0.390454  0
17.573333  0.390418  0
17.600000  0.390383  0
17.626667  0.390347  0
17.653333  0.390311  0
17.680000  0.390276  0
17.706667  0.390240  0
17.733333  0.390205  0
17.760000  0.390169  0
17.786667  0.390133  0
17.813333  0.390098  0
17.840000  0.390062  0
17.866667  0.390026  0
17.893333  0.389991  0
17.920000  0.389955  0
17.946667  0.389919  0
17.973333  0.389884  0
18.000000  0.389848  0
18.026667  0.389812  0
18.053333  0.389777  0
18.080000  0.389741  0
18.106667  0.389705  0
18.133333  0.389670  0
18.160000  0.389634  0
18.186667  0.389598  0
18.213333  0.389563  0
18.240000  0.389527  0
18.266667  0.389491  0
18.293333  0.389456  0
18.320000  0.389420  0
18.346667  0.389384  0
18.373333  0.389349  0
18.400000  0.389313  0
18.426667  0.389277  0
18.453333  0.389242  0
18.480000  0.389206  0
18.506667  0.389170  0
18.533333  0.389135  0
18.560000  0.389099  0
18.586667  0.389063  0
18.613333  0.389028  0
18.640000  0.388992  0
18.666667  0.388956  0
18.693333  0.388921  0
18.720000  0.388885  0
18.746667  0.388850  0
18.773333  0.388814  0
18.800000  0.388778  0
18.826667  0.388743  0
18.853333  0.388707  0
18.880000  0.388671  0
18.906667  0.388636  0
18.933333  0.388600  0
18.960000  0.388564  0
18.986667  0.388529  0
19.013333  0.388493  0
19.040000  0.388457  0
19.066667  0.388422  0
19.093333  0.388386  0
19.120000  0.388350  0
19.146667  0.388315  0
19.173333  0.388279  0
19.200000  0.388243  0
19.226667  0.388208  0
19.253333  0.388172  0
19.280000  0.388136  0
19.306667  0.388101  0
19.333333  0.388065  0
19.360000  0.388029  0
19.386667  0.387994  0
19.413333  0.387958  0
19.440000  0.387922  0
19.466667  0.387887  0
19.493333  0.387851  0
19.520000  0.387815  0
19.546667  0.387780  0
19.573333  0.387744  0
19.600000  0.387708  0
19.626667  0.387673  0
19.653333  0.387637  0
19.680000  0.387601  0
19.706667  0.387566  0
19.733333  0.387530  0
19.760000  0.387494  0
19.786667  0.387459  0
19.813333  0.387423  0
19.840000  0.387388  0
19.866667  0.387352  0
19.893333  0.387316  0
19.920000  0.387281  0
19.946667  0.387245  0
19.973333  0.387209  0
20.000000  0.387174  0
20.026667  0.387138  0
20.053333  0.387102  0
20.080000  0.387067  0
20.106667  0.387031  0
20.133333  0.386995  0
20.160000  0.386960  0
20.186667  0.386924  0
20.213333  0.386888  0
20.240000  0.386853  0
20.266667  0.386817  0
20.293333  0.386781  0
20.320000  0.386746  0
20.346667  0.386710  0
20.373333  0.386674  0
20.400000  0.386639  0
20.426667  0.386603  0
20.453333  0.386567  0
20.480000  0.386532  0
20.506667  0.386496  0
20.533333  0.386460  0
20.560000  0.386425  0
20.586667  0.386389  0
20.613333  0.386353  0
20.640000  0.386318  0
20.666667  0.386282  0
20.693333  0.386246  0
20.720000  0.386211  0
20.746667  0.386175  0
20.773333  0.386139  0
20.800000  0.386104  0
20.826667  0.386068  0
20.853333  0.386033  0
20.880000  0.385997  0
20.906667  0.385961  0
20.933333  0.385926  0
20.960000  0.385890  0
20.986667  0.385854  0
21.013333  0.385819  0
21.040000  0.385783  0
21.066667  0.385747  0
21.093333  0.385712  0
21.120000  0.385676  0
21.146667  0.385640  0
21.173333  0.385605  0
21.200000  0.385569  0
21.226667  0.385533  0
21.253333  0.385498  0
21.280000  0.385462  0
21.306667  0.385426  0
21.333333  0.385391  0
21.360000  0.385355  0
21.386667  0.385319  0
21.413333  0.385284  0
21.440000  0.385248  0
21.466667  0.385212  0
21.493333  0.385177  0
21.520000  0.385141  0
21.546667  0.385105  0
21.573333  0.385070  0
21.600000  0.385034  0
21.626667  0.384998  0
21.653333  0.384963  0
21.680000  0.384927  0
21.706667  0.384891  0
21.733333  0.384856  0
21.760000  0.384820  0
21.786667  0.384785  0
21.813333  0.384749  0
21.840000  0.384714  0
21.866667  0.384680  0
21.893333  0.384645  0
21.920000  0.384612  0
21.946667  0.384580  0
21.973333  0.384550  0
22.000000  0.384522  0
22.026667  0.384498  0
22.053333  0.384477  0
22.080000  0.384460  0
22.106667  0.384449  0
22.133333  0.384443  0
