3.440000  0.786451  0
3.466667  0.786182  0
3.493333  0.785691  0
3.520000  0.785047  0
3.546667  0.784317  0
3.573333  0.783547  0
3.600000  0.782762  0
3.626667  0.781972  0
3.653333  0.781181  0
3.680000  0.780389  0
3.706667  0.779597  0
3.733333  0.778806  0
3.760000  0.778014  0
3.786667  0.777222  0
3.813333  0.776430  0
3.840000  0.775639  0
3.866667  0.774847  0
3.893333  0.774055  0
3.920000  0.773263  0
3.946667  0.772472  0
3.973333  0.771680  0
4.000000  0.770888  0
4.026667  0.770096  0
4.053333  0.769305  0
4.080000  0.768513  0
4.106667  0.767721  0
4.133333  0.766929  0
4.160000  0.766138  0
4.186667  0.765346  0
4.213333  0.764554  0
4.240000  0.763762  0
4.266667  0.762971  0
4.293333  0.762179  0
4.320000  0.761387  0
4.346667  0.760595  0
4.373333  0.759804  0
4.400000  0.759012  0
4.426667  0.758220  0
4.453333  0.757428  0
4.480000  0.756637  0
4.506667  0.755845  0
4.533333  0.755053  0
4.560000  0.754262  0
4.586667  0.753470  0
4.613333  0.752678  0
4.640000  0.751886  0
4.666667  0.751095  0
4.693333  0.750303  0
4.720000  0.749511  0
4.746667  0.748719  0
4.773333  0.747928  0
4.800000  0.747136  0
4.826667  0.746344  0
4.853333  0.745552  0
4.880000  0.744761  0
4.906667  0.743969  0
4.933333  0.743177  0
4.960000  0.742385  0
4.986667  0.741594  0
5.013333  0.740802  0
5.040000  0.740010  0
5.066667  0.739218  0
5.093333  0.738427  0
5.120000  0.737635  0
5.146667  0.736843  0
5.173333  0.736051  0
5.200000  0.735260  0
5.226667  0.734468  0
5.253333  0.733676  0
5.280000  0.732884  0
5.306667  0.732093  0
5.333333  0.731301  0
5.360000  0.730509  0
5.386667  0.729717  0
5.413333  0.728926  0
5.440000  0.728134  0
5.466667  0.727342  0
5.493333  0.726551  0
5.520000  0.725759  0
5.546667  0.724967  0
5.573333  0.724175  0
5.600000  0.723384  0
5.626667  0.722592  0
5.653333  0.721800  0
5.680000  0.721008  0
5.706667  0.720217  0
5.733333  0.719426  0
5.760000  0.718637  0
5.786667  0.717855  0
5.813333  0.717090  0
5.840000  0.716357  0
5.866667  0.715676  0
5.893333  0.715061  0
5.920000  0.714513  0
5.946667  0.714015  0
5.973333  0.713540  0
6.000000  0.713064  0
6.026667  0.712569  0
6.053333  0.712048  0
6.080000  0.711501  0
6.106667  0.710927  0
6.133333  0.710328  0
6.160000  0.709700  0
6.186667  0.709037  0
6.213333  0.708332  0
6.240000  0.707573  0
6.266667  0.706749  0
6.293333  0.705850  0
6.320000  0.704868  0
6.346667  0.703799  0
6.373333  0.702643  0
6.400000  0.701406  0
6.426667  0.700098  0
6.453333  0.698734  0
6.480000  0.697331  0
6.506667  0.695906  0
6.533333  0.694477  0
6.560000  0.693060  0
6.586667  0.691668  0
6.613333  0.690311  0
6.640000  0.688997  0
6.666667  0.687734  0
6.693333  0.686527  0
6.720000  0.685383  0
6.746667  0.684311  0
6.773333  0.683321  0
6.800000  0.682424  0
6.826667  0.681632  0
6.853333  0.680954  0
6.880000  0.680400  0
6.906667  0.679971  0
6.933333  0.679667  0
6.960000  0.679477  0
6.986667  0.679384  0
7.013333  0.679363  0
7.040000  0.679381  0
7.066667  0.679403  0
7.093333  0.679389  0
7.120000  0.679297  0
7.146667  0.679088  0
7.173333  0.678727  0
7.200000  0.678185  0
7.226667  0.677439  0
7.253333  0.676477  0
7.280000  0.675297  0
7.306667  0.673905  0
7.333333  0.672320  0
7.360000  0.670568  0
7.386667  0.668680  0
7.413333  0.666695  0
7.440000  0.664655  0
7.466667  0.662602  0
7.493333  0.660574  0
7.520000  0.658608  0
7.546667  0.656733  0
7.573333  0.654972  0
7.600000  0.653339  0
7.626667  0.651842  0
7.653333  0.650480  0
7.680000  0.649248  0
7.706667  0.648134  0
7.733333  0.647126  0
7.760000  0.646209  0
7.786667  0.645369  0
7.813333  0.644596  0
7.840000  0.643878  0
7.866667  0.643210  0
7.893333  0.642586  0
7.920000  0.642004  0
7.946667  0.641464  0
7.973333  0.640964  0
8.000000  0.640505  0
8.026667  0.640084  0
8.053333  0.639699  0
8.080000  0.639344  0
8.106667  0.639014  0
8.133333  0.638699  0
8.160000  0.638391  0
8.186667  0.638079  0
8.213333  0.637756  0
8.240000  0.637411  0
8.266667  0.637039  0
8.293333  0.636634  0
8.320000  0.636193  0
8.346667  0.635717  0
8.373333  0.635205  0
8.400000  0.634662  0
8.426667  0.634091  0
8.453333  0.633498  0
8.480000  0.632888  0
8.506667  0.632266  0
8.533333  0.631638  0
8.560000  0.631009  0
8.586667  0.630384  0
8.613333  0.629767  0
8.640000  0.629161  0
8.666667  0.628571  0
8.693333  0.628000  0
8.720000  0.627451  0
8.746667  0.626927  0
8.773333  0.626430  0
8.800000  0.625962  0
8.826667  0.625525  0
8.853333  0.625118  0
8.880000  0.624743  0
8.906667  0.624398  0
8.933333  0.624081  0
8.960000  0.623792  0
8.986667  0.623525  0
9.013333  0.623280  0
9.040000  0.623051  0
9.066667  0.622836  0
9.093333  0.622630  0
9.120000  0.622433  0
9.146667  0.622241  0
9.173333  0.622054  0
9.200000  0.621872  0
9.226667  0.621697  0
9.253333  0.621532  0
9.280000  0.621380  0
9.306667  0.621245  0
9.333333  0.621132  0
9.360000  0.621042  0
9.386667  0.620980  0
9.413333  0.620945  0
9.440000  0.620937  0
9.466667  0.620953  0
9.493333  0.620990  0
9.520000  0.621041  0
9.546667  0.621102  0
9.573333  0.621166  0
9.600000  0.621227  0
9.626667  0.621281  0
9.653333  0.621324  0
9.680000  0.621354  0
9.706667  0.621370  0
9.733333  0.621374  0
9.760000  0.621368  0
9.786667  0.621354  0
9.813333  0.621335  0
9.840000  0.621314  0
9.866667  0.621291  0
9.893333  0.621267  0
9.920000  0.621239  0
9.946667  0.621202  0
9.973333  0.621150  0
10.000000  0.621076  0
10.026667  0.620970  0
10.053333  0.620824  0
10.080000  0.620629  0
10.106667  0.620380  0
10.133333  0.620074  0
10.160000  0.619711  0
10.186667  0.619298  0
10.213333  0.618844  0
10.240000  0.618362  0
10.266667  0.617869  0
10.293333  0.617384  0
10.320000  0.616927  0
10.346667  0.616518  0
10.373333  0.616174  0
10.400000  0.615910  0
10.426667  0.615736  0
10.453333  0.615656  0
10.480000  0.615671  0
10.506667  0.615774  0
10.533333  0.615953  0
10.560000  0.616192  0
10.586667  0.616473  0
10.613333  0.616772  0
10.640000  0.617067  0
10.666667  0.617335  0
10.693333  0.617554  0
10.720000  0.617705  0
10.746667  0.617769  0
10.773333  0.617732  0
10.800000  0.617582  0
10.826667  0.617312  0
10.853333  0.616914  0
10.880000  0.616385  0
10.906667  0.615723  0
10.933333  0.614929  0
10.960000  0.614003  0
10.986667  0.612949  0
11.013333  0.611770  0
11.040000  0.610474  0
11.066667  0.609066  0
11.093333  0.607555  0
11.120000  0.605952  0
11.146667  0.604269  0
11.173333  0.602518  0
11.200000  0.600714  0
11.226667  0.598874  0
11.253333  0.597013  0
11.280000  0.595147  0
11.306667  0.593291  0
11.333333  0.591461  0
11.360000  0.589668  0
11.386667  0.587924  0
11.413333  0.586234  0
11.440000  0.584605  0
11.466667  0.583039  0
11.493333  0.581535  0
11.520000  0.580092  0
11.546667  0.578707  0
11.573333  0.577377  0
11.600000  0.576102  0
11.626667  0.574879  0
11.653333  0.573711  0
11.680000  0.572600  0
11.706667  0.571551  0
11.733333  0.570572  0
11.760000  0.569670  0
11.786667  0.568851  0
11.813333  0.568123  0
11.840000  0.567492  0
11.866667  0.566958  0
11.893333  0.566524  0
11.920000  0.566186  0
11.946667  0.565938  0
11.973333  0.565772  0
12.000000  0.565678  0
12.026667  0.565645  0
12.053333  0.565660  0
12.080000  0.565712  0
12.106667  0.565788  0
12.133333  0.565880  0
12.160000  0.565977  0
12.186667  0.566072  0
12.213333  0.566160  0
12.240000  0.566235  0
12.266667  0.566292  0
12.293333  0.566329  0
12.320000  0.566339  0
12.346667  0.566318  0
12.373333  0.566262  0
12.400000  0.566164  0
12.426667  0.566018  0
12.453333  0.565819  0
12.480000  0.565563  0
12.506667  0.565244  0
12.533333  0.564862  0
12.560000  0.564416  0
12.586667  0.563907  0
12.613333  0.563339  0
12.640000  0.562718  0
12.666667  0.562052  0
12.693333  0.561350  0
12.720000  0.560622  0
12.746667  0.559880  0
12.773333  0.559136  0
12.800000  0.558403  0
12.826667  0.557691  0
12.853333  0.557012  0
12.880000  0.556376  0
12.906667  0.555788  0
12.933333  0.555253  0
12.960000  0.554774  0
12.986667  0.554346  0
13.013333  0.553964  0
13.040000  0.553621  0
13.066667  0.553303  0
13.093333  0.552997  0
13.120000  0.552690  0
13.146667  0.552367  0
13.173333  0.552015  0
13.200000  0.551626  0
13.226667  0.551192  0
13.253333  0.550710  0
13.280000  0.550183  0
13.306667  0.549614  0
13.333333  0.549012  0
13.360000  0.548387  0
13.386667  0.547749  0
13.413333  0.547110  0
13.440000  0.546479  0
13.466667  0.545864  0
13.493333  0.545270  0
13.520000  0.544702  0
13.546667  0.544159  0
13.573333  0.543639  0
13.600000  0.543141  0
13.626667  0.542660  0
13.653333  0.542192  0
13.680000  0.541732  0
13.706667  0.541276  0
13.733333  0.540821  0
13.760000  0.540364  0
13.786667  0.539902  0
13.813333  0.539436  0
13.840000  0.538964  0
13.866667  0.538485  0
13.893333  0.537999  0
13.920000  0.537505  0
13.946667  0.537002  0
13.973333  0.536489  0
14.000000  0.535963  0
14.026667  0.535421  0
14.053333  0.534861  0
14.080000  0.534279  0
14.106667  0.533672  0
14.133333  0.533039  0
14.160000  0.532989  0
14.186667  0.532938  0
14.213333  0.532888  0
14.240000  0.532838  0
14.266667  0.532787  0
14.293333  0.532737  0
14.320000  0.532687  0
14.346667  0.532637  0
14.373333  0.532586  0
14.400000  0.532536  0
14.426667  0.532486  0
14.453333  0.532435  0
14.480000  0.532385  0
14.506667  0.532335  0
14.533333  0.532285  0
14.560000  0.532234  0
14.586667  0.532184  0
14.613333  0.532134  0
14.640000  0.532083  0
14.666667  0.532033  0
14.693333  0.531983  0
14.720000  0.531932  0
14.746667  0.531882  0
14.773333  0.531832  0
14.800000  0.531782  0
14.826667  0.531731  0
14.853333  0.531681  0
14.880000  0.531631  0
14.906667  0.531580  0
14.933333  0.531530  0
14.960000  0.531480  0
14.986667  0.531429  0
15.013333  0.531379  0
15.040000  0.531329  0
15.066667  0.531279  0
15.093333  0.531228  0
15.120000  0.531178  0
15.146667  0.531128  0
15.173333  0.531077  0
15.200000  0.531027  0
15.226667  0.530977  0
15.253333  0.530926  0
15.280000  0.530876  0
15.306667  0.530826  0
15.333333  0.530776  0
15.360000  0.530725  0
15.386667  0.530675  0
15.413333  0.530625  0
15.440000  0.530574  0
15.466667  0.530524  0
15.493333  0.530474  0
15.520000  0.530423  0
15.546667  0.530373  0
15.573333  0.530323  0
15.600000  0.530273  0
15.626667  0.530222  0
15.653333  0.530172  0
15.680000  0.530122  0
15.706667  0.530071  0
15.733333  0.530021  0
15.760000  0.529971  0
15.786667  0.529920  0
15.813333  0.529870  0
15.840000  0.529820  0
15.866667  0.529770  0
15.893333  0.529719  0
15.920000  0.529669  0
15.946667  0.529619  0
15.973333  0.529568  0
16.000000  0.529518  0
16.026667  0.529468  0
16.053333  0.529418  0
16.080000  0.529367  0
16.106667  0.529317  0
16.133333  0.529267  0
16.160000  0.529216  0
16.186667  0.529166  0
16.213333  0.529116  0
16.240000  0.529065  0
16.266667  0.529015  0
16.293333  0.528965  0
16.320000  0.528915  0
16.346667  0.528864  0
16.373333  0.528814  0
16.400000  0.528764  0
16.426667  0.528713  0
16.453333  0.528663  0
16.480000  0.528613  0
16.506667  0.528562  0
16.533333  0.528512  0
16.560000  0.528462  0
16.586667  0.528412  0
16.613333  0.528361  0
16.640000  0.528311  0
16.666667  0.528261  0
16.693333  0.528210  0
16.720000  0.528160  0
16.746667  0.528110  0
16.773333  0.528059  0
16.800000  0.528009  0
16.826667  0.527959  0
16.853333  0.527909  0
16.880000  0.527858  0
16.906667  0.527808  0
16.933333  0.527758  0
16.960000  0.527707  0
16.986667  0.527657  0
17.013333  0.527607  0
17.040000  0.527556  0
17.066667  0.527506  0
17.093333  0.527456  0
17.120000  0.527406  0
17.146667  0.527355  0
17.173333  0.527305  0
17.200000  0.527255  0
17.226667  0.527204  0
17.253333  0.527154  0
17.280000  0.527104  0
17.306667  0.527053  0
17.333333  0.526903  0
17.360000  0.526752  0
17.386667  0.526601  0
17.413333  0.526450  0
17.440000  0.526299  0
17.466667  0.526149  0
17.493333  0.525998  0
17.520000  0.525847  0
17.546667  0.525696  0
17.573333  0.525545  0
17.600000  0.525394  0
17.626667  0.525244  0
17.653333  0.525093  0
17.680000  0.524942  0
17.706667  0.524791  0
17.733333  0.524640  0
17.760000  0.524490  0
17.786667  0.524339  0
17.813333  0.524188  0
17.840000  0.524037  0
17.866667  0.523886  0
17.893333  0.523735  0
17.920000  0.523585  0
17.946667  0.523434  0
17.973333  0.523283  0
18.000000  0.523132  0
18.026667  0.522981  0
18.053333  0.522830  0
18.080000  0.522680  0
18.106667  0.522529  0
18.133333  0.522378  0
18.160000  0.522227  0
18.186667  0.522076  0
18.213333  0.521926  0
18.240000  0.521775  0
18.266667  0.521624  0
18.293333  0.521473  0
18.320000  0.521322  0
18.346667  0.521171  0
18.373333  0.521021  0
18.400000  0.520870  0
18.426667  0.520719  0
18.453333  0.520568  0
18.480000  0.520417  0
18.506667  0.520267  0
18.533333  0.520116  0
18.560000  0.519965  0
18.586667  0.519814  0
18.613333  0.519663  0
18.640000  0.519512  0
18.666667  0.519362  0
18.693333  0.519211  0
18.720000  0.519060  0
18.746667  0.518909  0
18.773333  0.518758  0
18.800000  0.518607  0
18.826667  0.518457  0
18.853333  0.518306  0
18.880000  0.518155  0
18.906667  0.518004  0
18.933333  0.517853  0
18.960000  0.517703  0
18.986667  0.517552  0
19.013333  0.517401  0
19.040000  0.517250  0
19.066667  0.517099  0
19.093333  0.516948  0
19.120000  0.516798  0
19.146667  0.516647  0
19.173333  0.516496  0
19.200000  0.516345  0
19.226667  0.516194  0
19.253333  0.516043  0
19.280000  0.515893  0
19.306667  0.515742  0
19.333333  0.515591  0
19.360000  0.515440  0
19.386667  0.515289  0
19.413333  0.515139  0
19.440000  0.514988  0
19.466667  0.514837  0
19.493333  0.514686  0
19.520000  0.514535  0
19.546667  0.514384  0
19.573333  0.514234  0
19.600000  0.514083  0
19.626667  0.513932  0
19.653333  0.513781  0
19.680000  0.513630  0
19.706667  0.513480  0
19.733333  0.513329  0
19.760000  0.513178  0
19.786667  0.513027  0
19.813333  0.512876  0
19.840000  0.512725  0
19.866667  0.512575  0
19.893333  0.512424  0
19.920000  0.512273  0
19.946667  0.512122  0
19.973333  0.511971  0
20.000000  0.511820  0
20.026667  0.511670  0
20.053333  0.511519  0
20.080000  0.511368  0
20.106667  0.511217  0
20.133333  0.511066  0
20.160000  0.510916  0
20.186667  0.510765  0
20.213333  0.510614  0
20.240000  0.510463  0
20.266667  0.510312  0
20.293333  0.510161  0
20.320000  0.510011  0
20.346667  0.509860  0
20.373333  0.509709  0
20.400000  0.509558  0
20.426667  0.509407  0
20.453333  0.509257  0
20.480000  0.509106  0
20.506667  0.508955  0
20.533333  0.508804  0
20.560000  0.508653  0
20.586667  0.508502  0
20.613333  0.508352  0
20.640000  0.508201  0
20.666667  0.508050  0
20.693333  0.507899  0
20.720000  0.507748  0
20.746667  0.507597  0
20.773333  0.507447  0
20.800000  0.507296  0
20.826667  0.507145  0
20.853333  0.506994  0
20.880000  0.506843  0
20.906667  0.506693  0
20.933333  0.506542  0
20.960000  0.506391  0
20.986667  0.506240  0
21.013333  0.506089  0
21.040000  0.505938  0
21.066667  0.505788  0
21.093333  0.505637  0
21.120000  0.505486  0
21.146667  0.505335  0
21.173333  0.505184  0
21.200000  0.505033  0
21.226667  0.504883  0
21.253333  0.504732  0
21.280000  0.504581  0
21.306667  0.504430  0
21.333333  0.504279  0
21.360000  0.504129  0
21.386667  0.503978  0
21.413333  0.503827  0
21.440000  0.503677  0
21.466667  0.503526  0
21.493333  0.503376  0
21.520000  0.503226  0
21.546667  0.503077  0
21.573333  0.502928  0
21.600000  0.502780  0
21.626667  0.502634  0
21.653333  0.502489  0
21.680000  0.502346  0
21.706667  0.502207  0
21.733333  0.502071  0
21.760000  0.501940  0
21.786667  0.501815  0
21.813333  0.501697  0
21.840000  0.501587  0
21.866667  0.501487  0
21.893333  0.501398  0
21.920000  0.501321  0
21.946667  0.501259  0
21.973333  0.501210  0
22.000000  0.501178  0
22.026667  0.501161  0
