3.013333  0.891443  0
3.040000  0.890823  0
3.066667  0.889690  0
3.093333  0.888207  0
3.120000  0.886526  0
3.146667  0.884753  0
3.173333  0.882944  0
3.200000  0.881124  0
3.226667  0.879301  0
3.253333  0.877477  0
3.280000  0.875653  0
3.306667  0.873829  0
3.333333  0.872005  0
3.360000  0.870181  0
3.386667  0.868357  0
3.413333  0.866533  0
3.440000  0.864709  0
3.466667  0.862886  0
3.493333  0.861062  0
3.520000  0.859238  0
3.546667  0.857414  0
3.573333  0.855590  0
3.600000  0.853766  0
3.626667  0.851942  0
3.653333  0.850118  0
3.680000  0.848294  0
3.706667  0.846470  0
3.733333  0.844646  0
3.760000  0.842822  0
3.786667  0.840998  0
3.813333  0.839174  0
3.840000  0.837350  0
3.866667  0.835526  0
3.893333  0.833702  0
3.920000  0.831878  0
3.946667  0.830054  0
3.973333  0.828231  0
4.000000  0.826407  0
4.026667  0.824583  0
4.053333  0.822759  0
4.080000  0.820935  0
4.106667  0.819111  0
4.133333  0.817287  0
4.160000  0.815463  0
4.186667  0.813639  0
4.213333  0.811815  0
4.240000  0.809991  0
4.266667  0.808167  0
4.293333  0.806343  0
4.320000  0.804519  0
4.346667  0.802695  0
4.373333  0.800871  0
4.400000  0.799047  0
4.426667  0.797223  0
4.453333  0.795399  0
4.480000  0.793576  0
4.506667  0.791752  0
4.533333  0.789928  0
4.560000  0.788104  0
4.586667  0.786280  0
4.613333  0.784456  0
4.640000  0.782632  0
4.666667  0.780808  0
4.693333  0.778984  0
4.720000  0.777160  0
4.746667  0.775336  0
4.773333  0.773512  0
4.800000  0.771688  0
4.826667  0.769864  0
4.853333  0.768040  0
4.880000  0.766216  0
4.906667  0.764392  0
4.933333  0.762568  0
4.960000  0.760744  0
4.986667  0.758921  0
5.013333  0.757097  0
5.040000  0.755273  0
5.066667  0.753449  0
5.093333  0.751625  0
5.120000  0.749801  0
5.146667  0.747977  0
5.173333  0.746153  0
5.200000  0.744329  0
5.226667  0.742505  0
5.253333  0.740681  0
5.280000  0.738857  0
5.306667  0.737033  0
5.333333  0.735209  0
5.360000  0.733385  0
5.386667  0.731561  0
5.413333  0.729737  0
5.440000  0.727913  0
5.466667  0.726089  0
5.493333  0.724266  0
5.520000  0.722442  0
5.546667  0.720618  0
5.573333  0.718794  0
5.600000  0.716970  0
5.626667  0.715146  0
5.653333  0.713322  0
5.680000  0.711498  0
5.706667  0.709674  0
5.733333  0.707850  0
5.760000  0.706026  0
5.786667  0.704202  0
5.813333  0.702378  0
5.840000  0.700554  0
5.866667  0.698730  0
5.893333  0.696906  0
5.920000  0.695082  0
5.946667  0.693258  0
5.973333  0.691434  0
6.000000  0.689611  0
6.026667  0.687787  0
6.053333  0.685963  0
6.080000  0.684139  0
6.106667  0.682315  0
6.133333  0.680491  0
6.160000  0.678667  0
6.186667  0.676843  0
6.213333  0.675019  0
6.240000  0.673195  0
6.266667  0.671371  0
6.293333  0.669547  0
6.320000  0.667723  0
6.346667  0.665898  0
6.373333  0.664069  0
6.400000  0.662231  0
6.426667  0.660371  0
6.453333  0.658468  0
6.480000  0.656504  0
6.506667  0.654468  0
6.533333  0.652378  0
6.560000  0.650274  0
6.586667  0.648212  0
6.613333  0.646240  0
6.640000  0.644389  0
6.666667  0.642673  0
6.693333  0.641091  0
6.720000  0.639637  0
6.746667  0.638303  0
6.773333  0.637080  0
6.800000  0.635961  0
6.826667  0.634935  0
6.853333  0.633997  0
6.880000  0.633139  0
6.906667  0.632353  0
6.933333  0.631633  0
6.960000  0.630973  0
6.986667  0.630367  0
7.013333  0.629810  0
7.040000  0.629297  0
7.066667  0.628823  0
7.093333  0.628385  0
7.120000  0.627978  0
7.146667  0.627599  0
7.173333  0.627246  0
7.200000  0.626917  0
7.226667  0.626609  0
7.253333  0.626321  0
7.280000  0.626052  0
7.306667  0.625800  0
7.333333  0.625565  0
7.360000  0.625345  0
7.386667  0.625141  0
7.413333  0.624952  0
7.440000  0.624777  0
7.466667  0.624616  0
7.493333  0.624468  0
7.520000  0.624332  0
7.546667  0.624209  0
7.573333  0.624096  0
7.600000  0.623994  0
7.626667  0.623901  0
7.653333  0.623818  0
7.680000  0.623742  0
7.706667  0.623674  0
7.733333  0.623612  0
7.760000  0.623556  0
7.786667  0.623504  0
7.813333  0.623455  0
7.840000  0.623407  0
7.866667  0.623360  0
7.893333  0.623312  0
7.920000  0.623260  0
7.946667  0.623203  0
7.973333  0.623139  0
8.000000  0.623065  0
8.026667  0.622979  0
8.053333  0.622878  0
8.080000  0.622759  0
8.106667  0.622620  0
8.133333  0.622457  0
8.160000  0.622270  0
8.186667  0.622053  0
8.213333  0.621807  0
8.240000  0.621528  0
8.266667  0.621214  0
8.293333  0.620865  0
8.320000  0.620479  0
8.346667  0.620054  0
8.373333  0.619589  0
8.400000  0.619080  0
8.426667  0.618515  0
8.453333  0.617871  0
8.480000  0.617103  0
8.506667  0.616152  0
8.533333  0.614960  0
8.560000  0.613500  0
8.586667  0.611778  0
8.613333  0.609796  0
8.640000  0.607484  0
8.666667  0.604666  0
8.693333  0.601112  0
8.720000  0.596656  0
8.746667  0.591294  0
8.773333  0.585201  0
8.800000  0.578647  0
8.826667  0.571897  0
8.853333  0.565131  0
8.880000  0.558434  0
8.906667  0.551829  0
8.933333  0.545318  0
8.960000  0.538941  0
8.986667  0.532781  0
9.013333  0.526898  0
9.040000  0.521236  0
9.066667  0.515637  0
9.093333  0.509993  0
9.120000  0.504399  0
9.146667  0.499120  0
9.173333  0.494408  0
9.200000  0.490338  0
9.226667  0.486822  0
9.253333  0.483728  0
9.280000  0.480987  0
9.306667  0.478575  0
9.333333  0.476459  0
9.360000  0.474561  0
9.386667  0.472791  0
9.413333  0.471101  0
9.440000  0.469503  0
9.466667  0.468038  0
9.493333  0.466726  0
9.520000  0.465539  0
9.546667  0.464420  0
9.573333  0.463317  0
9.600000  0.462213  0
9.626667  0.461106  0
9.653333  0.459996  0
9.680000  0.458879  0
9.706667  0.457763  0
9.733333  0.456682  0
9.760000  0.455680  0
9.786667  0.454793  0
9.813333  0.454029  0
9.840000  0.453369  0
9.866667  0.452787  0
9.893333  0.452257  0
9.920000  0.451765  0
9.946667  0.451305  0
9.973333  0.450876  0
10.000000  0.450475  0
10.026667  0.450105  0
10.053333  0.449763  0
10.080000  0.449449  0
10.106667  0.449160  0
10.133333  0.448894  0
10.160000  0.448646  0
10.186667  0.448413  0
10.213333  0.448190  0
10.240000  0.447972  0
10.266667  0.447753  0
10.293333  0.447527  0
10.320000  0.447289  0
10.346667  0.447033  0
10.373333  0.446753  0
10.400000  0.446443  0
10.426667  0.446100  0
10.453333  0.445719  0
10.480000  0.445296  0
10.506667  0.444829  0
10.533333  0.444315  0
10.560000  0.443753  0
10.586667  0.443144  0
10.613333  0.442488  0
10.640000  0.441786  0
10.666667  0.441041  0
10.693333  0.440256  0
10.720000  0.439435  0
10.746667  0.438582  0
10.773333  0.437703  0
10.800000  0.436804  0
10.826667  0.435889  0
10.853333  0.434966  0
10.880000  0.434039  0
10.906667  0.433116  0
10.933333  0.432202  0
10.960000  0.431302  0
10.986667  0.430421  0
11.013333  0.429563  0
11.040000  0.428733  0
11.066667  0.427935  0
11.093333  0.427169  0
11.120000  0.426440  0
11.146667  0.425748  0
11.173333  0.425095  0
11.200000  0.424480  0
11.226667  0.423904  0
11.253333  0.423367  0
11.280000  0.422866  0
11.306667  0.422402  0
11.333333  0.421973  0
11.360000  0.421577  0
11.386667  0.421212  0
11.413333  0.420875  0
11.440000  0.420567  0
11.466667  0.420283  0
11.493333  0.420022  0
11.520000  0.419782  0
11.546667  0.419562  0
11.573333  0.419359  0
11.600000  0.419172  0
11.626667  0.418998  0
11.653333  0.418838  0
11.680000  0.418688  0
11.706667  0.418548  0
11.733333  0.418417  0
11.760000  0.418294  0
11.786667  0.418177  0
11.813333  0.418066  0
11.840000  0.417960  0
11.866667  0.417859  0
11.893333  0.417762  0
11.920000  0.417669  0
11.946667  0.417578  0
11.973333  0.417491  0
12.000000  0.417406  0
12.026667  0.417323  0
12.053333  0.417243  0
12.080000  0.417164  0
12.106667  0.417088  0
12.133333  0.417013  0
12.160000  0.416940  0
12.186667  0.416868  0
12.213333  0.416798  0
12.240000  0.416729  0
12.266667  0.416662  0
12.293333  0.416595  0
12.320000  0.416530  0
12.346667  0.416465  0
12.373333  0.416401  0
12.400000  0.416337  0
12.426667  0.416272  0
12.453333  0.416208  0
12.480000  0.416141  0
12.506667  0.416074  0
12.533333  0.416005  0
12.560000  0.415933  0
12.586667  0.415858  0
12.613333  0.415780  0
12.640000  0.415699  0
12.666667  0.415614  0
12.693333  0.415525  0
12.720000  0.415432  0
12.746667  0.415335  0
12.773333  0.415234  0
12.800000  0.415130  0
12.826667  0.415022  0
12.853333  0.414911  0
12.880000  0.414798  0
12.906667  0.414684  0
12.933333  0.414568  0
12.960000  0.414453  0
12.986667  0.414337  0
13.013333  0.414223  0
13.040000  0.414110  0
13.066667  0.414000  0
13.093333  0.413893  0
13.120000  0.413789  0
13.146667  0.413689  0
13.173333  0.413593  0
13.200000  0.413502  0
13.226667  0.413416  0
13.253333  0.413335  0
13.280000  0.413258  0
13.306667  0.413187  0
13.333333  0.413121  0
13.360000  0.413059  0
13.386667  0.413002  0
13.413333  0.412950  0
13.440000  0.412902  0
13.466667  0.412859  0
13.493333  0.412819  0
13.520000  0.412784  0
13.546667  0.412752  0
13.573333  0.412723  0
13.600000  0.412699  0
13.626667  0.412677  0
13.653333  0.412658  0
13.680000  0.412642  0
13.706667  0.412629  0
13.733333  0.412618  0
13.760000  0.412610  0
13.786667  0.412604  0
13.813333  0.412600  0
13.840000  0.412598  0
13.866667  0.412599  0
13.893333  0.412602  0
13.920000  0.412607  0
13.946667  0.412615  0
13.973333  0.412625  0
14.000000  0.412637  0
14.026667  0.412653  0
14.053333  0.412672  0
14.080000  0.412694  0
14.106667  0.412720  0
14.133333  0.412749  0
14.160000  0.412783  0
14.186667  0.412820  0
14.213333  0.412862  0
14.240000  0.412907  0
14.266667  0.412957  0
14.293333  0.413011  0
14.320000  0.413069  0
14.346667  0.413130  0
14.373333  0.413195  0
14.400000  0.413263  0
14.426667  0.413333  0
14.453333  0.413405  0
14.480000  0.413479  0
14.506667  0.413555  0
14.533333  0.413630  0
14.560000  0.413706  0
14.586667  0.413782  0
14.613333  0.413856  0
14.640000  0.413929  0
14.666667  0.413999  0
14.693333  0.414067  0
14.720000  0.414132  0
14.746667  0.414193  0
14.773333  0.414250  0
14.800000  0.414302  0
14.826667  0.414349  0
14.853333  0.414391  0
14.880000  0.414427  0
14.906667  0.414457  0
14.933333  0.414480  0
14.960000  0.414496  0
14.986667  0.414504  0
15.013333  0.414457  0
15.040000  0.414410  0
15.066667  0.414363  0
15.093333  0.414317  0
15.120000  0.414270  0
15.146667  0.414223  0
15.173333  0.414176  0
15.200000  0.414129  0
15.226667  0.414083  0
15.253333  0.414036  0
15.280000  0.413989  0
15.306667  0.413942  0
15.333333  0.413895  0
15.360000  0.413849  0
15.386667  0.413802  0
15.413333  0.413755  0
15.440000  0.413708  0
15.466667  0.413662  0
15.493333  0.413615  0
15.520000  0.413568  0
15.546667  0.413521  0
15.573333  0.413474  0
15.600000  0.413428  0
15.626667  0.413381  0
15.653333  0.413334  0
15.680000  0.413287  0
15.706667  0.413240  0
15.733333  0.413194  0
15.760000  0.413147  0
15.786667  0.413100  0
15.813333  0.413053  0
15.840000  0.413007  0
15.866667  0.412960  0
15.893333  0.412913  0
15.920000  0.412866  0
15.946667  0.412819  0
15.973333  0.412773  0
16.000000  0.412726  0
16.026667  0.412679  0
16.053333  0.412632  0
16.080000  0.412586  0
16.106667  0.412539  0
16.133333  0.412492  0
16.160000  0.412445  0
16.186667  0.412398  0
16.213333  0.412352  0
16.240000  0.412305  0
16.266667  0.412258  0
16.293333  0.412211  0
16.320000  0.412164  0
16.346667  0.412118  0
16.373333  0.412071  0
16.400000  0.412024  0
16.426667  0.411977  0
16.453333  0.411931  0
16.480000  0.411884  0
16.506667  0.411837  0
16.533333  0.411790  0
16.560000  0.411743  0
16.586667  0.411697  0
16.613333  0.411650  0
16.640000  0.411603  0
16.666667  0.411556  0
16.693333  0.411510  0
16.720000  0.411463  0
16.746667  0.411416  0
16.773333  0.411369  0
16.800000  0.411322  0
16.826667  0.411276  0
16.853333  0.411229  0
16.880000  0.411182  0
16.906667  0.411135  0
16.933333  0.411088  0
16.960000  0.411042  0
16.986667  0.410995  0
17.013333  0.410948  0
17.040000  0.410901  0
17.066667  0.410855  0
17.093333  0.410808  0
17.120000  0.410761  0
17.146667  0.410714  0
17.173333  0.410667  0
17.200000  0.410621  0
17.226667  0.410574  0
17.253333  0.410527  0
17.280000  0.410480  0
17.306667  0.410434  0
17.333333  0.410387  0
17.360000  0.410340  0
17.386667  0.410293  0
17.413333  0.410246  0
17.440000  0.410200  0
17.466667  0.410153  0
17.493333  0.410106  0
17.520000  0.410059  0
17.546667  0.410012  0
17.573333  0.409966  0
17.600000  0.409919  0
17.626667  0.409872  0
17.653333  0.409825  0
17.680000  0.409779  0
17.706667  0.409732  0
17.733333  0.409685  0
17.760000  0.409638  0
17.786667  0.409591  0
17.813333  0.409545  0
17.840000  0.409498  0
17.866667  0.409451  0
17.893333  0.409404  0
17.920000  0.409357  0
17.946667  0.409311  0
17.973333  0.409264  0
18.000000  0.409217  0
18.026667  0.409170  0
18.053333  0.409124  0
18.080000  0.409077  0
18.106667  0.409030  0
18.133333  0.408983  0
18.160000  0.408936  0
18.186667  0.408890  0
18.213333  0.408843  0
18.240000  0.408796  0
18.266667  0.408749  0
18.293333  0.408703  0
18.320000  0.408656  0
18.346667  0.408609  0
18.373333  0.408562  0
18.400000  0.408515  0
18.426667  0.408469  0
18.453333  0.408422  0
18.480000  0.408375  0
18.506667  0.408328  0
18.533333  0.408281  0
18.560000  0.408235  0
18.586667  0.408188  0
18.613333  0.408141  0
18.640000  0.408094  0
18.666667  0.408048  0
18.693333  0.408001  0
18.720000  0.407954  0
18.746667  0.407907  0
18.773333  0.407860  0
18.800000  0.407814  0
18.826667  0.407767  0
18.853333  0.407720  0
18.880000  0.407673  0
18.906667  0.407627  0
18.933333  0.407580  0
18.960000  0.407533  0
18.986667  0.407486  0
19.013333  0.407439  0
19.040000  0.407393  0
19.066667  0.407346  0
19.093333  0.407299  0
19.120000  0.407252  0
19.146667  0.407205  0
19.173333  0.407159  0
19.200000  0.407112  0
19.226667  0.407065  0
19.253333  0.407018  0
19.280000  0.406972  0
19.306667  0.406925  0
19.333333  0.406878  0
19.360000  0.406831  0
19.386667  0.406784  0
19.413333  0.406738  0
19.440000  0.406691  0
19.466667  0.406644  0
19.493333  0.406597  0
19.520000  0.406550  0
19.546667  0.406504  0
19.573333  0.406457  0
19.600000  0.406410  0
19.626667  0.406363  0
19.653333  0.406317  0
19.680000  0.406270  0
19.706667  0.406223  0
19.733333  0.406176  0
19.760000  0.406129  0
19.786667  0.406083  0
19.813333  0.406036  0
19.840000  0.405989  0
19.866667  0.405942  0
19.893333  0.405896  0
19.920000  0.405849  0
19.946667  0.405802  0
19.973333  0.405755  0
20.000000  0.405708  0
20.026667  0.405662  0
20.053333  0.405615  0
20.080000  0.405568  0
20.106667  0.405521  0
20.133333  0.405474  0
20.160000  0.405428  0
20.186667  0.405381  0
20.213333  0.405334  0
20.240000  0.405287  0
20.266667  0.405241  0
20.293333  0.405194  0
20.320000  0.405147  0
20.346667  0.405100  0
20.373333  0.405053  0
20.400000  0.405007  0
20.426667  0.404960  0
20.453333  0.404913  0
20.480000  0.404866  0
20.506667  0.404820  0
20.533333  0.404773  0
20.560000  0.404726  0
20.586667  0.404679  0
20.613333  0.404632  0
20.640000  0.404586  0
20.666667  0.404539  0
20.693333  0.404492  0
20.720000  0.404445  0
20.746667  0.404398  0
20.773333  0.404352  0
20.800000  0.404305  0
20.826667  0.404258  0
20.853333  0.404211  0
20.880000  0.404165  0
20.906667  0.404118  0
20.933333  0.404071  0
20.960000  0.404024  0
20.986667  0.403977  0
21.013333  0.403931  0
21.040000  0.403884  0
21.066667  0.403837  0
21.093333  0.403790  0
21.120000  0.403743  0
21.146667  0.403697  0
21.173333  0.403650  0
21.200000  0.403603  0
21.226667  0.403556  0
21.253333  0.403510  0
21.280000  0.403463  0
21.306667  0.403416  0
21.333333  0.403369  0
21.360000  0.403322  0
21.386667  0.403276  0
21.413333  0.403229  0
21.440000  0.403182  0
21.466667  0.403135  0
21.493333  0.403089  0
21.520000  0.403042  0
21.546667  0.402995  0
21.573333  0.402948  0
21.600000  0.402901  0
21.626667  0.402855  0
21.653333  0.402808  0
21.680000  0.402761  0
21.706667  0.402714  0
21.733333  0.402667  0
21.760000  0.402621  0
21.786667  0.402574  0
21.813333  0.402527  0
21.840000  0.402480  0
21.866667  0.402434  0
21.893333  0.402387  0
21.920000  0.402340  0
21.946667  0.402293  0
21.973333  0.402246  0
22.000000  0.402200  0
22.026667  0.402153  0
22.053333  0.402106  0
22.080000  0.402059  0
22.106667  0.402013  0
22.133333  0.401966  0
22.160000  0.401919  0
22.186667  0.401872  0
22.213333  0.401825  0
22.240000  0.401779  0
22.266667  0.401732  0
22.293333  0.401685  0
22.320000  0.401638  0
22.346667  0.401591  0
22.373333  0.401545  0
22.400000  0.401498  0
22.426667  0.401451  0
22.453333  0.401404  0
22.480000  0.401358  0
22.506667  0.401311  0
22.533333  0.401264  0
22.560000  0.401217  0
22.586667  0.401170  0
22.613333  0.401124  0
22.640000  0.401077  0
22.666667  0.401030  0
22.693333  0.400983  0
22.720000  0.400937  0
22.746667  0.400890  0
22.773333  0.400843  0
22.800000  0.400796  0
22.826667  0.400749  0
22.853333  0.400703  0
22.880000  0.400656  0
22.906667  0.400609  0
22.933333  0.400562  0
22.960000  0.400515  0
22.986667  0.400469  0
23.013333  0.400422  0
23.040000  0.400375  0
23.066667  0.400328  0
23.093333  0.400282  0
23.120000  0.400235  0
23.146667  0.400188  0
23.173333  0.400141  0
23.200000  0.400094  0
23.226667  0.400048  0
23.253333  0.400001  0
