2.880000  0.722297  0
2.906667  0.722240  0
2.933333  0.722130  0
2.960000  0.721971  0
2.986667  0.721772  0
3.013333  0.721540  0
3.040000  0.721284  0
3.066667  0.721010  0
3.093333  0.720726  0
3.120000  0.720436  0
3.146667  0.720143  0
3.173333  0.719852  0
3.200000  0.719563  0
3.226667  0.719279  0
3.253333  0.719000  0
3.280000  0.718727  0
3.306667  0.718461  0
3.333333  0.718200  0
3.360000  0.717946  0
3.386667  0.717697  0
3.413333  0.717453  0
3.440000  0.717213  0
3.466667  0.716977  0
3.493333  0.716744  0
3.520000  0.716513  0
3.546667  0.716280  0
3.573333  0.716042  0
3.600000  0.715795  0
3.626667  0.715530  0
3.653333  0.715241  0
3.680000  0.714918  0
3.706667  0.714556  0
3.733333  0.714152  0
3.760000  0.713712  0
3.786667  0.713245  0
3.813333  0.712769  0
3.840000  0.712297  0
3.866667  0.711838  0
3.893333  0.711393  0
3.920000  0.710957  0
3.946667  0.710527  0
3.973333  0.710099  0
4.000000  0.709671  0
4.026667  0.709244  0
4.053333  0.708816  0
4.080000  0.708389  0
4.106667  0.707962  0
4.133333  0.707534  0
4.160000  0.707107  0
4.186667  0.706680  0
4.213333  0.706252  0
4.240000  0.705825  0
4.266667  0.705398  0
4.293333  0.704970  0
4.320000  0.704543  0
4.346667  0.704115  0
4.373333  0.703688  0
4.400000  0.703261  0
4.426667  0.702833  0
4.453333  0.702406  0
4.480000  0.701979  0
4.506667  0.701551  0
4.533333  0.701124  0
4.560000  0.700696  0
4.586667  0.700265  0
4.613333  0.699826  0
4.640000  0.699366  0
4.666667  0.698858  0
4.693333  0.698267  0
4.720000  0.697557  0
4.746667  0.696704  0
4.773333  0.695709  0
4.800000  0.694599  0
4.826667  0.693421  0
4.853333  0.692230  0
4.880000  0.691068  0
4.906667  0.689953  0
4.933333  0.688867  0
4.960000  0.687764  0
4.986667  0.686575  0
5.013333  0.685221  0
5.040000  0.683631  0
5.066667  0.681751  0
5.093333  0.679549  0
5.120000  0.677020  0
5.146667  0.674177  0
5.173333  0.671047  0
5.200000  0.667657  0
5.226667  0.664035  0
5.253333  0.660204  0
5.280000  0.656191  0
5.306667  0.652029  0
5.333333  0.647766  0
5.360000  0.643465  0
5.386667  0.639201  0
5.413333  0.635048  0
5.440000  0.631074  0
5.466667  0.627328  0
5.493333  0.623838  0
5.520000  0.620608  0
5.546667  0.617625  0
5.573333  0.614864  0
5.600000  0.612295  0
5.626667  0.609887  0
5.653333  0.607610  0
5.680000  0.605437  0
5.706667  0.603344  0
5.733333  0.601309  0
5.760000  0.599315  0
5.786667  0.597345  0
5.813333  0.595384  0
5.840000  0.593421  0
5.866667  0.591448  0
5.893333  0.589459  0
5.920000  0.587453  0
5.946667  0.585431  0
5.973333  0.583399  0
6.000000  0.581365  0
6.026667  0.579345  0
6.053333  0.577354  0
6.080000  0.575413  0
6.106667  0.573543  0
6.133333  0.571766  0
6.160000  0.570096  0
6.186667  0.568541  0
6.213333  0.567097  0
6.240000  0.565745  0
6.266667  0.564452  0
6.293333  0.563167  0
6.320000  0.561836  0
6.346667  0.560400  0
6.373333  0.558810  0
6.400000  0.557032  0
6.426667  0.555059  0
6.453333  0.552911  0
6.480000  0.550631  0
6.506667  0.548279  0
6.533333  0.545917  0
6.560000  0.543601  0
6.586667  0.541365  0
6.613333  0.539223  0
6.640000  0.537168  0
6.666667  0.535185  0
6.693333  0.533257  0
6.720000  0.531382  0
6.746667  0.529570  0
6.773333  0.527846  0
6.800000  0.526238  0
6.826667  0.524766  0
6.853333  0.523431  0
6.880000  0.522210  0
6.906667  0.521055  0
6.933333  0.519907  0
6.960000  0.518704  0
6.986667  0.517402  0
7.013333  0.515980  0
7.040000  0.514447  0
7.066667  0.512838  0
7.093333  0.511203  0
7.120000  0.509596  0
7.146667  0.508061  0
7.173333  0.506621  0
7.200000  0.505280  0
7.226667  0.504019  0
7.253333  0.502809  0
7.280000  0.501617  0
7.306667  0.500420  0
7.333333  0.499208  0
7.360000  0.497994  0
7.386667  0.496804  0
7.413333  0.495673  0
7.440000  0.494636  0
7.466667  0.493719  0
7.493333  0.492931  0
7.520000  0.492270  0
7.546667  0.491725  0
7.573333  0.491275  0
7.600000  0.490903  0
7.626667  0.490589  0
7.653333  0.490314  0
7.680000  0.490060  0
7.706667  0.489810  0
7.733333  0.489551  0
7.760000  0.489278  0
7.786667  0.488994  0
7.813333  0.488714  0
7.840000  0.488455  0
7.866667  0.488235  0
7.893333  0.488066  0
7.920000  0.487948  0
7.946667  0.487872  0
7.973333  0.487822  0
8.000000  0.487781  0
8.026667  0.487734  0
8.053333  0.487675  0
8.080000  0.487602  0
8.106667  0.487518  0
8.133333  0.487429  0
8.160000  0.487339  0
8.186667  0.487252  0
8.213333  0.487170  0
8.240000  0.487096  0
8.266667  0.487032  0
8.293333  0.486981  0
8.320000  0.486948  0
8.346667  0.486937  0
8.373333  0.486952  0
8.400000  0.486994  0
8.426667  0.487056  0
8.453333  0.487131  0
8.480000  0.487204  0
8.506667  0.487261  0
8.533333  0.487291  0
8.560000  0.487284  0
8.586667  0.487239  0
8.613333  0.487160  0
8.640000  0.487055  0
8.666667  0.486934  0
8.693333  0.486804  0
8.720000  0.486667  0
8.746667  0.486522  0
8.773333  0.486362  0
8.800000  0.486174  0
8.826667  0.485944  0
8.853333  0.485657  0
8.880000  0.485298  0
8.906667  0.484857  0
8.933333  0.484329  0
8.960000  0.483719  0
8.986667  0.483035  0
9.013333  0.482295  0
9.040000  0.481516  0
9.066667  0.480719  0
9.093333  0.479922  0
9.120000  0.479136  0
9.146667  0.478368  0
9.173333  0.477618  0
9.200000  0.476877  0
9.226667  0.476131  0
9.253333  0.475362  0
9.280000  0.474547  0
9.306667  0.473663  0
9.333333  0.472688  0
9.360000  0.471605  0
9.386667  0.470402  0
9.413333  0.469076  0
9.440000  0.467630  0
9.466667  0.466076  0
9.493333  0.464426  0
9.520000  0.462694  0
9.546667  0.460889  0
9.573333  0.459016  0
9.600000  0.457072  0
9.626667  0.455052  0
9.653333  0.452951  0
9.680000  0.450764  0
9.706667  0.448493  0
9.733333  0.446146  0
9.760000  0.443736  0
9.786667  0.441285  0
9.813333  0.438821  0
9.840000  0.436384  0
9.866667  0.434015  0
9.893333  0.431762  0
9.920000  0.429667  0
9.946667  0.427754  0
9.973333  0.426028  0
10.000000  0.424465  0
10.026667  0.423018  0
10.053333  0.421627  0
10.080000  0.420229  0
10.106667  0.418779  0
10.133333  0.417251  0
10.160000  0.415646  0
10.186667  0.413987  0
10.213333  0.412312  0
10.240000  0.410664  0
10.266667  0.409084  0
10.293333  0.407604  0
10.320000  0.406247  0
10.346667  0.405026  0
10.373333  0.403946  0
10.400000  0.403005  0
10.426667  0.402196  0
10.453333  0.401508  0
10.480000  0.400928  0
10.506667  0.400441  0
10.533333  0.400034  0
10.560000  0.399693  0
10.586667  0.399412  0
10.613333  0.399186  0
10.640000  0.399014  0
10.666667  0.398899  0
10.693333  0.398843  0
10.720000  0.398847  0
10.746667  0.398907  0
10.773333  0.399018  0
10.800000  0.399168  0
10.826667  0.399342  0
10.853333  0.399522  0
10.880000  0.399691  0
10.906667  0.399829  0
10.933333  0.399925  0
10.960000  0.399968  0
10.986667  0.399959  0
11.013333  0.399904  0
11.040000  0.399815  0
11.066667  0.399709  0
11.093333  0.399604  0
11.120000  0.399513  0
11.146667  0.399449  0
11.173333  0.399414  0
11.200000  0.399408  0
11.226667  0.399427  0
11.253333  0.399465  0
11.280000  0.399519  0
11.306667  0.399585  0
11.333333  0.399660  0
11.360000  0.399741  0
11.386667  0.399827  0
11.413333  0.399912  0
11.440000  0.399989  0
11.466667  0.400052  0
11.493333  0.400093  0
11.520000  0.400107  0
11.546667  0.400092  0
11.573333  0.400046  0
11.600000  0.399973  0
11.626667  0.399877  0
11.653333  0.399764  0
11.680000  0.399638  0
11.706667  0.399504  0
11.733333  0.399364  0
11.760000  0.399221  0
11.786667  0.399079  0
11.813333  0.398942  0
11.840000  0.398816  0
11.866667  0.398706  0
11.893333  0.398619  0
11.920000  0.398555  0
11.946667  0.398511  0
11.973333  0.398481  0
12.000000  0.398452  0
12.026667  0.398410  0
12.053333  0.398342  0
12.080000  0.398235  0
12.106667  0.398084  0
12.133333  0.397889  0
12.160000  0.397659  0
12.186667  0.397408  0
12.213333  0.397155  0
12.240000  0.396917  0
12.266667  0.396706  0
12.293333  0.396524  0
12.320000  0.396365  0
12.346667  0.396216  0
12.373333  0.396057  0
12.400000  0.395875  0
12.426667  0.395658  0
12.453333  0.395403  0
12.480000  0.395116  0
12.506667  0.394807  0
12.533333  0.394490  0
12.560000  0.394180  0
12.586667  0.393888  0
12.613333  0.393623  0
12.640000  0.393390  0
12.666667  0.393192  0
12.693333  0.393028  0
12.720000  0.392893  0
12.746667  0.392781  0
12.773333  0.392687  0
12.800000  0.392604  0
12.826667  0.392529  0
12.853333  0.392459  0
12.880000  0.392397  0
12.906667  0.392345  0
12.933333  0.392306  0
12.960000  0.392283  0
12.986667  0.392278  0
13.013333  0.392289  0
13.040000  0.392314  0
13.066667  0.392350  0
13.093333  0.392392  0
13.120000  0.392436  0
13.146667  0.392478  0
13.173333  0.392516  0
13.200000  0.392549  0
13.226667  0.392579  0
13.253333  0.392607  0
13.280000  0.392638  0
13.306667  0.392675  0
13.333333  0.392725  0
13.360000  0.392793  0
13.386667  0.392885  0
13.413333  0.393004  0
13.440000  0.393155  0
13.466667  0.393340  0
13.493333  0.393558  0
13.520000  0.393808  0
13.546667  0.394082  0
13.573333  0.394373  0
13.600000  0.394669  0
13.626667  0.394959  0
13.653333  0.395232  0
13.680000  0.395480  0
13.706667  0.395698  0
13.733333  0.395888  0
13.760000  0.396053  0
13.786667  0.396199  0
13.813333  0.396336  0
13.840000  0.396471  0
13.866667  0.396607  0
13.893333  0.396743  0
13.920000  0.396874  0
13.946667  0.396991  0
13.973333  0.397085  0
14.000000  0.397148  0
14.026667  0.397180  0
14.053333  0.397182  0
14.080000  0.397162  0
14.106667  0.397128  0
14.133333  0.397086  0
14.160000  0.397038  0
14.186667  0.396981  0
14.213333  0.396907  0
14.240000  0.396808  0
14.266667  0.396681  0
14.293333  0.396526  0
14.320000  0.396350  0
14.346667  0.396165  0
14.373333  0.395989  0
14.400000  0.395837  0
14.426667  0.395726  0
14.453333  0.395663  0
14.480000  0.395655  0
14.506667  0.395698  0
14.533333  0.395787  0
14.560000  0.395908  0
14.586667  0.396048  0
14.613333  0.396190  0
14.640000  0.396315  0
14.666667  0.396408  0
14.693333  0.396453  0
14.720000  0.396439  0
14.746667  0.396362  0
14.773333  0.396223  0
14.800000  0.396027  0
14.826667  0.395787  0
14.853333  0.395518  0
14.880000  0.395235  0
14.906667  0.394953  0
14.933333  0.394686  0
14.960000  0.394444  0
14.986667  0.394233  0
15.013333  0.394055  0
15.040000  0.393911  0
15.066667  0.393797  0
15.093333  0.393708  0
15.120000  0.393638  0
15.146667  0.393583  0
15.173333  0.393537  0
15.200000  0.393497  0
15.226667  0.393461  0
15.253333  0.393427  0
15.280000  0.393395  0
15.306667  0.393363  0
15.333333  0.393331  0
15.360000  0.393299  0
15.386667  0.393268  0
15.413333  0.393236  0
15.440000  0.393204  0
15.466667  0.393173  0
15.493333  0.393141  0
15.520000  0.393109  0
15.546667  0.393078  0
15.573333  0.393046  0
15.600000  0.393014  0
15.626667  0.392983  0
15.653333  0.392951  0
15.680000  0.392920  0
15.706667  0.392888  0
15.733333  0.392856  0
15.760000  0.392825  0
15.786667  0.392793  0
15.813333  0.392761  0
15.840000  0.392730  0
15.866667  0.392698  0
15.893333  0.392666  0
15.920000  0.392635  0
15.946667  0.392603  0
15.973333  0.392572  0
16.000000  0.392540  0
16.026667  0.392508  0
16.053333  0.392477  0
16.080000  0.392445  0
16.106667  0.392413  0
16.133333  0.392382  0
16.160000  0.392350  0
16.186667  0.392319  0
16.213333  0.392287  0
16.240000  0.392255  0
16.266667  0.392224  0
16.293333  0.392192  0
16.320000  0.392160  0
16.346667  0.392129  0
16.373333  0.392097  0
16.400000  0.392065  0
16.426667  0.392034  0
16.453333  0.392002  0
16.480000  0.391971  0
16.506667  0.391939  0
16.533333  0.391907  0
16.560000  0.391876  0
16.586667  0.391844  0
16.613333  0.391812  0
16.640000  0.391781  0
16.666667  0.391749  0
16.693333  0.391718  0
16.720000  0.391686  0
16.746667  0.391654  0
16.773333  0.391623  0
16.800000  0.391591  0
16.826667  0.391559  0
16.853333  0.391528  0
16.880000  0.391496  0
16.906667  0.391464  0
16.933333  0.391433  0
16.960000  0.391401  0
16.986667  0.391370  0
17.013333  0.391338  0
17.040000  0.391306  0
17.066667  0.391275  0
17.093333  0.391243  0
17.120000  0.391211  0
17.146667  0.391180  0
17.173333  0.391148  0
17.200000  0.391116  0
17.226667  0.391085  0
17.253333  0.391053  0
17.280000  0.391022  0
17.306667  0.390990  0
17.333333  0.390958  0
17.360000  0.390927  0
17.386667  0.390895  0
17.413333  0.390863  0
17.440000  0.390832  0
17.466667  0.390800  0
17.493333  0.390769  0
17.520000  0.390737  0
17.546667  0.390705  0
17.573333  0.390674  0
17.600000  0.390642  0
17.626667  0.390610  0
17.653333  0.390579  0
17.680000  0.390547  0
17.706667  0.390515  0
17.733333  0.390484  0
17.760000  0.390452  0
17.786667  0.390421  0
17.813333  0.390389  0
17.840000  0.390357  0
17.866667  0.390326  0
17.893333  0.390294  0
17.920000  0.390262  0
17.946667  0.390231  0
17.973333  0.390199  0
18.000000  0.390167  0
18.026667  0.390136  0
18.053333  0.390104  0
18.080000  0.390073  0
18.106667  0.390041  0
18.133333  0.390009  0
18.160000  0.389978  0
18.186667  0.389946  0
18.213333  0.389914  0
18.240000  0.389883  0
18.266667  0.389851  0
18.293333  0.389820  0
18.320000  0.389788  0
18.346667  0.389756  0
18.373333  0.389725  0
18.400000  0.389693  0
18.426667  0.389661  0
18.453333  0.389630  0
18.480000  0.389598  0
18.506667  0.389566  0
18.533333  0.389535  0
18.560000  0.389503  0
18.586667  0.389472  0
18.613333  0.389440  0
18.640000  0.389408  0
18.666667  0.389377  0
18.693333  0.389345  0
18.720000  0.389313  0
18.746667  0.389282  0
18.773333  0.389250  0
18.800000  0.389219  0
18.826667  0.389187  0
18.853333  0.389155  0
18.880000  0.389124  0
18.906667  0.389092  0
18.933333  0.389060  0
18.960000  0.389029  0
18.986667  0.388997  0
19.013333  0.388965  0
19.040000  0.388934  0
19.066667  0.388902  0
19.093333  0.388871  0
19.120000  0.388839  0
19.146667  0.388807  0
19.173333  0.388776  0
19.200000  0.388744  0
19.226667  0.388712  0
19.253333  0.388681  0
19.280000  0.388649  0
19.306667  0.388617  0
19.333333  0.388586  0
19.360000  0.388554  0
19.386667  0.388523  0
19.413333  0.388491  0
19.440000  0.388459  0
19.466667  0.388428  0
19.493333  0.388396  0
19.520000  0.388364  0
19.546667  0.388333  0
19.573333  0.388301  0
19.600000  0.388270  0
19.626667  0.388238  0
19.653333  0.388206  0
19.680000  0.388175  0
19.706667  0.388143  0
19.733333  0.388111  0
19.760000  0.388080  0
19.786667  0.388048  0
19.813333  0.388016  0
19.840000  0.387985  0
19.866667  0.387953  0
19.893333  0.387922  0
19.920000  0.387890  0
19.946667  0.387858  0
19.973333  0.387827  0
20.000000  0.387795  0
20.026667  0.387763  0
20.053333  0.387732  0
20.080000  0.387700  0
20.106667  0.387669  0
20.133333  0.387637  0
20.160000  0.387605  0
20.186667  0.387574  0
20.213333  0.387542  0
20.240000  0.387510  0
20.266667  0.387479  0
20.293333  0.387447  0
20.320000  0.387415  0
20.346667  0.387384  0
20.373333  0.387352  0
20.400000  0.387321  0
20.426667  0.387289  0
20.453333  0.387257  0
20.480000  0.387226  0
20.506667  0.387194  0
20.533333  0.387162  0
20.560000  0.387131  0
20.586667  0.387099  0
20.613333  0.387067  0
20.640000  0.387036  0
20.666667  0.387004  0
20.693333  0.386973  0
20.720000  0.386941  0
20.746667  0.386909  0
20.773333  0.386878  0
20.800000  0.386846  0
20.826667  0.386814  0
20.853333  0.386783  0
20.880000  0.386751  0
20.906667  0.386720  0
20.933333  0.386688  0
20.960000  0.386656  0
20.986667  0.386625  0
21.013333  0.386593  0
21.040000  0.386561  0
21.066667  0.386530  0
21.093333  0.386498  0
21.120000  0.386466  0
21.146667  0.386435  0
21.173333  0.386403  0
21.200000  0.386372  0
21.226667  0.386340  0
21.253333  0.386308  0
21.280000  0.386277  0
21.306667  0.386245  0
21.333333  0.386213  0
21.360000  0.386182  0
21.386667  0.386150  0
21.413333  0.386119  0
21.440000  0.386087  0
21.466667  0.386055  0
21.493333  0.386024  0
21.520000  0.385992  0
21.546667  0.385960  0
21.573333  0.385929  0
21.600000  0.385897  0
21.626667  0.385865  0
21.653333  0.385834  0
21.680000  0.385802  0
21.706667  0.385771  0
21.733333  0.385739  0
21.760000  0.385707  0
21.786667  0.385676  0
21.813333  0.385644  0
21.840000  0.385612  0
21.866667  0.385581  0
21.893333  0.385549  0
21.920000  0.385517  0
21.946667  0.385486  0
21.973333  0.385454  0
22.000000  0.385423  0
22.026667  0.385391  0
22.053333  0.385359  0
22.080000  0.385328  0
22.106667  0.385296  0
22.133333  0.385264  0
22.160000  0.385233  0
22.186667  0.385201  0
22.213333  0.385170  0
22.240000  0.385138  0
22.266667  0.385106  0
22.293333  0.385075  0
22.320000  0.385043  0
22.346667  0.385011  0
22.373333  0.384980  0
22.400000  0.384948  0
22.426667  0.384916  0
22.453333  0.384885  0
22.480000  0.384853  0
22.506667  0.384822  0
22.533333  0.384790  0
22.560000  0.384758  0
22.586667  0.384727  0
22.613333  0.384695  0
22.640000  0.384664  0
22.666667  0.384632  0
22.693333  0.384601  0
22.720000  0.384571  0
22.746667  0.384541  0
22.773333  0.384513  0
22.800000  0.384486  0
22.826667  0.384462  0
22.853333  0.384441  0
22.880000  0.384425  0
22.906667  0.384414  0
22.933333  0.384408  0
