3.306667  0.791306  0
3.333333  0.790028  0
3.360000  0.788158  0
3.386667  0.786172  0
3.413333  0.784177  0
3.440000  0.782182  0
3.466667  0.780187  0
3.493333  0.778192  0
3.520000  0.776196  0
3.546667  0.774201  0
3.573333  0.772206  0
3.600000  0.770211  0
3.626667  0.768215  0
3.653333  0.766220  0
3.680000  0.764225  0
3.706667  0.762230  0
3.733333  0.760234  0
3.760000  0.758239  0
3.786667  0.756244  0
3.813333  0.754249  0
3.840000  0.752253  0
3.866667  0.750258  0
3.893333  0.748263  0
3.920000  0.746268  0
3.946667  0.744273  0
3.973333  0.742280  0
4.000000  0.740302  0
4.026667  0.738362  0
4.053333  0.736469  0
4.080000  0.734601  0
4.106667  0.732738  0
4.133333  0.730876  0
4.160000  0.729014  0
4.186667  0.727152  0
4.213333  0.725290  0
4.240000  0.723427  0
4.266667  0.721565  0
4.293333  0.719703  0
4.320000  0.717841  0
4.346667  0.715978  0
4.373333  0.714116  0
4.400000  0.712254  0
4.426667  0.710392  0
4.453333  0.708529  0
4.480000  0.706665  0
4.506667  0.704790  0
4.533333  0.702877  0
4.560000  0.700909  0
4.586667  0.698910  0
4.613333  0.696904  0
4.640000  0.694897  0
4.666667  0.692890  0
4.693333  0.690884  0
4.720000  0.688877  0
4.746667  0.686870  0
4.773333  0.684864  0
4.800000  0.682857  0
4.826667  0.680850  0
4.853333  0.678843  0
4.880000  0.676837  0
4.906667  0.674830  0
4.933333  0.672823  0
4.960000  0.670817  0
4.986667  0.668810  0
5.013333  0.666803  0
5.040000  0.664796  0
5.066667  0.662783  0
5.093333  0.660689  0
5.120000  0.658230  0
5.146667  0.655145  0
5.173333  0.651641  0
5.200000  0.648019  0
5.226667  0.644383  0
5.253333  0.640746  0
5.280000  0.637109  0
5.306667  0.633471  0
5.333333  0.629834  0
5.360000  0.626197  0
5.386667  0.622556  0
5.413333  0.618868  0
5.440000  0.614956  0
5.466667  0.610602  0
5.493333  0.605864  0
5.520000  0.600970  0
5.546667  0.596049  0
5.573333  0.591124  0
5.600000  0.586200  0
5.626667  0.581276  0
5.653333  0.576346  0
5.680000  0.571341  0
5.706667  0.565983  0
5.733333  0.559945  0
5.760000  0.553339  0
5.786667  0.546511  0
5.813333  0.539644  0
5.840000  0.532787  0
5.866667  0.526090  0
5.893333  0.520143  0
5.920000  0.515563  0
5.946667  0.512054  0
5.973333  0.508982  0
6.000000  0.506073  0
6.026667  0.503292  0
6.053333  0.500648  0
6.080000  0.498152  0
6.106667  0.495813  0
6.133333  0.493634  0
6.160000  0.491618  0
6.186667  0.489764  0
6.213333  0.488068  0
6.240000  0.486526  0
6.266667  0.485131  0
6.293333  0.483873  0
6.320000  0.482745  0
6.346667  0.481735  0
6.373333  0.480836  0
6.400000  0.480035  0
6.426667  0.479325  0
6.453333  0.478693  0
6.480000  0.478132  0
6.506667  0.477630  0
6.533333  0.477181  0
6.560000  0.476773  0
6.586667  0.476400  0
6.613333  0.476052  0
6.640000  0.475720  0
6.666667  0.475398  0
6.693333  0.475077  0
6.720000  0.474752  0
6.746667  0.474416  0
6.773333  0.474064  0
6.800000  0.473691  0
6.826667  0.473297  0
6.853333  0.472877  0
6.880000  0.472433  0
6.906667  0.471964  0
6.933333  0.471472  0
6.960000  0.470959  0
6.986667  0.470428  0
7.013333  0.469884  0
7.040000  0.469330  0
7.066667  0.468769  0
7.093333  0.468207  0
7.120000  0.467647  0
7.146667  0.467092  0
7.173333  0.466544  0
7.200000  0.466005  0
7.226667  0.465476  0
7.253333  0.464958  0
7.280000  0.464449  0
7.306667  0.463949  0
7.333333  0.463457  0
7.360000  0.462969  0
7.386667  0.462484  0
7.413333  0.462000  0
7.440000  0.461513  0
7.466667  0.461022  0
7.493333  0.460525  0
7.520000  0.460019  0
7.546667  0.459504  0
7.573333  0.458978  0
7.600000  0.458441  0
7.626667  0.457892  0
7.653333  0.457331  0
7.680000  0.456757  0
7.706667  0.456172  0
7.733333  0.455575  0
7.760000  0.454967  0
7.786667  0.454349  0
7.813333  0.453721  0
7.840000  0.453085  0
7.866667  0.452439  0
7.893333  0.451785  0
7.920000  0.451123  0
7.946667  0.450453  0
7.973333  0.449773  0
8.000000  0.449085  0
8.026667  0.448387  0
8.053333  0.447679  0
8.080000  0.446961  0
8.106667  0.446233  0
8.133333  0.445494  0
8.160000  0.444746  0
8.186667  0.443990  0
8.213333  0.443226  0
8.240000  0.442457  0
8.266667  0.441684  0
8.293333  0.440910  0
8.320000  0.440139  0
8.346667  0.439373  0
8.373333  0.438615  0
8.400000  0.437870  0
8.426667  0.437139  0
8.453333  0.436426  0
8.480000  0.435734  0
8.506667  0.435064  0
8.533333  0.434418  0
8.560000  0.433798  0
8.586667  0.433204  0
8.613333  0.432635  0
8.640000  0.432093  0
8.666667  0.431575  0
8.693333  0.431081  0
8.720000  0.430609  0
8.746667  0.430157  0
8.773333  0.429725  0
8.800000  0.429309  0
8.826667  0.428909  0
8.853333  0.428522  0
8.880000  0.428147  0
8.906667  0.427783  0
8.933333  0.427428  0
8.960000  0.427081  0
8.986667  0.426743  0
9.013333  0.426412  0
9.040000  0.426087  0
9.066667  0.425770  0
9.093333  0.425459  0
9.120000  0.425155  0
9.146667  0.424857  0
9.173333  0.424566  0
9.200000  0.424282  0
9.226667  0.424004  0
9.253333  0.423731  0
9.280000  0.423465  0
9.306667  0.423204  0
9.333333  0.422948  0
9.360000  0.422697  0
9.386667  0.422450  0
9.413333  0.422206  0
9.440000  0.421965  0
9.466667  0.421726  0
9.493333  0.421488  0
9.520000  0.421250  0
9.546667  0.421011  0
9.573333  0.420770  0
9.600000  0.420526  0
9.626667  0.420279  0
9.653333  0.420026  0
9.680000  0.419766  0
9.706667  0.419499  0
9.733333  0.419223  0
9.760000  0.418936  0
9.786667  0.418637  0
9.813333  0.418324  0
9.840000  0.417997  0
9.866667  0.417654  0
9.893333  0.417293  0
9.920000  0.416915  0
9.946667  0.416517  0
9.973333  0.416101  0
10.000000  0.415666  0
10.026667  0.415213  0
10.053333  0.414744  0
10.080000  0.414260  0
10.106667  0.413763  0
10.133333  0.413256  0
10.160000  0.412742  0
10.186667  0.412222  0
10.213333  0.411699  0
10.240000  0.411177  0
10.266667  0.410658  0
10.293333  0.410143  0
10.320000  0.409634  0
10.346667  0.409132  0
10.373333  0.408637  0
10.400000  0.408150  0
10.426667  0.407671  0
10.453333  0.407197  0
10.480000  0.406729  0
10.506667  0.406265  0
10.533333  0.405804  0
10.560000  0.405343  0
10.586667  0.404883  0
10.613333  0.404422  0
10.640000  0.403959  0
10.666667  0.403494  0
10.693333  0.403029  0
10.720000  0.402562  0
10.746667  0.402097  0
10.773333  0.401633  0
10.800000  0.401174  0
10.826667  0.400721  0
10.853333  0.400277  0
10.880000  0.399843  0
10.906667  0.399422  0
10.933333  0.399016  0
10.960000  0.398625  0
10.986667  0.398252  0
11.013333  0.397896  0
11.040000  0.397559  0
11.066667  0.397241  0
11.093333  0.396942  0
11.120000  0.396661  0
11.146667  0.396398  0
11.173333  0.396154  0
11.200000  0.395928  0
11.226667  0.395721  0
11.253333  0.395533  0
11.280000  0.395367  0
11.306667  0.395223  0
11.333333  0.395103  0
11.360000  0.395011  0
11.386667  0.394948  0
11.413333  0.394918  0
11.440000  0.394925  0
11.466667  0.394969  0
11.493333  0.395055  0
11.520000  0.395182  0
11.546667  0.395353  0
11.573333  0.395568  0
11.600000  0.395827  0
11.626667  0.396130  0
11.653333  0.396475  0
11.680000  0.396859  0
11.706667  0.397282  0
11.733333  0.397740  0
11.760000  0.398233  0
11.786667  0.398757  0
11.813333  0.399312  0
11.840000  0.399897  0
11.866667  0.400511  0
11.893333  0.401154  0
11.920000  0.401825  0
11.946667  0.402523  0
11.973333  0.403250  0
12.000000  0.404003  0
12.026667  0.404781  0
12.053333  0.405582  0
12.080000  0.406404  0
12.106667  0.407242  0
12.133333  0.408091  0
12.160000  0.408948  0
12.186667  0.409804  0
12.213333  0.410654  0
12.240000  0.411491  0
12.266667  0.412307  0
12.293333  0.413097  0
12.320000  0.413854  0
12.346667  0.414573  0
12.373333  0.415248  0
12.400000  0.415876  0
12.426667  0.416454  0
12.453333  0.416979  0
12.480000  0.417450  0
12.506667  0.417869  0
12.533333  0.418235  0
12.560000  0.418552  0
12.586667  0.418820  0
12.613333  0.419044  0
12.640000  0.419224  0
12.666667  0.419366  0
12.693333  0.419472  0
12.720000  0.419546  0
12.746667  0.419591  0
12.773333  0.419610  0
12.800000  0.419607  0
12.826667  0.419584  0
12.853333  0.419545  0
12.880000  0.419491  0
12.906667  0.419427  0
12.933333  0.419354  0
12.960000  0.419275  0
12.986667  0.419191  0
13.013333  0.419105  0
13.040000  0.419018  0
13.066667  0.418931  0
13.093333  0.418846  0
13.120000  0.418764  0
13.146667  0.418685  0
13.173333  0.418610  0
13.200000  0.418538  0
13.226667  0.418470  0
13.253333  0.418404  0
13.280000  0.418342  0
13.306667  0.418280  0
13.333333  0.418219  0
13.360000  0.418158  0
13.386667  0.418095  0
13.413333  0.418030  0
13.440000  0.417960  0
13.466667  0.417885  0
13.493333  0.417805  0
13.520000  0.417719  0
13.546667  0.417626  0
13.573333  0.417526  0
13.600000  0.417419  0
13.626667  0.417305  0
13.653333  0.417186  0
13.680000  0.417061  0
13.706667  0.416931  0
13.733333  0.416797  0
13.760000  0.416659  0
13.786667  0.416519  0
13.813333  0.416377  0
13.840000  0.416234  0
13.866667  0.416090  0
13.893333  0.415944  0
13.920000  0.415798  0
13.946667  0.415649  0
13.973333  0.415498  0
14.000000  0.415345  0
14.026667  0.415187  0
14.053333  0.415025  0
14.080000  0.414856  0
14.106667  0.414679  0
14.133333  0.414494  0
14.160000  0.414300  0
14.186667  0.414096  0
14.213333  0.413881  0
14.240000  0.413654  0
14.266667  0.413416  0
14.293333  0.413165  0
14.320000  0.412902  0
14.346667  0.412627  0
14.373333  0.412341  0
14.400000  0.412043  0
14.426667  0.411734  0
14.453333  0.411414  0
14.480000  0.411086  0
14.506667  0.410749  0
14.533333  0.410406  0
14.560000  0.410058  0
14.586667  0.409706  0
14.613333  0.409354  0
14.640000  0.409003  0
14.666667  0.408656  0
14.693333  0.408315  0
14.720000  0.407985  0
14.746667  0.407668  0
14.773333  0.407367  0
14.800000  0.407086  0
14.826667  0.406829  0
14.853333  0.406598  0
14.880000  0.406396  0
14.906667  0.406227  0
14.933333  0.406092  0
14.960000  0.405994  0
14.986667  0.405938  0
15.013333  0.405823  0
15.040000  0.405709  0
15.066667  0.405594  0
15.093333  0.405480  0
15.120000  0.405365  0
15.146667  0.405251  0
15.173333  0.405136  0
15.200000  0.405022  0
15.226667  0.404907  0
15.253333  0.404793  0
15.280000  0.404678  0
15.306667  0.404564  0
15.333333  0.404449  0
15.360000  0.404335  0
15.386667  0.404220  0
15.413333  0.404106  0
15.440000  0.403991  0
15.466667  0.403877  0
15.493333  0.403762  0
15.520000  0.403648  0
15.546667  0.403533  0
15.573333  0.403419  0
15.600000  0.403304  0
15.626667  0.403189  0
15.653333  0.403075  0
15.680000  0.402960  0
15.706667  0.402846  0
15.733333  0.402731  0
15.760000  0.402617  0
15.786667  0.402502  0
15.813333  0.402388  0
15.840000  0.402273  0
15.866667  0.402159  0
15.893333  0.402044  0
15.920000  0.401930  0
15.946667  0.401815  0
15.973333  0.401701  0
16.000000  0.401586  0
16.026667  0.401472  0
16.053333  0.401357  0
16.080000  0.401243  0
16.106667  0.401128  0
16.133333  0.401014  0
16.160000  0.400899  0
16.186667  0.400785  0
16.213333  0.400670  0
16.240000  0.400556  0
16.266667  0.400441  0
16.293333  0.400327  0
16.320000  0.400212  0
16.346667  0.400098  0
16.373333  0.399983  0
16.400000  0.399869  0
16.426667  0.399754  0
16.453333  0.399639  0
16.480000  0.399525  0
16.506667  0.399410  0
16.533333  0.399296  0
16.560000  0.399181  0
16.586667  0.399067  0
16.613333  0.398952  0
16.640000  0.398838  0
16.666667  0.398723  0
16.693333  0.398609  0
16.720000  0.398494  0
16.746667  0.398380  0
16.773333  0.398265  0
16.800000  0.398151  0
16.826667  0.398036  0
16.853333  0.397922  0
16.880000  0.397807  0
16.906667  0.397693  0
16.933333  0.397578  0
16.960000  0.397464  0
16.986667  0.397349  0
17.013333  0.397235  0
17.040000  0.397120  0
17.066667  0.397006  0
17.093333  0.396891  0
17.120000  0.396777  0
17.146667  0.396662  0
17.173333  0.396548  0
17.200000  0.396433  0
17.226667  0.396319  0
17.253333  0.396204  0
17.280000  0.396089  0
17.306667  0.395975  0
17.333333  0.395860  0
17.360000  0.395746  0
17.386667  0.395631  0
17.413333  0.395517  0
17.440000  0.395402  0
17.466667  0.395288  0
17.493333  0.395173  0
17.520000  0.395059  0
17.546667  0.394944  0
17.573333  0.394830  0
17.600000  0.394715  0
17.626667  0.394601  0
17.653333  0.394486  0
17.680000  0.394372  0
17.706667  0.394257  0
17.733333  0.394143  0
17.760000  0.394028  0
17.786667  0.393914  0
17.813333  0.393799  0
17.840000  0.393685  0
17.866667  0.393570  0
17.893333  0.393456  0
17.920000  0.393341  0
17.946667  0.393227  0
17.973333  0.393112  0
18.000000  0.392998  0
18.026667  0.392883  0
18.053333  0.392769  0
18.080000  0.392654  0
18.106667  0.392540  0
18.133333  0.392425  0
18.160000  0.392310  0
18.186667  0.392196  0
18.213333  0.392081  0
18.240000  0.391967  0
18.266667  0.391852  0
18.293333  0.391738  0
18.320000  0.391623  0
18.346667  0.391509  0
18.373333  0.391394  0
18.400000  0.391280  0
18.426667  0.391165  0
18.453333  0.391051  0
18.480000  0.390936  0
18.506667  0.390822  0
18.533333  0.390707  0
18.560000  0.390593  0
18.586667  0.390478  0
18.613333  0.390364  0
18.640000  0.390249  0
18.666667  0.390135  0
18.693333  0.390020  0
18.720000  0.389906  0
18.746667  0.389791  0
18.773333  0.389677  0
18.800000  0.389562  0
18.826667  0.389448  0
18.853333  0.389333  0
18.880000  0.389219  0
18.906667  0.389104  0
18.933333  0.388990  0
18.960000  0.388875  0
18.986667  0.388760  0
19.013333  0.388646  0
19.040000  0.388531  0
19.066667  0.388417  0
19.093333  0.388302  0
19.120000  0.388188  0
19.146667  0.388073  0
19.173333  0.387959  0
19.200000  0.387844  0
19.226667  0.387730  0
19.253333  0.387615  0
19.280000  0.387501  0
19.306667  0.387386  0
19.333333  0.387272  0
19.360000  0.387157  0
19.386667  0.387043  0
19.413333  0.386928  0
19.440000  0.386814  0
19.466667  0.386699  0
19.493333  0.386585  0
19.520000  0.386470  0
19.546667  0.386356  0
19.573333  0.386241  0
19.600000  0.386127  0
19.626667  0.386012  0
19.653333  0.385898  0
19.680000  0.385783  0
19.706667  0.385669  0
19.733333  0.385554  0
19.760000  0.385440  0
19.786667  0.385325  0
19.813333  0.385210  0
19.840000  0.385096  0
19.866667  0.384981  0
19.893333  0.384867  0
19.920000  0.384752  0
19.946667  0.384638  0
19.973333  0.384523  0
20.000000  0.384409  0
20.026667  0.384294  0
20.053333  0.384180  0
20.080000  0.384065  0
20.106667  0.383951  0
20.133333  0.383836  0
20.160000  0.383722  0
20.186667  0.383607  0
20.213333  0.383493  0
20.240000  0.383378  0
20.266667  0.383264  0
20.293333  0.383149  0
20.320000  0.383035  0
20.346667  0.382920  0
20.373333  0.382806  0
20.400000  0.382691  0
20.426667  0.382577  0
20.453333  0.382462  0
20.480000  0.382348  0
20.506667  0.382233  0
20.533333  0.382119  0
20.560000  0.382004  0
20.586667  0.381890  0
20.613333  0.381775  0
20.640000  0.381660  0
20.666667  0.381546  0
20.693333  0.381431  0
20.720000  0.381317  0
20.746667  0.381202  0
20.773333  0.381088  0
20.800000  0.380973  0
20.826667  0.380859  0
20.853333  0.380744  0
20.880000  0.380630  0
20.906667  0.380515  0
20.933333  0.380401  0
20.960000  0.380286  0
20.986667  0.380172  0
21.013333  0.380057  0
21.040000  0.379943  0
