2.640000  0.642976  0
2.666667  0.642976  0
2.693333  0.642976  0
2.720000  0.642976  0
2.746667  0.642976  0
2.773333  0.642976  0
2.800000  0.642976  0
2.826667  0.642976  0
2.853333  0.642976  0
2.880000  0.642976  0
2.906667  0.642976  0
2.933333  0.642976  0
2.960000  0.642976  0
2.986667  0.642976  0
3.013333  0.642976  0
3.040000  0.642976  0
3.066667  0.642976  0
3.093333  0.642976  0
3.120000  0.642976  0
3.146667  0.642976  0
3.173333  0.642976  0
3.200000  0.642976  0
3.226667  0.642976  0
3.253333  0.642976  0
3.280000  0.642976  0
3.306667  0.642976  0
3.333333  0.642975  0
3.360000  0.642969  0
3.386667  0.642944  0
3.413333  0.642874  0
3.440000  0.642735  0
3.466667  0.642526  0
3.493333  0.642273  0
3.520000  0.642001  0
3.546667  0.641725  0
3.573333  0.641448  0
3.600000  0.641171  0
3.626667  0.640894  0
3.653333  0.640617  0
3.680000  0.640339  0
3.706667  0.640062  0
3.733333  0.639785  0
3.760000  0.639508  0
3.786667  0.639230  0
3.813333  0.638947  0
3.840000  0.638655  0
3.866667  0.638347  0
3.893333  0.638022  0
3.920000  0.637686  0
3.946667  0.637345  0
3.973333  0.637003  0
4.000000  0.636661  0
4.026667  0.636318  0
4.053333  0.635976  0
4.080000  0.635633  0
4.106667  0.635290  0
4.133333  0.634939  0
4.160000  0.634558  0
4.186667  0.634101  0
4.213333  0.633521  0
4.240000  0.632810  0
4.266667  0.632011  0
4.293333  0.631173  0
4.320000  0.630326  0
4.346667  0.629477  0
4.373333  0.628628  0
4.400000  0.627778  0
4.426667  0.626929  0
4.453333  0.626080  0
4.480000  0.625230  0
4.506667  0.624381  0
4.533333  0.623532  0
4.560000  0.622682  0
4.586667  0.621833  0
4.613333  0.620984  0
4.640000  0.620134  0
4.666667  0.619288  0
4.693333  0.618456  0
4.720000  0.617668  0
4.746667  0.616956  0
4.773333  0.616292  0
4.800000  0.615568  0
4.826667  0.614679  0
4.853333  0.613588  0
4.880000  0.612312  0
4.906667  0.610891  0
4.933333  0.609365  0
4.960000  0.607771  0
4.986667  0.606140  0
5.013333  0.604497  0
5.040000  0.602860  0
5.066667  0.601244  0
5.093333  0.599661  0
5.120000  0.598119  0
5.146667  0.596624  0
5.173333  0.595176  0
5.200000  0.593771  0
5.226667  0.592399  0
5.253333  0.591045  0
5.280000  0.589689  0
5.306667  0.588312  0
5.333333  0.586898  0
5.360000  0.585441  0
5.386667  0.583943  0
5.413333  0.582417  0
5.440000  0.580884  0
5.466667  0.579366  0
5.493333  0.577884  0
5.520000  0.576451  0
5.546667  0.575065  0
5.573333  0.573712  0
5.600000  0.572365  0
5.626667  0.570990  0
5.653333  0.569548  0
5.680000  0.568004  0
5.706667  0.566331  0
5.733333  0.564513  0
5.760000  0.562548  0
5.786667  0.560448  0
5.813333  0.558236  0
5.840000  0.555948  0
5.866667  0.553622  0
5.893333  0.551297  0
5.920000  0.549008  0
5.946667  0.546778  0
5.973333  0.544616  0
6.000000  0.542517  0
6.026667  0.540465  0
6.053333  0.538437  0
6.080000  0.536407  0
6.106667  0.534354  0
6.133333  0.532267  0
6.160000  0.530146  0
6.186667  0.528001  0
6.213333  0.525855  0
6.240000  0.523738  0
6.266667  0.521684  0
6.293333  0.519726  0
6.320000  0.517890  0
6.346667  0.516198  0
6.373333  0.514656  0
6.400000  0.513262  0
6.426667  0.512000  0
6.453333  0.510846  0
6.480000  0.509773  0
6.506667  0.508754  0
6.533333  0.507767  0
6.560000  0.506803  0
6.586667  0.505861  0
6.613333  0.504953  0
6.640000  0.504097  0
6.666667  0.503316  0
6.693333  0.502631  0
6.720000  0.502056  0
6.746667  0.501600  0
6.773333  0.501261  0
6.800000  0.501029  0
6.826667  0.500884  0
6.853333  0.500801  0
6.880000  0.500748  0
6.906667  0.500688  0
6.933333  0.500583  0
6.960000  0.500401  0
6.986667  0.500111  0
7.013333  0.499696  0
7.040000  0.499149  0
7.066667  0.498478  0
7.093333  0.497706  0
7.120000  0.496860  0
7.146667  0.495976  0
7.173333  0.495086  0
7.200000  0.494219  0
7.226667  0.493393  0
7.253333  0.492620  0
7.280000  0.491903  0
7.306667  0.491237  0
7.333333  0.490616  0
7.360000  0.490032  0
7.386667  0.489477  0
7.413333  0.488947  0
7.440000  0.488440  0
7.466667  0.487955  0
7.493333  0.487498  0
7.520000  0.487072  0
7.546667  0.486684  0
7.573333  0.486339  0
7.600000  0.486039  0
7.626667  0.485785  0
7.653333  0.485570  0
7.680000  0.485382  0
7.706667  0.485207  0
7.733333  0.485025  0
7.760000  0.484817  0
7.786667  0.484564  0
7.813333  0.484251  0
7.840000  0.483867  0
7.866667  0.483409  0
7.893333  0.482880  0
7.920000  0.482290  0
7.946667  0.481656  0
7.973333  0.480998  0
8.000000  0.480336  0
8.026667  0.479692  0
8.053333  0.479083  0
8.080000  0.478521  0
8.106667  0.478014  0
8.133333  0.477563  0
8.160000  0.477161  0
8.186667  0.476802  0
8.213333  0.476472  0
8.240000  0.476161  0
8.266667  0.475857  0
8.293333  0.475553  0
8.320000  0.475242  0
8.346667  0.474920  0
8.373333  0.474588  0
8.400000  0.474245  0
8.426667  0.473893  0
8.453333  0.473534  0
8.480000  0.473170  0
8.506667  0.472803  0
8.533333  0.472433  0
8.560000  0.472062  0
8.586667  0.471690  0
8.613333  0.471317  0
8.640000  0.470944  0
8.666667  0.470572  0
8.693333  0.470199  0
8.720000  0.469826  0
8.746667  0.469453  0
8.773333  0.469080  0
8.800000  0.468707  0
8.826667  0.468334  0
8.853333  0.467961  0
8.880000  0.467588  0
8.906667  0.467215  0
8.933333  0.466842  0
8.960000  0.466469  0
8.986667  0.466096  0
9.013333  0.465723  0
9.040000  0.465350  0
9.066667  0.464977  0
9.093333  0.464605  0
9.120000  0.464232  0
9.146667  0.463859  0
9.173333  0.463486  0
9.200000  0.463113  0
9.226667  0.462740  0
9.253333  0.462367  0
9.280000  0.461994  0
9.306667  0.461621  0
9.333333  0.461248  0
9.360000  0.460875  0
9.386667  0.460502  0
9.413333  0.460129  0
9.440000  0.459756  0
9.466667  0.459383  0
9.493333  0.459010  0
9.520000  0.458637  0
9.546667  0.458264  0
9.573333  0.457891  0
9.600000  0.457518  0
9.626667  0.457146  0
9.653333  0.456773  0
9.680000  0.456400  0
9.706667  0.456027  0
9.733333  0.455654  0
9.760000  0.455281  0
9.786667  0.454908  0
9.813333  0.454535  0
9.840000  0.454162  0
9.866667  0.453789  0
9.893333  0.453416  0
9.920000  0.453043  0
9.946667  0.452670  0
9.973333  0.452297  0
10.000000  0.451924  0
10.026667  0.451551  0
10.053333  0.451178  0
10.080000  0.450805  0
10.106667  0.450432  0
10.133333  0.450059  0
10.160000  0.449686  0
10.186667  0.449314  0
10.213333  0.448941  0
10.240000  0.448568  0
10.266667  0.448195  0
10.293333  0.447822  0
10.320000  0.447449  0
10.346667  0.447076  0
10.373333  0.446703  0
10.400000  0.446330  0
10.426667  0.445957  0
10.453333  0.445584  0
10.480000  0.445211  0
10.506667  0.444838  0
10.533333  0.444465  0
10.560000  0.444092  0
10.586667  0.443719  0
10.613333  0.443346  0
10.640000  0.442973  0
10.666667  0.442600  0
10.693333  0.442227  0
10.720000  0.441855  0
10.746667  0.441482  0
10.773333  0.441109  0
10.800000  0.440736  0
10.826667  0.440363  0
10.853333  0.439990  0
10.880000  0.439617  0
10.906667  0.439244  0
10.933333  0.438871  0
10.960000  0.438498  0
10.986667  0.438125  0
11.013333  0.437752  0
11.040000  0.437379  0
11.066667  0.437006  0
11.093333  0.436633  0
11.120000  0.436260  0
11.146667  0.435887  0
11.173333  0.435514  0
11.200000  0.435141  0
11.226667  0.434768  0
11.253333  0.434396  0
11.280000  0.434023  0
11.306667  0.433650  0
11.333333  0.433277  0
11.360000  0.432904  0
11.386667  0.432531  0
11.413333  0.432158  0
11.440000  0.431785  0
11.466667  0.431412  0
11.493333  0.431039  0
11.520000  0.430666  0
11.546667  0.430293  0
11.573333  0.429920  0
11.600000  0.429547  0
11.626667  0.429174  0
11.653333  0.428801  0
11.680000  0.428428  0
11.706667  0.428055  0
11.733333  0.427682  0
11.760000  0.427309  0
11.786667  0.426937  0
11.813333  0.426564  0
11.840000  0.426191  0
11.866667  0.425818  0
11.893333  0.425445  0
11.920000  0.425072  0
11.946667  0.424699  0
11.973333  0.424326  0
12.000000  0.423953  0
12.026667  0.423580  0
12.053333  0.423207  0
12.080000  0.422834  0
12.106667  0.422461  0
12.133333  0.422088  0
12.160000  0.421715  0
12.186667  0.421342  0
12.213333  0.420969  0
12.240000  0.420596  0
12.266667  0.420223  0
12.293333  0.419850  0
12.320000  0.419478  0
12.346667  0.419105  0
12.373333  0.418732  0
12.400000  0.418359  0
12.426667  0.417986  0
12.453333  0.417613  0
12.480000  0.417240  0
12.506667  0.416867  0
12.533333  0.416494  0
12.560000  0.416121  0
12.586667  0.415749  0
12.613333  0.415377  0
12.640000  0.415005  0
12.666667  0.414636  0
12.693333  0.414269  0
12.720000  0.413906  0
12.746667  0.413551  0
12.773333  0.413207  0
12.800000  0.412880  0
12.826667  0.412576  0
12.853333  0.412304  0
12.880000  0.412071  0
12.906667  0.411886  0
12.933333  0.411756  0
12.960000  0.411686  0
12.986667  0.411675  0
13.013333  0.411721  0
13.040000  0.411813  0
13.066667  0.411938  0
13.093333  0.412079  0
13.120000  0.412219  0
13.146667  0.412344  0
13.173333  0.412441  0
13.200000  0.412506  0
13.226667  0.412542  0
13.253333  0.412557  0
13.280000  0.412564  0
13.306667  0.412580  0
13.333333  0.412617  0
13.360000  0.412685  0
13.386667  0.412789  0
13.413333  0.412927  0
13.440000  0.413092  0
13.466667  0.413274  0
13.493333  0.413460  0
13.520000  0.413640  0
13.546667  0.413805  0
13.573333  0.413953  0
13.600000  0.414082  0
13.626667  0.414198  0
13.653333  0.414306  0
13.680000  0.414412  0
13.706667  0.414523  0
13.733333  0.414642  0
13.760000  0.414768  0
13.786667  0.414900  0
13.813333  0.415037  0
13.840000  0.415174  0
13.866667  0.415310  0
13.893333  0.415442  0
13.920000  0.415569  0
13.946667  0.415690  0
13.973333  0.415800  0
14.000000  0.415898  0
14.026667  0.415980  0
14.053333  0.416043  0
14.080000  0.416085  0
14.106667  0.416103  0
14.133333  0.416095  0
14.160000  0.416059  0
14.186667  0.415996  0
14.213333  0.415902  0
14.240000  0.415780  0
14.266667  0.415631  0
14.293333  0.415459  0
14.320000  0.415273  0
14.346667  0.415083  0
14.373333  0.414901  0
14.400000  0.414738  0
14.426667  0.414606  0
14.453333  0.414512  0
14.480000  0.414458  0
14.506667  0.414441  0
14.533333  0.414453  0
14.560000  0.414482  0
14.586667  0.414516  0
14.613333  0.414541  0
14.640000  0.414547  0
14.666667  0.414525  0
14.693333  0.414471  0
14.720000  0.414382  0
14.746667  0.414259  0
14.773333  0.414106  0
14.800000  0.413929  0
14.826667  0.413736  0
14.853333  0.413536  0
14.880000  0.413341  0
14.906667  0.413164  0
14.933333  0.413014  0
14.960000  0.412891  0
14.986667  0.412785  0
15.013333  0.412682  0
15.040000  0.412573  0
15.066667  0.412461  0
15.093333  0.412348  0
15.120000  0.412234  0
15.146667  0.412120  0
15.173333  0.412006  0
15.200000  0.411892  0
15.226667  0.411778  0
15.253333  0.411665  0
15.280000  0.411551  0
15.306667  0.411437  0
15.333333  0.411323  0
15.360000  0.411209  0
15.386667  0.411095  0
15.413333  0.410981  0
15.440000  0.410868  0
15.466667  0.410754  0
15.493333  0.410640  0
15.520000  0.410526  0
15.546667  0.410412  0
15.573333  0.410298  0
15.600000  0.410185  0
15.626667  0.410071  0
15.653333  0.409957  0
15.680000  0.409843  0
15.706667  0.409729  0
15.733333  0.409615  0
15.760000  0.409501  0
15.786667  0.409388  0
15.813333  0.409274  0
15.840000  0.409160  0
15.866667  0.409046  0
15.893333  0.408932  0
15.920000  0.408818  0
15.946667  0.408705  0
15.973333  0.408591  0
16.000000  0.408477  0
16.026667  0.408363  0
16.053333  0.408249  0
16.080000  0.408135  0
16.106667  0.408022  0
16.133333  0.407908  0
16.160000  0.407794  0
16.186667  0.407680  0
16.213333  0.407566  0
16.240000  0.407452  0
16.266667  0.407338  0
16.293333  0.407225  0
16.320000  0.407111  0
16.346667  0.406997  0
16.373333  0.406883  0
16.400000  0.406769  0
16.426667  0.406655  0
16.453333  0.406542  0
16.480000  0.406428  0
16.506667  0.406314  0
16.533333  0.406200  0
16.560000  0.406086  0
16.586667  0.405972  0
16.613333  0.405858  0
16.640000  0.405745  0
16.666667  0.405631  0
16.693333  0.405517  0
16.720000  0.405403  0
16.746667  0.405289  0
16.773333  0.405175  0
16.800000  0.405062  0
16.826667  0.404948  0
16.853333  0.404834  0
16.880000  0.404720  0
16.906667  0.404606  0
16.933333  0.404492  0
16.960000  0.404378  0
16.986667  0.404265  0
17.013333  0.404151  0
17.040000  0.404037  0
17.066667  0.403923  0
17.093333  0.403809  0
17.120000  0.403695  0
17.146667  0.403582  0
17.173333  0.403468  0
17.200000  0.403354  0
17.226667  0.403240  0
17.253333  0.403126  0
17.280000  0.403012  0
17.306667  0.402899  0
17.333333  0.402785  0
17.360000  0.402671  0
17.386667  0.402557  0
17.413333  0.402443  0
17.440000  0.402329  0
17.466667  0.402215  0
17.493333  0.402102  0
17.520000  0.401988  0
17.546667  0.401874  0
17.573333  0.401760  0
17.600000  0.401646  0
17.626667  0.401532  0
17.653333  0.401419  0
17.680000  0.401305  0
17.706667  0.401191  0
17.733333  0.401077  0
17.760000  0.400963  0
17.786667  0.400849  0
17.813333  0.400735  0
17.840000  0.400622  0
17.866667  0.400508  0
17.893333  0.400394  0
17.920000  0.400280  0
17.946667  0.400166  0
17.973333  0.400052  0
18.000000  0.399939  0
18.026667  0.399825  0
18.053333  0.399711  0
18.080000  0.399597  0
18.106667  0.399483  0
18.133333  0.399369  0
18.160000  0.399256  0
18.186667  0.399142  0
18.213333  0.399028  0
18.240000  0.398914  0
18.266667  0.398800  0
18.293333  0.398686  0
18.320000  0.398572  0
18.346667  0.398459  0
18.373333  0.398345  0
18.400000  0.398231  0
18.426667  0.398117  0
18.453333  0.398003  0
18.480000  0.397889  0
18.506667  0.397776  0
18.533333  0.397662  0
18.560000  0.397548  0
18.586667  0.397434  0
18.613333  0.397320  0
18.640000  0.397206  0
18.666667  0.397092  0
18.693333  0.396979  0
18.720000  0.396865  0
18.746667  0.396751  0
18.773333  0.396637  0
18.800000  0.396523  0
18.826667  0.396409  0
18.853333  0.396296  0
18.880000  0.396182  0
18.906667  0.396068  0
18.933333  0.395954  0
18.960000  0.395840  0
18.986667  0.395726  0
19.013333  0.395613  0
19.040000  0.395499  0
19.066667  0.395385  0
19.093333  0.395271  0
19.120000  0.395157  0
19.146667  0.395043  0
19.173333  0.394929  0
19.200000  0.394816  0
19.226667  0.394702  0
19.253333  0.394588  0
19.280000  0.394474  0
19.306667  0.394360  0
19.333333  0.394246  0
19.360000  0.394133  0
19.386667  0.394019  0
19.413333  0.393905  0
19.440000  0.393791  0
19.466667  0.393677  0
19.493333  0.393563  0
19.520000  0.393449  0
19.546667  0.393336  0
19.573333  0.393222  0
19.600000  0.393108  0
19.626667  0.392994  0
19.653333  0.392880  0
19.680000  0.392766  0
19.706667  0.392653  0
19.733333  0.392539  0
19.760000  0.392425  0
19.786667  0.392311  0
19.813333  0.392197  0
19.840000  0.392083  0
19.866667  0.391970  0
19.893333  0.391856  0
19.920000  0.391742  0
19.946667  0.391628  0
19.973333  0.391514  0
20.000000  0.391400  0
20.026667  0.391286  0
20.053333  0.391173  0
20.080000  0.391059  0
20.106667  0.390945  0
20.133333  0.390831  0
20.160000  0.390717  0
20.186667  0.390603  0
20.213333  0.390490  0
20.240000  0.390376  0
20.266667  0.390262  0
20.293333  0.390148  0
20.320000  0.390034  0
20.346667  0.389920  0
20.373333  0.389806  0
20.400000  0.389693  0
20.426667  0.389579  0
20.453333  0.389465  0
20.480000  0.389351  0
20.506667  0.389237  0
20.533333  0.389123  0
20.560000  0.389010  0
20.586667  0.388896  0
20.613333  0.388782  0
20.640000  0.388668  0
20.666667  0.388554  0
20.693333  0.388440  0
20.720000  0.388326  0
20.746667  0.388213  0
20.773333  0.388099  0
20.800000  0.387985  0
20.826667  0.387871  0
20.853333  0.387757  0
20.880000  0.387643  0
20.906667  0.387530  0
20.933333  0.387416  0
20.960000  0.387302  0
20.986667  0.387188  0
21.013333  0.387074  0
21.040000  0.386960  0
21.066667  0.386847  0
21.093333  0.386733  0
21.120000  0.386619  0
21.146667  0.386505  0
21.173333  0.386391  0
21.200000  0.386277  0
21.226667  0.386163  0
21.253333  0.386050  0
21.280000  0.385936  0
21.306667  0.385822  0
21.333333  0.385708  0
21.360000  0.385594  0
21.386667  0.385480  0
21.413333  0.385367  0
21.440000  0.385253  0
21.466667  0.385139  0
21.493333  0.385025  0
21.520000  0.384911  0
21.546667  0.384797  0
21.573333  0.384683  0
21.600000  0.384570  0
21.626667  0.384456  0
21.653333  0.384342  0
21.680000  0.384228  0
21.706667  0.384114  0
21.733333  0.384000  0
21.760000  0.383887  0
21.786667  0.383773  0
21.813333  0.383659  0
21.840000  0.383545  0
21.866667  0.383431  0
21.893333  0.383317  0
21.920000  0.383204  0
21.946667  0.383090  0
21.973333  0.382976  0
22.000000  0.382862  0
22.026667  0.382748  0
22.053333  0.382634  0
22.080000  0.382520  0
22.106667  0.382407  0
22.133333  0.382293  0
22.160000  0.382179  0
22.186667  0.382065  0
22.213333  0.381951  0
22.240000  0.381837  0
22.266667  0.381724  0
22.293333  0.381610  0
22.320000  0.381496  0
22.346667  0.381382  0
22.373333  0.381268  0
22.400000  0.381154  0
22.426667  0.381040  0
22.453333  0.380927  0
22.480000  0.380813  0
22.506667  0.380699  0
22.533333  0.380585  0
22.560000  0.380471  0
22.586667  0.380357  0
22.613333  0.380244  0
22.640000  0.380130  0
22.666667  0.380016  0
22.693333  0.379902  0
22.720000  0.379788  0
22.746667  0.379674  0
22.773333  0.379561  0
22.800000  0.379447  0
22.826667  0.379333  0
22.853333  0.379219  0
22.880000  0.379105  0
22.906667  0.378991  0
22.933333  0.378877  0
22.960000  0.378764  0
22.986667  0.378650  0
23.013333  0.378536  0
23.040000  0.378422  0
23.066667  0.378308  0
23.093333  0.378194  0
23.120000  0.378081  0
23.146667  0.377967  0
23.173333  0.377858  0
23.200000  0.377764  0
23.226667  0.377707  0
