3.706667  0.743323  0
3.733333  0.743323  0
3.760000  0.743323  0
3.786667  0.743323  0
3.813333  0.743323  0
3.840000  0.743323  0
3.866667  0.743323  0
3.893333  0.743323  0
3.920000  0.743323  0
3.946667  0.743323  0
3.973333  0.743323  0
4.000000  0.743323  0
4.026667  0.743322  0
4.053333  0.743322  0
4.080000  0.743322  0
4.106667  0.743322  0
4.133333  0.743321  0
4.160000  0.743319  0
4.186667  0.743316  0
4.213333  0.743312  0
4.240000  0.743305  0
4.266667  0.743295  0
4.293333  0.743280  0
4.320000  0.743260  0
4.346667  0.743234  0
4.373333  0.743201  0
4.400000  0.743161  0
4.426667  0.743113  0
4.453333  0.743059  0
4.480000  0.742998  0
4.506667  0.742932  0
4.533333  0.742861  0
4.560000  0.742787  0
4.586667  0.742711  0
4.613333  0.742633  0
4.640000  0.742553  0
4.666667  0.742473  0
4.693333  0.742393  0
4.720000  0.742313  0
4.746667  0.742232  0
4.773333  0.742151  0
4.800000  0.742071  0
4.826667  0.741990  0
4.853333  0.741910  0
4.880000  0.741830  0
4.906667  0.741751  0
4.933333  0.741674  0
4.960000  0.741598  0
4.986667  0.741525  0
5.013333  0.741456  0
5.040000  0.741392  0
5.066667  0.741334  0
5.093333  0.741282  0
5.120000  0.741237  0
5.146667  0.741199  0
5.173333  0.741169  0
5.200000  0.741145  0
5.226667  0.741126  0
5.253333  0.741111  0
5.280000  0.741098  0
5.306667  0.741084  0
5.333333  0.741064  0
5.360000  0.741035  0
5.386667  0.740987  0
5.413333  0.740914  0
5.440000  0.740802  0
5.466667  0.740640  0
5.493333  0.740414  0
5.520000  0.740111  0
5.546667  0.739720  0
5.573333  0.739235  0
5.600000  0.738653  0
5.626667  0.737978  0
5.653333  0.737215  0
5.680000  0.736377  0
5.706667  0.735476  0
5.733333  0.734525  0
5.760000  0.733537  0
5.786667  0.732523  0
5.813333  0.731492  0
5.840000  0.730449  0
5.866667  0.729399  0
5.893333  0.728346  0
5.920000  0.727291  0
5.946667  0.726237  0
5.973333  0.725184  0
6.000000  0.724136  0
6.026667  0.723096  0
6.053333  0.722067  0
6.080000  0.721056  0
6.106667  0.720070  0
6.133333  0.719119  0
6.160000  0.718211  0
6.186667  0.717356  0
6.213333  0.716562  0
6.240000  0.715836  0
6.266667  0.715179  0
6.293333  0.714590  0
6.320000  0.714066  0
6.346667  0.713597  0
6.373333  0.713174  0
6.400000  0.712786  0
6.426667  0.712420  0
6.453333  0.712063  0
6.480000  0.711704  0
6.506667  0.711327  0
6.533333  0.710921  0
6.560000  0.710473  0
6.586667  0.709969  0
6.613333  0.709400  0
6.640000  0.708756  0
6.666667  0.708034  0
6.693333  0.707232  0
6.720000  0.706353  0
6.746667  0.705402  0
6.773333  0.704387  0
6.800000  0.703313  0
6.826667  0.702181  0
6.853333  0.700991  0
6.880000  0.699732  0
6.906667  0.698388  0
6.933333  0.696937  0
6.960000  0.695929  0
6.986667  0.694922  0
7.013333  0.693914  0
7.040000  0.692907  0
7.066667  0.691899  0
7.093333  0.690892  0
7.120000  0.689884  0
7.146667  0.688877  0
7.173333  0.687870  0
7.200000  0.686862  0
7.226667  0.685855  0
7.253333  0.684847  0
7.280000  0.683840  0
7.306667  0.682832  0
7.333333  0.681825  0
7.360000  0.680817  0
7.386667  0.679810  0
7.413333  0.678802  0
7.440000  0.677795  0
7.466667  0.676787  0
7.493333  0.675780  0
7.520000  0.674772  0
7.546667  0.674205  0
7.573333  0.673592  0
7.600000  0.672964  0
7.626667  0.672340  0
7.653333  0.671726  0
7.680000  0.671129  0
7.706667  0.670557  0
7.733333  0.670022  0
7.760000  0.669532  0
7.786667  0.669085  0
7.813333  0.668660  0
7.840000  0.668219  0
7.866667  0.667713  0
7.893333  0.667089  0
7.920000  0.666302  0
7.946667  0.665322  0
7.973333  0.664141  0
8.000000  0.662773  0
8.026667  0.661246  0
8.053333  0.659600  0
8.080000  0.657869  0
8.106667  0.656083  0
8.133333  0.654263  0
8.160000  0.652415  0
8.186667  0.650543  0
8.213333  0.648647  0
8.240000  0.646731  0
8.266667  0.644801  0
8.293333  0.642867  0
8.320000  0.640942  0
8.346667  0.639038  0
8.373333  0.637166  0
8.400000  0.635338  0
8.426667  0.633565  0
8.453333  0.631858  0
8.480000  0.630223  0
8.506667  0.628667  0
8.533333  0.627188  0
8.560000  0.625782  0
8.586667  0.624437  0
8.613333  0.623136  0
8.640000  0.621860  0
8.666667  0.620585  0
8.693333  0.619289  0
8.720000  0.617949  0
8.746667  0.616547  0
8.773333  0.615073  0
8.800000  0.613531  0
8.826667  0.611937  0
8.853333  0.610328  0
8.880000  0.608758  0
8.906667  0.607292  0
8.933333  0.605995  0
8.960000  0.604924  0
8.986667  0.604114  0
9.013333  0.603570  0
9.040000  0.603267  0
9.066667  0.603151  0
9.093333  0.603155  0
9.120000  0.603204  0
9.146667  0.603234  0
9.173333  0.603196  0
9.200000  0.603060  0
9.226667  0.602820  0
9.253333  0.602484  0
9.280000  0.602074  0
9.306667  0.601621  0
9.333333  0.601156  0
9.360000  0.600710  0
9.386667  0.600307  0
9.413333  0.599962  0
9.440000  0.599681  0
9.466667  0.599464  0
9.493333  0.599299  0
9.520000  0.599176  0
9.546667  0.599077  0
9.573333  0.598989  0
9.600000  0.598897  0
9.626667  0.598792  0
9.653333  0.598665  0
9.680000  0.598511  0
9.706667  0.598326  0
9.733333  0.598110  0
9.760000  0.597865  0
9.786667  0.597597  0
9.813333  0.597314  0
9.840000  0.597028  0
9.866667  0.596750  0
9.893333  0.596490  0
9.920000  0.596253  0
9.946667  0.596040  0
9.973333  0.595847  0
10.000000  0.595661  0
10.026667  0.595466  0
10.053333  0.595246  0
10.080000  0.594983  0
10.106667  0.594665  0
10.133333  0.594285  0
10.160000  0.593850  0
10.186667  0.593375  0
10.213333  0.592887  0
10.240000  0.592415  0
10.266667  0.591987  0
10.293333  0.591626  0
10.320000  0.591342  0
10.346667  0.591135  0
10.373333  0.590994  0
10.400000  0.590903  0
10.426667  0.590846  0
10.453333  0.590808  0
10.480000  0.590777  0
10.506667  0.590744  0
10.533333  0.590699  0
10.560000  0.590632  0
10.586667  0.590532  0
10.613333  0.590387  0
10.640000  0.590188  0
10.666667  0.589930  0
10.693333  0.589615  0
10.720000  0.589251  0
10.746667  0.588853  0
10.773333  0.588439  0
10.800000  0.588030  0
10.826667  0.587642  0
10.853333  0.587288  0
10.880000  0.586976  0
10.906667  0.586704  0
10.933333  0.586468  0
10.960000  0.586260  0
10.986667  0.586071  0
11.013333  0.585894  0
11.040000  0.585729  0
11.066667  0.585575  0
11.093333  0.585437  0
11.120000  0.585321  0
11.146667  0.585233  0
11.173333  0.585173  0
11.200000  0.585141  0
11.226667  0.585130  0
11.253333  0.585131  0
11.280000  0.585136  0
11.306667  0.585134  0
11.333333  0.585119  0
11.360000  0.585090  0
11.386667  0.585048  0
11.413333  0.584998  0
11.440000  0.584945  0
11.466667  0.584894  0
11.493333  0.584844  0
11.520000  0.584790  0
11.546667  0.584721  0
11.573333  0.584625  0
11.600000  0.584489  0
11.626667  0.584303  0
11.653333  0.584062  0
11.680000  0.583769  0
11.706667  0.583434  0
11.733333  0.583074  0
11.760000  0.582709  0
11.786667  0.582363  0
11.813333  0.582057  0
11.840000  0.581808  0
11.866667  0.581625  0
11.893333  0.581510  0
11.920000  0.581454  0
11.946667  0.581441  0
11.973333  0.581450  0
12.000000  0.581459  0
12.026667  0.581450  0
12.053333  0.581410  0
12.080000  0.581333  0
12.106667  0.581218  0
12.133333  0.581069  0
12.160000  0.580892  0
12.186667  0.580695  0
12.213333  0.580486  0
12.240000  0.580276  0
12.266667  0.580074  0
12.293333  0.579892  0
12.320000  0.579740  0
12.346667  0.579624  0
12.373333  0.579543  0
12.400000  0.579494  0
12.426667  0.579465  0
12.453333  0.579446  0
12.480000  0.579423  0
12.506667  0.579388  0
12.533333  0.579333  0
12.560000  0.579252  0
12.586667  0.579143  0
12.613333  0.578999  0
12.640000  0.578816  0
12.666667  0.578589  0
12.693333  0.578316  0
12.720000  0.577998  0
12.746667  0.577640  0
12.773333  0.577252  0
12.800000  0.576844  0
12.826667  0.576427  0
12.853333  0.576006  0
12.880000  0.575581  0
12.906667  0.575147  0
12.933333  0.574696  0
12.960000  0.574217  0
12.986667  0.573705  0
13.013333  0.573163  0
13.040000  0.572601  0
13.066667  0.572038  0
13.093333  0.571501  0
13.120000  0.571015  0
13.146667  0.570602  0
13.173333  0.570273  0
13.200000  0.570027  0
13.226667  0.569851  0
13.253333  0.569722  0
13.280000  0.569614  0
13.306667  0.569504  0
13.333333  0.569376  0
13.360000  0.569223  0
13.386667  0.569047  0
13.413333  0.568854  0
13.440000  0.568653  0
13.466667  0.568453  0
13.493333  0.568258  0
13.520000  0.568071  0
13.546667  0.567890  0
13.573333  0.567712  0
13.600000  0.567531  0
13.626667  0.567339  0
13.653333  0.567124  0
13.680000  0.566877  0
13.706667  0.566586  0
13.733333  0.566241  0
13.760000  0.565836  0
13.786667  0.565370  0
13.813333  0.564845  0
13.840000  0.564269  0
13.866667  0.563655  0
13.893333  0.563019  0
13.920000  0.562379  0
13.946667  0.561754  0
13.973333  0.561161  0
14.000000  0.560616  0
14.026667  0.560130  0
14.053333  0.559710  0
14.080000  0.559359  0
14.106667  0.559073  0
14.133333  0.558841  0
14.160000  0.558649  0
14.186667  0.558478  0
14.213333  0.558306  0
14.240000  0.558113  0
14.266667  0.557886  0
14.293333  0.557617  0
14.320000  0.557307  0
14.346667  0.556965  0
14.373333  0.556606  0
14.400000  0.556246  0
14.426667  0.555899  0
14.453333  0.555576  0
14.480000  0.555280  0
14.506667  0.555014  0
14.533333  0.554772  0
14.560000  0.554552  0
14.586667  0.554349  0
14.613333  0.554158  0
14.640000  0.553973  0
14.666667  0.553789  0
14.693333  0.553597  0
14.720000  0.553387  0
14.746667  0.553152  0
14.773333  0.552886  0
14.800000  0.552588  0
14.826667  0.552262  0
14.853333  0.551912  0
14.880000  0.551550  0
14.906667  0.551183  0
14.933333  0.550823  0
14.960000  0.550478  0
14.986667  0.550156  0
15.013333  0.549862  0
15.040000  0.549601  0
15.066667  0.549373  0
15.093333  0.549179  0
15.120000  0.549014  0
15.146667  0.548876  0
15.173333  0.548758  0
15.200000  0.548656  0
15.226667  0.548566  0
15.253333  0.548483  0
15.280000  0.548406  0
15.306667  0.548331  0
15.333333  0.548257  0
15.360000  0.548185  0
15.386667  0.548113  0
15.413333  0.548041  0
15.440000  0.547970  0
15.466667  0.547898  0
15.493333  0.547827  0
15.520000  0.547755  0
15.546667  0.547684  0
15.573333  0.547612  0
15.600000  0.547541  0
15.626667  0.547469  0
15.653333  0.547397  0
15.680000  0.547326  0
15.706667  0.547254  0
15.733333  0.547183  0
15.760000  0.547111  0
15.786667  0.547040  0
15.813333  0.546968  0
15.840000  0.546897  0
15.866667  0.546825  0
15.893333  0.546754  0
15.920000  0.546682  0
15.946667  0.546610  0
15.973333  0.546539  0
16.000000  0.546467  0
16.026667  0.546396  0
16.053333  0.546324  0
16.080000  0.546253  0
16.106667  0.546181  0
16.133333  0.546110  0
16.160000  0.546038  0
16.186667  0.545967  0
16.213333  0.545895  0
16.240000  0.545824  0
16.266667  0.545752  0
16.293333  0.545680  0
16.320000  0.545609  0
16.346667  0.545537  0
16.373333  0.545466  0
16.400000  0.545394  0
16.426667  0.545323  0
16.453333  0.545251  0
16.480000  0.545180  0
16.506667  0.545108  0
16.533333  0.545037  0
16.560000  0.544965  0
16.586667  0.544893  0
16.613333  0.544822  0
16.640000  0.544750  0
16.666667  0.544679  0
16.693333  0.544607  0
16.720000  0.544536  0
16.746667  0.544464  0
16.773333  0.544393  0
16.800000  0.544321  0
16.826667  0.544250  0
16.853333  0.544178  0
16.880000  0.544107  0
16.906667  0.544035  0
16.933333  0.543963  0
16.960000  0.543892  0
16.986667  0.543820  0
17.013333  0.543749  0
17.040000  0.543677  0
17.066667  0.543606  0
17.093333  0.543534  0
17.120000  0.543463  0
17.146667  0.543391  0
17.173333  0.543320  0
17.200000  0.543248  0
17.226667  0.543176  0
17.253333  0.543105  0
17.280000  0.543033  0
17.306667  0.542962  0
17.333333  0.542890  0
17.360000  0.542819  0
17.386667  0.542747  0
17.413333  0.542676  0
17.440000  0.542604  0
17.466667  0.542533  0
17.493333  0.542461  0
17.520000  0.542390  0
17.546667  0.542318  0
17.573333  0.542246  0
17.600000  0.542175  0
17.626667  0.542103  0
17.653333  0.542032  0
17.680000  0.541960  0
17.706667  0.541889  0
17.733333  0.541817  0
17.760000  0.541746  0
17.786667  0.541674  0
17.813333  0.541603  0
17.840000  0.541531  0
17.866667  0.541459  0
17.893333  0.541388  0
17.920000  0.541316  0
17.946667  0.541245  0
17.973333  0.541173  0
18.000000  0.541102  0
18.026667  0.541030  0
18.053333  0.540959  0
18.080000  0.540887  0
18.106667  0.540816  0
18.133333  0.540744  0
18.160000  0.540673  0
18.186667  0.540601  0
18.213333  0.540529  0
18.240000  0.540458  0
18.266667  0.540386  0
18.293333  0.540315  0
18.320000  0.540243  0
18.346667  0.540172  0
18.373333  0.540100  0
18.400000  0.540029  0
18.426667  0.539957  0
18.453333  0.539886  0
18.480000  0.539814  0
18.506667  0.539742  0
18.533333  0.539671  0
18.560000  0.539599  0
18.586667  0.539528  0
18.613333  0.539456  0
18.640000  0.539385  0
18.666667  0.539313  0
18.693333  0.539242  0
18.720000  0.539170  0
18.746667  0.539099  0
18.773333  0.539027  0
18.800000  0.538955  0
18.826667  0.538884  0
18.853333  0.538812  0
18.880000  0.538741  0
18.906667  0.538669  0
18.933333  0.538598  0
18.960000  0.538526  0
18.986667  0.538455  0
19.013333  0.538383  0
19.040000  0.538312  0
19.066667  0.538240  0
19.093333  0.538169  0
19.120000  0.538097  0
19.146667  0.538025  0
19.173333  0.537954  0
19.200000  0.537882  0
19.226667  0.537811  0
19.253333  0.537739  0
19.280000  0.537668  0
19.306667  0.537596  0
19.333333  0.537525  0
19.360000  0.537453  0
19.386667  0.537382  0
19.413333  0.537310  0
19.440000  0.537238  0
19.466667  0.537167  0
19.493333  0.537095  0
19.520000  0.537024  0
19.546667  0.536952  0
19.573333  0.536881  0
19.600000  0.536809  0
19.626667  0.536738  0
19.653333  0.536666  0
19.680000  0.536595  0
19.706667  0.536523  0
19.733333  0.536452  0
19.760000  0.536380  0
19.786667  0.536308  0
19.813333  0.536237  0
19.840000  0.536165  0
19.866667  0.536094  0
19.893333  0.536022  0
19.920000  0.535951  0
19.946667  0.535879  0
19.973333  0.535808  0
20.000000  0.535736  0
20.026667  0.535665  0
20.053333  0.535593  0
20.080000  0.535521  0
20.106667  0.535450  0
20.133333  0.535378  0
20.160000  0.535307  0
20.186667  0.535235  0
20.213333  0.535164  0
20.240000  0.535092  0
20.266667  0.535021  0
20.293333  0.534949  0
20.320000  0.534878  0
20.346667  0.534806  0
20.373333  0.534735  0
20.400000  0.534663  0
20.426667  0.534591  0
20.453333  0.534520  0
20.480000  0.534448  0
20.506667  0.534377  0
20.533333  0.534305  0
20.560000  0.534234  0
20.586667  0.534162  0
20.613333  0.534091  0
20.640000  0.534019  0
20.666667  0.533948  0
20.693333  0.533876  0
20.720000  0.533804  0
20.746667  0.533733  0
20.773333  0.533661  0
20.800000  0.533590  0
20.826667  0.533518  0
20.853333  0.533447  0
20.880000  0.533375  0
20.906667  0.533304  0
20.933333  0.533232  0
20.960000  0.533161  0
20.986667  0.533089  0
21.013333  0.533018  0
21.040000  0.532946  0
21.066667  0.532874  0
21.093333  0.532803  0
21.120000  0.532731  0
21.146667  0.532660  0
21.173333  0.532588  0
21.200000  0.532517  0
21.226667  0.532445  0
21.253333  0.532374  0
21.280000  0.532302  0
21.306667  0.532231  0
21.333333  0.532159  0
21.360000  0.532087  0
21.386667  0.532016  0
21.413333  0.531944  0
21.440000  0.531873  0
21.466667  0.531801  0
21.493333  0.531730  0
21.520000  0.531658  0
21.546667  0.531587  0
21.573333  0.531515  0
21.600000  0.531444  0
21.626667  0.531372  0
21.653333  0.531301  0
21.680000  0.531229  0
21.706667  0.531157  0
21.733333  0.531086  0
21.760000  0.531014  0
21.786667  0.530943  0
21.813333  0.530871  0
21.840000  0.530800  0
21.866667  0.530728  0
21.893333  0.530657  0
21.920000  0.530585  0
21.946667  0.530514  0
21.973333  0.530442  0
22.000000  0.530370  0
22.026667  0.530299  0
22.053333  0.530227  0
22.080000  0.530156  0
22.106667  0.530084  0
22.133333  0.530013  0
22.160000  0.529941  0
22.186667  0.529870  0
22.213333  0.529798  0
22.240000  0.529727  0
22.266667  0.529655  0
22.293333  0.529583  0
22.320000  0.529512  0
22.346667  0.529440  0
22.373333  0.529369  0
22.400000  0.529297  0
22.426667  0.529226  0
22.453333  0.529154  0
22.480000  0.529083  0
22.506667  0.529011  0
22.533333  0.528940  0
22.560000  0.528868  0
22.586667  0.528797  0
22.613333  0.528725  0
22.640000  0.528653  0
22.666667  0.528582  0
22.693333  0.528510  0
22.720000  0.528439  0
22.746667  0.528367  0
22.773333  0.528296  0
22.800000  0.528224  0
22.826667  0.528153  0
22.853333  0.528081  0
22.880000  0.528010  0
22.906667  0.527938  0
22.933333  0.527866  0
22.960000  0.527795  0
22.986667  0.527723  0
23.013333  0.527652  0
23.040000  0.527580  0
23.066667  0.527509  0
23.093333  0.527437  0
23.120000  0.527366  0
23.146667  0.527294  0
23.173333  0.527223  0
23.200000  0.527151  0
23.226667  0.527080  0
23.253333  0.527008  0
23.280000  0.526936  0
23.306667  0.526865  0
23.333333  0.526793  0
23.360000  0.526722  0
23.386667  0.526650  0
23.413333  0.526579  0
23.440000  0.526507  0
23.466667  0.526436  0
23.493333  0.526364  0
23.520000  0.526293  0
23.546667  0.526221  0
23.573333  0.526149  0
23.600000  0.526078  0
23.626667  0.526006  0
23.653333  0.525935  0
23.680000  0.525863  0
23.706667  0.525792  0
23.733333  0.525720  0
23.760000  0.525649  0
23.786667  0.525577  0
23.813333  0.525506  0
23.840000  0.525434  0
23.866667  0.525363  0
23.893333  0.525291  0
23.920000  0.525219  0
23.946667  0.525148  0
23.973333  0.525076  0
24.000000  0.525005  0
24.026667  0.524933  0
24.053333  0.524862  0
24.080000  0.524790  0
24.106667  0.524719  0
24.133333  0.524647  0
24.160000  0.524576  0
24.186667  0.524504  0
24.213333  0.524432  0
24.240000  0.524361  0
24.266667  0.524289  0
24.293333  0.524218  0
24.320000  0.524146  0
24.346667  0.524075  0
24.373333  0.524003  0
24.400000  0.523932  0
24.426667  0.523860  0
24.453333  0.523789  0
24.480000  0.523717  0
24.506667  0.523646  0
24.533333  0.523574  0
24.560000  0.523502  0
24.586667  0.523431  0
24.613333  0.523359  0
24.640000  0.523288  0
24.666667  0.523216  0
24.693333  0.523145  0
24.720000  0.523073  0
24.746667  0.523002  0
24.773333  0.522930  0
24.800000  0.522859  0
24.826667  0.522787  0
24.853333  0.522715  0
24.880000  0.522644  0
24.906667  0.522572  0
24.933333  0.522501  0
24.960000  0.522429  0
24.986667  0.522358  0
25.013333  0.522286  0
25.040000  0.522215  0
25.066667  0.522143  0
25.093333  0.522072  0
25.120000  0.522000  0
25.146667  0.521929  0
25.173333  0.521857  0
25.200000  0.521785  0
25.226667  0.521714  0
25.253333  0.521642  0
25.280000  0.521571  0
25.306667  0.521499  0
25.333333  0.521428  0
25.360000  0.521356  0
25.386667  0.521285  0
25.413333  0.521213  0
25.440000  0.521142  0
25.466667  0.521070  0
25.493333  0.520998  0
25.520000  0.520927  0
25.546667  0.520855  0
25.573333  0.520784  0
25.600000  0.520712  0
25.626667  0.520641  0
25.653333  0.520569  0
25.680000  0.520498  0
25.706667  0.520426  0
25.733333  0.520355  0
25.760000  0.520283  0
25.786667  0.520211  0
25.813333  0.520140  0
25.840000  0.520068  0
25.866667  0.519997  0
25.893333  0.519925  0
25.920000  0.519854  0
25.946667  0.519782  0
25.973333  0.519711  0
26.000000  0.519639  0
26.026667  0.519568  0
26.053333  0.519496  0
26.080000  0.519425  0
26.106667  0.519353  0
26.133333  0.519281  0
26.160000  0.519210  0
26.186667  0.519138  0
26.213333  0.519067  0
26.240000  0.518995  0
26.266667  0.518924  0
26.293333  0.518852  0
26.320000  0.518781  0
26.346667  0.518709  0
26.373333  0.518638  0
26.400000  0.518566  0
26.426667  0.518494  0
26.453333  0.518423  0
26.480000  0.518351  0
26.506667  0.518280  0
26.533333  0.518208  0
26.560000  0.518137  0
26.586667  0.518065  0
26.613333  0.517994  0
26.640000  0.517922  0
26.666667  0.517851  0
26.693333  0.517779  0
26.720000  0.517708  0
26.746667  0.517636  0
26.773333  0.517564  0
26.800000  0.517493  0
26.826667  0.517421  0
26.853333  0.517350  0
26.880000  0.517278  0
26.906667  0.517207  0
26.933333  0.517135  0
26.960000  0.517064  0
26.986667  0.516992  0
27.013333  0.516921  0
27.040000  0.516849  0
27.066667  0.516777  0
27.093333  0.516706  0
27.120000  0.516634  0
27.146667  0.516563  0
27.173333  0.516491  0
27.200000  0.516420  0
27.226667  0.516348  0
27.253333  0.516277  0
27.280000  0.516205  0
27.306667  0.516134  0
27.333333  0.516062  0
27.360000  0.515991  0
27.386667  0.515919  0
27.413333  0.515847  0
27.440000  0.515776  0
27.466667  0.515704  0
27.493333  0.515633  0
27.520000  0.515561  0
27.546667  0.515490  0
27.573333  0.515418  0
27.600000  0.515347  0
27.626667  0.515275  0
27.653333  0.515204  0
27.680000  0.515132  0
27.706667  0.515060  0
27.733333  0.514989  0
27.760000  0.514917  0
27.786667  0.514846  0
27.813333  0.514774  0
27.840000  0.514703  0
27.866667  0.514631  0
27.893333  0.514560  0
27.920000  0.514489  0
27.946667  0.514418  0
27.973333  0.514348  0
28.000000  0.514280  0
28.026667  0.514213  0
28.053333  0.514149  0
28.080000  0.514090  0
28.106667  0.514036  0
28.133333  0.513991  0
28.160000  0.513955  0
28.186667  0.513929  0
28.213333  0.513916  0
