3.226667  0.840455  0
3.253333  0.833859  0
3.280000  0.826190  0
3.306667  0.818160  0
3.333333  0.810483  0
3.360000  0.803867  0
3.386667  0.798730  0
3.413333  0.794862  0
3.440000  0.791682  0
3.466667  0.788740  0
3.493333  0.785853  0
3.520000  0.782973  0
3.546667  0.780094  0
3.573333  0.777215  0
3.600000  0.774342  0
3.626667  0.771504  0
3.653333  0.768797  0
3.680000  0.766403  0
3.706667  0.764482  0
3.733333  0.763023  0
3.760000  0.761854  0
3.786667  0.760802  0
3.813333  0.759781  0
3.840000  0.758764  0
3.866667  0.757748  0
3.893333  0.756732  0
3.920000  0.755717  0
3.946667  0.754701  0
3.973333  0.753691  0
4.000000  0.752708  0
4.026667  0.751828  0
4.053333  0.751175  0
4.080000  0.750840  0
4.106667  0.750784  0
4.133333  0.750886  0
4.160000  0.751044  0
4.186667  0.751216  0
4.213333  0.751390  0
4.240000  0.751563  0
4.266667  0.751736  0
4.293333  0.751903  0
4.320000  0.752045  0
4.346667  0.752118  0
4.373333  0.752069  0
4.400000  0.751884  0
4.426667  0.751602  0
4.453333  0.751276  0
4.480000  0.750938  0
4.506667  0.750598  0
4.533333  0.750257  0
4.560000  0.749909  0
4.586667  0.749521  0
4.613333  0.748977  0
4.640000  0.748062  0
4.666667  0.746579  0
4.693333  0.744537  0
4.720000  0.742140  0
4.746667  0.739598  0
4.773333  0.737019  0
4.800000  0.734434  0
4.826667  0.731848  0
4.853333  0.729268  0
4.880000  0.726716  0
4.906667  0.724268  0
4.933333  0.722049  0
4.960000  0.720144  0
4.986667  0.718508  0
5.013333  0.717019  0
5.040000  0.715583  0
5.066667  0.714157  0
5.093333  0.712734  0
5.120000  0.711311  0
5.146667  0.709887  0
5.173333  0.708464  0
5.200000  0.707041  0
5.226667  0.705617  0
5.253333  0.704194  0
5.280000  0.702771  0
5.306667  0.701347  0
5.333333  0.699924  0
5.360000  0.698501  0
5.386667  0.697077  0
5.413333  0.695654  0
5.440000  0.694231  0
5.466667  0.692807  0
5.493333  0.691384  0
5.520000  0.689961  0
5.546667  0.688537  0
5.573333  0.687114  0
5.600000  0.685691  0
5.626667  0.684267  0
5.653333  0.682842  0
5.680000  0.681403  0
5.706667  0.679899  0
5.733333  0.678204  0
5.760000  0.676146  0
5.786667  0.673657  0
5.813333  0.670847  0
5.840000  0.667889  0
5.866667  0.664891  0
5.893333  0.661885  0
5.920000  0.658879  0
5.946667  0.655872  0
5.973333  0.652866  0
6.000000  0.649861  0
6.026667  0.646867  0
6.053333  0.643927  0
6.080000  0.641148  0
6.106667  0.638681  0
6.133333  0.636592  0
6.160000  0.634786  0
6.186667  0.633111  0
6.213333  0.631472  0
6.240000  0.629840  0
6.266667  0.628209  0
6.293333  0.626578  0
6.320000  0.624946  0
6.346667  0.623315  0
6.373333  0.621684  0
6.400000  0.620052  0
6.426667  0.618421  0
6.453333  0.616790  0
6.480000  0.615158  0
6.506667  0.613527  0
6.533333  0.611895  0
6.560000  0.610262  0
6.586667  0.608620  0
6.613333  0.606953  0
6.640000  0.605242  0
6.666667  0.603478  0
6.693333  0.601676  0
6.720000  0.599856  0
6.746667  0.598032  0
6.773333  0.596207  0
6.800000  0.594382  0
6.826667  0.592556  0
6.853333  0.590731  0
6.880000  0.588906  0
6.906667  0.587081  0
6.933333  0.585256  0
6.960000  0.583434  0
6.986667  0.581629  0
7.013333  0.579884  0
7.040000  0.578271  0
7.066667  0.576833  0
7.093333  0.575542  0
7.120000  0.574328  0
7.146667  0.573139  0
7.173333  0.571955  0
7.200000  0.570772  0
7.226667  0.569589  0
7.253333  0.568407  0
7.280000  0.567224  0
7.306667  0.566041  0
7.333333  0.564857  0
7.360000  0.563663  0
7.386667  0.562408  0
7.413333  0.560948  0
7.440000  0.559090  0
7.466667  0.556852  0
7.493333  0.554619  0
7.520000  0.552822  0
7.546667  0.551567  0
7.573333  0.550698  0
7.600000  0.550036  0
7.626667  0.549473  0
7.653333  0.548957  0
7.680000  0.548465  0
7.706667  0.547983  0
7.733333  0.547501  0
7.760000  0.547009  0
7.786667  0.546499  0
7.813333  0.545963  0
7.840000  0.545398  0
7.866667  0.544800  0
7.893333  0.544171  0
7.920000  0.543512  0
7.946667  0.542829  0
7.973333  0.542127  0
8.000000  0.541414  0
8.026667  0.540701  0
8.053333  0.539998  0
8.080000  0.539317  0
8.106667  0.538673  0
8.133333  0.538077  0
8.160000  0.537540  0
8.186667  0.537067  0
8.213333  0.536658  0
8.240000  0.536309  0
8.266667  0.536006  0
8.293333  0.535733  0
8.320000  0.535467  0
8.346667  0.535188  0
8.373333  0.534875  0
8.400000  0.534511  0
8.426667  0.534085  0
8.453333  0.533593  0
8.480000  0.533034  0
8.506667  0.532413  0
8.533333  0.531735  0
8.560000  0.531005  0
8.586667  0.530224  0
8.613333  0.529392  0
8.640000  0.528500  0
8.666667  0.527542  0
8.693333  0.526506  0
8.720000  0.525384  0
8.746667  0.524169  0
8.773333  0.522857  0
8.800000  0.521446  0
8.826667  0.519936  0
8.853333  0.518328  0
8.880000  0.516625  0
8.906667  0.514831  0
8.933333  0.512958  0
8.960000  0.511024  0
8.986667  0.509055  0
9.013333  0.507087  0
9.040000  0.505158  0
9.066667  0.503309  0
9.093333  0.501574  0
9.120000  0.499980  0
9.146667  0.498538  0
9.173333  0.497249  0
9.200000  0.496106  0
9.226667  0.495095  0
9.253333  0.494202  0
9.280000  0.493414  0
9.306667  0.492723  0
9.333333  0.492122  0
9.360000  0.491604  0
9.386667  0.491164  0
9.413333  0.490793  0
9.440000  0.490481  0
9.466667  0.490218  0
9.493333  0.489988  0
9.520000  0.489781  0
9.546667  0.489585  0
9.573333  0.489392  0
9.600000  0.489194  0
9.626667  0.488989  0
9.653333  0.488777  0
9.680000  0.488558  0
9.706667  0.488337  0
9.733333  0.488118  0
9.760000  0.487906  0
9.786667  0.487704  0
9.813333  0.487513  0
9.840000  0.487331  0
9.866667  0.487157  0
9.893333  0.486984  0
9.920000  0.486806  0
9.946667  0.486617  0
9.973333  0.486412  0
10.000000  0.486187  0
10.026667  0.485937  0
10.053333  0.485659  0
10.080000  0.485349  0
10.106667  0.485003  0
10.133333  0.484617  0
10.160000  0.484189  0
10.186667  0.483722  0
10.213333  0.483220  0
10.240000  0.482691  0
10.266667  0.482147  0
10.293333  0.481597  0
10.320000  0.481052  0
10.346667  0.480519  0
10.373333  0.480001  0
10.400000  0.479500  0
10.426667  0.479015  0
10.453333  0.478543  0
10.480000  0.478082  0
10.506667  0.477630  0
10.533333  0.477184  0
10.560000  0.476742  0
10.586667  0.476301  0
10.613333  0.475860  0
10.640000  0.475416  0
10.666667  0.474968  0
10.693333  0.474518  0
10.720000  0.474068  0
10.746667  0.473626  0
10.773333  0.473195  0
10.800000  0.472782  0
10.826667  0.472389  0
10.853333  0.472014  0
10.880000  0.471652  0
10.906667  0.471292  0
10.933333  0.470925  0
10.960000  0.470538  0
10.986667  0.470123  0
11.013333  0.469671  0
11.040000  0.469181  0
11.066667  0.468650  0
11.093333  0.468084  0
11.120000  0.467486  0
11.146667  0.466864  0
11.173333  0.466225  0
11.200000  0.465579  0
11.226667  0.464931  0
11.253333  0.464289  0
11.280000  0.463660  0
11.306667  0.463046  0
11.333333  0.462453  0
11.360000  0.461883  0
11.386667  0.461339  0
11.413333  0.460824  0
11.440000  0.460343  0
11.466667  0.459902  0
11.493333  0.459505  0
11.520000  0.459160  0
11.546667  0.458873  0
11.573333  0.458653  0
11.600000  0.458503  0
11.626667  0.458425  0
11.653333  0.458416  0
11.680000  0.458468  0
11.706667  0.458566  0
11.733333  0.458692  0
11.760000  0.458829  0
11.786667  0.458960  0
11.813333  0.459069  0
11.840000  0.459151  0
11.866667  0.459201  0
11.893333  0.459221  0
11.920000  0.459214  0
11.946667  0.459185  0
11.973333  0.459137  0
12.000000  0.459070  0
12.026667  0.458988  0
12.053333  0.458892  0
12.080000  0.458788  0
12.106667  0.458680  0
12.133333  0.458578  0
12.160000  0.458491  0
12.186667  0.458428  0
12.213333  0.458396  0
12.240000  0.458397  0
12.266667  0.458432  0
12.293333  0.458495  0
12.320000  0.458579  0
12.346667  0.458673  0
12.373333  0.458766  0
12.400000  0.458845  0
12.426667  0.458900  0
12.453333  0.458925  0
12.480000  0.458916  0
12.506667  0.458877  0
12.533333  0.458814  0
12.560000  0.458740  0
12.586667  0.458667  0
12.613333  0.458608  0
12.640000  0.458573  0
12.666667  0.458568  0
12.693333  0.458595  0
12.720000  0.458649  0
12.746667  0.458724  0
12.773333  0.458812  0
12.800000  0.458901  0
12.826667  0.458982  0
12.853333  0.459043  0
12.880000  0.459075  0
12.906667  0.459071  0
12.933333  0.459026  0
12.960000  0.458941  0
12.986667  0.458819  0
13.013333  0.458671  0
13.040000  0.458513  0
13.066667  0.458363  0
13.093333  0.458241  0
13.120000  0.458166  0
13.146667  0.458151  0
13.173333  0.458201  0
13.200000  0.458316  0
13.226667  0.458484  0
13.253333  0.458689  0
13.280000  0.458909  0
13.306667  0.459121  0
13.333333  0.459303  0
13.360000  0.459440  0
13.386667  0.459522  0
13.413333  0.459544  0
13.440000  0.459508  0
13.466667  0.459419  0
13.493333  0.459285  0
13.520000  0.459110  0
13.546667  0.458899  0
13.573333  0.458657  0
13.600000  0.458382  0
13.626667  0.458077  0
13.653333  0.457744  0
13.680000  0.457385  0
13.706667  0.457008  0
13.733333  0.456620  0
13.760000  0.456231  0
13.786667  0.455851  0
13.813333  0.455489  0
13.840000  0.455149  0
13.866667  0.454833  0
13.893333  0.454539  0
13.920000  0.454261  0
13.946667  0.453991  0
13.973333  0.453720  0
14.000000  0.453440  0
14.026667  0.453143  0
14.053333  0.452824  0
14.080000  0.452482  0
14.106667  0.452118  0
14.133333  0.451732  0
14.160000  0.451327  0
14.186667  0.450905  0
14.213333  0.450468  0
14.240000  0.450015  0
14.266667  0.449548  0
14.293333  0.449067  0
14.320000  0.448573  0
14.346667  0.448070  0
14.373333  0.447562  0
14.400000  0.447053  0
14.426667  0.446549  0
14.453333  0.446055  0
14.480000  0.445578  0
14.506667  0.445122  0
14.533333  0.444693  0
14.560000  0.444297  0
14.586667  0.443939  0
14.613333  0.443624  0
14.640000  0.443351  0
14.666667  0.443122  0
14.693333  0.442931  0
14.720000  0.442774  0
14.746667  0.442645  0
14.773333  0.442537  0
14.800000  0.442445  0
14.826667  0.442368  0
14.853333  0.442303  0
14.880000  0.442250  0
14.906667  0.442209  0
14.933333  0.442179  0
14.960000  0.442160  0
14.986667  0.442151  0
15.013333  0.441969  0
15.040000  0.441786  0
15.066667  0.441604  0
15.093333  0.441422  0
15.120000  0.441239  0
15.146667  0.441057  0
15.173333  0.440875  0
15.200000  0.440692  0
15.226667  0.440510  0
15.253333  0.440327  0
15.280000  0.440145  0
15.306667  0.439963  0
15.333333  0.439780  0
15.360000  0.439598  0
15.386667  0.439416  0
15.413333  0.439233  0
15.440000  0.439051  0
15.466667  0.438869  0
15.493333  0.438686  0
15.520000  0.438504  0
15.546667  0.438322  0
15.573333  0.438139  0
15.600000  0.437957  0
15.626667  0.437775  0
15.653333  0.437592  0
15.680000  0.437410  0
15.706667  0.437228  0
15.733333  0.437045  0
15.760000  0.436863  0
15.786667  0.436680  0
15.813333  0.436498  0
15.840000  0.436316  0
15.866667  0.436133  0
15.893333  0.435951  0
15.920000  0.435769  0
15.946667  0.435586  0
15.973333  0.435404  0
16.000000  0.435222  0
16.026667  0.435039  0
16.053333  0.434857  0
16.080000  0.434675  0
16.106667  0.434492  0
16.133333  0.434310  0
16.160000  0.434128  0
16.186667  0.433945  0
16.213333  0.433763  0
16.240000  0.433581  0
16.266667  0.433398  0
16.293333  0.433216  0
16.320000  0.433033  0
16.346667  0.432851  0
16.373333  0.432669  0
16.400000  0.432486  0
16.426667  0.432304  0
16.453333  0.432122  0
16.480000  0.431939  0
16.506667  0.431757  0
16.533333  0.431575  0
16.560000  0.431392  0
16.586667  0.431210  0
16.613333  0.431028  0
16.640000  0.430845  0
16.666667  0.430663  0
16.693333  0.430481  0
16.720000  0.430298  0
16.746667  0.430116  0
16.773333  0.429933  0
16.800000  0.429751  0
16.826667  0.429569  0
16.853333  0.429386  0
16.880000  0.429204  0
16.906667  0.429022  0
16.933333  0.428839  0
16.960000  0.428657  0
16.986667  0.428475  0
17.013333  0.428292  0
17.040000  0.428110  0
17.066667  0.427928  0
17.093333  0.427745  0
17.120000  0.427563  0
17.146667  0.427381  0
17.173333  0.427198  0
17.200000  0.427016  0
17.226667  0.426834  0
17.253333  0.426651  0
17.280000  0.426469  0
17.306667  0.426286  0
17.333333  0.426104  0
17.360000  0.425922  0
17.386667  0.425739  0
17.413333  0.425557  0
17.440000  0.425375  0
17.466667  0.425192  0
17.493333  0.425010  0
17.520000  0.424828  0
17.546667  0.424645  0
17.573333  0.424463  0
17.600000  0.424281  0
17.626667  0.424098  0
17.653333  0.423916  0
17.680000  0.423734  0
17.706667  0.423551  0
17.733333  0.423369  0
17.760000  0.423186  0
17.786667  0.423004  0
17.813333  0.422822  0
17.840000  0.422639  0
17.866667  0.422457  0
17.893333  0.422275  0
17.920000  0.422092  0
17.946667  0.421910  0
17.973333  0.421728  0
18.000000  0.421545  0
18.026667  0.421363  0
18.053333  0.421181  0
18.080000  0.420998  0
18.106667  0.420816  0
18.133333  0.420634  0
18.160000  0.420451  0
18.186667  0.420269  0
18.213333  0.420087  0
18.240000  0.419904  0
18.266667  0.419722  0
18.293333  0.419539  0
18.320000  0.419357  0
18.346667  0.419175  0
18.373333  0.418992  0
18.400000  0.418810  0
18.426667  0.418628  0
18.453333  0.418445  0
18.480000  0.418263  0
18.506667  0.418081  0
18.533333  0.417898  0
18.560000  0.417716  0
18.586667  0.417534  0
18.613333  0.417351  0
18.640000  0.417169  0
18.666667  0.416987  0
18.693333  0.416804  0
18.720000  0.416622  0
18.746667  0.416440  0
18.773333  0.416257  0
18.800000  0.416075  0
18.826667  0.415892  0
18.853333  0.415710  0
18.880000  0.415528  0
18.906667  0.415345  0
18.933333  0.415163  0
18.960000  0.414981  0
18.986667  0.414798  0
19.013333  0.414616  0
19.040000  0.414434  0
19.066667  0.414251  0
19.093333  0.414069  0
19.120000  0.413887  0
19.146667  0.413704  0
19.173333  0.413522  0
19.200000  0.413340  0
19.226667  0.413157  0
19.253333  0.412975  0
19.280000  0.412792  0
19.306667  0.412610  0
19.333333  0.412428  0
19.360000  0.412245  0
19.386667  0.412063  0
19.413333  0.411881  0
19.440000  0.411698  0
19.466667  0.411516  0
19.493333  0.411334  0
19.520000  0.411151  0
19.546667  0.410969  0
19.573333  0.410787  0
19.600000  0.410604  0
19.626667  0.410422  0
19.653333  0.410240  0
19.680000  0.410057  0
19.706667  0.409875  0
19.733333  0.409693  0
19.760000  0.409510  0
19.786667  0.409328  0
19.813333  0.409145  0
19.840000  0.408963  0
19.866667  0.408781  0
19.893333  0.408598  0
19.920000  0.408416  0
19.946667  0.408234  0
19.973333  0.408051  0
20.000000  0.407869  0
20.026667  0.407687  0
20.053333  0.407504  0
20.080000  0.407322  0
20.106667  0.407140  0
20.133333  0.406957  0
20.160000  0.406775  0
20.186667  0.406593  0
20.213333  0.406410  0
20.240000  0.406228  0
20.266667  0.406046  0
20.293333  0.405863  0
20.320000  0.405681  0
20.346667  0.405498  0
20.373333  0.405316  0
20.400000  0.405134  0
20.426667  0.404951  0
20.453333  0.404769  0
20.480000  0.404587  0
20.506667  0.404404  0
20.533333  0.404310  0
20.560000  0.404234  0
20.586667  0.404158  0
20.613333  0.404083  0
20.640000  0.404007  0
20.666667  0.403931  0
20.693333  0.403855  0
20.720000  0.403779  0
20.746667  0.403703  0
20.773333  0.403627  0
20.800000  0.403551  0
20.826667  0.403475  0
20.853333  0.403399  0
20.880000  0.403323  0
20.906667  0.403248  0
20.933333  0.403172  0
20.960000  0.403096  0
20.986667  0.403020  0
21.013333  0.402944  0
21.040000  0.402868  0
21.066667  0.402792  0
21.093333  0.402716  0
21.120000  0.402640  0
21.146667  0.402564  0
21.173333  0.402488  0
21.200000  0.402413  0
21.226667  0.402337  0
21.253333  0.402261  0
21.280000  0.402185  0
21.306667  0.402109  0
21.333333  0.402033  0
21.360000  0.401957  0
21.386667  0.401881  0
21.413333  0.401805  0
21.440000  0.401729  0
21.466667  0.401654  0
21.493333  0.401578  0
21.520000  0.401502  0
21.546667  0.401426  0
21.573333  0.401350  0
21.600000  0.401274  0
21.626667  0.401198  0
21.653333  0.401122  0
21.680000  0.401046  0
21.706667  0.400970  0
21.733333  0.400894  0
21.760000  0.400819  0
21.786667  0.400743  0
21.813333  0.400667  0
21.840000  0.400591  0
21.866667  0.400515  0
21.893333  0.400439  0
21.920000  0.400363  0
21.946667  0.400287  0
21.973333  0.400211  0
22.000000  0.400135  0
22.026667  0.400059  0
22.053333  0.399984  0
22.080000  0.399908  0
22.106667  0.399832  0
22.133333  0.399756  0
22.160000  0.399680  0
22.186667  0.399604  0
22.213333  0.399528  0
22.240000  0.399452  0
22.266667  0.399376  0
22.293333  0.399300  0
22.320000  0.399225  0
22.346667  0.399149  0
22.373333  0.399073  0
22.400000  0.398997  0
22.426667  0.398921  0
22.453333  0.398845  0
22.480000  0.398769  0
22.506667  0.398693  0
22.533333  0.398617  0
22.560000  0.398541  0
22.586667  0.398465  0
22.613333  0.398390  0
22.640000  0.398314  0
22.666667  0.398238  0
22.693333  0.398162  0
22.720000  0.398086  0
22.746667  0.398010  0
22.773333  0.397934  0
22.800000  0.397858  0
22.826667  0.397782  0
22.853333  0.397706  0
22.880000  0.397630  0
22.906667  0.397555  0
22.933333  0.397479  0
22.960000  0.397403  0
22.986667  0.397327  0
23.013333  0.397251  0
23.040000  0.397175  0
23.066667  0.397099  0
23.093333  0.397023  0
23.120000  0.396947  0
23.146667  0.396871  0
23.173333  0.396796  0
23.200000  0.396720  0
23.226667  0.396644  0
23.253333  0.396568  0
23.280000  0.396492  0
23.306667  0.396416  0
23.333333  0.396340  0
23.360000  0.396264  0
23.386667  0.396188  0
23.413333  0.396112  0
23.440000  0.396036  0
23.466667  0.395961  0
23.493333  0.395885  0
23.520000  0.395809  0
23.546667  0.395733  0
23.573333  0.395657  0
23.600000  0.395581  0
23.626667  0.395505  0
23.653333  0.395429  0
23.680000  0.395353  0
23.706667  0.395277  0
23.733333  0.395201  0
23.760000  0.395126  0
23.786667  0.395050  0
23.813333  0.394974  0
23.840000  0.394898  0
23.866667  0.394822  0
23.893333  0.394746  0
23.920000  0.394670  0
23.946667  0.394594  0
23.973333  0.394518  0
24.000000  0.394442  0
24.026667  0.394367  0
24.053333  0.394291  0
24.080000  0.394215  0
24.106667  0.394139  0
24.133333  0.394063  0
24.160000  0.393987  0
24.186667  0.393911  0
24.213333  0.393835  0
24.240000  0.393759  0
24.266667  0.393683  0
24.293333  0.393607  0
24.320000  0.393532  0
24.346667  0.393456  0
24.373333  0.393380  0
24.400000  0.393304  0
24.426667  0.393228  0
24.453333  0.393152  0
24.480000  0.393076  0
24.506667  0.393000  0
24.533333  0.392924  0
24.560000  0.392848  0
24.586667  0.392772  0
24.613333  0.392697  0
24.640000  0.392621  0
24.666667  0.392545  0
24.693333  0.392469  0
24.720000  0.392393  0
24.746667  0.392317  0
24.773333  0.392241  0
24.800000  0.392165  0
24.826667  0.392089  0
24.853333  0.392013  0
24.880000  0.391938  0
24.906667  0.391862  0
24.933333  0.391786  0
24.960000  0.391710  0
24.986667  0.391634  0
25.013333  0.391558  0
25.040000  0.391482  0
25.066667  0.391406  0
25.093333  0.391330  0
25.120000  0.391254  0
25.146667  0.391178  0
25.173333  0.391103  0
25.200000  0.391027  0
