3.013333  0.876034  0
3.040000  0.874527  0
3.066667  0.871911  0
3.093333  0.868694  0
3.120000  0.865238  0
3.146667  0.861713  0
3.173333  0.858174  0
3.200000  0.854632  0
3.226667  0.851089  0
3.253333  0.847547  0
3.280000  0.844005  0
3.306667  0.840462  0
3.333333  0.836920  0
3.360000  0.833377  0
3.386667  0.829833  0
3.413333  0.826284  0
3.440000  0.822724  0
3.466667  0.819146  0
3.493333  0.815546  0
3.520000  0.811927  0
3.546667  0.808297  0
3.573333  0.804661  0
3.600000  0.801025  0
3.626667  0.797388  0
3.653333  0.793750  0
3.680000  0.790113  0
3.706667  0.786476  0
3.733333  0.782839  0
3.760000  0.779202  0
3.786667  0.775565  0
3.813333  0.771928  0
3.840000  0.768293  0
3.866667  0.764670  0
3.893333  0.761083  0
3.920000  0.757588  0
3.946667  0.754257  0
3.973333  0.751142  0
4.000000  0.748238  0
4.026667  0.745485  0
4.053333  0.742810  0
4.080000  0.740167  0
4.106667  0.737532  0
4.133333  0.734899  0
4.160000  0.732267  0
4.186667  0.729634  0
4.213333  0.727001  0
4.240000  0.724369  0
4.266667  0.721740  0
4.293333  0.719123  0
4.320000  0.716549  0
4.346667  0.714083  0
4.373333  0.711818  0
4.400000  0.709826  0
4.426667  0.708107  0
4.453333  0.706589  0
4.480000  0.705182  0
4.506667  0.703817  0
4.533333  0.702466  0
4.560000  0.701117  0
4.586667  0.699769  0
4.613333  0.698420  0
4.640000  0.697072  0
4.666667  0.695723  0
4.693333  0.694375  0
4.720000  0.693026  0
4.746667  0.691678  0
4.773333  0.690330  0
4.800000  0.688981  0
4.826667  0.687633  0
4.853333  0.686284  0
4.880000  0.684936  0
4.906667  0.683588  0
4.933333  0.682239  0
4.960000  0.680891  0
4.986667  0.679542  0
5.013333  0.678194  0
5.040000  0.676846  0
5.066667  0.675497  0
5.093333  0.674149  0
5.120000  0.672802  0
5.146667  0.671459  0
5.173333  0.670130  0
5.200000  0.668831  0
5.226667  0.667580  0
5.253333  0.666385  0
5.280000  0.665235  0
5.306667  0.664113  0
5.333333  0.663003  0
5.360000  0.661896  0
5.386667  0.660790  0
5.413333  0.659684  0
5.440000  0.658579  0
5.466667  0.657473  0
5.493333  0.656367  0
5.520000  0.655262  0
5.546667  0.654156  0
5.573333  0.653050  0
5.600000  0.651945  0
5.626667  0.650839  0
5.653333  0.649733  0
5.680000  0.648627  0
5.706667  0.647522  0
5.733333  0.646416  0
5.760000  0.645310  0
5.786667  0.644205  0
5.813333  0.643099  0
5.840000  0.641993  0
5.866667  0.640888  0
5.893333  0.639782  0
5.920000  0.638676  0
5.946667  0.637570  0
5.973333  0.636465  0
6.000000  0.635359  0
6.026667  0.634253  0
6.053333  0.633148  0
6.080000  0.632042  0
6.106667  0.630937  0
6.133333  0.629832  0
6.160000  0.628735  0
6.186667  0.627658  0
6.213333  0.626632  0
6.240000  0.625692  0
6.266667  0.624862  0
6.293333  0.624132  0
6.320000  0.623470  0
6.346667  0.622841  0
6.373333  0.622225  0
6.400000  0.621611  0
6.426667  0.620999  0
6.453333  0.620386  0
6.480000  0.619774  0
6.506667  0.619161  0
6.533333  0.618548  0
6.560000  0.617936  0
6.586667  0.617323  0
6.613333  0.616711  0
6.640000  0.616098  0
6.666667  0.615485  0
6.693333  0.614873  0
6.720000  0.614260  0
6.746667  0.613648  0
6.773333  0.613035  0
6.800000  0.612423  0
6.826667  0.611810  0
6.853333  0.611197  0
6.880000  0.610585  0
6.906667  0.609972  0
6.933333  0.609359  0
6.960000  0.608744  0
6.986667  0.608125  0
7.013333  0.607497  0
7.040000  0.606860  0
7.066667  0.606214  0
7.093333  0.605560  0
7.120000  0.604903  0
7.146667  0.604245  0
7.173333  0.603586  0
7.200000  0.602927  0
7.226667  0.602269  0
7.253333  0.601610  0
7.280000  0.600951  0
7.306667  0.600292  0
7.333333  0.599633  0
7.360000  0.598974  0
7.386667  0.598316  0
7.413333  0.597657  0
7.440000  0.596998  0
7.466667  0.596339  0
7.493333  0.595680  0
7.520000  0.595022  0
7.546667  0.594363  0
7.573333  0.593704  0
7.600000  0.593045  0
7.626667  0.592386  0
7.653333  0.591728  0
7.680000  0.591069  0
7.706667  0.590410  0
7.733333  0.589751  0
7.760000  0.589092  0
7.786667  0.588434  0
7.813333  0.587775  0
7.840000  0.587116  0
7.866667  0.586457  0
7.893333  0.585798  0
7.920000  0.585140  0
7.946667  0.584481  0
7.973333  0.583822  0
8.000000  0.583165  0
8.026667  0.582515  0
8.053333  0.581888  0
8.080000  0.581312  0
8.106667  0.580819  0
8.133333  0.580425  0
8.160000  0.580113  0
8.186667  0.579852  0
8.213333  0.579613  0
8.240000  0.579380  0
8.266667  0.579149  0
8.293333  0.578918  0
8.320000  0.578687  0
8.346667  0.578456  0
8.373333  0.578225  0
8.400000  0.577994  0
8.426667  0.577763  0
8.453333  0.577532  0
8.480000  0.577301  0
8.506667  0.577070  0
8.533333  0.576839  0
8.560000  0.576608  0
8.586667  0.576377  0
8.613333  0.576147  0
8.640000  0.575916  0
8.666667  0.575685  0
8.693333  0.575454  0
8.720000  0.575223  0
8.746667  0.574992  0
8.773333  0.574761  0
8.800000  0.574530  0
8.826667  0.574299  0
8.853333  0.574068  0
8.880000  0.573837  0
8.906667  0.573606  0
8.933333  0.573375  0
8.960000  0.573144  0
8.986667  0.572913  0
9.013333  0.572683  0
9.040000  0.572452  0
9.066667  0.572221  0
9.093333  0.571990  0
9.120000  0.571759  0
9.146667  0.571528  0
9.173333  0.571297  0
9.200000  0.571066  0
9.226667  0.570835  0
9.253333  0.570604  0
9.280000  0.570372  0
9.306667  0.570137  0
9.333333  0.569891  0
9.360000  0.569617  0
9.386667  0.569297  0
9.413333  0.568918  0
9.440000  0.568484  0
9.466667  0.568013  0
9.493333  0.567523  0
9.520000  0.567026  0
9.546667  0.566528  0
9.573333  0.566029  0
9.600000  0.565530  0
9.626667  0.565032  0
9.653333  0.564533  0
9.680000  0.564034  0
9.706667  0.563535  0
9.733333  0.563036  0
9.760000  0.562538  0
9.786667  0.562039  0
9.813333  0.561540  0
9.840000  0.561041  0
9.866667  0.560542  0
9.893333  0.560043  0
9.920000  0.559545  0
9.946667  0.559046  0
9.973333  0.558547  0
10.000000  0.558046  0
10.026667  0.557539  0
10.053333  0.557011  0
10.080000  0.556433  0
10.106667  0.555773  0
10.133333  0.555012  0
10.160000  0.554165  0
10.186667  0.553262  0
10.213333  0.552335  0
10.240000  0.551399  0
10.266667  0.550460  0
10.293333  0.549522  0
10.320000  0.548583  0
10.346667  0.547645  0
10.373333  0.546706  0
10.400000  0.545767  0
10.426667  0.544829  0
10.453333  0.543890  0
10.480000  0.542951  0
10.506667  0.542013  0
10.533333  0.541074  0
10.560000  0.540136  0
10.586667  0.539197  0
10.613333  0.538258  0
10.640000  0.537320  0
10.666667  0.536383  0
10.693333  0.535448  0
10.720000  0.534519  0
10.746667  0.533598  0
10.773333  0.532688  0
10.800000  0.531785  0
10.826667  0.530887  0
10.853333  0.529991  0
10.880000  0.529095  0
10.906667  0.528200  0
10.933333  0.527305  0
10.960000  0.526409  0
10.986667  0.525514  0
11.013333  0.524619  0
11.040000  0.523724  0
11.066667  0.522828  0
11.093333  0.521933  0
11.120000  0.521038  0
11.146667  0.520142  0
11.173333  0.519247  0
11.200000  0.518352  0
11.226667  0.517456  0
11.253333  0.516561  0
11.280000  0.515666  0
11.306667  0.514771  0
11.333333  0.513875  0
11.360000  0.512980  0
11.386667  0.512085  0
11.413333  0.511189  0
11.440000  0.510294  0
11.466667  0.509399  0
11.493333  0.508503  0
11.520000  0.507608  0
11.546667  0.506713  0
11.573333  0.505817  0
11.600000  0.504922  0
11.626667  0.504027  0
11.653333  0.503132  0
11.680000  0.502236  0
11.706667  0.501341  0
11.733333  0.500446  0
11.760000  0.499550  0
11.786667  0.498655  0
11.813333  0.497760  0
11.840000  0.496864  0
11.866667  0.495969  0
11.893333  0.495074  0
11.920000  0.494179  0
11.946667  0.493283  0
11.973333  0.492389  0
12.000000  0.491496  0
12.026667  0.490609  0
12.053333  0.489732  0
12.080000  0.488871  0
12.106667  0.488025  0
12.133333  0.487192  0
12.160000  0.486366  0
12.186667  0.485542  0
12.213333  0.484720  0
12.240000  0.483898  0
12.266667  0.483075  0
12.293333  0.482253  0
12.320000  0.481431  0
12.346667  0.480608  0
12.373333  0.479786  0
12.400000  0.478964  0
12.426667  0.478141  0
12.453333  0.477319  0
12.480000  0.476497  0
12.506667  0.475674  0
12.533333  0.474852  0
12.560000  0.474030  0
12.586667  0.473207  0
12.613333  0.472385  0
12.640000  0.471563  0
12.666667  0.470741  0
12.693333  0.469918  0
12.720000  0.469096  0
12.746667  0.468274  0
12.773333  0.467451  0
12.800000  0.466629  0
12.826667  0.465807  0
12.853333  0.464984  0
12.880000  0.464162  0
12.906667  0.463342  0
12.933333  0.462530  0
12.960000  0.461741  0
12.986667  0.461003  0
13.013333  0.460345  0
13.040000  0.459780  0
13.066667  0.459291  0
13.093333  0.458848  0
13.120000  0.458425  0
13.146667  0.458007  0
13.173333  0.457592  0
13.200000  0.457176  0
13.226667  0.456760  0
13.253333  0.456344  0
13.280000  0.455929  0
13.306667  0.455513  0
13.333333  0.455097  0
13.360000  0.454682  0
13.386667  0.454266  0
13.413333  0.453850  0
13.440000  0.453435  0
13.466667  0.453019  0
13.493333  0.452603  0
13.520000  0.452188  0
13.546667  0.451772  0
13.573333  0.451356  0
13.600000  0.450941  0
13.626667  0.450525  0
13.653333  0.450109  0
13.680000  0.449694  0
13.706667  0.449278  0
13.733333  0.448862  0
13.760000  0.448447  0
13.786667  0.448033  0
13.813333  0.447625  0
13.840000  0.447229  0
13.866667  0.446853  0
13.893333  0.446502  0
13.920000  0.446173  0
13.946667  0.445857  0
13.973333  0.445548  0
14.000000  0.445242  0
14.026667  0.444935  0
14.053333  0.444629  0
14.080000  0.444323  0
14.106667  0.444016  0
14.133333  0.443710  0
14.160000  0.443404  0
14.186667  0.443097  0
14.213333  0.442791  0
14.240000  0.442485  0
14.266667  0.442178  0
14.293333  0.441872  0
14.320000  0.441566  0
14.346667  0.441260  0
14.373333  0.440953  0
14.400000  0.440647  0
14.426667  0.440341  0
14.453333  0.440034  0
14.480000  0.439728  0
14.506667  0.439422  0
14.533333  0.439116  0
14.560000  0.438809  0
14.586667  0.438503  0
14.613333  0.438197  0
14.640000  0.437890  0
14.666667  0.437584  0
14.693333  0.437278  0
14.720000  0.436972  0
14.746667  0.436665  0
14.773333  0.436359  0
14.800000  0.436053  0
14.826667  0.435746  0
14.853333  0.435440  0
14.880000  0.435134  0
14.906667  0.434828  0
14.933333  0.434521  0
14.960000  0.434215  0
14.986667  0.433907  0
15.013333  0.433599  0
15.040000  0.433289  0
15.066667  0.432977  0
15.093333  0.432663  0
15.120000  0.432348  0
15.146667  0.432033  0
15.173333  0.431718  0
15.200000  0.431403  0
15.226667  0.431088  0
15.253333  0.430772  0
15.280000  0.430457  0
15.306667  0.430142  0
15.333333  0.429827  0
15.360000  0.429512  0
15.386667  0.429196  0
15.413333  0.428881  0
15.440000  0.428566  0
15.466667  0.428251  0
15.493333  0.427935  0
15.520000  0.427620  0
15.546667  0.427305  0
15.573333  0.426990  0
15.600000  0.426675  0
15.626667  0.426359  0
15.653333  0.426044  0
15.680000  0.425729  0
15.706667  0.425414  0
15.733333  0.425098  0
15.760000  0.424783  0
15.786667  0.424468  0
15.813333  0.424153  0
15.840000  0.423838  0
15.866667  0.423522  0
15.893333  0.423207  0
15.920000  0.422892  0
15.946667  0.422577  0
15.973333  0.422261  0
16.000000  0.421946  0
16.026667  0.421631  0
16.053333  0.421316  0
16.080000  0.421001  0
16.106667  0.420685  0
16.133333  0.420370  0
16.160000  0.420055  0
16.186667  0.419740  0
16.213333  0.419424  0
16.240000  0.419109  0
16.266667  0.418794  0
16.293333  0.418479  0
16.320000  0.418164  0
16.346667  0.417848  0
16.373333  0.417533  0
16.400000  0.417218  0
16.426667  0.416903  0
16.453333  0.416587  0
16.480000  0.416272  0
16.506667  0.415957  0
16.533333  0.415642  0
16.560000  0.415327  0
16.586667  0.415011  0
16.613333  0.414696  0
16.640000  0.414381  0
16.666667  0.414066  0
16.693333  0.413751  0
16.720000  0.413435  0
16.746667  0.413120  0
16.773333  0.412805  0
16.800000  0.412490  0
16.826667  0.412174  0
16.853333  0.411859  0
16.880000  0.411544  0
16.906667  0.411229  0
16.933333  0.410914  0
16.960000  0.410598  0
16.986667  0.410283  0
17.013333  0.409968  0
17.040000  0.409653  0
17.066667  0.409337  0
17.093333  0.409022  0
17.120000  0.408707  0
17.146667  0.408392  0
17.173333  0.408077  0
17.200000  0.407761  0
17.226667  0.407446  0
17.253333  0.407131  0
17.280000  0.406816  0
17.306667  0.406500  0
17.333333  0.406185  0
17.360000  0.405872  0
17.386667  0.405564  0
17.413333  0.405278  0
17.440000  0.405045  0
17.466667  0.404911  0
