3.493333  0.779210  0
3.520000  0.776233  0
3.546667  0.773284  0
3.573333  0.770378  0
3.600000  0.767530  0
3.626667  0.764751  0
3.653333  0.762048  0
3.680000  0.759425  0
3.706667  0.756877  0
3.733333  0.754398  0
3.760000  0.751977  0
3.786667  0.749601  0
3.813333  0.747261  0
3.840000  0.744950  0
3.866667  0.742666  0
3.893333  0.740411  0
3.920000  0.738193  0
3.946667  0.736025  0
3.973333  0.733919  0
4.000000  0.731890  0
4.026667  0.729949  0
4.053333  0.728102  0
4.080000  0.726349  0
4.106667  0.724683  0
4.133333  0.723093  0
4.160000  0.721564  0
4.186667  0.720082  0
4.213333  0.718631  0
4.240000  0.717203  0
4.266667  0.715787  0
4.293333  0.714378  0
4.320000  0.712974  0
4.346667  0.711570  0
4.373333  0.710168  0
4.400000  0.708764  0
4.426667  0.707358  0
4.453333  0.705949  0
4.480000  0.704535  0
4.506667  0.703114  0
4.533333  0.701683  0
4.560000  0.700242  0
4.586667  0.698788  0
4.613333  0.697321  0
4.640000  0.695842  0
4.666667  0.694350  0
4.693333  0.692849  0
4.720000  0.691340  0
4.746667  0.689824  0
4.773333  0.688303  0
4.800000  0.686778  0
4.826667  0.685246  0
4.853333  0.683705  0
4.880000  0.682150  0
4.906667  0.680576  0
4.933333  0.678974  0
4.960000  0.677336  0
4.986667  0.675653  0
5.013333  0.673919  0
5.040000  0.672127  0
5.066667  0.670274  0
5.093333  0.668353  0
5.120000  0.666357  0
5.146667  0.664272  0
5.173333  0.662078  0
5.200000  0.659749  0
5.226667  0.657254  0
5.253333  0.654563  0
5.280000  0.651654  0
5.306667  0.648514  0
5.333333  0.645143  0
5.360000  0.641552  0
5.386667  0.637758  0
5.413333  0.633779  0
5.440000  0.629633  0
5.466667  0.625332  0
5.493333  0.620883  0
5.520000  0.616297  0
5.546667  0.611592  0
5.573333  0.606792  0
5.600000  0.601935  0
5.626667  0.597065  0
5.653333  0.592226  0
5.680000  0.587458  0
5.706667  0.582788  0
5.733333  0.578222  0
5.760000  0.573750  0
5.786667  0.569340  0
5.813333  0.564950  0
5.840000  0.560530  0
5.866667  0.556032  0
5.893333  0.551422  0
5.920000  0.546688  0
5.946667  0.541840  0
5.973333  0.536924  0
6.000000  0.532008  0
6.026667  0.527180  0
6.053333  0.522537  0
6.080000  0.518167  0
6.106667  0.514139  0
6.133333  0.510496  0
6.160000  0.507253  0
6.186667  0.504397  0
6.213333  0.501896  0
6.240000  0.499709  0
6.266667  0.497791  0
6.293333  0.496095  0
6.320000  0.494580  0
6.346667  0.493207  0
6.373333  0.491943  0
6.400000  0.490757  0
6.426667  0.489626  0
6.453333  0.488531  0
6.480000  0.487458  0
6.506667  0.486398  0
6.533333  0.485347  0
6.560000  0.484302  0
6.586667  0.483264  0
6.613333  0.482235  0
6.640000  0.481221  0
6.666667  0.480228  0
6.693333  0.479265  0
6.720000  0.478340  0
6.746667  0.477462  0
6.773333  0.476636  0
6.800000  0.475864  0
6.826667  0.475146  0
6.853333  0.474476  0
6.880000  0.473847  0
6.906667  0.473251  0
6.933333  0.472679  0
6.960000  0.472123  0
6.986667  0.471578  0
7.013333  0.471038  0
7.040000  0.470501  0
7.066667  0.469963  0
7.093333  0.469423  0
7.120000  0.468879  0
7.146667  0.468329  0
7.173333  0.467771  0
7.200000  0.467204  0
7.226667  0.466629  0
7.253333  0.466049  0
7.280000  0.465468  0
7.306667  0.464893  0
7.333333  0.464331  0
7.360000  0.463787  0
7.386667  0.463269  0
7.413333  0.462779  0
7.440000  0.462319  0
7.466667  0.461886  0
7.493333  0.461476  0
7.520000  0.461083  0
7.546667  0.460698  0
7.573333  0.460308  0
7.600000  0.459899  0
7.626667  0.459454  0
7.653333  0.458955  0
7.680000  0.458388  0
7.706667  0.457747  0
7.733333  0.457038  0
7.760000  0.456277  0
7.786667  0.455486  0
7.813333  0.454694  0
7.840000  0.453924  0
7.866667  0.453195  0
7.893333  0.452517  0
7.920000  0.451889  0
7.946667  0.451303  0
7.973333  0.450743  0
8.000000  0.450192  0
8.026667  0.449631  0
8.053333  0.449048  0
8.080000  0.448436  0
8.106667  0.447794  0
8.133333  0.447121  0
8.160000  0.446417  0
8.186667  0.445679  0
8.213333  0.444901  0
8.240000  0.444078  0
8.266667  0.443212  0
8.293333  0.442312  0
8.320000  0.441391  0
8.346667  0.440466  0
8.373333  0.439554  0
8.400000  0.438664  0
8.426667  0.437804  0
8.453333  0.436979  0
8.480000  0.436190  0
8.506667  0.435443  0
8.533333  0.434741  0
8.560000  0.434092  0
8.586667  0.433500  0
8.613333  0.432970  0
8.640000  0.432502  0
8.666667  0.432094  0
8.693333  0.431743  0
8.720000  0.431442  0
8.746667  0.431185  0
8.773333  0.430963  0
8.800000  0.430764  0
8.826667  0.430574  0
8.853333  0.430376  0
8.880000  0.430152  0
8.906667  0.429888  0
8.933333  0.429579  0
8.960000  0.429225  0
8.986667  0.428838  0
9.013333  0.428434  0
9.040000  0.428034  0
9.066667  0.427653  0
9.093333  0.427306  0
9.120000  0.426999  0
9.146667  0.426731  0
9.173333  0.426496  0
9.200000  0.426282  0
9.226667  0.426078  0
9.253333  0.425872  0
9.280000  0.425656  0
9.306667  0.425428  0
9.333333  0.425187  0
9.360000  0.424938  0
9.386667  0.424687  0
9.413333  0.424439  0
9.440000  0.424200  0
9.466667  0.423974  0
9.493333  0.423764  0
9.520000  0.423571  0
9.546667  0.423390  0
9.573333  0.423217  0
9.600000  0.423039  0
9.626667  0.422844  0
9.653333  0.422618  0
9.680000  0.422354  0
9.706667  0.422048  0
9.733333  0.421709  0
9.760000  0.421355  0
9.786667  0.421009  0
9.813333  0.420697  0
9.840000  0.420438  0
9.866667  0.420234  0
9.893333  0.420070  0
9.920000  0.419913  0
9.946667  0.419717  0
9.973333  0.419433  0
10.000000  0.419026  0
10.026667  0.418481  0
10.053333  0.417811  0
10.080000  0.417050  0
10.106667  0.416248  0
10.133333  0.415455  0
10.160000  0.414714  0
10.186667  0.414053  0
10.213333  0.413479  0
10.240000  0.412989  0
10.266667  0.412567  0
10.293333  0.412193  0
10.320000  0.411848  0
10.346667  0.411521  0
10.373333  0.411202  0
10.400000  0.410888  0
10.426667  0.410580  0
10.453333  0.410275  0
10.480000  0.409972  0
10.506667  0.409666  0
10.533333  0.409352  0
10.560000  0.409025  0
10.586667  0.408682  0
10.613333  0.408323  0
10.640000  0.407945  0
10.666667  0.407547  0
10.693333  0.407124  0
10.720000  0.406672  0
10.746667  0.406188  0
10.773333  0.405671  0
10.800000  0.405128  0
10.826667  0.404567  0
10.853333  0.404002  0
10.880000  0.403453  0
10.906667  0.402940  0
10.933333  0.402488  0
10.960000  0.402119  0
10.986667  0.401850  0
11.013333  0.401690  0
11.040000  0.401636  0
11.066667  0.401672  0
11.093333  0.401769  0
11.120000  0.401890  0
11.146667  0.401997  0
11.173333  0.402053  0
11.200000  0.402034  0
11.226667  0.401927  0
11.253333  0.401733  0
11.280000  0.401463  0
11.306667  0.401135  0
11.333333  0.400770  0
11.360000  0.400389  0
11.386667  0.400010  0
11.413333  0.399649  0
11.440000  0.399320  0
11.466667  0.399035  0
11.493333  0.398805  0
11.520000  0.398640  0
11.546667  0.398555  0
11.573333  0.398566  0
11.600000  0.398695  0
11.626667  0.398966  0
11.653333  0.399395  0
11.680000  0.399979  0
11.706667  0.400687  0
11.733333  0.401458  0
11.760000  0.402209  0
11.786667  0.402856  0
11.813333  0.403337  0
11.840000  0.403632  0
11.866667  0.403774  0
11.893333  0.403834  0
11.920000  0.403897  0
11.946667  0.404042  0
11.973333  0.404310  0
12.000000  0.404706  0
12.026667  0.405197  0
12.053333  0.405738  0
12.080000  0.406283  0
12.106667  0.406803  0
12.133333  0.407289  0
12.160000  0.407749  0
12.186667  0.408199  0
12.213333  0.408656  0
12.240000  0.409132  0
12.266667  0.409632  0
12.293333  0.410157  0
12.320000  0.410700  0
12.346667  0.411254  0
12.373333  0.411809  0
12.400000  0.412358  0
12.426667  0.412895  0
12.453333  0.413420  0
12.480000  0.413928  0
12.506667  0.414415  0
12.533333  0.414873  0
12.560000  0.415290  0
12.586667  0.415658  0
12.613333  0.415973  0
12.640000  0.416245  0
12.666667  0.416487  0
12.693333  0.416715  0
12.720000  0.416942  0
12.746667  0.417167  0
12.773333  0.417380  0
12.800000  0.417564  0
12.826667  0.417704  0
12.853333  0.417787  0
12.880000  0.417815  0
12.906667  0.417797  0
12.933333  0.417746  0
12.960000  0.417678  0
12.986667  0.417602  0
13.013333  0.417524  0
13.040000  0.417446  0
13.066667  0.417367  0
13.093333  0.417292  0
13.120000  0.417223  0
13.146667  0.417164  0
13.173333  0.417121  0
13.200000  0.417093  0
13.226667  0.417081  0
13.253333  0.417087  0
13.280000  0.417110  0
13.306667  0.417154  0
13.333333  0.417219  0
13.360000  0.417304  0
13.386667  0.417405  0
13.413333  0.417516  0
13.440000  0.417629  0
13.466667  0.417736  0
13.493333  0.417824  0
13.520000  0.417884  0
13.546667  0.417905  0
13.573333  0.417879  0
13.600000  0.417804  0
13.626667  0.417680  0
13.653333  0.417514  0
13.680000  0.417315  0
13.706667  0.417093  0
13.733333  0.416859  0
13.760000  0.416623  0
13.786667  0.416393  0
13.813333  0.416178  0
13.840000  0.415985  0
13.866667  0.415821  0
13.893333  0.415690  0
13.920000  0.415595  0
13.946667  0.415535  0
13.973333  0.415505  0
14.000000  0.415496  0
14.026667  0.415493  0
14.053333  0.415477  0
14.080000  0.415427  0
14.106667  0.415326  0
14.133333  0.415162  0
14.160000  0.414937  0
14.186667  0.414666  0
14.213333  0.414371  0
14.240000  0.414074  0
14.266667  0.413795  0
14.293333  0.413541  0
14.320000  0.413307  0
14.346667  0.413078  0
14.373333  0.412835  0
14.400000  0.412560  0
14.426667  0.412246  0
14.453333  0.411895  0
14.480000  0.411520  0
14.506667  0.411137  0
14.533333  0.410766  0
14.560000  0.410417  0
14.586667  0.410090  0
14.613333  0.409773  0
14.640000  0.409447  0
14.666667  0.409088  0
14.693333  0.408676  0
14.720000  0.408204  0
14.746667  0.407674  0
14.773333  0.407105  0
14.800000  0.406523  0
14.826667  0.405958  0
14.853333  0.405441  0
14.880000  0.404996  0
14.906667  0.404639  0
14.933333  0.404375  0
14.960000  0.404205  0
14.986667  0.404122  0
15.013333  0.404030  0
15.040000  0.403939  0
15.066667  0.403848  0
15.093333  0.403757  0
15.120000  0.403665  0
15.146667  0.403574  0
15.173333  0.403483  0
15.200000  0.403392  0
15.226667  0.403300  0
15.253333  0.403209  0
15.280000  0.403118  0
15.306667  0.403026  0
15.333333  0.402935  0
15.360000  0.402844  0
15.386667  0.402753  0
15.413333  0.402661  0
15.440000  0.402570  0
15.466667  0.402479  0
15.493333  0.402388  0
15.520000  0.402296  0
15.546667  0.402205  0
15.573333  0.402114  0
15.600000  0.402022  0
15.626667  0.401931  0
15.653333  0.401840  0
15.680000  0.401749  0
15.706667  0.401657  0
15.733333  0.401566  0
15.760000  0.401475  0
15.786667  0.401384  0
15.813333  0.401292  0
15.840000  0.401201  0
15.866667  0.401110  0
15.893333  0.401019  0
15.920000  0.400927  0
15.946667  0.400836  0
15.973333  0.400745  0
16.000000  0.400653  0
16.026667  0.400562  0
16.053333  0.400471  0
16.080000  0.400380  0
16.106667  0.400288  0
16.133333  0.400197  0
16.160000  0.400106  0
16.186667  0.400015  0
16.213333  0.399923  0
16.240000  0.399832  0
16.266667  0.399741  0
16.293333  0.399649  0
16.320000  0.399558  0
16.346667  0.399467  0
16.373333  0.399376  0
16.400000  0.399284  0
16.426667  0.399193  0
16.453333  0.399102  0
16.480000  0.399011  0
16.506667  0.398919  0
16.533333  0.398828  0
16.560000  0.398737  0
16.586667  0.398645  0
16.613333  0.398554  0
16.640000  0.398463  0
16.666667  0.398372  0
16.693333  0.398280  0
16.720000  0.398189  0
16.746667  0.398098  0
16.773333  0.398007  0
16.800000  0.397915  0
16.826667  0.397824  0
16.853333  0.397733  0
16.880000  0.397642  0
16.906667  0.397550  0
16.933333  0.397459  0
16.960000  0.397368  0
16.986667  0.397276  0
17.013333  0.397185  0
17.040000  0.397094  0
17.066667  0.397003  0
17.093333  0.396911  0
17.120000  0.396820  0
17.146667  0.396729  0
17.173333  0.396638  0
17.200000  0.396546  0
17.226667  0.396455  0
17.253333  0.396364  0
17.280000  0.396272  0
17.306667  0.396181  0
17.333333  0.396090  0
17.360000  0.395999  0
17.386667  0.395907  0
17.413333  0.395816  0
17.440000  0.395725  0
17.466667  0.395634  0
17.493333  0.395542  0
17.520000  0.395451  0
17.546667  0.395360  0
17.573333  0.395268  0
17.600000  0.395177  0
17.626667  0.395086  0
17.653333  0.394995  0
17.680000  0.394903  0
17.706667  0.394812  0
17.733333  0.394721  0
17.760000  0.394630  0
17.786667  0.394538  0
17.813333  0.394447  0
17.840000  0.394356  0
17.866667  0.394264  0
17.893333  0.394173  0
17.920000  0.394082  0
17.946667  0.393991  0
17.973333  0.393899  0
18.000000  0.393808  0
18.026667  0.393717  0
18.053333  0.393626  0
18.080000  0.393534  0
18.106667  0.393443  0
18.133333  0.393352  0
18.160000  0.393261  0
18.186667  0.393169  0
18.213333  0.393078  0
18.240000  0.392987  0
18.266667  0.392895  0
18.293333  0.392804  0
18.320000  0.392713  0
18.346667  0.392622  0
18.373333  0.392530  0
18.400000  0.392439  0
18.426667  0.392348  0
18.453333  0.392257  0
18.480000  0.392165  0
18.506667  0.392074  0
18.533333  0.391983  0
18.560000  0.391891  0
18.586667  0.391800  0
18.613333  0.391709  0
18.640000  0.391618  0
18.666667  0.391526  0
18.693333  0.391435  0
18.720000  0.391344  0
18.746667  0.391253  0
18.773333  0.391161  0
18.800000  0.391070  0
18.826667  0.390979  0
18.853333  0.390887  0
18.880000  0.390796  0
18.906667  0.390705  0
18.933333  0.390614  0
18.960000  0.390522  0
18.986667  0.390431  0
19.013333  0.390340  0
19.040000  0.390249  0
19.066667  0.390157  0
19.093333  0.390066  0
19.120000  0.389975  0
19.146667  0.389883  0
19.173333  0.389792  0
19.200000  0.389701  0
19.226667  0.389610  0
19.253333  0.389518  0
19.280000  0.389427  0
19.306667  0.389336  0
19.333333  0.389245  0
19.360000  0.389153  0
19.386667  0.389062  0
19.413333  0.388971  0
19.440000  0.388880  0
19.466667  0.388788  0
19.493333  0.388697  0
19.520000  0.388606  0
19.546667  0.388514  0
19.573333  0.388423  0
19.600000  0.388332  0
19.626667  0.388241  0
19.653333  0.388149  0
19.680000  0.388058  0
19.706667  0.387967  0
19.733333  0.387876  0
19.760000  0.387784  0
19.786667  0.387693  0
19.813333  0.387602  0
19.840000  0.387510  0
19.866667  0.387419  0
19.893333  0.387328  0
19.920000  0.387237  0
19.946667  0.387145  0
19.973333  0.387054  0
20.000000  0.386963  0
20.026667  0.386872  0
20.053333  0.386780  0
20.080000  0.386689  0
20.106667  0.386598  0
20.133333  0.386506  0
20.160000  0.386415  0
20.186667  0.386324  0
20.213333  0.386233  0
20.240000  0.386141  0
20.266667  0.386050  0
20.293333  0.385959  0
20.320000  0.385868  0
20.346667  0.385776  0
20.373333  0.385685  0
20.400000  0.385594  0
20.426667  0.385503  0
20.453333  0.385411  0
20.480000  0.385320  0
20.506667  0.385229  0
20.533333  0.385137  0
20.560000  0.385046  0
20.586667  0.384955  0
20.613333  0.384864  0
20.640000  0.384772  0
20.666667  0.384681  0
20.693333  0.384590  0
20.720000  0.384499  0
20.746667  0.384407  0
20.773333  0.384316  0
