2.853333  0.756915  0
2.880000  0.756504  0
2.906667  0.755725  0
2.933333  0.754649  0
2.960000  0.753358  0
2.986667  0.751927  0
3.013333  0.750415  0
3.040000  0.748861  0
3.066667  0.747287  0
3.093333  0.745704  0
3.120000  0.744119  0
3.146667  0.742532  0
3.173333  0.740945  0
3.200000  0.739358  0
3.226667  0.737771  0
3.253333  0.736184  0
3.280000  0.734598  0
3.306667  0.733012  0
3.333333  0.731430  0
3.360000  0.729853  0
3.386667  0.728288  0
3.413333  0.726743  0
3.440000  0.725230  0
3.466667  0.723759  0
3.493333  0.722342  0
3.520000  0.720986  0
3.546667  0.719690  0
3.573333  0.718449  0
3.600000  0.717253  0
3.626667  0.716089  0
3.653333  0.714946  0
3.680000  0.713815  0
3.706667  0.712691  0
3.733333  0.711570  0
3.760000  0.710450  0
3.786667  0.709331  0
3.813333  0.708213  0
3.840000  0.707097  0
3.866667  0.705985  0
3.893333  0.704883  0
3.920000  0.703799  0
3.946667  0.702747  0
3.973333  0.701742  0
4.000000  0.700803  0
4.026667  0.699947  0
4.053333  0.699181  0
4.080000  0.698507  0
4.106667  0.697914  0
4.133333  0.697386  0
4.160000  0.696906  0
4.186667  0.696456  0
4.213333  0.696024  0
4.240000  0.695601  0
4.266667  0.695183  0
4.293333  0.694766  0
4.320000  0.694350  0
4.346667  0.693934  0
4.373333  0.693518  0
4.400000  0.693101  0
4.426667  0.692680  0
4.453333  0.692254  0
4.480000  0.691815  0
4.506667  0.691352  0
4.533333  0.690852  0
4.560000  0.690296  0
4.586667  0.689667  0
4.613333  0.688952  0
4.640000  0.688149  0
4.666667  0.687261  0
4.693333  0.686302  0
4.720000  0.685289  0
4.746667  0.684239  0
4.773333  0.683163  0
4.800000  0.682070  0
4.826667  0.680958  0
4.853333  0.679823  0
4.880000  0.678656  0
4.906667  0.677446  0
4.933333  0.676186  0
4.960000  0.674872  0
4.986667  0.673504  0
5.013333  0.672092  0
5.040000  0.670643  0
5.066667  0.669171  0
5.093333  0.667682  0
5.120000  0.666185  0
5.146667  0.664684  0
5.173333  0.663180  0
5.200000  0.661676  0
5.226667  0.660172  0
5.253333  0.658667  0
5.280000  0.657162  0
5.306667  0.655657  0
5.333333  0.654150  0
5.360000  0.652639  0
5.386667  0.651123  0
5.413333  0.649596  0
5.440000  0.648053  0
5.466667  0.646488  0
5.493333  0.644901  0
5.520000  0.643291  0
5.546667  0.641667  0
5.573333  0.640041  0
5.600000  0.638430  0
5.626667  0.636850  0
5.653333  0.635317  0
5.680000  0.633840  0
5.706667  0.632427  0
5.733333  0.631081  0
5.760000  0.629805  0
5.786667  0.628597  0
5.813333  0.627457  0
5.840000  0.626383  0
5.866667  0.625374  0
5.893333  0.624426  0
5.920000  0.623539  0
5.946667  0.622709  0
5.973333  0.621936  0
6.000000  0.621215  0
6.026667  0.620545  0
6.053333  0.619925  0
6.080000  0.619350  0
6.106667  0.618820  0
6.133333  0.618332  0
6.160000  0.617884  0
6.186667  0.617474  0
6.213333  0.617100  0
6.240000  0.616760  0
6.266667  0.616451  0
6.293333  0.616172  0
6.320000  0.615922  0
6.346667  0.615697  0
6.373333  0.615496  0
6.400000  0.615317  0
6.426667  0.615158  0
6.453333  0.615016  0
6.480000  0.614891  0
6.506667  0.614778  0
6.533333  0.614677  0
6.560000  0.614585  0
6.586667  0.614500  0
6.613333  0.614419  0
6.640000  0.614341  0
6.666667  0.614263  0
6.693333  0.614183  0
6.720000  0.614100  0
6.746667  0.614010  0
6.773333  0.613912  0
6.800000  0.613805  0
6.826667  0.613687  0
6.853333  0.613556  0
6.880000  0.613411  0
6.906667  0.613251  0
6.933333  0.613075  0
6.960000  0.612882  0
6.986667  0.612671  0
7.013333  0.612442  0
7.040000  0.612194  0
7.066667  0.611928  0
7.093333  0.611642  0
7.120000  0.611339  0
7.146667  0.611016  0
7.173333  0.610676  0
7.200000  0.610318  0
7.226667  0.609943  0
7.253333  0.609551  0
7.280000  0.609144  0
7.306667  0.608721  0
7.333333  0.608285  0
7.360000  0.607834  0
7.386667  0.607371  0
7.413333  0.606895  0
7.440000  0.606409  0
7.466667  0.605911  0
7.493333  0.605403  0
7.520000  0.604886  0
7.546667  0.604360  0
7.573333  0.603826  0
7.600000  0.603284  0
7.626667  0.602734  0
7.653333  0.602177  0
7.680000  0.601613  0
7.706667  0.601042  0
7.733333  0.600463  0
7.760000  0.599878  0
7.786667  0.599287  0
7.813333  0.598688  0
7.840000  0.598081  0
7.866667  0.597467  0
7.893333  0.596846  0
7.920000  0.596216  0
7.946667  0.595578  0
7.973333  0.594930  0
8.000000  0.594273  0
8.026667  0.593606  0
8.053333  0.592928  0
8.080000  0.592239  0
8.106667  0.591539  0
8.133333  0.590826  0
8.160000  0.590100  0
8.186667  0.589361  0
8.213333  0.588609  0
8.240000  0.587842  0
8.266667  0.587061  0
8.293333  0.586264  0
8.320000  0.585453  0
8.346667  0.584626  0
8.373333  0.583783  0
8.400000  0.582925  0
8.426667  0.582051  0
8.453333  0.581162  0
8.480000  0.580447  0
8.506667  0.579731  0
8.533333  0.579016  0
8.560000  0.578301  0
8.586667  0.577585  0
8.613333  0.576870  0
8.640000  0.576155  0
8.666667  0.575439  0
8.693333  0.574724  0
8.720000  0.574009  0
8.746667  0.573293  0
8.773333  0.572578  0
8.800000  0.571862  0
8.826667  0.571147  0
8.853333  0.570432  0
8.880000  0.569716  0
8.906667  0.569001  0
8.933333  0.568286  0
8.960000  0.567570  0
8.986667  0.566855  0
9.013333  0.566140  0
9.040000  0.565424  0
9.066667  0.564709  0
9.093333  0.563994  0
9.120000  0.563278  0
9.146667  0.562563  0
9.173333  0.561848  0
9.200000  0.561132  0
9.226667  0.560417  0
9.253333  0.559702  0
9.280000  0.558986  0
9.306667  0.558271  0
9.333333  0.557556  0
9.360000  0.556840  0
9.386667  0.556125  0
9.413333  0.555410  0
9.440000  0.554694  0
9.466667  0.553979  0
9.493333  0.553263  0
9.520000  0.552548  0
9.546667  0.551833  0
9.573333  0.551144  0
9.600000  0.550472  0
9.626667  0.549801  0
9.653333  0.549129  0
9.680000  0.548458  0
9.706667  0.547786  0
9.733333  0.547115  0
9.760000  0.546444  0
9.786667  0.545772  0
9.813333  0.545101  0
9.840000  0.544429  0
9.866667  0.543758  0
9.893333  0.543086  0
9.920000  0.542415  0
9.946667  0.541743  0
9.973333  0.541072  0
10.000000  0.540400  0
10.026667  0.539729  0
10.053333  0.539057  0
10.080000  0.538386  0
10.106667  0.537714  0
10.133333  0.537043  0
10.160000  0.536371  0
10.186667  0.535700  0
10.213333  0.535028  0
10.240000  0.534357  0
10.266667  0.533685  0
10.293333  0.533014  0
10.320000  0.532343  0
10.346667  0.531671  0
10.373333  0.531000  0
10.400000  0.530328  0
10.426667  0.529657  0
10.453333  0.528985  0
10.480000  0.528314  0
10.506667  0.527642  0
10.533333  0.526971  0
10.560000  0.526299  0
10.586667  0.525628  0
10.613333  0.524956  0
10.640000  0.524409  0
10.666667  0.523903  0
10.693333  0.523397  0
10.720000  0.522891  0
10.746667  0.522385  0
10.773333  0.521879  0
10.800000  0.521373  0
10.826667  0.520867  0
10.853333  0.520361  0
10.880000  0.519855  0
10.906667  0.519349  0
10.933333  0.518843  0
10.960000  0.518337  0
10.986667  0.517831  0
11.013333  0.517325  0
11.040000  0.516818  0
11.066667  0.516312  0
11.093333  0.515806  0
11.120000  0.515300  0
11.146667  0.514794  0
11.173333  0.514288  0
11.200000  0.513782  0
11.226667  0.513276  0
11.253333  0.512770  0
11.280000  0.512264  0
11.306667  0.511758  0
11.333333  0.511252  0
11.360000  0.510746  0
11.386667  0.510240  0
11.413333  0.509734  0
11.440000  0.509228  0
11.466667  0.508722  0
11.493333  0.508216  0
11.520000  0.507710  0
11.546667  0.507204  0
11.573333  0.506280  0
11.600000  0.504938  0
11.626667  0.503595  0
11.653333  0.502252  0
11.680000  0.500909  0
11.706667  0.499566  0
11.733333  0.498223  0
11.760000  0.496880  0
11.786667  0.495537  0
11.813333  0.494194  0
11.840000  0.492851  0
11.866667  0.491508  0
11.893333  0.490165  0
11.920000  0.488822  0
11.946667  0.487479  0
11.973333  0.486136  0
12.000000  0.484793  0
12.026667  0.483450  0
12.053333  0.482107  0
12.080000  0.480764  0
12.106667  0.479421  0
12.133333  0.478078  0
12.160000  0.476735  0
12.186667  0.475393  0
12.213333  0.474050  0
12.240000  0.472707  0
12.266667  0.471364  0
12.293333  0.470021  0
12.320000  0.468678  0
12.346667  0.467335  0
12.373333  0.465992  0
12.400000  0.464649  0
12.426667  0.463306  0
12.453333  0.461963  0
12.480000  0.460620  0
12.506667  0.459277  0
12.533333  0.457934  0
12.560000  0.456591  0
12.586667  0.455248  0
12.613333  0.453905  0
12.640000  0.453037  0
12.666667  0.452427  0
12.693333  0.451816  0
12.720000  0.451206  0
12.746667  0.450596  0
12.773333  0.449986  0
12.800000  0.449376  0
12.826667  0.448766  0
12.853333  0.448156  0
12.880000  0.447546  0
12.906667  0.446936  0
12.933333  0.446326  0
12.960000  0.445715  0
12.986667  0.445105  0
13.013333  0.444495  0
13.040000  0.443885  0
13.066667  0.443275  0
13.093333  0.442665  0
13.120000  0.442055  0
13.146667  0.441445  0
13.173333  0.440835  0
13.200000  0.440224  0
13.226667  0.439614  0
13.253333  0.439004  0
13.280000  0.438394  0
13.306667  0.437784  0
13.333333  0.437174  0
13.360000  0.436564  0
13.386667  0.435954  0
13.413333  0.435344  0
13.440000  0.434734  0
13.466667  0.434123  0
13.493333  0.433513  0
13.520000  0.432903  0
13.546667  0.432293  0
13.573333  0.431683  0
13.600000  0.431073  0
13.626667  0.430463  0
13.653333  0.429853  0
13.680000  0.429243  0
13.706667  0.428632  0
13.733333  0.428022  0
13.760000  0.427412  0
13.786667  0.426802  0
13.813333  0.426192  0
13.840000  0.425582  0
13.866667  0.424972  0
13.893333  0.424430  0
13.920000  0.424334  0
13.946667  0.424239  0
13.973333  0.424144  0
14.000000  0.424048  0
14.026667  0.423953  0
14.053333  0.423857  0
14.080000  0.423762  0
14.106667  0.423667  0
14.133333  0.423571  0
14.160000  0.423476  0
14.186667  0.423380  0
14.213333  0.423285  0
14.240000  0.423190  0
14.266667  0.423094  0
14.293333  0.422999  0
14.320000  0.422903  0
14.346667  0.422808  0
14.373333  0.422713  0
14.400000  0.422617  0
14.426667  0.422522  0
14.453333  0.422426  0
14.480000  0.422331  0
14.506667  0.422236  0
14.533333  0.422140  0
14.560000  0.422045  0
14.586667  0.421949  0
14.613333  0.421854  0
14.640000  0.421759  0
14.666667  0.421663  0
14.693333  0.421568  0
14.720000  0.421472  0
14.746667  0.421377  0
14.773333  0.421282  0
14.800000  0.421186  0
14.826667  0.421091  0
14.853333  0.420995  0
14.880000  0.420900  0
14.906667  0.420805  0
14.933333  0.420709  0
14.960000  0.420614  0
14.986667  0.420518  0
15.013333  0.420423  0
15.040000  0.420328  0
15.066667  0.420232  0
15.093333  0.420137  0
15.120000  0.420041  0
15.146667  0.419946  0
15.173333  0.419851  0
15.200000  0.419755  0
15.226667  0.419660  0
15.253333  0.419564  0
15.280000  0.419469  0
15.306667  0.419374  0
15.333333  0.419278  0
15.360000  0.419183  0
15.386667  0.419087  0
15.413333  0.418992  0
15.440000  0.418897  0
15.466667  0.418801  0
15.493333  0.418706  0
15.520000  0.418610  0
15.546667  0.418515  0
15.573333  0.418420  0
15.600000  0.418324  0
15.626667  0.418229  0
15.653333  0.418133  0
15.680000  0.418038  0
15.706667  0.417943  0
15.733333  0.417847  0
15.760000  0.417752  0
15.786667  0.417656  0
15.813333  0.417561  0
15.840000  0.417466  0
15.866667  0.417370  0
15.893333  0.417275  0
15.920000  0.417179  0
15.946667  0.417084  0
15.973333  0.416989  0
16.000000  0.416893  0
16.026667  0.416798  0
16.053333  0.416702  0
16.080000  0.416607  0
16.106667  0.416512  0
16.133333  0.416416  0
16.160000  0.416321  0
16.186667  0.416225  0
16.213333  0.416130  0
16.240000  0.416035  0
16.266667  0.415939  0
16.293333  0.415844  0
16.320000  0.415748  0
16.346667  0.415653  0
16.373333  0.415558  0
16.400000  0.415462  0
16.426667  0.415367  0
16.453333  0.415271  0
16.480000  0.415176  0
16.506667  0.415081  0
16.533333  0.414985  0
16.560000  0.414890  0
16.586667  0.414794  0
16.613333  0.414699  0
16.640000  0.414604  0
16.666667  0.414508  0
16.693333  0.414413  0
16.720000  0.414317  0
16.746667  0.414222  0
16.773333  0.414127  0
16.800000  0.414031  0
16.826667  0.413936  0
16.853333  0.413840  0
16.880000  0.413745  0
16.906667  0.413650  0
16.933333  0.413554  0
16.960000  0.413459  0
16.986667  0.413363  0
17.013333  0.413268  0
17.040000  0.413173  0
17.066667  0.413077  0
17.093333  0.412982  0
17.120000  0.412886  0
17.146667  0.412791  0
17.173333  0.412696  0
17.200000  0.412600  0
17.226667  0.412505  0
17.253333  0.412409  0
17.280000  0.412314  0
17.306667  0.412219  0
17.333333  0.412123  0
17.360000  0.412028  0
17.386667  0.411932  0
17.413333  0.411837  0
17.440000  0.411742  0
17.466667  0.411646  0
17.493333  0.411551  0
17.520000  0.411455  0
17.546667  0.411360  0
17.573333  0.411265  0
17.600000  0.411169  0
17.626667  0.411074  0
17.653333  0.410978  0
17.680000  0.410883  0
17.706667  0.410788  0
17.733333  0.410692  0
17.760000  0.410597  0
17.786667  0.410501  0
17.813333  0.410406  0
17.840000  0.410311  0
17.866667  0.410215  0
17.893333  0.410120  0
17.920000  0.410024  0
17.946667  0.409929  0
17.973333  0.409834  0
18.000000  0.409738  0
18.026667  0.409643  0
18.053333  0.409547  0
18.080000  0.409452  0
18.106667  0.409357  0
18.133333  0.409261  0
18.160000  0.409166  0
18.186667  0.409070  0
18.213333  0.408975  0
18.240000  0.408879  0
18.266667  0.408784  0
18.293333  0.408689  0
18.320000  0.408593  0
18.346667  0.408498  0
18.373333  0.408402  0
18.400000  0.408307  0
18.426667  0.408212  0
18.453333  0.408116  0
18.480000  0.408021  0
18.506667  0.407925  0
18.533333  0.407830  0
18.560000  0.407735  0
18.586667  0.407639  0
18.613333  0.407544  0
18.640000  0.407448  0
18.666667  0.407353  0
18.693333  0.407258  0
18.720000  0.407162  0
18.746667  0.407067  0
18.773333  0.406971  0
18.800000  0.406876  0
18.826667  0.406781  0
18.853333  0.406685  0
18.880000  0.406590  0
18.906667  0.406494  0
18.933333  0.406399  0
18.960000  0.406304  0
18.986667  0.406208  0
19.013333  0.406113  0
19.040000  0.406017  0
19.066667  0.405922  0
19.093333  0.405827  0
19.120000  0.405731  0
19.146667  0.405636  0
19.173333  0.405540  0
19.200000  0.405445  0
19.226667  0.405350  0
19.253333  0.405254  0
19.280000  0.405159  0
19.306667  0.405063  0
19.333333  0.404968  0
19.360000  0.404873  0
19.386667  0.404777  0
19.413333  0.404682  0
19.440000  0.404586  0
19.466667  0.404491  0
19.493333  0.404396  0
19.520000  0.404300  0
19.546667  0.404205  0
19.573333  0.404109  0
19.600000  0.404014  0
19.626667  0.403919  0
19.653333  0.403823  0
19.680000  0.403728  0
19.706667  0.403632  0
19.733333  0.403537  0
19.760000  0.403442  0
19.786667  0.403346  0
19.813333  0.403251  0
19.840000  0.403155  0
19.866667  0.403060  0
19.893333  0.402965  0
19.920000  0.402869  0
19.946667  0.402774  0
19.973333  0.402678  0
20.000000  0.402583  0
20.026667  0.402488  0
20.053333  0.402392  0
20.080000  0.402297  0
20.106667  0.402201  0
