2.853333  0.848590  0
2.880000  0.847988  0
2.906667  0.846845  0
2.933333  0.845266  0
2.960000  0.843372  0
2.986667  0.841274  0
3.013333  0.839057  0
3.040000  0.836778  0
3.066667  0.834469  0
3.093333  0.832149  0
3.120000  0.829825  0
3.146667  0.827504  0
3.173333  0.825190  0
3.200000  0.822894  0
3.226667  0.820631  0
3.253333  0.818426  0
3.280000  0.816308  0
3.306667  0.814311  0
3.333333  0.812461  0
3.360000  0.810775  0
3.386667  0.809251  0
3.413333  0.807870  0
3.440000  0.806605  0
3.466667  0.805422  0
3.493333  0.804292  0
3.520000  0.803193  0
3.546667  0.802110  0
3.573333  0.801034  0
3.600000  0.799961  0
3.626667  0.798889  0
3.653333  0.797818  0
3.680000  0.796747  0
3.706667  0.795676  0
3.733333  0.794605  0
3.760000  0.793533  0
3.786667  0.792462  0
3.813333  0.791391  0
3.840000  0.790320  0
3.866667  0.789249  0
3.893333  0.788178  0
3.920000  0.787107  0
3.946667  0.786035  0
3.973333  0.784964  0
4.000000  0.783893  0
4.026667  0.782822  0
4.053333  0.781751  0
4.080000  0.780680  0
4.106667  0.779609  0
4.133333  0.778538  0
4.160000  0.777466  0
4.186667  0.776395  0
4.213333  0.775324  0
4.240000  0.774253  0
4.266667  0.773182  0
4.293333  0.772111  0
4.320000  0.771040  0
4.346667  0.769968  0
4.373333  0.768897  0
4.400000  0.767826  0
4.426667  0.766755  0
4.453333  0.765684  0
4.480000  0.764613  0
4.506667  0.763542  0
4.533333  0.762471  0
4.560000  0.761399  0
4.586667  0.760328  0
4.613333  0.759257  0
4.640000  0.758186  0
4.666667  0.757115  0
4.693333  0.756044  0
4.720000  0.754973  0
4.746667  0.753901  0
4.773333  0.752830  0
4.800000  0.751759  0
4.826667  0.750688  0
4.853333  0.749617  0
4.880000  0.748545  0
4.906667  0.747473  0
4.933333  0.746399  0
4.960000  0.745319  0
4.986667  0.744227  0
5.013333  0.743108  0
5.040000  0.741941  0
5.066667  0.740692  0
5.093333  0.739321  0
5.120000  0.737787  0
5.146667  0.736057  0
5.173333  0.734114  0
5.200000  0.731966  0
5.226667  0.729643  0
5.253333  0.727191  0
5.280000  0.724660  0
5.306667  0.722104  0
5.333333  0.719567  0
5.360000  0.717088  0
5.386667  0.714697  0
5.413333  0.712418  0
5.440000  0.710269  0
5.466667  0.708261  0
5.493333  0.706402  0
5.520000  0.704696  0
5.546667  0.703142  0
5.573333  0.701740  0
5.600000  0.700487  0
5.626667  0.699378  0
5.653333  0.698409  0
5.680000  0.697576  0
5.706667  0.696873  0
5.733333  0.696290  0
5.760000  0.695818  0
5.786667  0.695442  0
5.813333  0.695149  0
5.840000  0.694922  0
5.866667  0.694746  0
5.893333  0.694606  0
5.920000  0.694492  0
5.946667  0.694393  0
5.973333  0.694304  0
6.000000  0.694220  0
6.026667  0.694139  0
6.053333  0.694059  0
6.080000  0.693980  0
6.106667  0.693901  0
6.133333  0.693823  0
6.160000  0.693744  0
6.186667  0.693665  0
6.213333  0.693587  0
6.240000  0.693508  0
6.266667  0.693429  0
6.293333  0.693350  0
6.320000  0.693272  0
6.346667  0.693193  0
6.373333  0.693114  0
6.400000  0.693036  0
6.426667  0.692957  0
6.453333  0.692878  0
6.480000  0.692800  0
6.506667  0.692721  0
6.533333  0.692642  0
6.560000  0.692563  0
6.586667  0.692485  0
6.613333  0.692406  0
6.640000  0.692327  0
6.666667  0.692249  0
6.693333  0.692170  0
6.720000  0.692093  0
6.746667  0.692016  0
6.773333  0.691942  0
6.800000  0.691873  0
6.826667  0.691814  0
6.853333  0.691769  0
6.880000  0.691748  0
6.906667  0.691762  0
6.933333  0.691822  0
6.960000  0.691940  0
6.986667  0.692125  0
7.013333  0.692383  0
7.040000  0.692714  0
7.066667  0.693114  0
7.093333  0.693574  0
7.120000  0.694080  0
7.146667  0.694619  0
7.173333  0.695176  0
7.200000  0.695737  0
7.226667  0.696286  0
7.253333  0.696811  0
7.280000  0.697299  0
7.306667  0.697739  0
7.333333  0.698121  0
7.360000  0.698436  0
7.386667  0.698679  0
7.413333  0.698845  0
7.440000  0.698931  0
7.466667  0.698936  0
7.493333  0.698864  0
7.520000  0.698716  0
7.546667  0.698498  0
7.573333  0.698215  0
7.600000  0.697874  0
7.626667  0.697479  0
7.653333  0.697036  0
7.680000  0.696551  0
7.706667  0.696028  0
7.733333  0.695472  0
7.760000  0.694885  0
7.786667  0.694272  0
7.813333  0.693636  0
7.840000  0.692982  0
7.866667  0.692313  0
7.893333  0.691636  0
7.920000  0.690955  0
7.946667  0.690276  0
7.973333  0.689604  0
8.000000  0.688945  0
8.026667  0.688302  0
8.053333  0.687677  0
8.080000  0.687072  0
8.106667  0.686486  0
8.133333  0.685916  0
8.160000  0.685360  0
8.186667  0.684813  0
8.213333  0.684269  0
8.240000  0.683723  0
8.266667  0.683170  0
8.293333  0.682606  0
8.320000  0.682026  0
8.346667  0.681428  0
8.373333  0.680811  0
8.400000  0.680174  0
8.426667  0.679515  0
8.453333  0.678837  0
8.480000  0.678138  0
8.506667  0.677420  0
8.533333  0.676681  0
8.560000  0.675921  0
8.586667  0.675137  0
8.613333  0.674324  0
8.640000  0.673478  0
8.666667  0.672591  0
8.693333  0.671654  0
8.720000  0.670656  0
8.746667  0.669583  0
8.773333  0.668421  0
8.800000  0.667151  0
8.826667  0.665754  0
8.853333  0.664210  0
8.880000  0.662497  0
8.906667  0.660593  0
8.933333  0.658478  0
8.960000  0.656131  0
8.986667  0.653535  0
9.013333  0.650678  0
9.040000  0.647551  0
9.066667  0.644151  0
9.093333  0.640482  0
9.120000  0.636556  0
9.146667  0.632392  0
9.173333  0.628017  0
9.200000  0.623462  0
9.226667  0.618768  0
9.253333  0.613978  0
9.280000  0.609138  0
9.306667  0.604296  0
9.333333  0.599498  0
9.360000  0.594789  0
9.386667  0.590207  0
9.413333  0.585785  0
9.440000  0.581550  0
9.466667  0.577521  0
9.493333  0.573708  0
9.520000  0.570117  0
9.546667  0.566746  0
9.573333  0.563589  0
9.600000  0.560639  0
9.626667  0.557883  0
9.653333  0.555310  0
9.680000  0.552909  0
9.706667  0.550670  0
9.733333  0.548582  0
9.760000  0.546640  0
9.786667  0.544834  0
9.813333  0.543160  0
9.840000  0.541612  0
9.866667  0.540185  0
9.893333  0.538874  0
9.920000  0.537672  0
9.946667  0.536577  0
9.973333  0.535581  0
10.000000  0.534682  0
10.026667  0.533874  0
10.053333  0.533155  0
10.080000  0.532520  0
10.106667  0.531967  0
10.133333  0.531492  0
10.160000  0.531091  0
10.186667  0.530758  0
10.213333  0.530487  0
10.240000  0.530268  0
10.266667  0.530090  0
10.293333  0.529939  0
10.320000  0.529799  0
10.346667  0.529653  0
10.373333  0.529483  0
10.400000  0.529273  0
10.426667  0.529006  0
10.453333  0.528668  0
10.480000  0.528250  0
10.506667  0.527746  0
10.533333  0.527156  0
10.560000  0.526481  0
10.586667  0.525730  0
10.613333  0.524914  0
10.640000  0.524045  0
10.666667  0.523139  0
10.693333  0.522210  0
10.720000  0.521272  0
10.746667  0.520338  0
10.773333  0.519419  0
10.800000  0.518523  0
10.826667  0.517657  0
10.853333  0.516825  0
10.880000  0.516030  0
10.906667  0.515273  0
10.933333  0.514553  0
10.960000  0.513870  0
10.986667  0.513222  0
11.013333  0.512609  0
11.040000  0.512027  0
11.066667  0.511474  0
11.093333  0.510949  0
11.120000  0.510449  0
11.146667  0.509971  0
11.173333  0.509513  0
11.200000  0.509074  0
11.226667  0.508653  0
11.253333  0.508248  0
11.280000  0.507860  0
11.306667  0.507489  0
11.333333  0.507136  0
11.360000  0.506801  0
11.386667  0.506486  0
11.413333  0.506191  0
11.440000  0.505917  0
11.466667  0.505664  0
11.493333  0.505432  0
11.520000  0.505220  0
11.546667  0.505027  0
11.573333  0.504852  0
11.600000  0.504691  0
11.626667  0.504545  0
11.653333  0.504411  0
11.680000  0.504287  0
11.706667  0.504172  0
11.733333  0.504064  0
11.760000  0.503963  0
11.786667  0.503867  0
11.813333  0.503776  0
11.840000  0.503689  0
11.866667  0.503604  0
11.893333  0.503520  0
11.920000  0.503436  0
11.946667  0.503349  0
11.973333  0.503259  0
12.000000  0.503161  0
12.026667  0.503055  0
12.053333  0.502938  0
12.080000  0.502808  0
12.106667  0.502663  0
12.133333  0.502503  0
12.160000  0.502326  0
12.186667  0.502134  0
12.213333  0.501926  0
12.240000  0.501706  0
12.266667  0.501474  0
12.293333  0.501233  0
12.320000  0.500986  0
12.346667  0.500734  0
12.373333  0.500480  0
12.400000  0.500226  0
12.426667  0.499974  0
12.453333  0.499724  0
12.480000  0.499478  0
12.506667  0.499236  0
12.533333  0.498998  0
12.560000  0.498765  0
12.586667  0.498535  0
12.613333  0.498309  0
12.640000  0.498087  0
12.666667  0.497867  0
12.693333  0.497650  0
12.720000  0.497436  0
12.746667  0.497225  0
12.773333  0.497019  0
12.800000  0.496818  0
12.826667  0.496625  0
12.853333  0.496441  0
12.880000  0.496268  0
12.906667  0.496109  0
12.933333  0.495964  0
12.960000  0.495833  0
12.986667  0.495715  0
13.013333  0.495607  0
13.040000  0.495502  0
13.066667  0.495396  0
13.093333  0.495278  0
13.120000  0.495139  0
13.146667  0.494969  0
13.173333  0.494758  0
13.200000  0.494496  0
13.226667  0.494177  0
13.253333  0.493795  0
13.280000  0.493346  0
13.306667  0.492831  0
13.333333  0.492253  0
13.360000  0.491617  0
13.386667  0.490932  0
13.413333  0.490208  0
13.440000  0.489455  0
13.466667  0.488687  0
13.493333  0.487915  0
13.520000  0.487151  0
13.546667  0.486405  0
13.573333  0.485687  0
13.600000  0.485003  0
13.626667  0.484358  0
13.653333  0.483755  0
13.680000  0.483194  0
13.706667  0.482674  0
13.733333  0.482191  0
13.760000  0.481740  0
13.786667  0.481316  0
13.813333  0.480912  0
13.840000  0.480522  0
13.866667  0.480139  0
13.893333  0.479757  0
13.920000  0.479373  0
13.946667  0.478984  0
13.973333  0.478588  0
14.000000  0.478185  0
14.026667  0.477779  0
14.053333  0.477373  0
14.080000  0.476972  0
14.106667  0.476580  0
14.133333  0.476204  0
14.160000  0.475850  0
14.186667  0.475520  0
14.213333  0.475221  0
14.240000  0.474952  0
14.266667  0.474715  0
14.293333  0.474508  0
14.320000  0.474328  0
14.346667  0.474172  0
14.373333  0.474032  0
14.400000  0.473902  0
14.426667  0.473774  0
14.453333  0.473641  0
14.480000  0.473496  0
14.506667  0.473331  0
14.533333  0.473141  0
14.560000  0.472922  0
14.586667  0.472670  0
14.613333  0.472386  0
14.640000  0.472071  0
14.666667  0.471727  0
14.693333  0.471359  0
14.720000  0.470974  0
14.746667  0.470578  0
14.773333  0.470178  0
14.800000  0.469781  0
14.826667  0.469394  0
14.853333  0.469023  0
14.880000  0.468669  0
14.906667  0.468338  0
14.933333  0.468028  0
14.960000  0.467740  0
14.986667  0.467472  0
15.013333  0.467220  0
15.040000  0.466982  0
15.066667  0.466754  0
15.093333  0.466532  0
15.120000  0.466312  0
15.146667  0.466091  0
15.173333  0.465868  0
15.200000  0.465641  0
15.226667  0.465408  0
15.253333  0.465168  0
15.280000  0.464923  0
15.306667  0.464671  0
15.333333  0.464415  0
15.360000  0.464154  0
15.386667  0.463888  0
15.413333  0.463620  0
15.440000  0.463349  0
15.466667  0.463076  0
15.493333  0.462802  0
15.520000  0.462527  0
15.546667  0.462250  0
15.573333  0.461974  0
15.600000  0.461697  0
15.626667  0.461419  0
15.653333  0.461142  0
15.680000  0.460864  0
15.706667  0.460587  0
15.733333  0.460309  0
15.760000  0.460031  0
15.786667  0.459754  0
15.813333  0.459476  0
15.840000  0.459198  0
15.866667  0.458921  0
15.893333  0.458643  0
15.920000  0.458365  0
15.946667  0.458087  0
15.973333  0.457809  0
16.000000  0.457532  0
16.026667  0.457254  0
16.053333  0.456975  0
16.080000  0.456697  0
16.106667  0.456418  0
16.133333  0.456139  0
16.160000  0.455859  0
16.186667  0.455578  0
16.213333  0.455295  0
16.240000  0.455011  0
16.266667  0.454724  0
16.293333  0.454434  0
16.320000  0.454139  0
16.346667  0.453839  0
16.373333  0.453532  0
16.400000  0.453218  0
16.426667  0.452895  0
16.453333  0.452561  0
16.480000  0.452215  0
16.506667  0.451856  0
16.533333  0.451482  0
16.560000  0.451093  0
16.586667  0.450688  0
16.613333  0.450266  0
16.640000  0.449828  0
16.666667  0.449374  0
16.693333  0.448903  0
16.720000  0.448418  0
16.746667  0.447919  0
16.773333  0.447407  0
16.800000  0.446883  0
16.826667  0.446350  0
16.853333  0.445808  0
16.880000  0.445259  0
16.906667  0.444704  0
16.933333  0.444143  0
16.960000  0.443579  0
16.986667  0.443012  0
17.013333  0.442443  0
17.040000  0.441872  0
17.066667  0.441300  0
17.093333  0.440727  0
17.120000  0.440153  0
17.146667  0.439579  0
17.173333  0.439004  0
17.200000  0.438429  0
17.226667  0.437854  0
17.253333  0.437279  0
17.280000  0.436704  0
17.306667  0.436129  0
17.333333  0.435554  0
17.360000  0.434979  0
17.386667  0.434403  0
17.413333  0.433828  0
17.440000  0.433253  0
17.466667  0.432678  0
17.493333  0.432103  0
17.520000  0.431527  0
17.546667  0.430952  0
17.573333  0.430377  0
17.600000  0.429802  0
17.626667  0.429227  0
17.653333  0.428652  0
17.680000  0.428076  0
17.706667  0.427501  0
17.733333  0.426926  0
17.760000  0.426351  0
17.786667  0.425777  0
17.813333  0.425202  0
17.840000  0.424628  0
17.866667  0.424054  0
17.893333  0.423482  0
17.920000  0.422910  0
17.946667  0.422340  0
17.973333  0.421772  0
18.000000  0.421207  0
18.026667  0.420646  0
18.053333  0.420091  0
18.080000  0.419541  0
18.106667  0.419000  0
18.133333  0.418468  0
18.160000  0.417948  0
18.186667  0.417442  0
18.213333  0.416951  0
18.240000  0.416479  0
18.266667  0.416026  0
18.293333  0.415594  0
18.320000  0.415186  0
18.346667  0.414801  0
18.373333  0.414440  0
18.400000  0.414104  0
18.426667  0.413792  0
18.453333  0.413504  0
18.480000  0.413237  0
18.506667  0.412991  0
18.533333  0.412763  0
18.560000  0.412552  0
18.586667  0.412356  0
18.613333  0.412172  0
18.640000  0.411999  0
18.666667  0.411834  0
18.693333  0.411677  0
18.720000  0.411525  0
18.746667  0.411377  0
18.773333  0.411233  0
18.800000  0.411091  0
18.826667  0.410951  0
18.853333  0.410812  0
18.880000  0.410674  0
18.906667  0.410537  0
18.933333  0.410401  0
18.960000  0.410264  0
18.986667  0.410128  0
19.013333  0.409992  0
19.040000  0.409856  0
19.066667  0.409720  0
19.093333  0.409584  0
19.120000  0.409448  0
19.146667  0.409312  0
19.173333  0.409177  0
19.200000  0.409041  0
19.226667  0.408905  0
19.253333  0.408769  0
19.280000  0.408633  0
19.306667  0.408497  0
19.333333  0.408361  0
19.360000  0.408225  0
19.386667  0.408090  0
19.413333  0.407954  0
19.440000  0.407818  0
19.466667  0.407682  0
19.493333  0.407546  0
19.520000  0.407410  0
19.546667  0.407274  0
19.573333  0.407139  0
19.600000  0.407003  0
19.626667  0.406867  0
19.653333  0.406731  0
19.680000  0.406595  0
19.706667  0.406459  0
19.733333  0.406323  0
19.760000  0.406188  0
19.786667  0.406052  0
19.813333  0.405916  0
19.840000  0.405780  0
19.866667  0.405644  0
19.893333  0.405508  0
19.920000  0.405372  0
19.946667  0.405237  0
19.973333  0.405101  0
20.000000  0.404965  0
20.026667  0.404829  0
20.053333  0.404693  0
20.080000  0.404557  0
20.106667  0.404421  0
20.133333  0.404285  0
20.160000  0.404150  0
20.186667  0.404014  0
20.213333  0.403878  0
20.240000  0.403742  0
20.266667  0.403606  0
20.293333  0.403470  0
20.320000  0.403334  0
20.346667  0.403199  0
20.373333  0.403063  0
20.400000  0.402927  0
20.426667  0.402791  0
20.453333  0.402655  0
20.480000  0.402519  0
20.506667  0.402383  0
20.533333  0.402248  0
20.560000  0.402112  0
20.586667  0.401976  0
20.613333  0.401840  0
20.640000  0.401704  0
20.666667  0.401568  0
20.693333  0.401432  0
20.720000  0.401296  0
20.746667  0.401161  0
20.773333  0.401025  0
20.800000  0.400889  0
20.826667  0.400753  0
20.853333  0.400617  0
20.880000  0.400481  0
20.906667  0.400345  0
20.933333  0.400210  0
20.960000  0.400074  0
20.986667  0.399938  0
21.013333  0.399802  0
21.040000  0.399666  0
21.066667  0.399530  0
21.093333  0.399394  0
21.120000  0.399259  0
21.146667  0.399123  0
21.173333  0.398987  0
21.200000  0.398851  0
21.226667  0.398715  0
21.253333  0.398579  0
21.280000  0.398443  0
21.306667  0.398307  0
21.333333  0.398172  0
21.360000  0.398036  0
21.386667  0.397900  0
21.413333  0.397764  0
21.440000  0.397628  0
21.466667  0.397492  0
21.493333  0.397356  0
21.520000  0.397221  0
21.546667  0.397085  0
21.573333  0.396949  0
21.600000  0.396813  0
21.626667  0.396677  0
21.653333  0.396541  0
21.680000  0.396405  0
21.706667  0.396270  0
21.733333  0.396134  0
21.760000  0.395998  0
21.786667  0.395862  0
21.813333  0.395726  0
21.840000  0.395590  0
21.866667  0.395454  0
21.893333  0.395318  0
21.920000  0.395183  0
21.946667  0.395047  0
21.973333  0.394911  0
22.000000  0.394775  0
22.026667  0.394639  0
22.053333  0.394503  0
22.080000  0.394367  0
22.106667  0.394232  0
22.133333  0.394096  0
22.160000  0.393960  0
22.186667  0.393824  0
22.213333  0.393688  0
22.240000  0.393552  0
22.266667  0.393416  0
22.293333  0.393281  0
22.320000  0.393145  0
22.346667  0.393009  0
22.373333  0.392873  0
22.400000  0.392737  0
22.426667  0.392601  0
22.453333  0.392465  0
22.480000  0.392330  0
22.506667  0.392194  0
22.533333  0.392058  0
22.560000  0.391922  0
22.586667  0.391786  0
22.613333  0.391650  0
22.640000  0.391514  0
22.666667  0.391378  0
22.693333  0.391243  0
22.720000  0.391107  0
22.746667  0.390971  0
22.773333  0.390835  0
22.800000  0.390699  0
22.826667  0.390563  0
22.853333  0.390427  0
22.880000  0.390292  0
22.906667  0.390156  0
22.933333  0.390020  0
22.960000  0.389884  0
22.986667  0.389748  0
23.013333  0.389612  0
23.040000  0.389477  0
23.066667  0.389341  0
23.093333  0.389205  0
23.120000  0.389070  0
23.146667  0.388935  0
23.173333  0.388800  0
23.200000  0.388665  0
23.226667  0.388532  0
23.253333  0.388399  0
23.280000  0.388267  0
23.306667  0.388136  0
23.333333  0.388007  0
23.360000  0.387881  0
23.386667  0.387757  0
23.413333  0.387636  0
23.440000  0.387519  0
23.466667  0.387406  0
23.493333  0.387298  0
23.520000  0.387196  0
23.546667  0.387099  0
23.573333  0.387009  0
23.600000  0.386925  0
23.626667  0.386847  0
23.653333  0.386777  0
23.680000  0.386712  0
23.706667  0.386654  0
23.733333  0.386602  0
23.760000  0.386556  0
23.786667  0.386514  0
23.813333  0.386477  0
23.840000  0.386444  0
23.866667  0.386415  0
23.893333  0.386388  0
23.920000  0.386363  0
23.946667  0.386341  0
23.973333  0.386320  0
24.000000  0.386300  0
24.026667  0.386281  0
24.053333  0.386262  0
24.080000  0.386244  0
24.106667  0.386227  0
24.133333  0.386209  0
24.160000  0.386192  0
24.186667  0.386175  0
24.213333  0.386158  0
24.240000  0.386141  0
24.266667  0.386124  0
24.293333  0.386108  0
24.320000  0.386091  0
24.346667  0.386074  0
24.373333  0.386057  0
24.400000  0.386040  0
24.426667  0.386023  0
24.453333  0.386007  0
24.480000  0.385990  0
24.506667  0.385973  0
24.533333  0.385956  0
24.560000  0.385939  0
24.586667  0.385922  0
24.613333  0.385906  0
24.640000  0.385889  0
24.666667  0.385872  0
24.693333  0.385855  0
24.720000  0.385838  0
24.746667  0.385822  0
24.773333  0.385805  0
24.800000  0.385788  0
24.826667  0.385771  0
24.853333  0.385754  0
24.880000  0.385737  0
24.906667  0.385721  0
24.933333  0.385704  0
24.960000  0.385687  0
24.986667  0.385670  0
25.013333  0.385653  0
25.040000  0.385637  0
25.066667  0.385620  0
25.093333  0.385603  0
25.120000  0.385586  0
25.146667  0.385569  0
25.173333  0.385552  0
25.200000  0.385536  0
25.226667  0.385519  0
25.253333  0.385502  0
25.280000  0.385485  0
25.306667  0.385468  0
25.333333  0.385452  0
25.360000  0.385435  0
25.386667  0.385418  0
25.413333  0.385401  0
25.440000  0.385384  0
25.466667  0.385367  0
25.493333  0.385351  0
25.520000  0.385334  0
25.546667  0.385317  0
25.573333  0.385300  0
25.600000  0.385283  0
25.626667  0.385267  0
25.653333  0.385250  0
25.680000  0.385233  0
25.706667  0.385216  0
25.733333  0.385199  0
25.760000  0.385182  0
25.786667  0.385166  0
25.813333  0.385149  0
25.840000  0.385132  0
25.866667  0.385115  0
25.893333  0.385098  0
25.920000  0.385082  0
25.946667  0.385065  0
25.973333  0.385048  0
26.000000  0.385031  0
26.026667  0.385014  0
26.053333  0.384997  0
26.080000  0.384981  0
26.106667  0.384964  0
26.133333  0.384947  0
26.160000  0.384930  0
26.186667  0.384913  0
26.213333  0.384896  0
26.240000  0.384880  0
26.266667  0.384863  0
26.293333  0.384846  0
26.320000  0.384829  0
26.346667  0.384812  0
26.373333  0.384796  0
26.400000  0.384779  0
26.426667  0.384762  0
26.453333  0.384745  0
26.480000  0.384728  0
26.506667  0.384712  0
26.533333  0.384695  0
26.560000  0.384678  0
26.586667  0.384661  0
26.613333  0.384644  0
26.640000  0.384628  0
26.666667  0.384611  0
26.693333  0.384594  0
26.720000  0.384578  0
26.746667  0.384561  0
26.773333  0.384545  0
26.800000  0.384529  0
26.826667  0.384514  0
26.853333  0.384498  0
26.880000  0.384484  0
26.906667  0.384469  0
26.933333  0.384456  0
26.960000  0.384444  0
26.986667  0.384432  0
27.013333  0.384422  0
27.040000  0.384414  0
27.066667  0.384407  0
27.093333  0.384401  0
27.120000  0.384397  0
27.146667  0.384396  0
