2.906667  0.822146  0
2.933333  0.822105  0
2.960000  0.822026  0
2.986667  0.821908  0
3.013333  0.821757  0
3.040000  0.821575  0
3.066667  0.821366  0
3.093333  0.821135  0
3.120000  0.820885  0
3.146667  0.820620  0
3.173333  0.820343  0
3.200000  0.820058  0
3.226667  0.819766  0
3.253333  0.819469  0
3.280000  0.819169  0
3.306667  0.818868  0
3.333333  0.818565  0
3.360000  0.818263  0
3.386667  0.817960  0
3.413333  0.817659  0
3.440000  0.817359  0
3.466667  0.817062  0
3.493333  0.816767  0
3.520000  0.816475  0
3.546667  0.816188  0
3.573333  0.815906  0
3.600000  0.815629  0
3.626667  0.815358  0
3.653333  0.815093  0
3.680000  0.814835  0
3.706667  0.814583  0
3.733333  0.814337  0
3.760000  0.814098  0
3.786667  0.813864  0
3.813333  0.813634  0
3.840000  0.813408  0
3.866667  0.813185  0
3.893333  0.812963  0
3.920000  0.812742  0
3.946667  0.812519  0
3.973333  0.812293  0
4.000000  0.812063  0
4.026667  0.811825  0
4.053333  0.811578  0
4.080000  0.811320  0
4.106667  0.811046  0
4.133333  0.810756  0
4.160000  0.810446  0
4.186667  0.810115  0
4.213333  0.809760  0
4.240000  0.809381  0
4.266667  0.808977  0
4.293333  0.808549  0
4.320000  0.808097  0
4.346667  0.807623  0
4.373333  0.807129  0
4.400000  0.806618  0
4.426667  0.806091  0
4.453333  0.805553  0
4.480000  0.805005  0
4.506667  0.804450  0
4.533333  0.803893  0
4.560000  0.803334  0
4.586667  0.802777  0
4.613333  0.802226  0
4.640000  0.801682  0
4.666667  0.801150  0
4.693333  0.800633  0
4.720000  0.800133  0
4.746667  0.799655  0
4.773333  0.799202  0
4.800000  0.798775  0
4.826667  0.798378  0
4.853333  0.798011  0
4.880000  0.797675  0
4.906667  0.797370  0
4.933333  0.797095  0
4.960000  0.796846  0
4.986667  0.796622  0
5.013333  0.796419  0
5.040000  0.796234  0
5.066667  0.796061  0
5.093333  0.795897  0
5.120000  0.795738  0
5.146667  0.795578  0
5.173333  0.795414  0
5.200000  0.795241  0
5.226667  0.795054  0
5.253333  0.794850  0
5.280000  0.794623  0
5.306667  0.794370  0
5.333333  0.794089  0
5.360000  0.793776  0
5.386667  0.793429  0
5.413333  0.793048  0
5.440000  0.792632  0
5.466667  0.792180  0
5.493333  0.791695  0
5.520000  0.791177  0
5.546667  0.790627  0
5.573333  0.790045  0
5.600000  0.789434  0
5.626667  0.788792  0
5.653333  0.788121  0
5.680000  0.787419  0
5.706667  0.786686  0
5.733333  0.785922  0
5.760000  0.785126  0
5.786667  0.784299  0
5.813333  0.783441  0
5.840000  0.782555  0
5.866667  0.781641  0
5.893333  0.780704  0
5.920000  0.779746  0
5.946667  0.778771  0
5.973333  0.777784  0
6.000000  0.776789  0
6.026667  0.775789  0
6.053333  0.774790  0
6.080000  0.773796  0
6.106667  0.772809  0
6.133333  0.771834  0
6.160000  0.770873  0
6.186667  0.769928  0
6.213333  0.769000  0
6.240000  0.768091  0
6.266667  0.767199  0
6.293333  0.766323  0
6.320000  0.765461  0
6.346667  0.764610  0
6.373333  0.763765  0
6.400000  0.762919  0
6.426667  0.762068  0
6.453333  0.761202  0
6.480000  0.760312  0
6.506667  0.759390  0
6.533333  0.758426  0
6.560000  0.757409  0
6.586667  0.756331  0
6.613333  0.755185  0
6.640000  0.753966  0
6.666667  0.752673  0
6.693333  0.751309  0
6.720000  0.749885  0
6.746667  0.748414  0
6.773333  0.746918  0
6.800000  0.745421  0
6.826667  0.743955  0
6.853333  0.742551  0
6.880000  0.741242  0
6.906667  0.740058  0
6.933333  0.739023  0
6.960000  0.738152  0
6.986667  0.737452  0
7.013333  0.736916  0
7.040000  0.736528  0
7.066667  0.736259  0
7.093333  0.736073  0
7.120000  0.735930  0
7.146667  0.735791  0
7.173333  0.735617  0
7.200000  0.735378  0
7.226667  0.735052  0
7.253333  0.734628  0
7.280000  0.734104  0
7.306667  0.733486  0
7.333333  0.732786  0
7.360000  0.732019  0
7.386667  0.731199  0
7.413333  0.730340  0
7.440000  0.729453  0
7.466667  0.728543  0
7.493333  0.727613  0
7.520000  0.726661  0
7.546667  0.725686  0
7.573333  0.724682  0
7.600000  0.723644  0
7.626667  0.722569  0
7.653333  0.721452  0
7.680000  0.720290  0
7.706667  0.719078  0
7.733333  0.717812  0
7.760000  0.716489  0
7.786667  0.715104  0
7.813333  0.713652  0
7.840000  0.712129  0
7.866667  0.710532  0
7.893333  0.708860  0
7.920000  0.707114  0
7.946667  0.705296  0
7.973333  0.703412  0
8.000000  0.701470  0
8.026667  0.699478  0
8.053333  0.697447  0
8.080000  0.695389  0
8.106667  0.693315  0
8.133333  0.691239  0
8.160000  0.689175  0
8.186667  0.687139  0
8.213333  0.685146  0
8.240000  0.683213  0
8.266667  0.681356  0
8.293333  0.679590  0
8.320000  0.677925  0
8.346667  0.676372  0
8.373333  0.674934  0
8.400000  0.673612  0
8.426667  0.672399  0
8.453333  0.671287  0
8.480000  0.670264  0
8.506667  0.669316  0
8.533333  0.668427  0
8.560000  0.667585  0
8.586667  0.666777  0
8.613333  0.665994  0
8.640000  0.665228  0
8.666667  0.664475  0
8.693333  0.663733  0
8.720000  0.663001  0
8.746667  0.662282  0
8.773333  0.661577  0
8.800000  0.660891  0
8.826667  0.660230  0
8.853333  0.659598  0
8.880000  0.659002  0
8.906667  0.658448  0
8.933333  0.657938  0
8.960000  0.657475  0
8.986667  0.657057  0
9.013333  0.656679  0
9.040000  0.656332  0
9.066667  0.656003  0
9.093333  0.655681  0
9.120000  0.655351  0
9.146667  0.655002  0
9.173333  0.654626  0
9.200000  0.654219  0
9.226667  0.653783  0
9.253333  0.653324  0
9.280000  0.652853  0
9.306667  0.652383  0
9.333333  0.651929  0
9.360000  0.651503  0
9.386667  0.651118  0
9.413333  0.650780  0
9.440000  0.650492  0
9.466667  0.650252  0
9.493333  0.650055  0
9.520000  0.649889  0
9.546667  0.649745  0
9.573333  0.649610  0
9.600000  0.649471  0
9.626667  0.649319  0
9.653333  0.649146  0
9.680000  0.648945  0
9.706667  0.648715  0
9.733333  0.648452  0
9.760000  0.648158  0
9.786667  0.647831  0
9.813333  0.647472  0
9.840000  0.647082  0
9.866667  0.646659  0
9.893333  0.646206  0
9.920000  0.645723  0
9.946667  0.645215  0
9.973333  0.644687  0
10.000000  0.644148  0
10.026667  0.643608  0
10.053333  0.643079  0
10.080000  0.642575  0
10.106667  0.642107  0
10.133333  0.641684  0
10.160000  0.641313  0
10.186667  0.640995  0
10.213333  0.640727  0
10.240000  0.640500  0
10.266667  0.640305  0
10.293333  0.640127  0
10.320000  0.639954  0
10.346667  0.639772  0
10.373333  0.639572  0
10.400000  0.639346  0
10.426667  0.639091  0
10.453333  0.638806  0
10.480000  0.638494  0
10.506667  0.638158  0
10.533333  0.637802  0
10.560000  0.637430  0
10.586667  0.637044  0
10.613333  0.636645  0
10.640000  0.636232  0
10.666667  0.635802  0
10.693333  0.635349  0
10.720000  0.634868  0
10.746667  0.634355  0
10.773333  0.633803  0
10.800000  0.633211  0
10.826667  0.632575  0
10.853333  0.631897  0
10.880000  0.631176  0
10.906667  0.630418  0
10.933333  0.629624  0
10.960000  0.628800  0
10.986667  0.627950  0
11.013333  0.627078  0
11.040000  0.626188  0
11.066667  0.625285  0
11.093333  0.624374  0
11.120000  0.623463  0
11.146667  0.622560  0
11.173333  0.621674  0
11.200000  0.620816  0
11.226667  0.619998  0
11.253333  0.619230  0
11.280000  0.618523  0
11.306667  0.617885  0
11.333333  0.617319  0
11.360000  0.616829  0
11.386667  0.616413  0
11.413333  0.616067  0
11.440000  0.615786  0
11.466667  0.615563  0
11.493333  0.615392  0
11.520000  0.615265  0
11.546667  0.615177  0
11.573333  0.615121  0
11.600000  0.615089  0
11.626667  0.615071  0
11.653333  0.615059  0
11.680000  0.615039  0
11.706667  0.614998  0
11.733333  0.614923  0
11.760000  0.614804  0
11.786667  0.614630  0
11.813333  0.614398  0
11.840000  0.614109  0
11.866667  0.613768  0
11.893333  0.613388  0
11.920000  0.612981  0
11.946667  0.612562  0
11.973333  0.612147  0
12.000000  0.611748  0
12.026667  0.611373  0
12.053333  0.611025  0
12.080000  0.610707  0
12.106667  0.610413  0
12.133333  0.610138  0
12.160000  0.609876  0
12.186667  0.609619  0
12.213333  0.609362  0
12.240000  0.609101  0
12.266667  0.608834  0
12.293333  0.608562  0
12.320000  0.608287  0
12.346667  0.608014  0
12.373333  0.607746  0
12.400000  0.607490  0
12.426667  0.607251  0
12.453333  0.607030  0
12.480000  0.606832  0
12.506667  0.606657  0
12.533333  0.606501  0
12.560000  0.606359  0
12.586667  0.606226  0
12.613333  0.606092  0
12.640000  0.605946  0
12.666667  0.605776  0
12.693333  0.605573  0
12.720000  0.605327  0
12.746667  0.605029  0
12.773333  0.604675  0
12.800000  0.604262  0
12.826667  0.603792  0
12.853333  0.603267  0
12.880000  0.602693  0
12.906667  0.602080  0
12.933333  0.601437  0
12.960000  0.600774  0
12.986667  0.600103  0
13.013333  0.599435  0
13.040000  0.598781  0
13.066667  0.598150  0
13.093333  0.597550  0
13.120000  0.596986  0
13.146667  0.596462  0
13.173333  0.595979  0
13.200000  0.595537  0
13.226667  0.595132  0
13.253333  0.594761  0
13.280000  0.594420  0
13.306667  0.594105  0
13.333333  0.593813  0
13.360000  0.593540  0
13.386667  0.593285  0
13.413333  0.593044  0
13.440000  0.592815  0
13.466667  0.592595  0
13.493333  0.592381  0
13.520000  0.592168  0
13.546667  0.591950  0
13.573333  0.591723  0
13.600000  0.591483  0
13.626667  0.591227  0
13.653333  0.590954  0
13.680000  0.590666  0
13.706667  0.590366  0
13.733333  0.590060  0
13.760000  0.589752  0
13.786667  0.589448  0
13.813333  0.589151  0
13.840000  0.588861  0
13.866667  0.588576  0
13.893333  0.588289  0
13.920000  0.587992  0
13.946667  0.587675  0
13.973333  0.587330  0
14.000000  0.586949  0
14.026667  0.586529  0
14.053333  0.586070  0
14.080000  0.585577  0
14.106667  0.585059  0
14.133333  0.584528  0
14.160000  0.583995  0
14.186667  0.583472  0
14.213333  0.582970  0
14.240000  0.582495  0
14.266667  0.582048  0
14.293333  0.581629  0
14.320000  0.581233  0
14.346667  0.580854  0
14.373333  0.580486  0
14.400000  0.580123  0
14.426667  0.579762  0
14.453333  0.579405  0
14.480000  0.579058  0
14.506667  0.578728  0
14.533333  0.578431  0
14.560000  0.578180  0
14.586667  0.577993  0
14.613333  0.577885  0
14.640000  0.577869  0
14.666667  0.577952  0
14.693333  0.578135  0
14.720000  0.578413  0
14.746667  0.578772  0
14.773333  0.579191  0
14.800000  0.579647  0
14.826667  0.580110  0
14.853333  0.580552  0
14.880000  0.580949  0
14.906667  0.581281  0
14.933333  0.581533  0
14.960000  0.581701  0
14.986667  0.581787  0
15.013333  0.581799  0
15.040000  0.581751  0
15.066667  0.581657  0
15.093333  0.581535  0
15.120000  0.581398  0
15.146667  0.581259  0
15.173333  0.581128  0
15.200000  0.581011  0
15.226667  0.580910  0
15.253333  0.580827  0
15.280000  0.580761  0
15.306667  0.580709  0
15.333333  0.580669  0
15.360000  0.580639  0
15.386667  0.580617  0
15.413333  0.580600  0
15.440000  0.580587  0
15.466667  0.580577  0
15.493333  0.580569  0
15.520000  0.580562  0
15.546667  0.580557  0
15.573333  0.580553  0
15.600000  0.580549  0
15.626667  0.580547  0
15.653333  0.580544  0
15.680000  0.580543  0
15.706667  0.580541  0
15.733333  0.580540  0
15.760000  0.580539  0
15.786667  0.580539  0
15.813333  0.580538  0
15.840000  0.580538  0
15.866667  0.580538  0
15.893333  0.580538  0
15.920000  0.580538  0
15.946667  0.580538  0
15.973333  0.580538  0
16.000000  0.580538  0
16.026667  0.580538  0
16.053333  0.580538  0
16.080000  0.580538  0
16.106667  0.580538  0
16.133333  0.580538  0
16.160000  0.580538  0
16.186667  0.580538  0
16.213333  0.580538  0
16.240000  0.580538  0
16.266667  0.580538  0
16.293333  0.580538  0
16.320000  0.580538  0
16.346667  0.580538  0
16.373333  0.580538  0
16.400000  0.580538  0
16.426667  0.580538  0
16.453333  0.580538  0
16.480000  0.580538  0
16.506667  0.580538  0
16.533333  0.580538  0
16.560000  0.580538  0
16.586667  0.580538  0
16.613333  0.580538  0
16.640000  0.580538  0
16.666667  0.580538  0
16.693333  0.580538  0
16.720000  0.580538  0
16.746667  0.580538  0
16.773333  0.580538  0
16.800000  0.580538  0
16.826667  0.580538  0
16.853333  0.580538  0
16.880000  0.580538  0
16.906667  0.580538  0
16.933333  0.580538  0
16.960000  0.580538  0
16.986667  0.580538  0
17.013333  0.580538  0
17.040000  0.580538  0
17.066667  0.580538  0
17.093333  0.580538  0
17.120000  0.580538  0
17.146667  0.580538  0
17.173333  0.580538  0
17.200000  0.580537  0
17.226667  0.580537  0
17.253333  0.580537  0
17.280000  0.580536  0
17.306667  0.580535  0
17.333333  0.580534  0
17.360000  0.580531  0
17.386667  0.580527  0
17.413333  0.580521  0
17.440000  0.580513  0
17.466667  0.580501  0
17.493333  0.580484  0
17.520000  0.580462  0
17.546667  0.580432  0
17.573333  0.580394  0
17.600000  0.580345  0
17.626667  0.580284  0
17.653333  0.580211  0
17.680000  0.580124  0
17.706667  0.580022  0
17.733333  0.579905  0
17.760000  0.579774  0
17.786667  0.579628  0
17.813333  0.579469  0
17.840000  0.579298  0
17.866667  0.579115  0
17.893333  0.578924  0
17.920000  0.578724  0
17.946667  0.578517  0
17.973333  0.578304  0
18.000000  0.578087  0
18.026667  0.577865  0
18.053333  0.577640  0
18.080000  0.577411  0
18.106667  0.577179  0
18.133333  0.576944  0
18.160000  0.576705  0
18.186667  0.576462  0
18.213333  0.576216  0
18.240000  0.575966  0
18.266667  0.575712  0
18.293333  0.575454  0
18.320000  0.575192  0
18.346667  0.574927  0
18.373333  0.574659  0
18.400000  0.574388  0
18.426667  0.574115  0
18.453333  0.573840  0
18.480000  0.573563  0
18.506667  0.573285  0
18.533333  0.573007  0
18.560000  0.572728  0
18.586667  0.572449  0
18.613333  0.572171  0
18.640000  0.571893  0
18.666667  0.571617  0
18.693333  0.571342  0
18.720000  0.571069  0
18.746667  0.570798  0
18.773333  0.570530  0
18.800000  0.570265  0
18.826667  0.570003  0
18.853333  0.569745  0
18.880000  0.569491  0
18.906667  0.569241  0
18.933333  0.568995  0
18.960000  0.568753  0
18.986667  0.568514  0
19.013333  0.568279  0
19.040000  0.568047  0
19.066667  0.567818  0
19.093333  0.567593  0
19.120000  0.567371  0
19.146667  0.567154  0
19.173333  0.566942  0
19.200000  0.566735  0
19.226667  0.566536  0
19.253333  0.566344  0
19.280000  0.566162  0
19.306667  0.565991  0
19.333333  0.565833  0
19.360000  0.565688  0
19.386667  0.565557  0
19.413333  0.565440  0
19.440000  0.565339  0
19.466667  0.565252  0
19.493333  0.565179  0
19.520000  0.565119  0
19.546667  0.565071  0
19.573333  0.565033  0
19.600000  0.565003  0
19.626667  0.564981  0
19.653333  0.564964  0
19.680000  0.564953  0
19.706667  0.564944  0
19.733333  0.564938  0
19.760000  0.564935  0
19.786667  0.564932  0
19.813333  0.564931  0
19.840000  0.564930  0
19.866667  0.564929  0
19.893333  0.564929  0
19.920000  0.564928  0
19.946667  0.564928  0
19.973333  0.564928  0
20.000000  0.564928  0
20.026667  0.564928  0
20.053333  0.564928  0
20.080000  0.564928  0
20.106667  0.564928  0
20.133333  0.564928  0
20.160000  0.564928  0
20.186667  0.564928  0
20.213333  0.564928  0
20.240000  0.564928  0
20.266667  0.564928  0
20.293333  0.564928  0
20.320000  0.564928  0
20.346667  0.564928  0
20.373333  0.564928  0
20.400000  0.564928  0
20.426667  0.564928  0
20.453333  0.564928  0
20.480000  0.564928  0
20.506667  0.564928  0
20.533333  0.564928  0
20.560000  0.564928  0
20.586667  0.564928  0
20.613333  0.564928  0
20.640000  0.564928  0
20.666667  0.564927  0
20.693333  0.564927  0
20.720000  0.564925  0
20.746667  0.564924  0
20.773333  0.564921  0
20.800000  0.564916  0
20.826667  0.564910  0
20.853333  0.564900  0
20.880000  0.564886  0
20.906667  0.564868  0
20.933333  0.564842  0
20.960000  0.564808  0
20.986667  0.564765  0
21.013333  0.564709  0
21.040000  0.564641  0
21.066667  0.564557  0
21.093333  0.564458  0
21.120000  0.564343  0
21.146667  0.564211  0
21.173333  0.564062  0
21.200000  0.563897  0
21.226667  0.563717  0
21.253333  0.563523  0
21.280000  0.563317  0
21.306667  0.563101  0
21.333333  0.562875  0
21.360000  0.562643  0
21.386667  0.562404  0
21.413333  0.562160  0
21.440000  0.561913  0
21.466667  0.561663  0
21.493333  0.561410  0
21.520000  0.561156  0
21.546667  0.560900  0
21.573333  0.560643  0
21.600000  0.560385  0
21.626667  0.560126  0
21.653333  0.559866  0
21.680000  0.559605  0
21.706667  0.559343  0
21.733333  0.559081  0
21.760000  0.558817  0
21.786667  0.558553  0
21.813333  0.558288  0
21.840000  0.558022  0
21.866667  0.557755  0
21.893333  0.557487  0
21.920000  0.557218  0
21.946667  0.556947  0
21.973333  0.556674  0
22.000000  0.556401  0
22.026667  0.556125  0
22.053333  0.555847  0
22.080000  0.555568  0
22.106667  0.555287  0
22.133333  0.555005  0
22.160000  0.554720  0
22.186667  0.554435  0
22.213333  0.554148  0
22.240000  0.553860  0
22.266667  0.553571  0
22.293333  0.553281  0
22.320000  0.552990  0
22.346667  0.552698  0
22.373333  0.552404  0
22.400000  0.552109  0
22.426667  0.551811  0
22.453333  0.551512  0
22.480000  0.551209  0
22.506667  0.550902  0
22.533333  0.550591  0
22.560000  0.550275  0
22.586667  0.549953  0
22.613333  0.549626  0
22.640000  0.549291  0
22.666667  0.548950  0
22.693333  0.548602  0
22.720000  0.548248  0
22.746667  0.547887  0
22.773333  0.547520  0
22.800000  0.547149  0
22.826667  0.546772  0
22.853333  0.546392  0
22.880000  0.546009  0
22.906667  0.545623  0
22.933333  0.545235  0
22.960000  0.544846  0
22.986667  0.544457  0
23.013333  0.544067  0
23.040000  0.543678  0
23.066667  0.543290  0
23.093333  0.542905  0
23.120000  0.542522  0
23.146667  0.542144  0
23.173333  0.541773  0
23.200000  0.541409  0
23.226667  0.541055  0
23.253333  0.540713  0
23.280000  0.540386  0
23.306667  0.540074  0
23.333333  0.539780  0
23.360000  0.539505  0
23.386667  0.539249  0
23.413333  0.539012  0
23.440000  0.538791  0
23.466667  0.538586  0
23.493333  0.538394  0
23.520000  0.538211  0
23.546667  0.538033  0
23.573333  0.537858  0
23.600000  0.537682  0
23.626667  0.537501  0
23.653333  0.537315  0
23.680000  0.537122  0
23.706667  0.536920  0
23.733333  0.536709  0
23.760000  0.536490  0
23.786667  0.536263  0
23.813333  0.536030  0
23.840000  0.535791  0
23.866667  0.535548  0
23.893333  0.535302  0
23.920000  0.535054  0
23.946667  0.534805  0
23.973333  0.534556  0
24.000000  0.534308  0
24.026667  0.534063  0
24.053333  0.533822  0
24.080000  0.533586  0
24.106667  0.533357  0
24.133333  0.533136  0
24.160000  0.532926  0
24.186667  0.532728  0
24.213333  0.532544  0
24.240000  0.532375  0
24.266667  0.532222  0
24.293333  0.532086  0
24.320000  0.531966  0
24.346667  0.531864  0
24.373333  0.531776  0
24.400000  0.531704  0
24.426667  0.531644  0
24.453333  0.531594  0
24.480000  0.531553  0
24.506667  0.531517  0
24.533333  0.531485  0
24.560000  0.531453  0
24.586667  0.531419  0
24.613333  0.531380  0
24.640000  0.531334  0
24.666667  0.531278  0
24.693333  0.531211  0
24.720000  0.531131  0
24.746667  0.531035  0
24.773333  0.530924  0
24.800000  0.530796  0
24.826667  0.530653  0
24.853333  0.530493  0
24.880000  0.530318  0
24.906667  0.530130  0
24.933333  0.529929  0
24.960000  0.529718  0
24.986667  0.529498  0
25.013333  0.529270  0
25.040000  0.529037  0
25.066667  0.528800  0
25.093333  0.528560  0
25.120000  0.528317  0
25.146667  0.528074  0
25.173333  0.527832  0
25.200000  0.527590  0
25.226667  0.527351  0
25.253333  0.527116  0
25.280000  0.526885  0
25.306667  0.526661  0
25.333333  0.526445  0
25.360000  0.526239  0
25.386667  0.526044  0
25.413333  0.525862  0
25.440000  0.525695  0
25.466667  0.525543  0
25.493333  0.525407  0
25.520000  0.525288  0
25.546667  0.525185  0
25.573333  0.525098  0
25.600000  0.525026  0
25.626667  0.524967  0
25.653333  0.524921  0
25.680000  0.524884  0
25.706667  0.524857  0
25.733333  0.524836  0
25.760000  0.524821  0
25.786667  0.524810  0
25.813333  0.524803  0
25.840000  0.524798  0
25.866667  0.524795  0
25.893333  0.524793  0
25.920000  0.524791  0
25.946667  0.524791  0
25.973333  0.524790  0
26.000000  0.524790  0
26.026667  0.524790  0
26.053333  0.524789  0
26.080000  0.524789  0
26.106667  0.524789  0
26.133333  0.524789  0
26.160000  0.524789  0
26.186667  0.524789  0
26.213333  0.524789  0
26.240000  0.524789  0
26.266667  0.524789  0
26.293333  0.524789  0
26.320000  0.524789  0
26.346667  0.524789  0
26.373333  0.524789  0
26.400000  0.524789  0
26.426667  0.524789  0
26.453333  0.524789  0
26.480000  0.524789  0
26.506667  0.524789  0
26.533333  0.524789  0
26.560000  0.524789  0
26.586667  0.524789  0
26.613333  0.524789  0
26.640000  0.524789  0
26.666667  0.524789  0
26.693333  0.524789  0
26.720000  0.524789  0
26.746667  0.524789  0
26.773333  0.524789  0
