3.386667  0.789643  0
3.413333  0.787919  0
3.440000  0.785398  0
3.466667  0.782720  0
3.493333  0.780029  0
3.520000  0.777339  0
3.546667  0.774648  0
3.573333  0.771957  0
3.600000  0.769267  0
3.626667  0.766576  0
3.653333  0.763885  0
3.680000  0.761195  0
3.706667  0.758511  0
3.733333  0.755867  0
3.760000  0.753332  0
3.786667  0.750936  0
3.813333  0.748615  0
3.840000  0.746311  0
3.866667  0.744009  0
3.893333  0.741706  0
3.920000  0.739403  0
3.946667  0.737100  0
3.973333  0.734797  0
4.000000  0.732495  0
4.026667  0.730192  0
4.053333  0.727889  0
4.080000  0.725587  0
4.106667  0.723297  0
4.133333  0.721062  0
4.160000  0.718933  0
4.186667  0.716890  0
4.213333  0.714882  0
4.240000  0.712880  0
4.266667  0.710878  0
4.293333  0.708876  0
4.320000  0.706874  0
4.346667  0.704872  0
4.373333  0.702870  0
4.400000  0.700868  0
4.426667  0.698867  0
4.453333  0.696866  0
4.480000  0.694875  0
4.506667  0.692929  0
4.533333  0.691063  0
4.560000  0.689250  0
4.586667  0.687452  0
4.613333  0.685656  0
4.640000  0.683861  0
4.666667  0.682065  0
4.693333  0.680269  0
4.720000  0.678473  0
4.746667  0.676678  0
4.773333  0.674882  0
4.800000  0.673086  0
4.826667  0.671291  0
4.853333  0.669502  0
4.880000  0.667720  0
4.906667  0.665945  0
4.933333  0.664171  0
4.960000  0.662398  0
4.986667  0.660625  0
5.013333  0.658851  0
5.040000  0.657078  0
5.066667  0.655305  0
5.093333  0.653531  0
5.120000  0.651758  0
5.146667  0.649984  0
5.173333  0.648206  0
5.200000  0.646411  0
5.226667  0.644584  0
5.253333  0.642735  0
5.280000  0.640879  0
5.306667  0.639021  0
5.333333  0.637164  0
5.360000  0.635306  0
5.386667  0.633449  0
5.413333  0.631592  0
5.440000  0.629734  0
5.466667  0.627877  0
5.493333  0.626019  0
5.520000  0.624160  0
5.546667  0.622283  0
5.573333  0.620297  0
5.600000  0.618019  0
5.626667  0.615379  0
5.653333  0.612545  0
5.680000  0.609670  0
5.706667  0.606792  0
5.733333  0.603913  0
5.760000  0.601035  0
5.786667  0.598156  0
5.813333  0.595271  0
5.840000  0.592348  0
5.866667  0.589329  0
5.893333  0.586195  0
5.920000  0.583001  0
5.946667  0.579794  0
5.973333  0.576587  0
6.000000  0.573379  0
6.026667  0.570175  0
6.053333  0.567017  0
6.080000  0.564068  0
6.106667  0.561480  0
6.133333  0.559137  0
6.160000  0.556867  0
6.186667  0.554606  0
6.213333  0.552345  0
6.240000  0.550085  0
6.266667  0.547824  0
6.293333  0.545568  0
6.320000  0.543364  0
6.346667  0.541394  0
6.373333  0.539824  0
6.400000  0.538516  0
6.426667  0.537279  0
6.453333  0.536050  0
6.480000  0.534822  0
6.506667  0.533594  0
6.533333  0.532366  0
6.560000  0.531137  0
6.586667  0.529909  0
6.613333  0.528681  0
6.640000  0.527432  0
6.666667  0.525941  0
6.693333  0.523436  0
6.720000  0.519666  0
6.746667  0.516287  0
6.773333  0.514502  0
6.800000  0.513670  0
6.826667  0.513044  0
6.853333  0.512435  0
6.880000  0.511831  0
6.906667  0.511251  0
6.933333  0.510727  0
6.960000  0.510259  0
6.986667  0.509818  0
7.013333  0.509382  0
7.040000  0.508947  0
7.066667  0.508512  0
7.093333  0.508076  0
7.120000  0.507628  0
7.146667  0.507032  0
7.173333  0.505854  0
7.200000  0.504078  0
7.226667  0.502633  0
7.253333  0.501862  0
7.280000  0.501421  0
7.306667  0.501080  0
7.333333  0.500772  0
7.360000  0.500456  0
7.386667  0.500092  0
7.413333  0.499637  0
7.440000  0.499058  0
7.466667  0.498345  0
7.493333  0.497507  0
7.520000  0.496574  0
7.546667  0.495584  0
7.573333  0.494568  0
7.600000  0.493547  0
7.626667  0.492526  0
7.653333  0.491494  0
7.680000  0.490436  0
7.706667  0.489332  0
7.733333  0.488166  0
7.760000  0.486925  0
7.786667  0.485601  0
7.813333  0.484193  0
7.840000  0.482706  0
7.866667  0.481151  0
7.893333  0.479541  0
7.920000  0.477891  0
7.946667  0.476209  0
7.973333  0.474501  0
8.000000  0.472770  0
8.026667  0.471030  0
8.053333  0.469307  0
8.080000  0.467644  0
8.106667  0.466088  0
8.133333  0.464678  0
8.160000  0.463429  0
8.186667  0.462325  0
8.213333  0.461330  0
8.240000  0.460395  0
8.266667  0.459482  0
8.293333  0.458576  0
8.320000  0.457685  0
8.346667  0.456829  0
8.373333  0.456029  0
8.400000  0.455293  0
8.426667  0.454613  0
8.453333  0.453974  0
8.480000  0.453368  0
8.506667  0.452800  0
8.533333  0.452288  0
8.560000  0.451861  0
8.586667  0.451540  0
8.613333  0.451332  0
8.640000  0.451226  0
8.666667  0.451195  0
8.693333  0.451207  0
8.720000  0.451230  0
8.746667  0.451239  0
8.773333  0.451222  0
8.800000  0.451172  0
8.826667  0.451091  0
8.853333  0.450985  0
8.880000  0.450859  0
8.906667  0.450720  0
8.933333  0.450573  0
8.960000  0.450421  0
8.986667  0.450266  0
9.013333  0.450110  0
9.040000  0.449954  0
9.066667  0.449797  0
9.093333  0.449640  0
9.120000  0.449482  0
9.146667  0.449323  0
9.173333  0.449161  0
9.200000  0.448995  0
9.226667  0.448823  0
9.253333  0.448641  0
9.280000  0.448450  0
9.306667  0.448251  0
9.333333  0.448053  0
9.360000  0.447868  0
9.386667  0.447712  0
9.413333  0.447597  0
9.440000  0.447529  0
9.466667  0.447504  0
9.493333  0.447506  0
9.520000  0.447511  0
9.546667  0.447492  0
9.573333  0.447426  0
9.600000  0.447301  0
9.626667  0.447114  0
9.653333  0.446878  0
9.680000  0.446616  0
9.706667  0.446355  0
9.733333  0.446120  0
9.760000  0.445927  0
9.786667  0.445778  0
9.813333  0.445658  0
9.840000  0.445537  0
9.866667  0.445372  0
9.893333  0.445112  0
9.920000  0.444709  0
9.946667  0.444134  0
9.973333  0.443387  0
10.000000  0.442506  0
10.026667  0.441562  0
10.053333  0.440644  0
10.080000  0.439838  0
10.106667  0.439209  0
10.133333  0.438791  0
10.160000  0.438583  0
10.186667  0.438549  0
10.213333  0.438630  0
10.240000  0.438750  0
10.266667  0.438837  0
10.293333  0.438836  0
10.320000  0.438722  0
10.346667  0.438495  0
10.373333  0.438176  0
10.400000  0.437793  0
10.426667  0.437375  0
10.453333  0.436941  0
10.480000  0.436506  0
10.506667  0.436073  0
10.533333  0.435642  0
10.560000  0.435208  0
10.586667  0.434768  0
10.613333  0.434322  0
10.640000  0.433879  0
10.666667  0.433456  0
10.693333  0.433073  0
10.720000  0.432750  0
10.746667  0.432497  0
10.773333  0.432318  0
10.800000  0.432206  0
10.826667  0.432147  0
10.853333  0.432124  0
10.880000  0.432118  0
10.906667  0.432111  0
10.933333  0.432082  0
10.960000  0.432013  0
10.986667  0.431890  0
11.013333  0.431704  0
11.040000  0.431454  0
11.066667  0.431152  0
11.093333  0.430821  0
11.120000  0.430492  0
11.146667  0.430198  0
11.173333  0.429964  0
11.200000  0.429799  0
11.226667  0.429693  0
11.253333  0.429621  0
11.280000  0.429546  0
11.306667  0.429433  0
11.333333  0.429256  0
11.360000  0.429004  0
11.386667  0.428690  0
11.413333  0.428337  0
11.440000  0.427977  0
11.466667  0.427636  0
11.493333  0.427328  0
11.520000  0.427049  0
11.546667  0.426787  0
11.573333  0.426527  0
11.600000  0.426263  0
11.626667  0.425997  0
11.653333  0.425737  0
11.680000  0.425488  0
11.706667  0.425253  0
11.733333  0.425025  0
11.760000  0.424798  0
11.786667  0.424567  0
11.813333  0.424335  0
11.840000  0.424107  0
11.866667  0.423896  0
11.893333  0.423708  0
11.920000  0.423545  0
11.946667  0.423406  0
11.973333  0.423280  0
12.000000  0.423159  0
12.026667  0.423036  0
12.053333  0.422905  0
12.080000  0.422767  0
12.106667  0.422624  0
12.133333  0.422477  0
12.160000  0.422332  0
12.186667  0.422190  0
12.213333  0.422057  0
12.240000  0.421935  0
12.266667  0.421829  0
12.293333  0.421743  0
12.320000  0.421675  0
12.346667  0.421618  0
12.373333  0.421562  0
12.400000  0.421494  0
12.426667  0.421407  0
12.453333  0.421299  0
12.480000  0.421179  0
12.506667  0.421057  0
12.533333  0.420940  0
12.560000  0.420832  0
12.586667  0.420735  0
12.613333  0.420641  0
12.640000  0.420545  0
12.666667  0.420436  0
12.693333  0.420306  0
12.720000  0.420152  0
12.746667  0.419976  0
12.773333  0.419790  0
12.800000  0.419610  0
12.826667  0.419455  0
12.853333  0.419334  0
12.880000  0.419252  0
12.906667  0.419200  0
12.933333  0.419166  0
12.960000  0.419134  0
12.986667  0.419090  0
13.013333  0.419024  0
13.040000  0.418932  0
13.066667  0.418814  0
13.093333  0.418672  0
13.120000  0.418507  0
13.146667  0.418317  0
13.173333  0.418101  0
13.200000  0.417857  0
13.226667  0.417593  0
13.253333  0.417320  0
13.280000  0.417056  0
13.306667  0.416818  0
13.333333  0.416620  0
13.360000  0.416470  0
13.386667  0.416366  0
13.413333  0.416302  0
13.440000  0.416268  0
13.466667  0.416253  0
13.493333  0.416248  0
13.520000  0.416246  0
13.546667  0.416241  0
13.573333  0.416227  0
13.600000  0.416203  0
13.626667  0.416164  0
13.653333  0.416112  0
13.680000  0.416048  0
13.706667  0.415978  0
13.733333  0.415903  0
13.760000  0.415827  0
13.786667  0.415743  0
13.813333  0.415643  0
13.840000  0.415517  0
13.866667  0.415359  0
13.893333  0.415171  0
13.920000  0.414964  0
13.946667  0.414754  0
13.973333  0.414559  0
14.000000  0.414394  0
14.026667  0.414263  0
14.053333  0.414168  0
14.080000  0.414104  0
14.106667  0.414065  0
14.133333  0.414041  0
14.160000  0.414029  0
14.186667  0.414021  0
14.213333  0.414017  0
14.240000  0.414011  0
14.266667  0.414003  0
14.293333  0.413990  0
14.320000  0.413969  0
14.346667  0.413939  0
14.373333  0.413902  0
14.400000  0.413859  0
14.426667  0.413815  0
14.453333  0.413772  0
14.480000  0.413731  0
14.506667  0.413684  0
14.533333  0.413623  0
14.560000  0.413537  0
14.586667  0.413421  0
14.613333  0.413275  0
14.640000  0.413111  0
14.666667  0.412941  0
14.693333  0.412783  0
14.720000  0.412650  0
14.746667  0.412549  0
14.773333  0.412482  0
14.800000  0.412445  0
14.826667  0.412424  0
14.853333  0.412404  0
14.880000  0.412372  0
14.906667  0.412323  0
14.933333  0.412264  0
14.960000  0.412210  0
14.986667  0.412177  0
15.013333  0.412114  0
15.040000  0.412051  0
15.066667  0.411987  0
15.093333  0.411924  0
15.120000  0.411860  0
15.146667  0.411797  0
15.173333  0.411734  0
15.200000  0.411670  0
15.226667  0.411607  0
15.253333  0.411543  0
15.280000  0.411480  0
15.306667  0.411417  0
15.333333  0.411353  0
15.360000  0.411290  0
15.386667  0.411226  0
15.413333  0.411163  0
15.440000  0.411100  0
15.466667  0.411036  0
15.493333  0.410973  0
15.520000  0.410910  0
15.546667  0.410846  0
15.573333  0.410783  0
15.600000  0.410719  0
15.626667  0.410656  0
15.653333  0.410593  0
15.680000  0.410529  0
15.706667  0.410466  0
15.733333  0.410402  0
15.760000  0.410339  0
15.786667  0.410276  0
15.813333  0.410212  0
15.840000  0.410149  0
15.866667  0.410085  0
15.893333  0.410022  0
15.920000  0.409959  0
15.946667  0.409895  0
15.973333  0.409832  0
16.000000  0.409768  0
16.026667  0.409705  0
16.053333  0.409642  0
16.080000  0.409578  0
16.106667  0.409515  0
16.133333  0.409451  0
16.160000  0.409388  0
16.186667  0.409325  0
16.213333  0.409261  0
16.240000  0.409198  0
16.266667  0.409134  0
16.293333  0.409071  0
16.320000  0.409008  0
16.346667  0.408944  0
16.373333  0.408881  0
16.400000  0.408817  0
16.426667  0.408754  0
16.453333  0.408691  0
16.480000  0.408627  0
16.506667  0.408564  0
16.533333  0.408500  0
16.560000  0.408437  0
16.586667  0.408374  0
16.613333  0.408310  0
16.640000  0.408247  0
16.666667  0.408184  0
16.693333  0.408120  0
16.720000  0.408057  0
16.746667  0.407993  0
16.773333  0.407930  0
16.800000  0.407867  0
16.826667  0.407803  0
16.853333  0.407740  0
16.880000  0.407676  0
16.906667  0.407613  0
16.933333  0.407550  0
16.960000  0.407486  0
16.986667  0.407423  0
17.013333  0.407359  0
17.040000  0.407296  0
17.066667  0.407233  0
17.093333  0.407169  0
17.120000  0.407106  0
17.146667  0.407042  0
17.173333  0.406979  0
17.200000  0.406916  0
17.226667  0.406852  0
17.253333  0.406789  0
17.280000  0.406725  0
17.306667  0.406662  0
17.333333  0.406599  0
17.360000  0.406535  0
17.386667  0.406472  0
17.413333  0.406408  0
17.440000  0.406345  0
17.466667  0.406282  0
17.493333  0.406218  0
17.520000  0.406155  0
17.546667  0.406091  0
17.573333  0.406028  0
17.600000  0.405965  0
17.626667  0.405901  0
17.653333  0.405838  0
17.680000  0.405774  0
17.706667  0.405711  0
17.733333  0.405648  0
17.760000  0.405584  0
17.786667  0.405521  0
17.813333  0.405458  0
17.840000  0.405394  0
17.866667  0.405331  0
17.893333  0.405267  0
17.920000  0.405204  0
17.946667  0.405141  0
17.973333  0.405077  0
18.000000  0.405014  0
18.026667  0.404950  0
18.053333  0.404887  0
18.080000  0.404824  0
18.106667  0.404760  0
18.133333  0.404697  0
18.160000  0.404633  0
18.186667  0.404570  0
18.213333  0.404507  0
18.240000  0.404443  0
18.266667  0.404380  0
18.293333  0.404316  0
18.320000  0.404253  0
18.346667  0.404190  0
18.373333  0.404126  0
18.400000  0.404063  0
18.426667  0.403999  0
18.453333  0.403936  0
18.480000  0.403873  0
18.506667  0.403809  0
18.533333  0.403746  0
18.560000  0.403682  0
18.586667  0.403619  0
18.613333  0.403556  0
18.640000  0.403492  0
18.666667  0.403429  0
18.693333  0.403365  0
18.720000  0.403302  0
18.746667  0.403239  0
18.773333  0.403175  0
18.800000  0.403112  0
18.826667  0.403048  0
18.853333  0.402985  0
18.880000  0.402922  0
18.906667  0.402858  0
18.933333  0.402795  0
18.960000  0.402731  0
18.986667  0.402668  0
19.013333  0.402605  0
19.040000  0.402541  0
19.066667  0.402478  0
19.093333  0.402415  0
19.120000  0.402351  0
19.146667  0.402288  0
19.173333  0.402224  0
19.200000  0.402161  0
19.226667  0.402098  0
19.253333  0.402034  0
19.280000  0.401971  0
19.306667  0.401907  0
19.333333  0.401844  0
19.360000  0.401781  0
19.386667  0.401717  0
19.413333  0.401654  0
19.440000  0.401590  0
19.466667  0.401527  0
19.493333  0.401464  0
19.520000  0.401400  0
19.546667  0.401337  0
19.573333  0.401273  0
19.600000  0.401210  0
19.626667  0.401147  0
19.653333  0.401083  0
19.680000  0.401020  0
19.706667  0.400956  0
19.733333  0.400893  0
19.760000  0.400830  0
19.786667  0.400766  0
19.813333  0.400703  0
19.840000  0.400639  0
19.866667  0.400576  0
19.893333  0.400513  0
19.920000  0.400449  0
19.946667  0.400386  0
19.973333  0.400322  0
20.000000  0.400259  0
20.026667  0.400196  0
20.053333  0.400132  0
20.080000  0.400069  0
20.106667  0.400005  0
20.133333  0.399942  0
20.160000  0.399879  0
20.186667  0.399815  0
20.213333  0.399752  0
20.240000  0.399689  0
20.266667  0.399625  0
20.293333  0.399562  0
20.320000  0.399498  0
20.346667  0.399435  0
20.373333  0.399372  0
20.400000  0.399308  0
20.426667  0.399245  0
20.453333  0.399181  0
20.480000  0.399118  0
20.506667  0.399055  0
20.533333  0.398991  0
20.560000  0.398928  0
20.586667  0.398864  0
20.613333  0.398801  0
20.640000  0.398738  0
20.666667  0.398674  0
20.693333  0.398611  0
20.720000  0.398547  0
20.746667  0.398484  0
20.773333  0.398421  0
20.800000  0.398357  0
20.826667  0.398294  0
20.853333  0.398230  0
20.880000  0.398167  0
20.906667  0.398104  0
20.933333  0.398040  0
20.960000  0.397977  0
20.986667  0.397913  0
21.013333  0.397850  0
21.040000  0.397787  0
21.066667  0.397723  0
