2.773333  0.738017  0
2.800000  0.736964  0
2.826667  0.735912  0
2.853333  0.734859  0
2.880000  0.733806  0
2.906667  0.732754  0
2.933333  0.731701  0
2.960000  0.730649  0
2.986667  0.729596  0
3.013333  0.728543  0
3.040000  0.727491  0
3.066667  0.726438  0
3.093333  0.725386  0
3.120000  0.724333  0
3.146667  0.723280  0
3.173333  0.722228  0
3.200000  0.721175  0
3.226667  0.720123  0
3.253333  0.719070  0
3.280000  0.718017  0
3.306667  0.716965  0
3.333333  0.715912  0
3.360000  0.714859  0
3.386667  0.713807  0
3.413333  0.712754  0
3.440000  0.711702  0
3.466667  0.710649  0
3.493333  0.709596  0
3.520000  0.708544  0
3.546667  0.707491  0
3.573333  0.706439  0
3.600000  0.705386  0
3.626667  0.704333  0
3.653333  0.703281  0
3.680000  0.702228  0
3.706667  0.701176  0
3.733333  0.700123  0
3.760000  0.699070  0
3.786667  0.698018  0
3.813333  0.696965  0
3.840000  0.695913  0
3.866667  0.694860  0
3.893333  0.693807  0
3.920000  0.692755  0
3.946667  0.691702  0
3.973333  0.690649  0
4.000000  0.689597  0
4.026667  0.688544  0
4.053333  0.688194  0
4.080000  0.687844  0
4.106667  0.687177  0
4.133333  0.686488  0
4.160000  0.685524  0
4.186667  0.684519  0
4.213333  0.683284  0
4.240000  0.681993  0
4.266667  0.680521  0
4.293333  0.678984  0
4.320000  0.677311  0
4.346667  0.675571  0
4.373333  0.673738  0
4.400000  0.671843  0
4.426667  0.669891  0
4.453333  0.667889  0
4.480000  0.665857  0
4.506667  0.663794  0
4.533333  0.661722  0
4.560000  0.659639  0
4.586667  0.657563  0
4.613333  0.655500  0
4.640000  0.653451  0
4.666667  0.651439  0
4.693333  0.649444  0
4.720000  0.647512  0
4.746667  0.645594  0
4.773333  0.643763  0
4.800000  0.641942  0
4.826667  0.640228  0
4.853333  0.638517  0
4.880000  0.636933  0
4.906667  0.635349  0
4.933333  0.633897  0
4.960000  0.632793  0
4.986667  0.631689  0
5.013333  0.630584  0
5.040000  0.629480  0
5.066667  0.628376  0
5.093333  0.627272  0
5.120000  0.626168  0
5.146667  0.625063  0
5.173333  0.623959  0
5.200000  0.622855  0
5.226667  0.621751  0
5.253333  0.620647  0
5.280000  0.619542  0
5.306667  0.618442  0
5.333333  0.617795  0
5.360000  0.617148  0
5.386667  0.616502  0
5.413333  0.615855  0
5.440000  0.615209  0
5.466667  0.614562  0
5.493333  0.613915  0
5.520000  0.613269  0
5.546667  0.612622  0
5.573333  0.611976  0
5.600000  0.611329  0
5.626667  0.610682  0
5.653333  0.610036  0
5.680000  0.609424  0
5.706667  0.608939  0
5.733333  0.608454  0
5.760000  0.607969  0
5.786667  0.607484  0
5.813333  0.606999  0
5.840000  0.606514  0
5.866667  0.606029  0
5.893333  0.605544  0
5.920000  0.605059  0
5.946667  0.604574  0
5.973333  0.604089  0
6.000000  0.603604  0
6.026667  0.603119  0
6.053333  0.602634  0
6.080000  0.602149  0
6.106667  0.601664  0
6.133333  0.601179  0
6.160000  0.600694  0
6.186667  0.600209  0
6.213333  0.599724  0
6.240000  0.599239  0
6.266667  0.598755  0
6.293333  0.598270  0
6.320000  0.597785  0
6.346667  0.597300  0
6.373333  0.596815  0
6.400000  0.596330  0
6.426667  0.595845  0
6.453333  0.595360  0
6.480000  0.594875  0
6.506667  0.594390  0
6.533333  0.593892  0
6.560000  0.592880  0
6.586667  0.591867  0
6.613333  0.590855  0
6.640000  0.589843  0
6.666667  0.588831  0
6.693333  0.587819  0
6.720000  0.586807  0
6.746667  0.585795  0
6.773333  0.584783  0
6.800000  0.583771  0
6.826667  0.582759  0
6.853333  0.581747  0
6.880000  0.580735  0
6.906667  0.579722  0
6.933333  0.578710  0
6.960000  0.577698  0
6.986667  0.576686  0
7.013333  0.575406  0
7.040000  0.573721  0
7.066667  0.572037  0
7.093333  0.570352  0
7.120000  0.568668  0
7.146667  0.566983  0
7.173333  0.565298  0
7.200000  0.563614  0
7.226667  0.561929  0
7.253333  0.560245  0
7.280000  0.558560  0
7.306667  0.556876  0
7.333333  0.555191  0
7.360000  0.553506  0
7.386667  0.551822  0
7.413333  0.550634  0
7.440000  0.549543  0
7.466667  0.548452  0
7.493333  0.547361  0
7.520000  0.546270  0
7.546667  0.545179  0
7.573333  0.544087  0
7.600000  0.542996  0
7.626667  0.541905  0
7.653333  0.540814  0
7.680000  0.539723  0
7.706667  0.538632  0
7.733333  0.537268  0
7.760000  0.535704  0
7.786667  0.534140  0
7.813333  0.532200  0
7.840000  0.530413  0
7.866667  0.528782  0
7.893333  0.527275  0
7.920000  0.525931  0
7.946667  0.524681  0
7.973333  0.523594  0
8.000000  0.522572  0
8.026667  0.521705  0
8.053333  0.520882  0
8.080000  0.520199  0
8.106667  0.519542  0
8.133333  0.519007  0
8.160000  0.518485  0
8.186667  0.518064  0
8.213333  0.517647  0
8.240000  0.517309  0
8.266667  0.516971  0
8.293333  0.516685  0
8.320000  0.516401  0
8.346667  0.516144  0
8.373333  0.515889  0
8.400000  0.515641  0
8.426667  0.515393  0
8.453333  0.515137  0
8.480000  0.514879  0
8.506667  0.514602  0
8.533333  0.514317  0
8.560000  0.514008  0
8.586667  0.513684  0
8.613333  0.513334  0
8.640000  0.512964  0
8.666667  0.512567  0
8.693333  0.512145  0
8.720000  0.511698  0
8.746667  0.511223  0
8.773333  0.510727  0
8.800000  0.510200  0
8.826667  0.509658  0
8.853333  0.509085  0
8.880000  0.508502  0
8.906667  0.507891  0
8.933333  0.507275  0
8.960000  0.506638  0
8.986667  0.505999  0
9.013333  0.505348  0
9.040000  0.504697  0
9.066667  0.504045  0
9.093333  0.503394  0
9.120000  0.502756  0
9.146667  0.502118  0
9.173333  0.501505  0
9.200000  0.500893  0
9.226667  0.500313  0
9.253333  0.499738  0
9.280000  0.499200  0
9.306667  0.498671  0
9.333333  0.498179  0
9.360000  0.497701  0
9.386667  0.497259  0
9.413333  0.496835  0
9.440000  0.496443  0
9.466667  0.496073  0
9.493333  0.495729  0
9.520000  0.495409  0
9.546667  0.495110  0
9.573333  0.494835  0
9.600000  0.494575  0
9.626667  0.494338  0
9.653333  0.494110  0
9.680000  0.493902  0
9.706667  0.493699  0
9.733333  0.493511  0
9.760000  0.493325  0
9.786667  0.493147  0
9.813333  0.492969  0
9.840000  0.492793  0
9.866667  0.492616  0
9.893333  0.492434  0
9.920000  0.492251  0
9.946667  0.492056  0
9.973333  0.491860  0
10.000000  0.491649  0
10.026667  0.491436  0
10.053333  0.491205  0
10.080000  0.490972  0
10.106667  0.490723  0
10.133333  0.490469  0
10.160000  0.490201  0
10.186667  0.489929  0
10.213333  0.489645  0
10.240000  0.489356  0
10.266667  0.489061  0
10.293333  0.488761  0
10.320000  0.488457  0
10.346667  0.488151  0
10.373333  0.487845  0
10.400000  0.487539  0
10.426667  0.487235  0
10.453333  0.486934  0
10.480000  0.486637  0
10.506667  0.486346  0
10.533333  0.486059  0
10.560000  0.485782  0
10.586667  0.485509  0
10.613333  0.485248  0
10.640000  0.484990  0
10.666667  0.484747  0
10.693333  0.484506  0
10.720000  0.484281  0
10.746667  0.484057  0
10.773333  0.483850  0
10.800000  0.483643  0
10.826667  0.483453  0
10.853333  0.483263  0
10.880000  0.483088  0
10.906667  0.482914  0
10.933333  0.482753  0
10.960000  0.482595  0
10.986667  0.482447  0
11.013333  0.482304  0
11.040000  0.482170  0
11.066667  0.482040  0
11.093333  0.481921  0
11.120000  0.481806  0
11.146667  0.481701  0
11.173333  0.481602  0
11.200000  0.481513  0
11.226667  0.481431  0
11.253333  0.481358  0
11.280000  0.481296  0
11.306667  0.481241  0
11.333333  0.481198  0
11.360000  0.481162  0
11.386667  0.481140  0
11.413333  0.481080  0
11.440000  0.480902  0
11.466667  0.480725  0
11.493333  0.480547  0
11.520000  0.480369  0
11.546667  0.480191  0
11.573333  0.480013  0
11.600000  0.479836  0
11.626667  0.479658  0
11.653333  0.479480  0
11.680000  0.479302  0
11.706667  0.479124  0
11.733333  0.478947  0
11.760000  0.478769  0
11.786667  0.478591  0
11.813333  0.478413  0
11.840000  0.478235  0
11.866667  0.478058  0
11.893333  0.477880  0
11.920000  0.477702  0
11.946667  0.477524  0
11.973333  0.477346  0
12.000000  0.477169  0
12.026667  0.476991  0
12.053333  0.476813  0
12.080000  0.476635  0
12.106667  0.476457  0
12.133333  0.476280  0
12.160000  0.476102  0
12.186667  0.475924  0
12.213333  0.475746  0
12.240000  0.475568  0
12.266667  0.475391  0
12.293333  0.475213  0
12.320000  0.475035  0
12.346667  0.474857  0
12.373333  0.474679  0
12.400000  0.474502  0
12.426667  0.474324  0
12.453333  0.474146  0
12.480000  0.473968  0
12.506667  0.473790  0
12.533333  0.473613  0
12.560000  0.473435  0
12.586667  0.473257  0
12.613333  0.473079  0
12.640000  0.472901  0
12.666667  0.472724  0
12.693333  0.472546  0
12.720000  0.472368  0
12.746667  0.472190  0
12.773333  0.472012  0
12.800000  0.471835  0
12.826667  0.471657  0
12.853333  0.471479  0
12.880000  0.471301  0
12.906667  0.471123  0
12.933333  0.470946  0
12.960000  0.470768  0
12.986667  0.470590  0
13.013333  0.470412  0
13.040000  0.470234  0
13.066667  0.470057  0
13.093333  0.469879  0
13.120000  0.469701  0
13.146667  0.469523  0
13.173333  0.469345  0
13.200000  0.469168  0
13.226667  0.468990  0
13.253333  0.468812  0
13.280000  0.468634  0
13.306667  0.468456  0
13.333333  0.468278  0
13.360000  0.468101  0
13.386667  0.467923  0
13.413333  0.467745  0
13.440000  0.467567  0
13.466667  0.467389  0
13.493333  0.467212  0
13.520000  0.467034  0
13.546667  0.466856  0
13.573333  0.466678  0
13.600000  0.466500  0
13.626667  0.466323  0
13.653333  0.466145  0
13.680000  0.465967  0
13.706667  0.465789  0
13.733333  0.465611  0
13.760000  0.465434  0
13.786667  0.465256  0
13.813333  0.465078  0
13.840000  0.464900  0
13.866667  0.464722  0
13.893333  0.464545  0
13.920000  0.464367  0
13.946667  0.464189  0
13.973333  0.464011  0
14.000000  0.463833  0
14.026667  0.463656  0
14.053333  0.463478  0
14.080000  0.463300  0
14.106667  0.463122  0
14.133333  0.462944  0
14.160000  0.462767  0
14.186667  0.462589  0
14.213333  0.462411  0
14.240000  0.462233  0
14.266667  0.462055  0
14.293333  0.461878  0
14.320000  0.461700  0
14.346667  0.461522  0
14.373333  0.461344  0
14.400000  0.461166  0
14.426667  0.460989  0
14.453333  0.460811  0
14.480000  0.460633  0
14.506667  0.460455  0
14.533333  0.460277  0
14.560000  0.460100  0
14.586667  0.459922  0
14.613333  0.459744  0
14.640000  0.459566  0
14.666667  0.459388  0
14.693333  0.459211  0
14.720000  0.459033  0
14.746667  0.458855  0
14.773333  0.458677  0
14.800000  0.458499  0
14.826667  0.458322  0
14.853333  0.458144  0
14.880000  0.457966  0
