2.880000  0.664031  0
2.906667  0.662750  0
2.933333  0.661469  0
2.960000  0.660189  0
2.986667  0.658908  0
3.013333  0.657627  0
3.040000  0.656346  0
3.066667  0.655066  0
3.093333  0.653785  0
3.120000  0.652504  0
3.146667  0.651224  0
3.173333  0.649943  0
3.200000  0.648662  0
3.226667  0.647382  0
3.253333  0.646101  0
3.280000  0.644820  0
3.306667  0.643540  0
3.333333  0.642259  0
3.360000  0.640978  0
3.386667  0.639698  0
3.413333  0.638417  0
3.440000  0.637136  0
3.466667  0.635856  0
3.493333  0.634575  0
3.520000  0.633294  0
3.546667  0.632014  0
3.573333  0.630733  0
3.600000  0.629452  0
3.626667  0.628172  0
3.653333  0.626891  0
3.680000  0.625610  0
3.706667  0.624330  0
3.733333  0.623049  0
3.760000  0.621768  0
3.786667  0.620488  0
3.813333  0.619207  0
3.840000  0.617926  0
3.866667  0.616645  0
3.893333  0.615365  0
3.920000  0.614084  0
3.946667  0.612803  0
3.973333  0.611523  0
4.000000  0.610242  0
4.026667  0.608961  0
4.053333  0.607681  0
4.080000  0.606400  0
4.106667  0.605119  0
4.133333  0.603839  0
4.160000  0.602558  0
4.186667  0.601277  0
4.213333  0.599997  0
4.240000  0.598716  0
4.266667  0.597435  0
4.293333  0.596155  0
4.320000  0.594874  0
4.346667  0.593593  0
4.373333  0.592313  0
4.400000  0.591032  0
4.426667  0.589751  0
4.453333  0.588471  0
4.480000  0.587190  0
4.506667  0.585909  0
4.533333  0.584629  0
4.560000  0.583348  0
4.586667  0.582067  0
4.613333  0.580787  0
4.640000  0.579506  0
4.666667  0.578225  0
4.693333  0.576944  0
4.720000  0.575664  0
4.746667  0.574383  0
4.773333  0.573102  0
4.800000  0.571822  0
4.826667  0.570541  0
4.853333  0.569260  0
4.880000  0.567980  0
4.906667  0.566699  0
4.933333  0.565418  0
4.960000  0.564138  0
4.986667  0.562857  0
5.013333  0.561576  0
5.040000  0.560296  0
5.066667  0.559015  0
5.093333  0.557734  0
5.120000  0.556454  0
5.146667  0.555173  0
5.173333  0.553892  0
5.200000  0.552612  0
5.226667  0.551331  0
5.253333  0.550050  0
5.280000  0.548770  0
5.306667  0.547489  0
5.333333  0.546208  0
5.360000  0.544928  0
5.386667  0.543647  0
5.413333  0.542074  0
5.440000  0.539996  0
5.466667  0.538008  0
5.493333  0.536227  0
5.520000  0.534514  0
5.546667  0.533019  0
5.573333  0.531565  0
5.600000  0.530306  0
5.626667  0.529063  0
5.653333  0.527958  0
5.680000  0.526857  0
5.706667  0.525820  0
5.733333  0.524783  0
5.760000  0.523738  0
5.786667  0.522693  0
5.813333  0.521599  0
5.840000  0.520500  0
5.866667  0.519347  0
5.893333  0.518183  0
5.920000  0.516983  0
5.946667  0.515774  0
5.973333  0.514560  0
6.000000  0.513345  0
6.026667  0.512155  0
6.053333  0.510979  0
6.080000  0.509849  0
6.106667  0.508754  0
6.133333  0.507715  0
6.160000  0.506730  0
6.186667  0.505800  0
6.213333  0.504939  0
6.240000  0.504127  0
6.266667  0.503390  0
6.293333  0.502690  0
6.320000  0.502065  0
6.346667  0.501464  0
6.373333  0.500929  0
6.400000  0.500405  0
6.426667  0.499930  0
6.453333  0.499458  0
6.480000  0.499009  0
6.506667  0.498559  0
6.533333  0.498104  0
6.560000  0.497648  0
6.586667  0.497159  0
6.613333  0.496669  0
6.640000  0.496129  0
6.666667  0.495586  0
6.693333  0.494990  0
6.720000  0.494386  0
6.746667  0.493738  0
6.773333  0.493078  0
6.800000  0.492388  0
6.826667  0.491688  0
6.853333  0.490976  0
6.880000  0.490257  0
6.906667  0.489542  0
6.933333  0.488828  0
6.960000  0.488129  0
6.986667  0.487443  0
7.013333  0.486775  0
7.040000  0.486130  0
7.066667  0.485505  0
7.093333  0.484908  0
7.120000  0.484328  0
7.146667  0.483780  0
7.173333  0.483244  0
7.200000  0.482738  0
7.226667  0.482239  0
7.253333  0.481764  0
7.280000  0.481293  0
7.306667  0.480838  0
7.333333  0.480385  0
7.360000  0.479941  0
7.386667  0.479498  0
7.413333  0.479060  0
7.440000  0.478622  0
7.466667  0.478190  0
7.493333  0.477758  0
7.520000  0.477336  0
7.546667  0.476915  0
7.573333  0.476510  0
7.600000  0.476109  0
7.626667  0.475727  0
7.653333  0.475351  0
7.680000  0.474995  0
7.706667  0.474648  0
7.733333  0.474317  0
7.760000  0.473995  0
7.786667  0.473682  0
7.813333  0.473375  0
7.840000  0.473067  0
7.866667  0.472759  0
7.893333  0.472441  0
7.920000  0.472112  0
7.946667  0.471766  0
7.973333  0.471394  0
8.000000  0.471003  0
8.026667  0.470569  0
8.053333  0.470117  0
8.080000  0.469606  0
8.106667  0.469081  0
8.133333  0.468485  0
8.160000  0.467881  0
8.186667  0.467201  0
8.213333  0.466517  0
8.240000  0.465758  0
8.266667  0.464998  0
8.293333  0.464171  0
8.320000  0.463343  0
8.346667  0.462463  0
8.373333  0.461578  0
8.400000  0.460655  0
8.426667  0.459724  0
8.453333  0.458763  0
8.480000  0.457794  0
8.506667  0.456800  0
8.533333  0.455797  0
8.560000  0.454772  0
8.586667  0.453735  0
8.613333  0.452680  0
8.640000  0.451612  0
8.666667  0.450529  0
8.693333  0.449432  0
8.720000  0.448325  0
8.746667  0.447204  0
8.773333  0.446078  0
8.800000  0.444943  0
8.826667  0.443807  0
8.853333  0.442668  0
8.880000  0.441532  0
8.906667  0.440403  0
8.933333  0.439382  0
8.960000  0.438830  0
8.986667  0.438278  0
9.013333  0.437726  0
9.040000  0.437145  0
9.066667  0.436080  0
9.093333  0.435014  0
9.120000  0.433999  0
9.146667  0.432985  0
9.173333  0.432026  0
9.200000  0.431073  0
9.226667  0.430177  0
9.253333  0.429291  0
9.280000  0.428463  0
9.306667  0.427649  0
9.333333  0.426888  0
9.360000  0.426148  0
9.386667  0.425457  0
9.413333  0.424791  0
9.440000  0.424169  0
9.466667  0.423577  0
9.493333  0.423024  0
9.520000  0.422504  0
9.546667  0.422017  0
9.573333  0.421567  0
9.600000  0.421143  0
9.626667  0.420759  0
9.653333  0.420394  0
9.680000  0.420067  0
9.706667  0.419754  0
9.733333  0.419476  0
9.760000  0.419206  0
9.786667  0.418967  0
9.813333  0.418731  0
9.840000  0.418519  0
9.866667  0.418308  0
9.893333  0.418114  0
9.920000  0.417920  0
9.946667  0.417738  0
9.973333  0.417556  0
10.000000  0.417381  0
10.026667  0.417206  0
10.053333  0.417036  0
10.080000  0.416866  0
10.106667  0.416697  0
10.133333  0.416529  0
10.160000  0.416359  0
10.186667  0.416190  0
10.213333  0.416016  0
10.240000  0.415840  0
10.266667  0.415659  0
10.293333  0.415473  0
10.320000  0.415281  0
10.346667  0.415083  0
10.373333  0.414878  0
10.400000  0.414666  0
10.426667  0.414448  0
10.453333  0.414224  0
10.480000  0.413996  0
10.506667  0.413763  0
10.533333  0.413528  0
10.560000  0.413290  0
10.586667  0.413053  0
10.613333  0.412815  0
10.640000  0.412579  0
10.666667  0.412344  0
10.693333  0.412110  0
10.720000  0.411879  0
10.746667  0.411648  0
10.773333  0.411417  0
10.800000  0.411186  0
10.826667  0.410952  0
10.853333  0.410718  0
10.880000  0.410477  0
10.906667  0.410235  0
10.933333  0.409984  0
10.960000  0.409732  0
10.986667  0.409472  0
11.013333  0.409209  0
11.040000  0.408941  0
11.066667  0.408671  0
11.093333  0.408399  0
11.120000  0.408127  0
11.146667  0.407856  0
11.173333  0.407587  0
11.200000  0.407322  0
11.226667  0.407061  0
11.253333  0.406805  0
11.280000  0.406554  0
11.306667  0.406307  0
11.333333  0.406067  0
11.360000  0.405830  0
11.386667  0.405600  0
11.413333  0.405372  0
11.440000  0.405152  0
11.466667  0.404933  0
11.493333  0.404722  0
11.520000  0.404512  0
11.546667  0.404314  0
11.573333  0.404116  0
11.600000  0.403935  0
11.626667  0.403754  0
11.653333  0.403595  0
11.680000  0.403436  0
11.706667  0.403303  0
11.733333  0.403173  0
11.760000  0.403069  0
11.786667  0.402971  0
11.813333  0.402898  0
11.840000  0.402833  0
11.866667  0.402792  0
11.893333  0.402759  0
11.920000  0.402745  0
11.946667  0.402741  0
11.973333  0.402749  0
12.000000  0.402767  0
12.026667  0.402793  0
12.053333  0.402825  0
12.080000  0.402860  0
12.106667  0.402898  0
12.133333  0.402935  0
12.160000  0.402970  0
12.186667  0.403001  0
12.213333  0.403026  0
12.240000  0.403045  0
12.266667  0.403051  0
12.293333  0.403052  0
12.320000  0.403034  0
12.346667  0.403013  0
12.373333  0.402968  0
12.400000  0.402922  0
12.426667  0.402851  0
12.453333  0.402780  0
12.480000  0.402685  0
12.506667  0.402591  0
12.533333  0.402481  0
12.560000  0.402371  0
12.586667  0.402253  0
12.613333  0.402134  0
12.640000  0.402016  0
12.666667  0.401898  0
12.693333  0.401785  0
12.720000  0.401674  0
12.746667  0.401571  0
12.773333  0.401471  0
12.800000  0.401379  0
12.826667  0.401292  0
12.853333  0.401209  0
12.880000  0.401131  0
12.906667  0.401055  0
12.933333  0.400981  0
12.960000  0.400905  0
12.986667  0.400828  0
13.013333  0.400748  0
13.040000  0.400661  0
13.066667  0.400569  0
13.093333  0.400465  0
13.120000  0.400357  0
13.146667  0.400233  0
13.173333  0.400106  0
13.200000  0.399962  0
13.226667  0.399816  0
13.253333  0.399656  0
13.280000  0.399495  0
13.306667  0.399325  0
13.333333  0.399155  0
13.360000  0.398985  0
13.386667  0.398815  0
13.413333  0.398654  0
13.440000  0.398493  0
13.466667  0.398344  0
13.493333  0.398199  0
13.520000  0.398067  0
13.546667  0.397941  0
13.573333  0.397827  0
13.600000  0.397720  0
13.626667  0.397623  0
13.653333  0.397532  0
13.680000  0.397448  0
13.706667  0.397371  0
13.733333  0.397298  0
13.760000  0.397231  0
13.786667  0.397168  0
13.813333  0.397109  0
13.840000  0.397054  0
13.866667  0.397005  0
13.893333  0.396960  0
13.920000  0.396924  0
13.946667  0.396892  0
13.973333  0.396875  0
14.000000  0.396861  0
14.026667  0.396868  0
14.053333  0.396878  0
14.080000  0.396915  0
14.106667  0.396953  0
14.133333  0.397023  0
14.160000  0.397092  0
14.186667  0.397194  0
14.213333  0.397297  0
14.240000  0.397426  0
14.266667  0.397558  0
14.293333  0.397708  0
14.320000  0.397863  0
14.346667  0.398029  0
14.373333  0.398199  0
14.400000  0.398374  0
14.426667  0.398552  0
14.453333  0.398731  0
14.480000  0.398910  0
14.506667  0.399087  0
14.533333  0.399263  0
14.560000  0.399435  0
14.586667  0.399603  0
14.613333  0.399767  0
14.640000  0.399924  0
14.666667  0.400076  0
14.693333  0.400218  0
14.720000  0.400355  0
14.746667  0.400479  0
14.773333  0.400597  0
14.800000  0.400700  0
14.826667  0.400798  0
14.853333  0.400876  0
14.880000  0.400951  0
14.906667  0.401004  0
14.933333  0.401055  0
14.960000  0.401082  0
14.986667  0.401108  0
15.013333  0.401017  0
15.040000  0.400925  0
15.066667  0.400833  0
15.093333  0.400741  0
15.120000  0.400650  0
15.146667  0.400558  0
15.173333  0.400466  0
15.200000  0.400375  0
15.226667  0.400283  0
15.253333  0.400191  0
15.280000  0.400100  0
15.306667  0.400008  0
15.333333  0.399916  0
15.360000  0.399825  0
15.386667  0.399733  0
15.413333  0.399641  0
15.440000  0.399549  0
15.466667  0.399458  0
15.493333  0.399366  0
15.520000  0.399274  0
15.546667  0.399183  0
15.573333  0.399091  0
15.600000  0.398999  0
15.626667  0.398908  0
15.653333  0.398816  0
15.680000  0.398724  0
15.706667  0.398632  0
15.733333  0.398541  0
15.760000  0.398449  0
15.786667  0.398357  0
15.813333  0.398266  0
15.840000  0.398174  0
15.866667  0.398082  0
15.893333  0.397991  0
15.920000  0.397899  0
15.946667  0.397807  0
15.973333  0.397715  0
16.000000  0.397624  0
16.026667  0.397532  0
16.053333  0.397440  0
16.080000  0.397349  0
16.106667  0.397257  0
16.133333  0.397165  0
16.160000  0.397074  0
16.186667  0.396982  0
16.213333  0.396890  0
16.240000  0.396799  0
16.266667  0.396707  0
16.293333  0.396615  0
16.320000  0.396523  0
16.346667  0.396432  0
16.373333  0.396340  0
16.400000  0.396248  0
16.426667  0.396157  0
16.453333  0.396065  0
16.480000  0.395973  0
16.506667  0.395882  0
16.533333  0.395790  0
16.560000  0.395698  0
16.586667  0.395606  0
16.613333  0.395515  0
16.640000  0.395423  0
16.666667  0.395331  0
16.693333  0.395240  0
16.720000  0.395148  0
16.746667  0.395056  0
16.773333  0.394965  0
16.800000  0.394873  0
16.826667  0.394781  0
16.853333  0.394690  0
16.880000  0.394598  0
16.906667  0.394506  0
16.933333  0.394414  0
16.960000  0.394323  0
16.986667  0.394231  0
17.013333  0.394139  0
17.040000  0.394048  0
17.066667  0.393956  0
17.093333  0.393864  0
17.120000  0.393773  0
17.146667  0.393681  0
17.173333  0.393589  0
17.200000  0.393497  0
17.226667  0.393406  0
17.253333  0.393314  0
17.280000  0.393222  0
17.306667  0.393131  0
17.333333  0.393039  0
17.360000  0.392947  0
17.386667  0.392856  0
17.413333  0.392764  0
17.440000  0.392672  0
17.466667  0.392581  0
17.493333  0.392489  0
17.520000  0.392397  0
17.546667  0.392305  0
17.573333  0.392214  0
17.600000  0.392122  0
17.626667  0.392030  0
17.653333  0.391939  0
17.680000  0.391847  0
17.706667  0.391755  0
17.733333  0.391664  0
17.760000  0.391572  0
17.786667  0.391480  0
17.813333  0.391388  0
17.840000  0.391297  0
17.866667  0.391205  0
17.893333  0.391113  0
17.920000  0.391022  0
17.946667  0.390930  0
17.973333  0.390838  0
18.000000  0.390747  0
18.026667  0.390655  0
18.053333  0.390563  0
18.080000  0.390471  0
18.106667  0.390380  0
18.133333  0.390288  0
18.160000  0.390196  0
18.186667  0.390105  0
18.213333  0.390013  0
18.240000  0.389921  0
18.266667  0.389830  0
18.293333  0.389738  0
18.320000  0.389646  0
18.346667  0.389555  0
18.373333  0.389463  0
18.400000  0.389371  0
18.426667  0.389279  0
18.453333  0.389188  0
18.480000  0.389096  0
18.506667  0.389004  0
18.533333  0.388913  0
18.560000  0.388821  0
18.586667  0.388729  0
18.613333  0.388638  0
18.640000  0.388546  0
18.666667  0.388454  0
18.693333  0.388362  0
18.720000  0.388271  0
18.746667  0.388179  0
18.773333  0.388087  0
18.800000  0.387996  0
18.826667  0.387904  0
18.853333  0.387812  0
18.880000  0.387721  0
18.906667  0.387629  0
18.933333  0.387537  0
18.960000  0.387446  0
18.986667  0.387354  0
19.013333  0.387262  0
19.040000  0.387170  0
19.066667  0.387079  0
19.093333  0.386987  0
19.120000  0.386895  0
19.146667  0.386804  0
19.173333  0.386712  0
19.200000  0.386620  0
19.226667  0.386529  0
19.253333  0.386437  0
19.280000  0.386345  0
19.306667  0.386253  0
19.333333  0.386162  0
19.360000  0.386070  0
19.386667  0.385978  0
19.413333  0.385887  0
19.440000  0.385795  0
19.466667  0.385703  0
19.493333  0.385612  0
19.520000  0.385520  0
19.546667  0.385428  0
19.573333  0.385337  0
19.600000  0.385245  0
19.626667  0.385153  0
19.653333  0.385061  0
19.680000  0.384970  0
19.706667  0.384878  0
19.733333  0.384786  0
19.760000  0.384695  0
19.786667  0.384603  0
19.813333  0.384511  0
19.840000  0.384420  0
19.866667  0.384328  0
19.893333  0.384236  0
19.920000  0.384144  0
19.946667  0.384053  0
19.973333  0.383961  0
20.000000  0.383869  0
20.026667  0.383778  0
20.053333  0.383686  0
20.080000  0.383594  0
20.106667  0.383503  0
20.133333  0.383411  0
20.160000  0.383319  0
20.186667  0.383227  0
20.213333  0.383136  0
20.240000  0.383044  0
20.266667  0.382952  0
20.293333  0.382861  0
20.320000  0.382769  0
20.346667  0.382677  0
20.373333  0.382586  0
20.400000  0.382494  0
20.426667  0.382402  0
20.453333  0.382311  0
20.480000  0.382219  0
20.506667  0.382127  0
20.533333  0.382035  0
20.560000  0.381944  0
20.586667  0.381852  0
20.613333  0.381760  0
20.640000  0.381669  0
20.666667  0.381577  0
20.693333  0.381485  0
20.720000  0.381394  0
20.746667  0.381302  0
20.773333  0.381210  0
20.800000  0.381118  0
20.826667  0.381027  0
20.853333  0.380935  0
20.880000  0.380843  0
20.906667  0.380752  0
20.933333  0.380660  0
20.960000  0.380568  0
20.986667  0.380477  0
21.013333  0.380385  0
21.040000  0.380293  0
21.066667  0.380202  0
21.093333  0.380110  0
21.120000  0.380018  0
21.146667  0.379926  0
21.173333  0.379835  0
21.200000  0.379743  0
21.226667  0.379651  0
21.253333  0.379560  0
21.280000  0.379468  0
21.306667  0.379376  0
21.333333  0.379285  0
21.360000  0.379193  0
21.386667  0.379101  0
21.413333  0.379009  0
21.440000  0.378918  0
21.466667  0.378826  0
21.493333  0.378734  0
21.520000  0.378643  0
21.546667  0.378551  0
21.573333  0.378459  0
21.600000  0.378368  0
21.626667  0.378276  0
21.653333  0.378184  0
21.680000  0.378093  0
21.706667  0.378001  0
21.733333  0.377909  0
21.760000  0.377817  0
21.786667  0.377726  0
21.813333  0.377634  0
21.840000  0.377640  0
21.866667  0.377674  0
21.893333  0.377707  0
21.920000  0.377740  0
21.946667  0.377774  0
21.973333  0.377807  0
22.000000  0.377841  0
22.026667  0.377874  0
22.053333  0.377908  0
22.080000  0.377941  0
22.106667  0.377975  0
22.133333  0.378008  0
22.160000  0.378041  0
22.186667  0.378075  0
22.213333  0.378108  0
22.240000  0.378142  0
22.266667  0.378175  0
22.293333  0.378209  0
22.320000  0.378242  0
22.346667  0.378276  0
22.373333  0.378309  0
22.400000  0.378342  0
22.426667  0.378376  0
22.453333  0.378409  0
22.480000  0.378443  0
22.506667  0.378476  0
22.533333  0.378510  0
22.560000  0.378543  0
22.586667  0.378577  0
22.613333  0.378610  0
22.640000  0.378643  0
22.666667  0.378677  0
22.693333  0.378710  0
22.720000  0.378744  0
22.746667  0.378777  0
22.773333  0.378811  0
22.800000  0.378844  0
22.826667  0.378878  0
22.853333  0.378911  0
22.880000  0.378944  0
22.906667  0.378978  0
22.933333  0.379011  0
22.960000  0.379045  0
22.986667  0.379078  0
23.013333  0.379112  0
23.040000  0.379145  0
23.066667  0.379179  0
23.093333  0.379212  0
23.120000  0.379245  0
23.146667  0.379279  0
23.173333  0.379312  0
23.200000  0.379346  0
23.226667  0.379379  0
23.253333  0.379413  0
23.280000  0.379446  0
23.306667  0.379480  0
23.333333  0.379513  0
23.360000  0.379546  0
23.386667  0.379580  0
23.413333  0.379613  0
23.440000  0.379647  0
23.466667  0.379680  0
23.493333  0.379714  0
23.520000  0.379747  0
23.546667  0.379781  0
23.573333  0.379814  0
23.600000  0.379847  0
23.626667  0.379881  0
23.653333  0.379914  0
23.680000  0.379948  0
23.706667  0.379981  0
23.733333  0.380015  0
23.760000  0.380048  0
23.786667  0.380082  0
23.813333  0.380115  0
23.840000  0.380148  0
23.866667  0.380182  0
23.893333  0.380215  0
23.920000  0.380249  0
23.946667  0.380282  0
23.973333  0.380316  0
24.000000  0.380349  0
24.026667  0.380383  0
24.053333  0.380416  0
24.080000  0.380450  0
24.106667  0.380483  0
24.133333  0.380516  0
24.160000  0.380550  0
24.186667  0.380583  0
24.213333  0.380617  0
24.240000  0.380650  0
24.266667  0.380684  0
24.293333  0.380717  0
24.320000  0.380751  0
24.346667  0.380784  0
24.373333  0.380817  0
24.400000  0.380851  0
24.426667  0.380884  0
24.453333  0.380918  0
24.480000  0.380951  0
24.506667  0.380985  0
24.533333  0.381018  0
24.560000  0.381052  0
24.586667  0.381085  0
24.613333  0.381118  0
24.640000  0.381152  0
24.666667  0.381185  0
24.693333  0.381219  0
24.720000  0.381252  0
24.746667  0.381286  0
24.773333  0.381319  0
24.800000  0.381353  0
24.826667  0.381386  0
24.853333  0.381419  0
24.880000  0.381453  0
24.906667  0.381486  0
24.933333  0.381520  0
24.960000  0.381553  0
24.986667  0.381587  0
25.013333  0.381620  0
25.040000  0.381654  0
25.066667  0.381687  0
25.093333  0.381720  0
25.120000  0.381754  0
25.146667  0.381787  0
25.173333  0.381821  0
25.200000  0.381854  0
25.226667  0.381888  0
25.253333  0.381921  0
25.280000  0.381955  0
25.306667  0.381988  0
25.333333  0.382021  0
25.360000  0.382055  0
