2.613333  0.655035  0
2.640000  0.654413  0
2.666667  0.653504  0
2.693333  0.652539  0
2.720000  0.651569  0
2.746667  0.650599  0
2.773333  0.649629  0
2.800000  0.648660  0
2.826667  0.647690  0
2.853333  0.646720  0
2.880000  0.645750  0
2.906667  0.644781  0
2.933333  0.643818  0
2.960000  0.642874  0
2.986667  0.641959  0
3.013333  0.641060  0
3.040000  0.640165  0
3.066667  0.639269  0
3.093333  0.638374  0
3.120000  0.637479  0
3.146667  0.636584  0
3.173333  0.635697  0
3.200000  0.634859  0
3.226667  0.634176  0
3.253333  0.633706  0
3.280000  0.633354  0
3.306667  0.633029  0
3.333333  0.632705  0
3.360000  0.632374  0
3.386667  0.632004  0
3.413333  0.631526  0
3.440000  0.630915  0
3.466667  0.630233  0
3.493333  0.629536  0
3.520000  0.628837  0
3.546667  0.628139  0
3.573333  0.627441  0
3.600000  0.626742  0
3.626667  0.626044  0
3.653333  0.625346  0
3.680000  0.624647  0
3.706667  0.623949  0
3.733333  0.623251  0
3.760000  0.622552  0
3.786667  0.621854  0
3.813333  0.621156  0
3.840000  0.620457  0
3.866667  0.619758  0
3.893333  0.619050  0
3.920000  0.618312  0
3.946667  0.617532  0
3.973333  0.616728  0
4.000000  0.615922  0
4.026667  0.615161  0
4.053333  0.614606  0
4.080000  0.614392  0
4.106667  0.614389  0
4.133333  0.614425  0
4.160000  0.614433  0
4.186667  0.614379  0
4.213333  0.614232  0
4.240000  0.613966  0
4.266667  0.613561  0
4.293333  0.613004  0
4.320000  0.612291  0
4.346667  0.611427  0
4.373333  0.610421  0
4.400000  0.609290  0
4.426667  0.608053  0
4.453333  0.606729  0
4.480000  0.605341  0
4.506667  0.603908  0
4.533333  0.602446  0
4.560000  0.600970  0
4.586667  0.599489  0
4.613333  0.598009  0
4.640000  0.596535  0
4.666667  0.595065  0
4.693333  0.593599  0
4.720000  0.592135  0
4.746667  0.590673  0
4.773333  0.589213  0
4.800000  0.587760  0
4.826667  0.586321  0
4.853333  0.584905  0
4.880000  0.583522  0
4.906667  0.582184  0
4.933333  0.580898  0
4.960000  0.579666  0
4.986667  0.578485  0
5.013333  0.577343  0
5.040000  0.576222  0
5.066667  0.575097  0
5.093333  0.573938  0
5.120000  0.572715  0
5.146667  0.571398  0
5.173333  0.569962  0
5.200000  0.568384  0
5.226667  0.566649  0
5.253333  0.564749  0
5.280000  0.562687  0
5.306667  0.560526  0
5.333333  0.558506  0
5.360000  0.556857  0
5.386667  0.555454  0
5.413333  0.554106  0
5.440000  0.552764  0
5.466667  0.551421  0
5.493333  0.550078  0
5.520000  0.548736  0
5.546667  0.547393  0
5.573333  0.546050  0
5.600000  0.544708  0
5.626667  0.543365  0
5.653333  0.542022  0
5.680000  0.540680  0
5.706667  0.539337  0
5.733333  0.537994  0
5.760000  0.536652  0
5.786667  0.535309  0
5.813333  0.533966  0
5.840000  0.532624  0
5.866667  0.531281  0
5.893333  0.529938  0
5.920000  0.528596  0
5.946667  0.527253  0
5.973333  0.525910  0
6.000000  0.524568  0
6.026667  0.523225  0
6.053333  0.521882  0
6.080000  0.520540  0
6.106667  0.519197  0
6.133333  0.517854  0
6.160000  0.516512  0
6.186667  0.515169  0
6.213333  0.513826  0
6.240000  0.512484  0
6.266667  0.511141  0
6.293333  0.509798  0
6.320000  0.508456  0
6.346667  0.507113  0
6.373333  0.505768  0
6.400000  0.504396  0
6.426667  0.502907  0
6.453333  0.501233  0
6.480000  0.499475  0
6.506667  0.497739  0
6.533333  0.496055  0
6.560000  0.494428  0
6.586667  0.492861  0
6.613333  0.491360  0
6.640000  0.489930  0
6.666667  0.488579  0
6.693333  0.487314  0
6.720000  0.486139  0
6.746667  0.485056  0
6.773333  0.484066  0
6.800000  0.483161  0
6.826667  0.482332  0
6.853333  0.481566  0
6.880000  0.480847  0
6.906667  0.480158  0
6.933333  0.479483  0
6.960000  0.478807  0
6.986667  0.478119  0
7.013333  0.477410  0
7.040000  0.476678  0
7.066667  0.475924  0
7.093333  0.475151  0
7.120000  0.474366  0
7.146667  0.473579  0
7.173333  0.472796  0
7.200000  0.472028  0
7.226667  0.471279  0
7.253333  0.470554  0
7.280000  0.469858  0
7.306667  0.469190  0
7.333333  0.468550  0
7.360000  0.467938  0
7.386667  0.467351  0
7.413333  0.466788  0
7.440000  0.466246  0
7.466667  0.465723  0
7.493333  0.465216  0
7.520000  0.464720  0
7.546667  0.464233  0
7.573333  0.463747  0
7.600000  0.463256  0
7.626667  0.462752  0
7.653333  0.462226  0
7.680000  0.461669  0
7.706667  0.461073  0
7.733333  0.460434  0
7.760000  0.459745  0
7.786667  0.459006  0
7.813333  0.458217  0
7.840000  0.457379  0
7.866667  0.456494  0
7.893333  0.455565  0
7.920000  0.454592  0
7.946667  0.453575  0
7.973333  0.452511  0
8.000000  0.451395  0
8.026667  0.450225  0
8.053333  0.448995  0
8.080000  0.447704  0
8.106667  0.446353  0
8.133333  0.444946  0
8.160000  0.443491  0
8.186667  0.441999  0
8.213333  0.440486  0
8.240000  0.438967  0
8.266667  0.437459  0
8.293333  0.435980  0
8.320000  0.434544  0
8.346667  0.433166  0
8.373333  0.431857  0
8.400000  0.430622  0
8.426667  0.429469  0
8.453333  0.428397  0
8.480000  0.427406  0
8.506667  0.426494  0
8.533333  0.425656  0
8.560000  0.424888  0
8.586667  0.424186  0
8.613333  0.423547  0
8.640000  0.422969  0
8.666667  0.422452  0
8.693333  0.421995  0
8.720000  0.421597  0
8.746667  0.421258  0
8.773333  0.420976  0
8.800000  0.420748  0
8.826667  0.420568  0
8.853333  0.420428  0
8.880000  0.420320  0
8.906667  0.420233  0
8.933333  0.420155  0
8.960000  0.420076  0
8.986667  0.419984  0
9.013333  0.419873  0
9.040000  0.419735  0
9.066667  0.419567  0
9.093333  0.419370  0
9.120000  0.419144  0
9.146667  0.418895  0
9.173333  0.418628  0
9.200000  0.418347  0
9.226667  0.418060  0
9.253333  0.417768  0
9.280000  0.417475  0
9.306667  0.417181  0
9.333333  0.416886  0
9.360000  0.416585  0
9.386667  0.416278  0
9.413333  0.415963  0
9.440000  0.415638  0
9.466667  0.415304  0
9.493333  0.414965  0
9.520000  0.414624  0
9.546667  0.414287  0
9.573333  0.413961  0
9.600000  0.413652  0
9.626667  0.413366  0
9.653333  0.413106  0
9.680000  0.412876  0
9.706667  0.412675  0
9.733333  0.412503  0
9.760000  0.412358  0
9.786667  0.412236  0
9.813333  0.412134  0
9.840000  0.412049  0
9.866667  0.411976  0
9.893333  0.411913  0
9.920000  0.411856  0
9.946667  0.411805  0
9.973333  0.411756  0
10.000000  0.411710  0
10.026667  0.411666  0
10.053333  0.411622  0
10.080000  0.411578  0
10.106667  0.411535  0
10.133333  0.411492  0
10.160000  0.411449  0
10.186667  0.411407  0
10.213333  0.411364  0
10.240000  0.411321  0
10.266667  0.411278  0
10.293333  0.411235  0
10.320000  0.411193  0
10.346667  0.411150  0
10.373333  0.411107  0
10.400000  0.411064  0
10.426667  0.411021  0
10.453333  0.410979  0
10.480000  0.410936  0
10.506667  0.410893  0
10.533333  0.410850  0
10.560000  0.410808  0
10.586667  0.410765  0
10.613333  0.410722  0
10.640000  0.410679  0
10.666667  0.410636  0
10.693333  0.410594  0
10.720000  0.410551  0
10.746667  0.410508  0
10.773333  0.410465  0
10.800000  0.410423  0
10.826667  0.410380  0
10.853333  0.410337  0
10.880000  0.410294  0
10.906667  0.410252  0
10.933333  0.410209  0
10.960000  0.410167  0
10.986667  0.410124  0
11.013333  0.410083  0
11.040000  0.410042  0
11.066667  0.410002  0
11.093333  0.409965  0
11.120000  0.409929  0
11.146667  0.409898  0
11.173333  0.409872  0
11.200000  0.409853  0
11.226667  0.409843  0
11.253333  0.409844  0
11.280000  0.409857  0
11.306667  0.409885  0
11.333333  0.409928  0
11.360000  0.409988  0
11.386667  0.410062  0
11.413333  0.410151  0
11.440000  0.410250  0
11.466667  0.410358  0
11.493333  0.410471  0
11.520000  0.410583  0
11.546667  0.410692  0
11.573333  0.410793  0
11.600000  0.410885  0
11.626667  0.410965  0
11.653333  0.411033  0
11.680000  0.411089  0
11.706667  0.411135  0
11.733333  0.411172  0
11.760000  0.411203  0
11.786667  0.411231  0
11.813333  0.411262  0
11.840000  0.411298  0
11.866667  0.411344  0
11.893333  0.411407  0
11.920000  0.411490  0
11.946667  0.411599  0
11.973333  0.411738  0
12.000000  0.411911  0
12.026667  0.412120  0
12.053333  0.412364  0
12.080000  0.412641  0
12.106667  0.412948  0
12.133333  0.413279  0
12.160000  0.413628  0
12.186667  0.413989  0
12.213333  0.414355  0
12.240000  0.414722  0
12.266667  0.415088  0
12.293333  0.415451  0
12.320000  0.415810  0
12.346667  0.416168  0
12.373333  0.416522  0
12.400000  0.416872  0
12.426667  0.417215  0
12.453333  0.417548  0
12.480000  0.417865  0
12.506667  0.418161  0
12.533333  0.418431  0
12.560000  0.418671  0
12.586667  0.418879  0
12.613333  0.419055  0
12.640000  0.419201  0
12.666667  0.419319  0
12.693333  0.419413  0
12.720000  0.419484  0
12.746667  0.419537  0
12.773333  0.419571  0
12.800000  0.419586  0
12.826667  0.419582  0
12.853333  0.419556  0
12.880000  0.419507  0
12.906667  0.419433  0
12.933333  0.419331  0
12.960000  0.419201  0
12.986667  0.419041  0
13.013333  0.418853  0
13.040000  0.418638  0
13.066667  0.418400  0
13.093333  0.418144  0
13.120000  0.417876  0
13.146667  0.417604  0
13.173333  0.417336  0
13.200000  0.417081  0
13.226667  0.416844  0
13.253333  0.416632  0
13.280000  0.416447  0
13.306667  0.416291  0
13.333333  0.416160  0
13.360000  0.416052  0
13.386667  0.415960  0
13.413333  0.415877  0
13.440000  0.415796  0
13.466667  0.415710  0
13.493333  0.415611  0
13.520000  0.415497  0
13.546667  0.415364  0
13.573333  0.415212  0
13.600000  0.415044  0
13.626667  0.414862  0
13.653333  0.414672  0
13.680000  0.414479  0
13.706667  0.414288  0
13.733333  0.414105  0
13.760000  0.413936  0
13.786667  0.413784  0
13.813333  0.413654  0
13.840000  0.413549  0
13.866667  0.413472  0
13.893333  0.413425  0
13.920000  0.413410  0
13.946667  0.413426  0
13.973333  0.413472  0
14.000000  0.413545  0
14.026667  0.413638  0
14.053333  0.413745  0
14.080000  0.413858  0
14.106667  0.413969  0
14.133333  0.414069  0
14.160000  0.414153  0
14.186667  0.414216  0
14.213333  0.414256  0
14.240000  0.414275  0
14.266667  0.414274  0
14.293333  0.414257  0
14.320000  0.414229  0
14.346667  0.414196  0
14.373333  0.414161  0
14.400000  0.414130  0
14.426667  0.414105  0
14.453333  0.414091  0
14.480000  0.414087  0
14.506667  0.414094  0
14.533333  0.414110  0
14.560000  0.414131  0
14.586667  0.414151  0
14.613333  0.414166  0
14.640000  0.414168  0
14.666667  0.414152  0
14.693333  0.414115  0
14.720000  0.414055  0
14.746667  0.413975  0
14.773333  0.413876  0
14.800000  0.413766  0
14.826667  0.413651  0
14.853333  0.413538  0
14.880000  0.413434  0
14.906667  0.413345  0
14.933333  0.413274  0
14.960000  0.413226  0
14.986667  0.413201  0
15.013333  0.413099  0
15.040000  0.412997  0
15.066667  0.412895  0
15.093333  0.412793  0
15.120000  0.412691  0
15.146667  0.412589  0
15.173333  0.412487  0
15.200000  0.412385  0
15.226667  0.412283  0
15.253333  0.412181  0
15.280000  0.412079  0
15.306667  0.411977  0
15.333333  0.411876  0
15.360000  0.411774  0
15.386667  0.411672  0
15.413333  0.411570  0
15.440000  0.411468  0
15.466667  0.411366  0
15.493333  0.411264  0
15.520000  0.411162  0
15.546667  0.411060  0
15.573333  0.410958  0
15.600000  0.410856  0
15.626667  0.410754  0
15.653333  0.410652  0
15.680000  0.410550  0
15.706667  0.410448  0
15.733333  0.410346  0
15.760000  0.410244  0
15.786667  0.410142  0
15.813333  0.410040  0
15.840000  0.409938  0
15.866667  0.409836  0
15.893333  0.409734  0
15.920000  0.409632  0
15.946667  0.409530  0
15.973333  0.409428  0
16.000000  0.409326  0
16.026667  0.409224  0
16.053333  0.409122  0
16.080000  0.409020  0
16.106667  0.408918  0
16.133333  0.408816  0
16.160000  0.408715  0
16.186667  0.408613  0
16.213333  0.408511  0
16.240000  0.408409  0
16.266667  0.408307  0
16.293333  0.408205  0
16.320000  0.408103  0
16.346667  0.408001  0
16.373333  0.407899  0
16.400000  0.407797  0
16.426667  0.407695  0
16.453333  0.407593  0
16.480000  0.407491  0
16.506667  0.407389  0
16.533333  0.407287  0
16.560000  0.407185  0
16.586667  0.407083  0
16.613333  0.406981  0
16.640000  0.406879  0
16.666667  0.406777  0
16.693333  0.406675  0
16.720000  0.406573  0
16.746667  0.406471  0
16.773333  0.406369  0
16.800000  0.406267  0
16.826667  0.406165  0
16.853333  0.406063  0
16.880000  0.405961  0
16.906667  0.405859  0
16.933333  0.405757  0
16.960000  0.405656  0
16.986667  0.405554  0
17.013333  0.405452  0
17.040000  0.405350  0
17.066667  0.405248  0
17.093333  0.405146  0
17.120000  0.405044  0
17.146667  0.404942  0
17.173333  0.404840  0
17.200000  0.404738  0
17.226667  0.404636  0
17.253333  0.404534  0
17.280000  0.404432  0
17.306667  0.404330  0
17.333333  0.404228  0
17.360000  0.404126  0
17.386667  0.404024  0
17.413333  0.403922  0
17.440000  0.403820  0
17.466667  0.403718  0
17.493333  0.403616  0
17.520000  0.403514  0
17.546667  0.403412  0
17.573333  0.403310  0
17.600000  0.403208  0
17.626667  0.403106  0
17.653333  0.403004  0
17.680000  0.402902  0
17.706667  0.402800  0
17.733333  0.402698  0
17.760000  0.402596  0
17.786667  0.402495  0
17.813333  0.402393  0
17.840000  0.402291  0
17.866667  0.402189  0
17.893333  0.402087  0
17.920000  0.401985  0
17.946667  0.401883  0
17.973333  0.401781  0
18.000000  0.401679  0
18.026667  0.401577  0
18.053333  0.401475  0
18.080000  0.401373  0
18.106667  0.401271  0
18.133333  0.401169  0
18.160000  0.401067  0
18.186667  0.400965  0
18.213333  0.400863  0
18.240000  0.400761  0
18.266667  0.400659  0
18.293333  0.400557  0
18.320000  0.400455  0
18.346667  0.400353  0
18.373333  0.400251  0
18.400000  0.400149  0
18.426667  0.400047  0
18.453333  0.399945  0
18.480000  0.399843  0
18.506667  0.399741  0
18.533333  0.399639  0
18.560000  0.399537  0
18.586667  0.399435  0
18.613333  0.399334  0
18.640000  0.399232  0
18.666667  0.399130  0
18.693333  0.399028  0
18.720000  0.398926  0
18.746667  0.398824  0
18.773333  0.398722  0
18.800000  0.398620  0
18.826667  0.398518  0
18.853333  0.398416  0
18.880000  0.398314  0
18.906667  0.398212  0
18.933333  0.398110  0
18.960000  0.398008  0
18.986667  0.397906  0
19.013333  0.397804  0
19.040000  0.397702  0
19.066667  0.397600  0
19.093333  0.397498  0
19.120000  0.397396  0
19.146667  0.397294  0
19.173333  0.397192  0
19.200000  0.397090  0
19.226667  0.396988  0
19.253333  0.396886  0
19.280000  0.396784  0
19.306667  0.396682  0
19.333333  0.396580  0
19.360000  0.396478  0
19.386667  0.396376  0
19.413333  0.396274  0
19.440000  0.396173  0
19.466667  0.396071  0
19.493333  0.395969  0
19.520000  0.395867  0
19.546667  0.395765  0
19.573333  0.395663  0
19.600000  0.395561  0
19.626667  0.395459  0
19.653333  0.395357  0
19.680000  0.395255  0
19.706667  0.395153  0
19.733333  0.395051  0
19.760000  0.394949  0
19.786667  0.394847  0
19.813333  0.394745  0
19.840000  0.394643  0
19.866667  0.394541  0
19.893333  0.394439  0
19.920000  0.394337  0
19.946667  0.394235  0
19.973333  0.394133  0
20.000000  0.394031  0
20.026667  0.393929  0
20.053333  0.393827  0
20.080000  0.393725  0
20.106667  0.393623  0
20.133333  0.393521  0
20.160000  0.393419  0
20.186667  0.393317  0
20.213333  0.393215  0
20.240000  0.393113  0
20.266667  0.393012  0
20.293333  0.392910  0
20.320000  0.392808  0
20.346667  0.392706  0
20.373333  0.392604  0
20.400000  0.392502  0
20.426667  0.392400  0
20.453333  0.392298  0
20.480000  0.392196  0
20.506667  0.392094  0
20.533333  0.391992  0
20.560000  0.391890  0
20.586667  0.391788  0
20.613333  0.391686  0
20.640000  0.391584  0
20.666667  0.391482  0
20.693333  0.391380  0
20.720000  0.391278  0
20.746667  0.391176  0
20.773333  0.391074  0
20.800000  0.390972  0
20.826667  0.390870  0
20.853333  0.390768  0
20.880000  0.390666  0
20.906667  0.390564  0
20.933333  0.390462  0
20.960000  0.390360  0
20.986667  0.390258  0
21.013333  0.390156  0
21.040000  0.390054  0
21.066667  0.389952  0
21.093333  0.389851  0
21.120000  0.389749  0
21.146667  0.389647  0
21.173333  0.389545  0
21.200000  0.389443  0
21.226667  0.389341  0
21.253333  0.389239  0
21.280000  0.389137  0
21.306667  0.389035  0
21.333333  0.388933  0
21.360000  0.388831  0
21.386667  0.388729  0
21.413333  0.388627  0
21.440000  0.388525  0
21.466667  0.388423  0
21.493333  0.388321  0
21.520000  0.388219  0
21.546667  0.388117  0
21.573333  0.388015  0
21.600000  0.387913  0
21.626667  0.387811  0
21.653333  0.387709  0
21.680000  0.387607  0
21.706667  0.387505  0
21.733333  0.387403  0
21.760000  0.387301  0
21.786667  0.387199  0
21.813333  0.387097  0
21.840000  0.386995  0
21.866667  0.386893  0
21.893333  0.386792  0
21.920000  0.386690  0
21.946667  0.386588  0
21.973333  0.386486  0
22.000000  0.386384  0
22.026667  0.386282  0
22.053333  0.386180  0
22.080000  0.386078  0
22.106667  0.385976  0
22.133333  0.385874  0
22.160000  0.385772  0
22.186667  0.385670  0
22.213333  0.385568  0
22.240000  0.385466  0
22.266667  0.385364  0
22.293333  0.385262  0
22.320000  0.385160  0
22.346667  0.385058  0
22.373333  0.384956  0
22.400000  0.384854  0
22.426667  0.384752  0
22.453333  0.384650  0
22.480000  0.384548  0
22.506667  0.384446  0
22.533333  0.384344  0
22.560000  0.384242  0
22.586667  0.384140  0
22.613333  0.384038  0
22.640000  0.383936  0
22.666667  0.383834  0
22.693333  0.383732  0
22.720000  0.383631  0
22.746667  0.383529  0
22.773333  0.383427  0
22.800000  0.383325  0
22.826667  0.383223  0
22.853333  0.383121  0
22.880000  0.383019  0
22.906667  0.382917  0
22.933333  0.382815  0
22.960000  0.382713  0
22.986667  0.382611  0
23.013333  0.382509  0
23.040000  0.382407  0
23.066667  0.382305  0
23.093333  0.382203  0
23.120000  0.382101  0
