3.120000  0.860628  0
3.146667  0.860022  0
3.173333  0.859026  0
3.200000  0.857868  0
3.226667  0.856669  0
3.253333  0.855462  0
3.280000  0.854255  0
3.306667  0.853048  0
3.333333  0.851841  0
3.360000  0.850633  0
3.386667  0.849426  0
3.413333  0.848219  0
3.440000  0.847012  0
3.466667  0.845805  0
3.493333  0.844597  0
3.520000  0.843390  0
3.546667  0.842183  0
3.573333  0.840976  0
3.600000  0.839768  0
3.626667  0.838561  0
3.653333  0.837354  0
3.680000  0.836147  0
3.706667  0.834940  0
3.733333  0.833732  0
3.760000  0.832525  0
3.786667  0.831318  0
3.813333  0.830111  0
3.840000  0.828904  0
3.866667  0.827696  0
3.893333  0.826489  0
3.920000  0.825282  0
3.946667  0.824075  0
3.973333  0.822868  0
4.000000  0.821660  0
4.026667  0.820453  0
4.053333  0.819246  0
4.080000  0.818039  0
4.106667  0.816832  0
4.133333  0.815624  0
4.160000  0.814417  0
4.186667  0.813210  0
4.213333  0.812003  0
4.240000  0.810796  0
4.266667  0.809588  0
4.293333  0.808381  0
4.320000  0.807174  0
4.346667  0.805967  0
4.373333  0.804760  0
4.400000  0.803552  0
4.426667  0.802345  0
4.453333  0.801138  0
4.480000  0.799931  0
4.506667  0.798724  0
4.533333  0.797516  0
4.560000  0.796309  0
4.586667  0.795102  0
4.613333  0.793895  0
4.640000  0.792688  0
4.666667  0.791480  0
4.693333  0.790273  0
4.720000  0.789066  0
4.746667  0.787859  0
4.773333  0.786652  0
4.800000  0.785444  0
4.826667  0.784237  0
4.853333  0.783030  0
4.880000  0.781823  0
4.906667  0.780616  0
4.933333  0.779408  0
4.960000  0.778201  0
4.986667  0.776994  0
5.013333  0.775787  0
5.040000  0.774580  0
5.066667  0.773372  0
5.093333  0.772165  0
5.120000  0.770958  0
5.146667  0.769751  0
5.173333  0.768544  0
5.200000  0.767336  0
5.226667  0.766129  0
5.253333  0.764922  0
5.280000  0.763715  0
5.306667  0.762507  0
5.333333  0.761300  0
5.360000  0.760093  0
5.386667  0.758886  0
5.413333  0.757679  0
5.440000  0.756471  0
5.466667  0.755264  0
5.493333  0.754057  0
5.520000  0.752850  0
5.546667  0.751643  0
5.573333  0.750435  0
5.600000  0.749228  0
5.626667  0.748021  0
5.653333  0.746814  0
5.680000  0.745607  0
5.706667  0.744399  0
5.733333  0.743192  0
5.760000  0.741985  0
5.786667  0.740778  0
5.813333  0.739571  0
5.840000  0.738363  0
5.866667  0.737156  0
5.893333  0.735949  0
5.920000  0.734743  0
5.946667  0.733542  0
5.973333  0.732360  0
6.000000  0.731220  0
6.026667  0.730131  0
6.053333  0.729069  0
6.080000  0.727984  0
6.106667  0.726838  0
6.133333  0.725615  0
6.160000  0.724316  0
6.186667  0.722947  0
6.213333  0.721516  0
6.240000  0.720032  0
6.266667  0.718505  0
6.293333  0.716945  0
6.320000  0.715363  0
6.346667  0.713768  0
6.373333  0.712172  0
6.400000  0.710584  0
6.426667  0.709012  0
6.453333  0.707467  0
6.480000  0.705954  0
6.506667  0.704481  0
6.533333  0.703055  0
6.560000  0.701679  0
6.586667  0.700359  0
6.613333  0.699096  0
6.640000  0.697891  0
6.666667  0.696745  0
6.693333  0.695657  0
6.720000  0.694624  0
6.746667  0.693645  0
6.773333  0.692715  0
6.800000  0.691831  0
6.826667  0.690988  0
6.853333  0.690180  0
6.880000  0.689405  0
6.906667  0.688655  0
6.933333  0.687928  0
6.960000  0.687219  0
6.986667  0.686526  0
7.013333  0.685845  0
7.040000  0.685176  0
7.066667  0.684518  0
7.093333  0.683870  0
7.120000  0.683234  0
7.146667  0.682611  0
7.173333  0.682002  0
7.200000  0.681411  0
7.226667  0.680837  0
7.253333  0.680285  0
7.280000  0.679756  0
7.306667  0.679251  0
7.333333  0.678772  0
7.360000  0.678319  0
7.386667  0.677893  0
7.413333  0.677493  0
7.440000  0.677117  0
7.466667  0.676766  0
7.493333  0.676436  0
7.520000  0.676127  0
7.546667  0.675835  0
7.573333  0.675558  0
7.600000  0.675295  0
7.626667  0.675043  0
7.653333  0.674800  0
7.680000  0.674565  0
7.706667  0.674334  0
7.733333  0.674108  0
7.760000  0.673885  0
7.786667  0.673663  0
7.813333  0.673442  0
7.840000  0.673221  0
7.866667  0.672998  0
7.893333  0.672775  0
7.920000  0.672550  0
7.946667  0.672323  0
7.973333  0.672093  0
8.000000  0.671861  0
8.026667  0.671627  0
8.053333  0.671390  0
8.080000  0.671151  0
8.106667  0.670909  0
8.133333  0.670666  0
8.160000  0.670420  0
8.186667  0.670173  0
8.213333  0.669924  0
8.240000  0.669673  0
8.266667  0.669421  0
8.293333  0.669166  0
8.320000  0.668909  0
8.346667  0.668649  0
8.373333  0.668386  0
8.400000  0.668118  0
8.426667  0.667845  0
8.453333  0.667566  0
8.480000  0.667279  0
8.506667  0.666985  0
8.533333  0.666682  0
8.560000  0.666369  0
8.586667  0.666046  0
8.613333  0.665713  0
8.640000  0.665369  0
8.666667  0.665014  0
8.693333  0.664649  0
8.720000  0.664274  0
8.746667  0.663890  0
8.773333  0.663498  0
8.800000  0.663099  0
8.826667  0.662695  0
8.853333  0.662287  0
8.880000  0.661874  0
8.906667  0.661460  0
8.933333  0.661043  0
8.960000  0.660625  0
8.986667  0.660206  0
9.013333  0.659784  0
9.040000  0.659360  0
9.066667  0.658933  0
9.093333  0.658500  0
9.120000  0.658061  0
9.146667  0.657614  0
9.173333  0.657158  0
9.200000  0.656690  0
9.226667  0.656210  0
9.253333  0.655716  0
9.280000  0.655209  0
9.306667  0.654688  0
9.333333  0.654152  0
9.360000  0.653604  0
9.386667  0.653044  0
9.413333  0.652473  0
9.440000  0.651895  0
9.466667  0.651311  0
9.493333  0.650725  0
9.520000  0.650137  0
9.546667  0.649553  0
9.573333  0.648973  0
9.600000  0.648402  0
9.626667  0.647841  0
9.653333  0.647292  0
9.680000  0.646758  0
9.706667  0.646240  0
9.733333  0.645740  0
9.760000  0.645258  0
9.786667  0.644795  0
9.813333  0.644351  0
9.840000  0.643927  0
9.866667  0.643522  0
9.893333  0.643136  0
9.920000  0.642769  0
9.946667  0.642420  0
9.973333  0.642088  0
10.000000  0.641772  0
10.026667  0.641471  0
10.053333  0.641184  0
10.080000  0.640911  0
10.106667  0.640650  0
10.133333  0.640401  0
10.160000  0.640161  0
10.186667  0.639932  0
10.213333  0.639711  0
10.240000  0.639498  0
10.266667  0.639292  0
10.293333  0.639092  0
10.320000  0.638898  0
10.346667  0.638707  0
10.373333  0.638520  0
10.400000  0.638335  0
10.426667  0.638152  0
10.453333  0.637969  0
10.480000  0.637786  0
10.506667  0.637601  0
10.533333  0.637414  0
10.560000  0.637224  0
10.586667  0.637031  0
10.613333  0.636833  0
10.640000  0.636630  0
10.666667  0.636421  0
10.693333  0.636207  0
10.720000  0.635988  0
10.746667  0.635762  0
10.773333  0.635531  0
10.800000  0.635294  0
10.826667  0.635052  0
10.853333  0.634804  0
10.880000  0.634551  0
10.906667  0.634294  0
10.933333  0.634032  0
10.960000  0.633766  0
10.986667  0.633495  0
11.013333  0.633221  0
11.040000  0.632943  0
11.066667  0.632661  0
11.093333  0.632376  0
11.120000  0.632086  0
11.146667  0.631792  0
11.173333  0.631492  0
11.200000  0.631187  0
11.226667  0.630876  0
11.253333  0.630557  0
11.280000  0.630229  0
11.306667  0.629892  0
11.333333  0.629544  0
11.360000  0.629184  0
11.386667  0.628812  0
11.413333  0.628426  0
11.440000  0.628027  0
11.466667  0.627613  0
11.493333  0.627186  0
11.520000  0.626747  0
11.546667  0.626296  0
11.573333  0.625835  0
11.600000  0.625366  0
11.626667  0.624892  0
11.653333  0.624414  0
11.680000  0.623937  0
11.706667  0.623462  0
11.733333  0.622992  0
11.760000  0.622528  0
11.786667  0.622074  0
11.813333  0.621629  0
11.840000  0.621195  0
11.866667  0.620771  0
11.893333  0.620355  0
11.920000  0.619947  0
11.946667  0.619549  0
11.973333  0.619169  0
12.000000  0.618828  0
12.026667  0.618546  0
12.053333  0.618323  0
12.080000  0.618136  0
12.106667  0.617965  0
12.133333  0.617797  0
12.160000  0.617631  0
12.186667  0.617464  0
12.213333  0.617297  0
12.240000  0.617130  0
12.266667  0.616964  0
12.293333  0.616797  0
12.320000  0.616630  0
12.346667  0.616463  0
12.373333  0.616296  0
12.400000  0.616130  0
12.426667  0.615963  0
12.453333  0.615796  0
12.480000  0.615629  0
12.506667  0.615463  0
12.533333  0.615296  0
12.560000  0.615129  0
12.586667  0.614962  0
12.613333  0.614795  0
12.640000  0.614629  0
12.666667  0.614462  0
12.693333  0.614295  0
12.720000  0.614128  0
12.746667  0.613962  0
12.773333  0.613795  0
12.800000  0.613628  0
12.826667  0.613461  0
12.853333  0.613295  0
12.880000  0.613128  0
12.906667  0.612961  0
12.933333  0.612794  0
12.960000  0.612627  0
12.986667  0.612461  0
13.013333  0.612294  0
13.040000  0.612127  0
13.066667  0.611960  0
13.093333  0.611794  0
13.120000  0.611627  0
13.146667  0.611460  0
13.173333  0.611293  0
13.200000  0.611126  0
13.226667  0.610960  0
13.253333  0.610793  0
13.280000  0.610626  0
13.306667  0.610459  0
13.333333  0.610293  0
13.360000  0.610126  0
13.386667  0.609959  0
13.413333  0.609792  0
13.440000  0.609626  0
13.466667  0.609459  0
13.493333  0.609292  0
13.520000  0.609125  0
13.546667  0.608958  0
13.573333  0.608792  0
13.600000  0.608625  0
13.626667  0.608458  0
13.653333  0.608291  0
13.680000  0.608125  0
13.706667  0.607958  0
13.733333  0.607791  0
13.760000  0.607624  0
13.786667  0.607458  0
13.813333  0.607291  0
13.840000  0.607124  0
13.866667  0.606957  0
13.893333  0.606790  0
13.920000  0.606624  0
13.946667  0.606457  0
13.973333  0.606290  0
14.000000  0.606123  0
14.026667  0.605957  0
14.053333  0.605790  0
14.080000  0.605623  0
14.106667  0.605456  0
14.133333  0.605289  0
14.160000  0.605123  0
14.186667  0.604956  0
14.213333  0.604789  0
14.240000  0.604622  0
14.266667  0.604456  0
14.293333  0.604289  0
14.320000  0.604122  0
14.346667  0.603955  0
14.373333  0.603789  0
14.400000  0.603622  0
14.426667  0.603455  0
14.453333  0.603288  0
14.480000  0.603121  0
14.506667  0.602955  0
14.533333  0.602788  0
14.560000  0.602621  0
14.586667  0.602454  0
14.613333  0.602288  0
14.640000  0.602121  0
14.666667  0.601954  0
14.693333  0.601787  0
14.720000  0.601620  0
14.746667  0.601454  0
14.773333  0.601287  0
14.800000  0.601120  0
14.826667  0.600953  0
14.853333  0.600787  0
14.880000  0.600620  0
14.906667  0.600453  0
14.933333  0.600286  0
14.960000  0.600120  0
14.986667  0.599953  0
15.013333  0.599786  0
15.040000  0.599619  0
15.066667  0.599452  0
15.093333  0.599286  0
15.120000  0.599119  0
15.146667  0.598952  0
15.173333  0.598786  0
15.200000  0.598620  0
15.226667  0.598455  0
15.253333  0.598294  0
15.280000  0.598134  0
15.306667  0.597976  0
15.333333  0.597818  0
15.360000  0.597661  0
15.386667  0.597504  0
15.413333  0.597347  0
15.440000  0.597189  0
15.466667  0.597032  0
15.493333  0.596875  0
15.520000  0.596717  0
15.546667  0.596560  0
15.573333  0.596403  0
15.600000  0.596246  0
15.626667  0.596088  0
15.653333  0.595931  0
15.680000  0.595774  0
15.706667  0.595616  0
15.733333  0.595459  0
15.760000  0.595302  0
15.786667  0.595145  0
15.813333  0.594987  0
15.840000  0.594830  0
15.866667  0.594673  0
15.893333  0.594515  0
15.920000  0.594358  0
15.946667  0.594201  0
15.973333  0.594044  0
16.000000  0.593886  0
16.026667  0.593729  0
16.053333  0.593572  0
16.080000  0.593415  0
16.106667  0.593257  0
16.133333  0.593100  0
16.160000  0.592943  0
16.186667  0.592785  0
16.213333  0.592628  0
16.240000  0.592471  0
16.266667  0.592314  0
16.293333  0.592156  0
16.320000  0.591999  0
16.346667  0.591842  0
16.373333  0.591684  0
16.400000  0.591527  0
16.426667  0.591370  0
16.453333  0.591213  0
16.480000  0.591055  0
16.506667  0.590898  0
16.533333  0.590741  0
16.560000  0.590583  0
16.586667  0.590426  0
16.613333  0.590269  0
16.640000  0.590112  0
16.666667  0.589954  0
16.693333  0.589797  0
16.720000  0.589640  0
16.746667  0.589482  0
16.773333  0.589325  0
16.800000  0.589168  0
16.826667  0.589011  0
16.853333  0.588853  0
16.880000  0.588696  0
16.906667  0.588539  0
16.933333  0.588381  0
16.960000  0.588224  0
16.986667  0.588067  0
17.013333  0.587910  0
17.040000  0.587752  0
17.066667  0.587595  0
17.093333  0.587438  0
17.120000  0.587280  0
17.146667  0.587123  0
17.173333  0.586966  0
17.200000  0.586809  0
17.226667  0.586651  0
17.253333  0.586494  0
17.280000  0.586337  0
17.306667  0.586179  0
17.333333  0.586022  0
17.360000  0.585865  0
17.386667  0.585708  0
17.413333  0.585550  0
17.440000  0.585393  0
17.466667  0.585236  0
17.493333  0.585079  0
17.520000  0.584921  0
17.546667  0.584764  0
17.573333  0.584607  0
17.600000  0.584449  0
17.626667  0.584292  0
17.653333  0.584135  0
17.680000  0.583978  0
17.706667  0.583820  0
17.733333  0.583663  0
17.760000  0.583506  0
17.786667  0.583348  0
17.813333  0.583191  0
17.840000  0.583034  0
17.866667  0.582877  0
17.893333  0.582719  0
17.920000  0.582562  0
17.946667  0.582405  0
17.973333  0.582247  0
18.000000  0.582090  0
18.026667  0.581933  0
18.053333  0.581776  0
18.080000  0.581618  0
18.106667  0.581461  0
18.133333  0.581304  0
18.160000  0.581146  0
18.186667  0.580989  0
18.213333  0.580832  0
18.240000  0.580675  0
18.266667  0.580517  0
18.293333  0.580360  0
18.320000  0.580203  0
18.346667  0.580045  0
18.373333  0.579888  0
18.400000  0.579731  0
18.426667  0.579574  0
18.453333  0.579416  0
18.480000  0.579259  0
18.506667  0.579102  0
18.533333  0.578944  0
18.560000  0.578787  0
18.586667  0.578630  0
18.613333  0.578473  0
18.640000  0.578315  0
18.666667  0.578158  0
18.693333  0.578001  0
18.720000  0.577843  0
18.746667  0.577686  0
18.773333  0.577529  0
18.800000  0.577372  0
18.826667  0.577214  0
18.853333  0.577057  0
18.880000  0.576900  0
18.906667  0.576743  0
18.933333  0.576585  0
18.960000  0.576428  0
18.986667  0.576271  0
19.013333  0.576113  0
19.040000  0.575956  0
19.066667  0.575799  0
19.093333  0.575642  0
19.120000  0.575484  0
19.146667  0.575327  0
19.173333  0.575170  0
19.200000  0.575012  0
19.226667  0.574855  0
19.253333  0.574698  0
19.280000  0.574541  0
19.306667  0.574383  0
19.333333  0.574226  0
19.360000  0.574069  0
19.386667  0.573911  0
19.413333  0.573754  0
19.440000  0.573597  0
19.466667  0.573440  0
19.493333  0.573282  0
19.520000  0.573125  0
19.546667  0.572968  0
19.573333  0.572810  0
19.600000  0.572653  0
19.626667  0.572496  0
19.653333  0.572339  0
19.680000  0.572181  0
19.706667  0.572024  0
19.733333  0.571867  0
19.760000  0.571709  0
19.786667  0.571552  0
19.813333  0.571395  0
19.840000  0.571238  0
19.866667  0.571080  0
19.893333  0.570923  0
19.920000  0.570766  0
19.946667  0.570608  0
19.973333  0.570451  0
20.000000  0.570294  0
20.026667  0.570137  0
20.053333  0.569979  0
20.080000  0.569822  0
20.106667  0.569665  0
20.133333  0.569507  0
20.160000  0.569350  0
20.186667  0.569193  0
20.213333  0.569036  0
20.240000  0.568878  0
20.266667  0.568721  0
20.293333  0.568564  0
20.320000  0.568407  0
20.346667  0.568249  0
20.373333  0.568092  0
20.400000  0.567935  0
20.426667  0.567777  0
20.453333  0.567618  0
20.480000  0.567452  0
20.506667  0.567262  0
20.533333  0.567024  0
20.560000  0.566726  0
20.586667  0.566382  0
20.613333  0.566017  0
20.640000  0.565646  0
20.666667  0.565274  0
20.693333  0.564902  0
20.720000  0.564530  0
20.746667  0.564157  0
20.773333  0.563785  0
20.800000  0.563413  0
20.826667  0.563041  0
20.853333  0.562669  0
20.880000  0.562297  0
20.906667  0.561924  0
20.933333  0.561552  0
20.960000  0.561180  0
20.986667  0.560808  0
21.013333  0.560436  0
21.040000  0.560063  0
21.066667  0.559691  0
21.093333  0.559319  0
21.120000  0.558947  0
21.146667  0.558575  0
21.173333  0.558203  0
21.200000  0.557830  0
21.226667  0.557458  0
21.253333  0.557086  0
21.280000  0.556714  0
21.306667  0.556342  0
21.333333  0.555970  0
21.360000  0.555597  0
21.386667  0.555225  0
21.413333  0.554853  0
21.440000  0.554481  0
21.466667  0.554109  0
21.493333  0.553737  0
21.520000  0.553364  0
21.546667  0.552992  0
21.573333  0.552620  0
21.600000  0.552248  0
21.626667  0.551876  0
21.653333  0.551503  0
21.680000  0.551131  0
21.706667  0.550759  0
21.733333  0.550387  0
21.760000  0.550015  0
21.786667  0.549643  0
21.813333  0.549270  0
21.840000  0.548898  0
21.866667  0.548526  0
21.893333  0.548154  0
21.920000  0.547782  0
21.946667  0.547410  0
21.973333  0.547037  0
22.000000  0.546665  0
22.026667  0.546293  0
22.053333  0.545921  0
22.080000  0.545549  0
22.106667  0.545176  0
22.133333  0.544804  0
22.160000  0.544432  0
22.186667  0.544060  0
22.213333  0.543688  0
22.240000  0.543316  0
22.266667  0.542943  0
22.293333  0.542571  0
22.320000  0.542199  0
22.346667  0.541827  0
22.373333  0.541455  0
22.400000  0.541083  0
22.426667  0.540710  0
22.453333  0.540338  0
22.480000  0.539966  0
22.506667  0.539594  0
22.533333  0.539222  0
22.560000  0.538849  0
22.586667  0.538477  0
22.613333  0.538105  0
22.640000  0.537733  0
22.666667  0.537361  0
22.693333  0.536989  0
22.720000  0.536616  0
22.746667  0.536244  0
22.773333  0.535872  0
22.800000  0.535500  0
22.826667  0.535128  0
22.853333  0.534756  0
22.880000  0.534383  0
22.906667  0.534011  0
22.933333  0.533639  0
22.960000  0.533267  0
22.986667  0.532895  0
23.013333  0.532523  0
23.040000  0.532150  0
23.066667  0.531778  0
23.093333  0.531406  0
23.120000  0.531034  0
23.146667  0.530662  0
23.173333  0.530289  0
23.200000  0.529917  0
23.226667  0.529545  0
23.253333  0.529173  0
23.280000  0.528801  0
23.306667  0.528429  0
23.333333  0.528056  0
23.360000  0.527684  0
23.386667  0.527312  0
23.413333  0.526940  0
23.440000  0.526568  0
23.466667  0.526196  0
23.493333  0.525823  0
23.520000  0.525451  0
23.546667  0.525079  0
23.573333  0.524707  0
23.600000  0.524335  0
23.626667  0.523962  0
23.653333  0.523590  0
23.680000  0.523218  0
23.706667  0.522846  0
23.733333  0.522474  0
23.760000  0.522102  0
23.786667  0.521729  0
23.813333  0.521357  0
23.840000  0.520985  0
23.866667  0.520613  0
23.893333  0.520241  0
23.920000  0.519869  0
23.946667  0.519497  0
23.973333  0.519129  0
24.000000  0.518776  0
24.026667  0.518463  0
24.053333  0.518223  0
24.080000  0.518065  0
24.106667  0.517966  0
24.133333  0.517893  0
24.160000  0.517828  0
24.186667  0.517764  0
24.213333  0.517700  0
24.240000  0.517636  0
24.266667  0.517572  0
24.293333  0.517508  0
24.320000  0.517444  0
24.346667  0.517380  0
24.373333  0.517316  0
24.400000  0.517252  0
24.426667  0.517189  0
24.453333  0.517125  0
24.480000  0.517061  0
24.506667  0.516997  0
24.533333  0.516933  0
24.560000  0.516869  0
24.586667  0.516805  0
24.613333  0.516741  0
24.640000  0.516677  0
24.666667  0.516613  0
24.693333  0.516549  0
24.720000  0.516485  0
24.746667  0.516421  0
24.773333  0.516357  0
24.800000  0.516293  0
24.826667  0.516229  0
24.853333  0.516165  0
24.880000  0.516101  0
24.906667  0.516037  0
24.933333  0.515973  0
24.960000  0.515909  0
24.986667  0.515846  0
25.013333  0.515782  0
25.040000  0.515718  0
25.066667  0.515654  0
25.093333  0.515590  0
25.120000  0.515526  0
25.146667  0.515462  0
25.173333  0.515398  0
25.200000  0.515334  0
25.226667  0.515270  0
25.253333  0.515206  0
25.280000  0.515142  0
25.306667  0.515078  0
25.333333  0.515014  0
25.360000  0.514950  0
25.386667  0.514886  0
25.413333  0.514822  0
25.440000  0.514758  0
25.466667  0.514694  0
25.493333  0.514630  0
25.520000  0.514567  0
25.546667  0.514503  0
25.573333  0.514439  0
25.600000  0.514375  0
25.626667  0.514311  0
25.653333  0.514247  0
25.680000  0.514183  0
25.706667  0.514119  0
25.733333  0.514055  0
25.760000  0.513991  0
25.786667  0.513927  0
25.813333  0.513863  0
25.840000  0.513799  0
25.866667  0.513735  0
25.893333  0.513671  0
25.920000  0.513607  0
25.946667  0.513543  0
25.973333  0.513479  0
26.000000  0.513415  0
26.026667  0.513351  0
26.053333  0.513288  0
26.080000  0.513224  0
26.106667  0.513160  0
26.133333  0.513096  0
26.160000  0.513032  0
26.186667  0.512968  0
26.213333  0.512904  0
26.240000  0.512840  0
26.266667  0.512776  0
26.293333  0.512712  0
26.320000  0.512648  0
26.346667  0.512584  0
26.373333  0.512520  0
26.400000  0.512456  0
26.426667  0.512392  0
26.453333  0.512328  0
26.480000  0.512264  0
26.506667  0.512200  0
26.533333  0.512136  0
26.560000  0.512072  0
26.586667  0.512009  0
26.613333  0.511945  0
26.640000  0.511881  0
26.666667  0.511817  0
26.693333  0.511753  0
26.720000  0.511689  0
26.746667  0.511625  0
26.773333  0.511561  0
26.800000  0.511497  0
26.826667  0.511433  0
26.853333  0.511369  0
26.880000  0.511305  0
26.906667  0.511241  0
26.933333  0.511177  0
26.960000  0.511113  0
26.986667  0.511049  0
27.013333  0.510985  0
27.040000  0.510921  0
27.066667  0.510857  0
27.093333  0.510793  0
27.120000  0.510730  0
27.146667  0.510666  0
27.173333  0.510602  0
27.200000  0.510538  0
27.226667  0.510474  0
27.253333  0.510410  0
27.280000  0.510346  0
27.306667  0.510282  0
27.333333  0.510218  0
27.360000  0.510154  0
27.386667  0.510090  0
27.413333  0.510026  0
27.440000  0.509962  0
27.466667  0.509898  0
27.493333  0.509834  0
27.520000  0.509770  0
27.546667  0.509706  0
27.573333  0.509642  0
27.600000  0.509578  0
27.626667  0.509514  0
27.653333  0.509451  0
27.680000  0.509387  0
27.706667  0.509326  0
27.733333  0.509273  0
27.760000  0.509241  0
