2.960000  0.731247  0
2.986667  0.730225  0
3.013333  0.729203  0
3.040000  0.728180  0
3.066667  0.727158  0
3.093333  0.726136  0
3.120000  0.725114  0
3.146667  0.724092  0
3.173333  0.723070  0
3.200000  0.722048  0
3.226667  0.721026  0
3.253333  0.720004  0
3.280000  0.718982  0
3.306667  0.717960  0
3.333333  0.716938  0
3.360000  0.715916  0
3.386667  0.714894  0
3.413333  0.713871  0
3.440000  0.712849  0
3.466667  0.711827  0
3.493333  0.710805  0
3.520000  0.709783  0
3.546667  0.708761  0
3.573333  0.707739  0
3.600000  0.706717  0
3.626667  0.705695  0
3.653333  0.704673  0
3.680000  0.703651  0
3.706667  0.702629  0
3.733333  0.701607  0
3.760000  0.700585  0
3.786667  0.699562  0
3.813333  0.698540  0
3.840000  0.697518  0
3.866667  0.696496  0
3.893333  0.695474  0
3.920000  0.694452  0
3.946667  0.693430  0
3.973333  0.692408  0
4.000000  0.691386  0
4.026667  0.690364  0
4.053333  0.689342  0
4.080000  0.688320  0
4.106667  0.687298  0
4.133333  0.686276  0
4.160000  0.685253  0
4.186667  0.684231  0
4.213333  0.683209  0
4.240000  0.682187  0
4.266667  0.681165  0
4.293333  0.680143  0
4.320000  0.679121  0
4.346667  0.678099  0
4.373333  0.677077  0
4.400000  0.676055  0
4.426667  0.675033  0
4.453333  0.674011  0
4.480000  0.672989  0
4.506667  0.671967  0
4.533333  0.670944  0
4.560000  0.669922  0
4.586667  0.668900  0
4.613333  0.667878  0
4.640000  0.666856  0
4.666667  0.665834  0
4.693333  0.664812  0
4.720000  0.663790  0
4.746667  0.662768  0
4.773333  0.661746  0
4.800000  0.660724  0
4.826667  0.659702  0
4.853333  0.658680  0
4.880000  0.657657  0
4.906667  0.656635  0
4.933333  0.655427  0
4.960000  0.654210  0
4.986667  0.653051  0
5.013333  0.651898  0
5.040000  0.650804  0
5.066667  0.649721  0
5.093333  0.648695  0
5.120000  0.647687  0
5.146667  0.646732  0
5.173333  0.645801  0
5.200000  0.644919  0
5.226667  0.644067  0
5.253333  0.643260  0
5.280000  0.642488  0
5.306667  0.641754  0
5.333333  0.641061  0
5.360000  0.640400  0
5.386667  0.639783  0
5.413333  0.639192  0
5.440000  0.638647  0
5.466667  0.638121  0
5.493333  0.637640  0
5.520000  0.637173  0
5.546667  0.636749  0
5.573333  0.636332  0
5.600000  0.635953  0
5.626667  0.635577  0
5.653333  0.635229  0
5.680000  0.634882  0
5.706667  0.634549  0
5.733333  0.634217  0
5.760000  0.633884  0
5.786667  0.633551  0
5.813333  0.633200  0
5.840000  0.632847  0
5.866667  0.632464  0
5.893333  0.632074  0
5.920000  0.631643  0
5.946667  0.631200  0
5.973333  0.630709  0
6.000000  0.630198  0
6.026667  0.629635  0
6.053333  0.629044  0
6.080000  0.628403  0
6.106667  0.627724  0
6.133333  0.626998  0
6.160000  0.626228  0
6.186667  0.625416  0
6.213333  0.624553  0
6.240000  0.623655  0
6.266667  0.622703  0
6.293333  0.621723  0
6.320000  0.620686  0
6.346667  0.619628  0
6.373333  0.618513  0
6.400000  0.617384  0
6.426667  0.616199  0
6.453333  0.615005  0
6.480000  0.613756  0
6.506667  0.612504  0
6.533333  0.611200  0
6.560000  0.609895  0
6.586667  0.608542  0
6.613333  0.607188  0
6.640000  0.605793  0
6.666667  0.604395  0
6.693333  0.602962  0
6.720000  0.601524  0
6.746667  0.600058  0
6.773333  0.598584  0
6.800000  0.597085  0
6.826667  0.595577  0
6.853333  0.594047  0
6.880000  0.592506  0
6.906667  0.590946  0
6.933333  0.589372  0
6.960000  0.587782  0
6.986667  0.586176  0
7.013333  0.584556  0
7.040000  0.582918  0
7.066667  0.581267  0
7.093333  0.579598  0
7.120000  0.577919  0
7.146667  0.576222  0
7.173333  0.574517  0
7.200000  0.572797  0
7.226667  0.571073  0
7.253333  0.569338  0
7.280000  0.567602  0
7.306667  0.565865  0
7.333333  0.564129  0
7.360000  0.562406  0
7.386667  0.560683  0
7.413333  0.558993  0
7.440000  0.557303  0
7.466667  0.555662  0
7.493333  0.554025  0
7.520000  0.552452  0
7.546667  0.550888  0
7.573333  0.549400  0
7.600000  0.547929  0
7.626667  0.546539  0
7.653333  0.545176  0
7.680000  0.543896  0
7.706667  0.542653  0
7.733333  0.541490  0
7.760000  0.540374  0
7.786667  0.539331  0
7.813333  0.538344  0
7.840000  0.537420  0
7.866667  0.536559  0
7.893333  0.535748  0
7.920000  0.535004  0
7.946667  0.534298  0
7.973333  0.533660  0
8.000000  0.533050  0
8.026667  0.532503  0
8.053333  0.531974  0
8.080000  0.531503  0
8.106667  0.531043  0
8.133333  0.530631  0
8.160000  0.530224  0
8.186667  0.529856  0
8.213333  0.529488  0
8.240000  0.529148  0
8.266667  0.528807  0
8.293333  0.528480  0
8.320000  0.528153  0
8.346667  0.527827  0
8.373333  0.527501  0
8.400000  0.527167  0
8.426667  0.526831  0
8.453333  0.526480  0
8.480000  0.526125  0
8.506667  0.525752  0
8.533333  0.525371  0
8.560000  0.524969  0
8.586667  0.524556  0
8.613333  0.524123  0
8.640000  0.523674  0
8.666667  0.523207  0
8.693333  0.522723  0
8.720000  0.522222  0
8.746667  0.521701  0
8.773333  0.521168  0
8.800000  0.520614  0
8.826667  0.520051  0
8.853333  0.519468  0
8.880000  0.518881  0
8.906667  0.518276  0
8.933333  0.517669  0
8.960000  0.517050  0
8.986667  0.516430  0
9.013333  0.515805  0
9.040000  0.515180  0
9.066667  0.514557  0
9.093333  0.513935  0
9.120000  0.513324  0
9.146667  0.512713  0
9.173333  0.512120  0
9.200000  0.511528  0
9.226667  0.510959  0
9.253333  0.510394  0
9.280000  0.509853  0
9.306667  0.509319  0
9.333333  0.508810  0
9.360000  0.508310  0
9.386667  0.507833  0
9.413333  0.507369  0
9.440000  0.506925  0
9.466667  0.506495  0
9.493333  0.506082  0
9.520000  0.505684  0
9.546667  0.505299  0
9.573333  0.504929  0
9.600000  0.504568  0
9.626667  0.504220  0
9.653333  0.503877  0
9.680000  0.503546  0
9.706667  0.503218  0
9.733333  0.502897  0
9.760000  0.502577  0
9.786667  0.502262  0
9.813333  0.501946  0
9.840000  0.501632  0
9.866667  0.501317  0
9.893333  0.501001  0
9.920000  0.500684  0
9.946667  0.500364  0
9.973333  0.500043  0
10.000000  0.499719  0
10.026667  0.499394  0
10.053333  0.499067  0
10.080000  0.498739  0
10.106667  0.498410  0
10.133333  0.498080  0
10.160000  0.497751  0
10.186667  0.497422  0
10.213333  0.497095  0
10.240000  0.496768  0
10.266667  0.496445  0
10.293333  0.496123  0
10.320000  0.495804  0
10.346667  0.495487  0
10.373333  0.495174  0
10.400000  0.494864  0
10.426667  0.494557  0
10.453333  0.494253  0
10.480000  0.493951  0
10.506667  0.493652  0
10.533333  0.493355  0
10.560000  0.493061  0
10.586667  0.492768  0
10.613333  0.492476  0
10.640000  0.492185  0
10.666667  0.491895  0
10.693333  0.491604  0
10.720000  0.491312  0
10.746667  0.491020  0
10.773333  0.490724  0
10.800000  0.490428  0
10.826667  0.490123  0
10.853333  0.489818  0
10.880000  0.489501  0
10.906667  0.489182  0
10.933333  0.488845  0
10.960000  0.488504  0
10.986667  0.488138  0
11.013333  0.487765  0
11.040000  0.487360  0
11.066667  0.486941  0
11.093333  0.486483  0
11.120000  0.486003  0
11.146667  0.485476  0
11.173333  0.484914  0
11.200000  0.484302  0
11.226667  0.483639  0
11.253333  0.482921  0
11.280000  0.482135  0
11.306667  0.481295  0
11.333333  0.480365  0
11.360000  0.479386  0
11.386667  0.478296  0
11.413333  0.477163  0
11.440000  0.475901  0
11.466667  0.474606  0
11.493333  0.473166  0
11.520000  0.471706  0
11.546667  0.470094  0
11.573333  0.468473  0
11.600000  0.466702  0
11.626667  0.464931  0
11.653333  0.463028  0
11.680000  0.461123  0
11.706667  0.459124  0
11.733333  0.457118  0
11.760000  0.455060  0
11.786667  0.452994  0
11.813333  0.450915  0
11.840000  0.448834  0
11.866667  0.446775  0
11.893333  0.444725  0
11.920000  0.442725  0
11.946667  0.440751  0
11.973333  0.438846  0
12.000000  0.436988  0
12.026667  0.435208  0
12.053333  0.433499  0
12.080000  0.431868  0
12.106667  0.430330  0
12.133333  0.428865  0
12.160000  0.427511  0
12.186667  0.426219  0
12.213333  0.425052  0
12.240000  0.423935  0
12.266667  0.422951  0
12.293333  0.422001  0
12.320000  0.421187  0
12.346667  0.420394  0
12.373333  0.419734  0
12.400000  0.419083  0
12.426667  0.418555  0
12.453333  0.418028  0
12.480000  0.417612  0
12.506667  0.417197  0
12.533333  0.416867  0
12.560000  0.416542  0
12.586667  0.416280  0
12.613333  0.416027  0
12.640000  0.415819  0
12.666667  0.415621  0
12.693333  0.415454  0
12.720000  0.415297  0
12.746667  0.415160  0
12.773333  0.415032  0
12.800000  0.414917  0
12.826667  0.414809  0
12.853333  0.414709  0
12.880000  0.414615  0
12.906667  0.414525  0
12.933333  0.414439  0
12.960000  0.414355  0
12.986667  0.414274  0
13.013333  0.414194  0
13.040000  0.414115  0
13.066667  0.414037  0
13.093333  0.413959  0
13.120000  0.413882  0
13.146667  0.413804  0
13.173333  0.413727  0
13.200000  0.413650  0
13.226667  0.413574  0
13.253333  0.413498  0
13.280000  0.413422  0
13.306667  0.413347  0
13.333333  0.413273  0
13.360000  0.413201  0
13.386667  0.413129  0
13.413333  0.413061  0
13.440000  0.412992  0
13.466667  0.412928  0
13.493333  0.412864  0
13.520000  0.412804  0
13.546667  0.412746  0
13.573333  0.412691  0
13.600000  0.412638  0
13.626667  0.412589  0
13.653333  0.412541  0
13.680000  0.412497  0
13.706667  0.412455  0
13.733333  0.412416  0
13.760000  0.412378  0
13.786667  0.412343  0
13.813333  0.412309  0
13.840000  0.412276  0
13.866667  0.412244  0
13.893333  0.412212  0
13.920000  0.412181  0
13.946667  0.412149  0
13.973333  0.412117  0
14.000000  0.412084  0
14.026667  0.412049  0
14.053333  0.412014  0
14.080000  0.411975  0
14.106667  0.411936  0
14.133333  0.411893  0
14.160000  0.411849  0
14.186667  0.411800  0
14.213333  0.411751  0
14.240000  0.411696  0
14.266667  0.411641  0
14.293333  0.411581  0
14.320000  0.411520  0
14.346667  0.411455  0
14.373333  0.411388  0
14.400000  0.411319  0
14.426667  0.411249  0
14.453333  0.411176  0
14.480000  0.411103  0
14.506667  0.411029  0
14.533333  0.410955  0
14.560000  0.410881  0
14.586667  0.410808  0
14.613333  0.410736  0
14.640000  0.410665  0
14.666667  0.410597  0
14.693333  0.410531  0
14.720000  0.410468  0
14.746667  0.410410  0
14.773333  0.410355  0
14.800000  0.410306  0
14.826667  0.410259  0
14.853333  0.410220  0
14.880000  0.410184  0
14.906667  0.410157  0
14.933333  0.410132  0
14.960000  0.410119  0
14.986667  0.410105  0
15.013333  0.410059  0
15.040000  0.410013  0
15.066667  0.409967  0
15.093333  0.409921  0
15.120000  0.409875  0
15.146667  0.409829  0
15.173333  0.409783  0
15.200000  0.409737  0
15.226667  0.409691  0
15.253333  0.409645  0
15.280000  0.409599  0
15.306667  0.409553  0
15.333333  0.409507  0
15.360000  0.409461  0
15.386667  0.409415  0
15.413333  0.409369  0
15.440000  0.409323  0
15.466667  0.409277  0
15.493333  0.409231  0
15.520000  0.409185  0
15.546667  0.409139  0
15.573333  0.409093  0
15.600000  0.409047  0
15.626667  0.409001  0
15.653333  0.408955  0
15.680000  0.408909  0
15.706667  0.408863  0
15.733333  0.408817  0
15.760000  0.408771  0
15.786667  0.408725  0
15.813333  0.408679  0
15.840000  0.408633  0
15.866667  0.408587  0
15.893333  0.408541  0
15.920000  0.408495  0
15.946667  0.408449  0
15.973333  0.408403  0
16.000000  0.408357  0
16.026667  0.408311  0
16.053333  0.408265  0
16.080000  0.408219  0
16.106667  0.408173  0
16.133333  0.408127  0
16.160000  0.408081  0
16.186667  0.408035  0
16.213333  0.407989  0
16.240000  0.407943  0
16.266667  0.407897  0
16.293333  0.407851  0
16.320000  0.407805  0
16.346667  0.407759  0
16.373333  0.407713  0
16.400000  0.407667  0
16.426667  0.407621  0
16.453333  0.407575  0
16.480000  0.407529  0
16.506667  0.407483  0
16.533333  0.407437  0
16.560000  0.407391  0
16.586667  0.407345  0
16.613333  0.407299  0
16.640000  0.407253  0
16.666667  0.407207  0
16.693333  0.407161  0
16.720000  0.407115  0
16.746667  0.407069  0
16.773333  0.407023  0
16.800000  0.406977  0
16.826667  0.406931  0
16.853333  0.406885  0
16.880000  0.406839  0
16.906667  0.406793  0
16.933333  0.406747  0
16.960000  0.406701  0
16.986667  0.406655  0
17.013333  0.406609  0
17.040000  0.406563  0
17.066667  0.406517  0
17.093333  0.406471  0
17.120000  0.406425  0
17.146667  0.406379  0
17.173333  0.406333  0
17.200000  0.406287  0
17.226667  0.406241  0
17.253333  0.406195  0
17.280000  0.406149  0
17.306667  0.406103  0
17.333333  0.406057  0
17.360000  0.406011  0
17.386667  0.405965  0
17.413333  0.405919  0
17.440000  0.405873  0
17.466667  0.405827  0
17.493333  0.405781  0
17.520000  0.405735  0
17.546667  0.405689  0
17.573333  0.405643  0
17.600000  0.405597  0
17.626667  0.405551  0
17.653333  0.405505  0
17.680000  0.405459  0
17.706667  0.405413  0
17.733333  0.405367  0
17.760000  0.405321  0
17.786667  0.405275  0
17.813333  0.405229  0
17.840000  0.405183  0
17.866667  0.405137  0
17.893333  0.405091  0
17.920000  0.405045  0
17.946667  0.404999  0
17.973333  0.404953  0
18.000000  0.404907  0
18.026667  0.404861  0
18.053333  0.404815  0
18.080000  0.404769  0
18.106667  0.404723  0
18.133333  0.404677  0
18.160000  0.404631  0
18.186667  0.404585  0
18.213333  0.404539  0
18.240000  0.404493  0
18.266667  0.404447  0
18.293333  0.404401  0
18.320000  0.404355  0
18.346667  0.404309  0
18.373333  0.404263  0
18.400000  0.404217  0
18.426667  0.404171  0
18.453333  0.404125  0
18.480000  0.404079  0
18.506667  0.404033  0
18.533333  0.403987  0
18.560000  0.403941  0
18.586667  0.403895  0
18.613333  0.403849  0
18.640000  0.403803  0
18.666667  0.403757  0
18.693333  0.403711  0
18.720000  0.403665  0
18.746667  0.403619  0
18.773333  0.403573  0
18.800000  0.403527  0
18.826667  0.403481  0
18.853333  0.403435  0
18.880000  0.403389  0
18.906667  0.403343  0
18.933333  0.403297  0
18.960000  0.403251  0
18.986667  0.403205  0
19.013333  0.403159  0
19.040000  0.403113  0
19.066667  0.403067  0
19.093333  0.403021  0
19.120000  0.402975  0
19.146667  0.402929  0
19.173333  0.402882  0
19.200000  0.402836  0
19.226667  0.402790  0
19.253333  0.402744  0
19.280000  0.402698  0
19.306667  0.402652  0
19.333333  0.402606  0
19.360000  0.402560  0
19.386667  0.402514  0
19.413333  0.402468  0
19.440000  0.402422  0
19.466667  0.402376  0
19.493333  0.402330  0
19.520000  0.402284  0
19.546667  0.402238  0
19.573333  0.402192  0
19.600000  0.402146  0
19.626667  0.402100  0
19.653333  0.402054  0
19.680000  0.402008  0
19.706667  0.401962  0
19.733333  0.401916  0
19.760000  0.401870  0
19.786667  0.401824  0
19.813333  0.401778  0
19.840000  0.401732  0
19.866667  0.401686  0
19.893333  0.401640  0
19.920000  0.401594  0
19.946667  0.401548  0
19.973333  0.401502  0
20.000000  0.401456  0
20.026667  0.401410  0
20.053333  0.401364  0
20.080000  0.401318  0
20.106667  0.401272  0
20.133333  0.401226  0
20.160000  0.401180  0
20.186667  0.401134  0
20.213333  0.401088  0
20.240000  0.401042  0
20.266667  0.400996  0
20.293333  0.400950  0
20.320000  0.400904  0
20.346667  0.400858  0
20.373333  0.400812  0
20.400000  0.400766  0
20.426667  0.400720  0
20.453333  0.400674  0
20.480000  0.400628  0
20.506667  0.400582  0
20.533333  0.400536  0
20.560000  0.400490  0
20.586667  0.400444  0
20.613333  0.400398  0
20.640000  0.400352  0
20.666667  0.400306  0
20.693333  0.400260  0
20.720000  0.400214  0
20.746667  0.400168  0
20.773333  0.400122  0
20.800000  0.400076  0
20.826667  0.400030  0
20.853333  0.399984  0
20.880000  0.399938  0
20.906667  0.399892  0
20.933333  0.399846  0
20.960000  0.399800  0
20.986667  0.399754  0
21.013333  0.399708  0
21.040000  0.399662  0
21.066667  0.399616  0
21.093333  0.399570  0
21.120000  0.399524  0
21.146667  0.399478  0
21.173333  0.399432  0
21.200000  0.399386  0
21.226667  0.399340  0
21.253333  0.399294  0
21.280000  0.399248  0
21.306667  0.399202  0
21.333333  0.399156  0
21.360000  0.399110  0
21.386667  0.399064  0
21.413333  0.399018  0
21.440000  0.398972  0
21.466667  0.398926  0
21.493333  0.398880  0
21.520000  0.398834  0
21.546667  0.398788  0
21.573333  0.398742  0
21.600000  0.398696  0
21.626667  0.398650  0
21.653333  0.398604  0
21.680000  0.398558  0
21.706667  0.398512  0
21.733333  0.398466  0
21.760000  0.398420  0
21.786667  0.398374  0
21.813333  0.398328  0
21.840000  0.398282  0
21.866667  0.398236  0
21.893333  0.398190  0
21.920000  0.398144  0
21.946667  0.398098  0
21.973333  0.398052  0
22.000000  0.398006  0
22.026667  0.397960  0
22.053333  0.397914  0
22.080000  0.397868  0
22.106667  0.397822  0
22.133333  0.397776  0
22.160000  0.397730  0
22.186667  0.397684  0
