3.306667  0.674123  0
3.333333  0.673482  0
3.360000  0.672841  0
3.386667  0.672200  0
3.413333  0.671559  0
3.440000  0.670918  0
3.466667  0.670276  0
3.493333  0.669635  0
3.520000  0.668994  0
3.546667  0.668353  0
3.573333  0.667712  0
3.600000  0.667071  0
3.626667  0.666430  0
3.653333  0.665789  0
3.680000  0.665147  0
3.706667  0.664506  0
3.733333  0.663865  0
3.760000  0.663224  0
3.786667  0.662583  0
3.813333  0.661942  0
3.840000  0.661301  0
3.866667  0.660660  0
3.893333  0.660018  0
3.920000  0.659377  0
3.946667  0.658736  0
3.973333  0.658095  0
4.000000  0.657454  0
4.026667  0.656813  0
4.053333  0.656172  0
4.080000  0.655530  0
4.106667  0.654889  0
4.133333  0.654248  0
4.160000  0.653607  0
4.186667  0.652966  0
4.213333  0.652325  0
4.240000  0.651684  0
4.266667  0.651043  0
4.293333  0.650401  0
4.320000  0.649760  0
4.346667  0.649119  0
4.373333  0.648478  0
4.400000  0.647837  0
4.426667  0.647196  0
4.453333  0.646555  0
4.480000  0.645914  0
4.506667  0.645272  0
4.533333  0.644684  0
4.560000  0.644102  0
4.586667  0.643520  0
4.613333  0.642938  0
4.640000  0.642357  0
4.666667  0.641775  0
4.693333  0.641193  0
4.720000  0.640611  0
4.746667  0.640029  0
4.773333  0.639447  0
4.800000  0.638865  0
4.826667  0.638283  0
4.853333  0.637701  0
4.880000  0.637119  0
4.906667  0.636537  0
4.933333  0.635955  0
4.960000  0.635373  0
4.986667  0.634791  0
5.013333  0.634209  0
5.040000  0.633627  0
5.066667  0.633045  0
5.093333  0.632463  0
5.120000  0.631881  0
5.146667  0.631300  0
5.173333  0.630718  0
5.200000  0.630136  0
5.226667  0.629554  0
5.253333  0.628972  0
5.280000  0.628390  0
5.306667  0.627808  0
5.333333  0.627226  0
5.360000  0.626644  0
5.386667  0.626062  0
5.413333  0.625480  0
5.440000  0.624748  0
5.466667  0.623799  0
5.493333  0.622850  0
5.520000  0.621902  0
5.546667  0.620953  0
5.573333  0.620004  0
5.600000  0.619055  0
5.626667  0.618106  0
5.653333  0.617157  0
5.680000  0.616209  0
5.706667  0.615260  0
5.733333  0.614311  0
5.760000  0.613362  0
5.786667  0.612413  0
5.813333  0.611464  0
5.840000  0.610516  0
5.866667  0.609567  0
5.893333  0.608618  0
5.920000  0.607669  0
5.946667  0.606720  0
5.973333  0.605771  0
6.000000  0.604823  0
6.026667  0.603874  0
6.053333  0.602925  0
6.080000  0.601976  0
6.106667  0.601027  0
6.133333  0.600078  0
6.160000  0.599130  0
6.186667  0.598181  0
6.213333  0.597232  0
6.240000  0.596283  0
6.266667  0.595334  0
6.293333  0.594386  0
6.320000  0.593437  0
6.346667  0.592488  0
6.373333  0.591600  0
6.400000  0.591040  0
6.426667  0.590481  0
6.453333  0.589921  0
6.480000  0.589362  0
6.506667  0.588802  0
6.533333  0.588242  0
6.560000  0.587683  0
6.586667  0.587123  0
6.613333  0.586564  0
6.640000  0.586004  0
6.666667  0.585445  0
6.693333  0.584885  0
6.720000  0.584326  0
6.746667  0.583766  0
6.773333  0.583206  0
6.800000  0.582647  0
6.826667  0.582087  0
6.853333  0.581528  0
6.880000  0.580968  0
6.906667  0.580409  0
6.933333  0.579849  0
6.960000  0.579289  0
6.986667  0.578730  0
7.013333  0.578170  0
7.040000  0.577611  0
7.066667  0.577051  0
7.093333  0.576492  0
7.120000  0.575932  0
7.146667  0.575373  0
7.173333  0.574813  0
7.200000  0.574253  0
7.226667  0.573694  0
7.253333  0.573134  0
7.280000  0.572575  0
7.306667  0.572015  0
7.333333  0.571456  0
7.360000  0.570896  0
7.386667  0.570336  0
7.413333  0.569777  0
7.440000  0.569318  0
7.466667  0.569088  0
7.493333  0.568858  0
7.520000  0.568629  0
7.546667  0.568399  0
7.573333  0.568169  0
7.600000  0.567940  0
7.626667  0.567710  0
7.653333  0.567480  0
7.680000  0.567250  0
7.706667  0.567021  0
7.733333  0.566791  0
7.760000  0.566561  0
7.786667  0.566332  0
7.813333  0.566102  0
7.840000  0.565872  0
7.866667  0.565642  0
7.893333  0.565413  0
7.920000  0.565183  0
7.946667  0.564953  0
7.973333  0.564724  0
8.000000  0.564494  0
8.026667  0.564264  0
8.053333  0.564034  0
8.080000  0.563805  0
8.106667  0.563575  0
8.133333  0.563345  0
8.160000  0.563116  0
8.186667  0.562886  0
8.213333  0.562432  0
8.240000  0.560977  0
8.266667  0.559522  0
8.293333  0.558067  0
8.320000  0.556612  0
8.346667  0.555158  0
8.373333  0.553703  0
8.400000  0.552248  0
8.426667  0.550793  0
8.453333  0.549338  0
8.480000  0.547883  0
8.506667  0.546428  0
8.533333  0.544974  0
8.560000  0.543519  0
8.586667  0.542064  0
8.613333  0.540609  0
8.640000  0.539154  0
8.666667  0.537699  0
8.693333  0.536244  0
8.720000  0.534789  0
8.746667  0.533335  0
8.773333  0.531880  0
8.800000  0.530425  0
8.826667  0.528970  0
8.853333  0.527515  0
8.880000  0.526551  0
8.906667  0.525842  0
8.933333  0.525132  0
8.960000  0.524422  0
8.986667  0.523713  0
9.013333  0.523003  0
9.040000  0.522293  0
9.066667  0.521584  0
9.093333  0.520874  0
9.120000  0.520164  0
9.146667  0.519455  0
9.173333  0.518745  0
9.200000  0.518035  0
9.226667  0.517325  0
9.253333  0.516616  0
9.280000  0.515906  0
9.306667  0.515196  0
9.333333  0.514487  0
9.360000  0.513777  0
9.386667  0.513067  0
9.413333  0.512358  0
9.440000  0.511648  0
9.466667  0.510938  0
9.493333  0.510229  0
9.520000  0.509519  0
9.546667  0.508809  0
9.573333  0.508100  0
9.600000  0.507390  0
9.626667  0.506680  0
9.653333  0.505970  0
9.680000  0.505261  0
9.706667  0.504311  0
9.733333  0.502595  0
9.760000  0.500879  0
9.786667  0.499163  0
9.813333  0.497447  0
9.840000  0.495731  0
9.866667  0.494015  0
9.893333  0.492299  0
9.920000  0.490583  0
9.946667  0.488867  0
9.973333  0.487151  0
10.000000  0.485435  0
10.026667  0.483719  0
10.053333  0.482003  0
10.080000  0.480287  0
10.106667  0.478571  0
10.133333  0.476855  0
10.160000  0.475139  0
10.186667  0.473423  0
10.213333  0.471707  0
10.240000  0.469992  0
10.266667  0.468276  0
10.293333  0.466560  0
10.320000  0.464844  0
10.346667  0.463128  0
10.373333  0.461412  0
10.400000  0.459696  0
10.426667  0.457980  0
10.453333  0.456264  0
10.480000  0.454548  0
10.506667  0.453078  0
10.533333  0.452066  0
10.560000  0.451054  0
10.586667  0.450041  0
10.613333  0.449029  0
10.640000  0.448017  0
10.666667  0.447005  0
10.693333  0.445993  0
10.720000  0.444981  0
10.746667  0.443969  0
10.773333  0.442957  0
10.800000  0.441945  0
10.826667  0.440933  0
10.853333  0.439921  0
10.880000  0.438909  0
10.906667  0.437896  0
10.933333  0.436884  0
10.960000  0.435872  0
10.986667  0.435463  0
11.013333  0.435285  0
11.040000  0.435107  0
11.066667  0.434929  0
11.093333  0.434751  0
11.120000  0.434573  0
11.146667  0.434394  0
11.173333  0.434216  0
11.200000  0.434038  0
11.226667  0.433860  0
11.253333  0.433682  0
11.280000  0.433504  0
11.306667  0.433326  0
11.333333  0.433147  0
11.360000  0.432969  0
11.386667  0.432791  0
11.413333  0.432613  0
11.440000  0.432435  0
11.466667  0.432257  0
11.493333  0.432079  0
11.520000  0.431900  0
11.546667  0.431722  0
11.573333  0.431544  0
11.600000  0.431366  0
11.626667  0.431188  0
11.653333  0.431010  0
11.680000  0.430832  0
11.706667  0.430653  0
11.733333  0.430475  0
11.760000  0.430297  0
11.786667  0.430119  0
11.813333  0.429941  0
11.840000  0.429763  0
11.866667  0.429584  0
11.893333  0.429406  0
11.920000  0.429228  0
11.946667  0.429050  0
11.973333  0.428870  0
12.000000  0.428679  0
12.026667  0.428488  0
12.053333  0.428297  0
12.080000  0.428107  0
12.106667  0.427916  0
12.133333  0.427725  0
12.160000  0.427534  0
12.186667  0.427343  0
12.213333  0.427153  0
12.240000  0.426962  0
12.266667  0.426771  0
12.293333  0.426580  0
12.320000  0.426389  0
12.346667  0.426198  0
12.373333  0.426008  0
12.400000  0.425817  0
12.426667  0.425626  0
12.453333  0.425435  0
12.480000  0.425244  0
12.506667  0.425054  0
12.533333  0.424863  0
12.560000  0.424672  0
12.586667  0.424481  0
12.613333  0.424290  0
12.640000  0.424100  0
12.666667  0.423909  0
12.693333  0.423718  0
12.720000  0.423527  0
12.746667  0.423336  0
12.773333  0.423146  0
12.800000  0.422955  0
12.826667  0.422764  0
12.853333  0.422573  0
12.880000  0.422382  0
12.906667  0.422192  0
12.933333  0.422001  0
12.960000  0.421810  0
12.986667  0.421619  0
13.013333  0.421428  0
13.040000  0.421238  0
13.066667  0.421047  0
13.093333  0.420856  0
13.120000  0.420665  0
13.146667  0.420474  0
13.173333  0.420284  0
13.200000  0.420093  0
13.226667  0.419925  0
13.253333  0.419790  0
13.280000  0.419655  0
13.306667  0.419519  0
13.333333  0.419384  0
13.360000  0.419249  0
13.386667  0.419113  0
13.413333  0.418978  0
13.440000  0.418843  0
13.466667  0.418707  0
13.493333  0.418572  0
13.520000  0.418437  0
13.546667  0.418301  0
13.573333  0.418166  0
13.600000  0.418031  0
13.626667  0.417895  0
13.653333  0.417760  0
13.680000  0.417625  0
13.706667  0.417489  0
13.733333  0.417354  0
13.760000  0.417219  0
13.786667  0.417083  0
13.813333  0.416948  0
13.840000  0.416813  0
13.866667  0.416677  0
13.893333  0.416542  0
13.920000  0.416407  0
13.946667  0.416271  0
13.973333  0.416136  0
14.000000  0.416001  0
14.026667  0.415865  0
14.053333  0.415730  0
14.080000  0.415595  0
14.106667  0.415459  0
14.133333  0.415324  0
14.160000  0.415189  0
14.186667  0.415053  0
14.213333  0.414918  0
14.240000  0.414783  0
14.266667  0.414647  0
14.293333  0.414512  0
14.320000  0.414377  0
14.346667  0.414241  0
14.373333  0.414106  0
14.400000  0.413971  0
14.426667  0.413835  0
14.453333  0.413700  0
14.480000  0.413565  0
14.506667  0.413429  0
14.533333  0.413294  0
14.560000  0.413159  0
14.586667  0.413023  0
14.613333  0.412888  0
14.640000  0.412753  0
14.666667  0.412617  0
14.693333  0.412482  0
14.720000  0.412347  0
14.746667  0.412211  0
14.773333  0.412076  0
14.800000  0.411941  0
14.826667  0.411805  0
14.853333  0.411670  0
14.880000  0.411535  0
14.906667  0.411399  0
14.933333  0.411264  0
14.960000  0.411129  0
14.986667  0.411063  0
15.013333  0.411063  0
15.040000  0.411063  0
15.066667  0.411063  0
15.093333  0.411063  0
15.120000  0.411063  0
15.146667  0.411063  0
15.173333  0.411063  0
15.200000  0.411063  0
15.226667  0.411063  0
15.253333  0.411063  0
15.280000  0.411063  0
15.306667  0.411063  0
15.333333  0.411063  0
15.360000  0.411063  0
15.386667  0.411063  0
15.413333  0.411063  0
15.440000  0.411063  0
15.466667  0.411063  0
15.493333  0.411063  0
15.520000  0.411063  0
15.546667  0.411063  0
15.573333  0.411063  0
15.600000  0.411063  0
15.626667  0.411063  0
15.653333  0.411063  0
15.680000  0.411063  0
15.706667  0.411063  0
15.733333  0.411063  0
15.760000  0.411063  0
15.786667  0.411063  0
15.813333  0.411063  0
15.840000  0.411063  0
15.866667  0.411063  0
15.893333  0.411063  0
15.920000  0.411063  0
15.946667  0.411063  0
15.973333  0.411063  0
16.000000  0.411063  0
16.026667  0.411063  0
16.053333  0.411063  0
16.080000  0.411063  0
16.106667  0.411063  0
16.133333  0.411063  0
16.160000  0.411063  0
16.186667  0.411063  0
16.213333  0.410985  0
16.240000  0.410840  0
16.266667  0.410694  0
16.293333  0.410549  0
16.320000  0.410403  0
16.346667  0.410258  0
16.373333  0.410113  0
16.400000  0.409967  0
16.426667  0.409822  0
16.453333  0.409676  0
16.480000  0.409531  0
16.506667  0.409385  0
16.533333  0.409240  0
16.560000  0.409094  0
16.586667  0.408949  0
16.613333  0.408803  0
16.640000  0.408658  0
16.666667  0.408512  0
16.693333  0.408367  0
16.720000  0.408221  0
16.746667  0.408076  0
16.773333  0.407930  0
16.800000  0.407785  0
16.826667  0.407639  0
16.853333  0.407494  0
16.880000  0.407348  0
16.906667  0.407203  0
16.933333  0.407057  0
16.960000  0.406912  0
16.986667  0.406766  0
17.013333  0.406621  0
17.040000  0.406475  0
17.066667  0.406330  0
17.093333  0.406184  0
17.120000  0.406039  0
17.146667  0.405893  0
17.173333  0.405748  0
17.200000  0.405602  0
17.226667  0.405457  0
17.253333  0.405311  0
17.280000  0.405166  0
17.306667  0.405020  0
17.333333  0.404875  0
17.360000  0.404729  0
17.386667  0.404584  0
17.413333  0.404439  0
17.440000  0.404293  0
17.466667  0.404148  0
17.493333  0.404002  0
17.520000  0.403857  0
17.546667  0.403711  0
17.573333  0.403566  0
17.600000  0.403420  0
17.626667  0.403275  0
17.653333  0.403129  0
17.680000  0.402984  0
17.706667  0.402838  0
17.733333  0.402693  0
17.760000  0.402547  0
17.786667  0.402402  0
17.813333  0.402256  0
17.840000  0.402111  0
17.866667  0.401965  0
17.893333  0.401820  0
17.920000  0.401674  0
17.946667  0.401529  0
17.973333  0.401383  0
18.000000  0.401238  0
18.026667  0.401092  0
18.053333  0.400947  0
18.080000  0.400801  0
18.106667  0.400656  0
18.133333  0.400510  0
18.160000  0.400365  0
18.186667  0.400219  0
18.213333  0.400074  0
18.240000  0.399928  0
18.266667  0.399783  0
18.293333  0.399637  0
18.320000  0.399492  0
18.346667  0.399346  0
18.373333  0.399201  0
18.400000  0.399056  0
18.426667  0.398910  0
18.453333  0.398765  0
18.480000  0.398619  0
18.506667  0.398474  0
18.533333  0.398328  0
18.560000  0.398183  0
18.586667  0.398037  0
18.613333  0.397892  0
18.640000  0.397746  0
18.666667  0.397601  0
18.693333  0.397455  0
18.720000  0.397310  0
18.746667  0.397164  0
18.773333  0.397019  0
18.800000  0.396873  0
18.826667  0.396728  0
18.853333  0.396582  0
18.880000  0.396437  0
18.906667  0.396291  0
18.933333  0.396146  0
18.960000  0.396000  0
18.986667  0.395855  0
19.013333  0.395709  0
19.040000  0.395564  0
19.066667  0.395438  0
19.093333  0.395374  0
19.120000  0.395311  0
19.146667  0.395247  0
19.173333  0.395184  0
19.200000  0.395120  0
19.226667  0.395056  0
19.253333  0.394993  0
19.280000  0.394929  0
19.306667  0.394866  0
19.333333  0.394802  0
19.360000  0.394738  0
19.386667  0.394675  0
19.413333  0.394611  0
19.440000  0.394548  0
19.466667  0.394484  0
19.493333  0.394420  0
19.520000  0.394357  0
19.546667  0.394293  0
19.573333  0.394230  0
19.600000  0.394166  0
19.626667  0.394102  0
19.653333  0.394039  0
19.680000  0.393975  0
19.706667  0.393912  0
19.733333  0.393848  0
19.760000  0.393784  0
19.786667  0.393721  0
19.813333  0.393657  0
19.840000  0.393594  0
19.866667  0.393530  0
19.893333  0.393466  0
19.920000  0.393403  0
19.946667  0.393339  0
19.973333  0.393276  0
20.000000  0.393212  0
20.026667  0.393148  0
20.053333  0.393085  0
20.080000  0.393021  0
20.106667  0.392958  0
20.133333  0.392894  0
20.160000  0.392830  0
20.186667  0.392767  0
20.213333  0.392703  0
20.240000  0.392640  0
20.266667  0.392576  0
20.293333  0.392512  0
20.320000  0.392449  0
20.346667  0.392385  0
20.373333  0.392322  0
20.400000  0.392258  0
20.426667  0.392194  0
20.453333  0.392131  0
20.480000  0.392067  0
20.506667  0.392004  0
20.533333  0.391940  0
20.560000  0.391876  0
20.586667  0.391813  0
20.613333  0.391749  0
20.640000  0.391686  0
20.666667  0.391622  0
20.693333  0.391558  0
20.720000  0.391495  0
20.746667  0.391431  0
20.773333  0.391368  0
20.800000  0.391304  0
20.826667  0.391240  0
20.853333  0.391177  0
20.880000  0.391113  0
20.906667  0.391050  0
20.933333  0.390986  0
20.960000  0.390922  0
20.986667  0.390859  0
21.013333  0.390795  0
21.040000  0.390732  0
21.066667  0.390668  0
21.093333  0.390604  0
21.120000  0.390541  0
21.146667  0.390477  0
21.173333  0.390414  0
21.200000  0.390350  0
21.226667  0.390286  0
21.253333  0.390223  0
21.280000  0.390159  0
21.306667  0.390096  0
21.333333  0.390032  0
21.360000  0.389968  0
21.386667  0.389905  0
21.413333  0.389841  0
21.440000  0.389778  0
21.466667  0.389714  0
21.493333  0.389650  0
21.520000  0.389587  0
21.546667  0.389523  0
21.573333  0.389460  0
21.600000  0.389396  0
21.626667  0.389332  0
21.653333  0.389269  0
21.680000  0.389205  0
21.706667  0.389142  0
21.733333  0.389078  0
21.760000  0.389014  0
21.786667  0.388951  0
21.813333  0.388887  0
21.840000  0.388824  0
21.866667  0.388760  0
21.893333  0.388696  0
21.920000  0.388633  0
21.946667  0.388569  0
21.973333  0.388506  0
22.000000  0.388442  0
22.026667  0.388378  0
22.053333  0.388315  0
22.080000  0.388251  0
22.106667  0.388188  0
22.133333  0.388124  0
22.160000  0.388060  0
22.186667  0.387997  0
22.213333  0.387933  0
22.240000  0.387870  0
22.266667  0.387806  0
22.293333  0.387742  0
22.320000  0.387679  0
22.346667  0.387615  0
22.373333  0.387552  0
22.400000  0.387488  0
22.426667  0.387424  0
22.453333  0.387361  0
22.480000  0.387297  0
22.506667  0.387234  0
22.533333  0.387170  0
22.560000  0.387106  0
22.586667  0.387043  0
22.613333  0.386979  0
22.640000  0.386916  0
22.666667  0.386852  0
22.693333  0.386788  0
22.720000  0.386725  0
22.746667  0.386661  0
22.773333  0.386598  0
22.800000  0.386534  0
22.826667  0.386470  0
22.853333  0.386407  0
22.880000  0.386343  0
22.906667  0.386280  0
22.933333  0.386216  0
22.960000  0.386152  0
22.986667  0.386089  0
23.013333  0.386025  0
23.040000  0.385962  0
23.066667  0.385898  0
23.093333  0.385834  0
23.120000  0.385771  0
23.146667  0.385707  0
23.173333  0.385644  0
23.200000  0.385580  0
23.226667  0.385516  0
23.253333  0.385453  0
23.280000  0.385389  0
23.306667  0.385326  0
23.333333  0.385262  0
23.360000  0.385198  0
23.386667  0.385135  0
23.413333  0.385071  0
23.440000  0.385008  0
23.466667  0.384944  0
23.493333  0.384880  0
23.520000  0.384817  0
23.546667  0.384753  0
23.573333  0.384690  0
23.600000  0.384626  0
23.626667  0.384562  0
23.653333  0.384499  0
23.680000  0.384435  0
23.706667  0.384372  0
23.733333  0.384308  0
23.760000  0.384244  0
23.786667  0.384181  0
23.813333  0.384117  0
23.840000  0.384054  0
23.866667  0.383990  0
23.893333  0.383926  0
23.920000  0.383863  0
23.946667  0.383799  0
23.973333  0.383736  0
24.000000  0.383672  0
24.026667  0.383608  0
24.053333  0.383545  0
24.080000  0.383481  0
24.106667  0.383418  0
24.133333  0.383354  0
24.160000  0.383290  0
24.186667  0.383227  0
24.213333  0.383163  0
24.240000  0.383100  0
24.266667  0.383036  0
24.293333  0.382972  0
24.320000  0.382909  0
24.346667  0.382845  0
24.373333  0.382782  0
24.400000  0.382718  0
24.426667  0.382654  0
24.453333  0.382591  0
24.480000  0.382527  0
24.506667  0.382464  0
24.533333  0.382400  0
24.560000  0.382336  0
24.586667  0.382273  0
24.613333  0.382209  0
24.640000  0.382146  0
24.666667  0.382082  0
24.693333  0.382018  0
24.720000  0.381955  0
24.746667  0.381891  0
24.773333  0.381828  0
24.800000  0.381764  0
24.826667  0.381700  0
24.853333  0.381637  0
24.880000  0.381573  0
24.906667  0.381510  0
24.933333  0.381446  0
24.960000  0.381382  0
24.986667  0.381319  0
25.013333  0.381255  0
25.040000  0.381192  0
25.066667  0.381128  0
25.093333  0.381064  0
25.120000  0.381001  0
25.146667  0.380937  0
25.173333  0.380874  0
25.200000  0.380810  0
25.226667  0.380746  0
25.253333  0.380683  0
25.280000  0.380619  0
25.306667  0.380556  0
25.333333  0.380492  0
25.360000  0.380428  0
25.386667  0.380365  0
25.413333  0.380301  0
25.440000  0.380238  0
25.466667  0.380174  0
25.493333  0.380110  0
25.520000  0.380047  0
25.546667  0.379983  0
25.573333  0.379920  0
25.600000  0.379856  0
25.626667  0.379792  0
25.653333  0.379729  0
25.680000  0.379665  0
25.706667  0.379601  0
25.733333  0.379538  0
25.760000  0.379474  0
25.786667  0.379411  0
25.813333  0.379347  0
25.840000  0.379283  0
25.866667  0.379220  0
25.893333  0.379156  0
25.920000  0.379093  0
25.946667  0.379029  0
25.973333  0.378965  0
26.000000  0.378902  0
26.026667  0.378838  0
26.053333  0.378775  0
26.080000  0.378711  0
26.106667  0.378647  0
26.133333  0.378584  0
26.160000  0.378520  0
26.186667  0.378457  0
26.213333  0.378393  0
26.240000  0.378329  0
26.266667  0.378266  0
26.293333  0.378202  0
26.320000  0.378139  0
26.346667  0.378075  0
26.373333  0.378011  0
26.400000  0.377948  0
26.426667  0.377884  0
26.453333  0.377821  0
26.480000  0.377757  0
26.506667  0.377693  0
26.533333  0.377630  0
