4.026667  0.715895  0
4.081742  0.714023  0
4.136817  0.721001  0
4.191893  0.711611  0
4.246968  0.707549  0
4.302044  0.653922  0
4.357119  0.679596  0
4.412194  0.677986  0
4.467270  0.688040  0
4.522345  0.739224  0
4.577420  0.701012  0
4.632496  0.681525  0
4.687571  0.670187  0
4.742647  0.662494  0
4.797722  0.669024  0
4.852797  0.650803  0
4.907873  0.643001  0
4.962948  0.634055  0
5.018023  0.625215  0
5.073099  0.607961  0
5.128174  0.598722  0
5.183250  0.597941  0
5.238325  0.600050  0
5.293400  0.600024  0
5.348476  0.596038  0
5.403551  0.595354  0
5.458626  0.595273  0
5.513702  0.659597  0
5.568777  0.595436  0
5.623853  0.584902  0
5.678928  0.584996  0
5.734003  0.582825  0
5.789079  0.601546  0
5.844154  0.610513  0
5.899229  0.612870  0
5.954305  0.610579  0
6.009380  0.611980  0
6.064456  0.609799  0
6.119531  0.610257  0
6.174606  0.608122  0
6.229682  0.612740  0
6.284757  0.607877  0
6.339832  0.616467  0
6.394908  0.620417  0
6.449983  0.626420  0
6.505059  0.621079  0
6.560134  0.623497  0
6.615209  0.625784  0
6.670285  0.625669  0
6.725360  0.623843  0
6.780436  0.623030  0
6.835511  0.621300  0
6.890586  0.620441  0
6.945662  0.619292  0
7.000737  0.616405  0
7.055812  0.612681  0
7.110888  0.608965  0
7.165963  0.612230  0
7.221039  0.608545  0
7.276114  0.498170  0
7.331189  0.506021  0
7.386265  0.499765  0
7.441340  0.499628  0
7.496415  0.503903  0
7.551491  0.504410  0
7.606566  0.500165  0
7.661642  0.500544  0
7.716717  0.503159  0
7.771792  0.501666  0
7.826868  0.503207  0
7.881943  0.501878  0
7.937018  0.500330  0
7.992094  0.506063  0
8.047169  0.499150  0
8.102245  0.489882  0
8.157320  0.502769  0
8.212395  0.501936  0
8.267471  0.499749  0
8.322546  0.499334  0
8.377621  0.499552  0
8.432697  0.498713  0
8.487772  0.494308  0
8.542848  0.496607  0
8.597923  0.490578  0
8.652998  0.485066  0
8.708074  0.487155  0
8.763149  0.483841  0
8.818224  0.488178  0
8.873300  0.481698  0
8.928375  0.492103  0
8.983451  0.504573  0
9.038526  0.476758  0
9.093601  0.483792  0
9.148677  0.481593  0
9.203752  0.481271  0
9.258827  0.481378  0
9.313903  0.482040  0
9.368978  0.479103  0
9.424054  0.478852  0
9.479129  0.482373  0
9.534204  0.482136  0
9.589280  0.481003  0
9.644355  0.482381  0
9.699430  0.479913  0
9.754506  0.479178  0
9.809581  0.481656  0
9.864657  0.481504  0
9.919732  0.483846  0
9.974807  0.485955  0
10.029883  0.476719  0
10.084958  0.475657  0
10.140034  0.477086  0
10.195109  0.476055  0
10.250184  0.480637  0
10.305260  0.480622  0
10.360335  0.478926  0
10.415410  0.483440  0
10.470486  0.483133  0
10.525561  0.481331  0
10.580637  0.479562  0
10.635712  0.481708  0
10.690787  0.481720  0
10.745863  0.479337  0
10.800938  0.479350  0
10.856013  0.479345  0
10.911089  0.479255  0
10.966164  0.481444  0
11.021240  0.476201  0
11.076315  0.477405  0
11.131390  0.477327  0
11.186466  0.474713  0
11.241541  0.476649  0
11.296616  0.473623  0
11.351692  0.474722  0
11.406767  0.473156  0
11.461843  0.474931  0
11.516918  0.472053  0
11.571993  0.470360  0
11.627069  0.472537  0
11.682144  0.470642  0
11.737219  0.472212  0
11.792295  0.473496  0
11.847370  0.474997  0
11.902446  0.474350  0
11.957521  0.475369  0
12.012596  0.472336  0
12.067672  0.471907  0
12.122747  0.474104  0
12.177822  0.423819  0
12.232898  0.479331  0
12.287973  0.477195  0
12.343049  0.403122  0
12.398124  0.417801  0
12.453199  0.411761  0
12.508275  0.415218  0
12.563350  0.414007  0
12.618425  0.402629  0
12.673501  0.409556  0
12.728576  0.409122  0
12.783652  0.408642  0
12.838727  0.407052  0
12.893802  0.408559  0
12.948878  0.407247  0
13.003953  0.405528  0
13.059028  0.407738  0
13.114104  0.406866  0
13.169179  0.402614  0
13.224255  0.407457  0
13.279330  0.405010  0
13.334405  0.407234  0
13.389481  0.407370  0
13.444556  0.409471  0
13.499631  0.404744  0
13.554707  0.407310  0
13.609782  0.409226  0
13.664858  0.405865  0
13.719933  0.408535  0
13.775008  0.407026  0
13.830084  0.407716  0
13.885159  0.410223  0
13.940235  0.407002  0
13.995310  0.409401  0
14.050385  0.409228  0
14.105461  0.407316  0
14.160536  0.407296  0
14.215611  0.407176  0
14.270687  0.405176  0
14.325762  0.405018  0
14.380838  0.409270  0
14.435913  0.405564  0
14.490988  0.407182  0
14.546064  0.407250  0
14.601139  0.407195  0
14.656214  0.405845  0
14.711290  0.405027  0
14.766365  0.404730  0
14.821441  0.405509  0
14.876516  0.407015  0
14.931591  0.405109  0
14.986667  0.405006  0
