2.746667  0.707421  0
2.773333  0.707030  0
2.800000  0.706639  0
2.826667  0.706247  0
2.853333  0.705856  0
2.880000  0.705465  0
2.906667  0.705074  0
2.933333  0.704683  0
2.960000  0.704292  0
2.986667  0.703901  0
3.013333  0.703510  0
3.040000  0.703118  0
3.066667  0.702727  0
3.093333  0.702336  0
3.120000  0.701945  0
3.146667  0.701554  0
3.173333  0.701163  0
3.200000  0.700772  0
3.226667  0.700381  0
3.253333  0.699989  0
3.280000  0.699598  0
3.306667  0.699207  0
3.333333  0.698816  0
3.360000  0.698425  0
3.386667  0.698034  0
3.413333  0.697643  0
3.440000  0.697252  0
3.466667  0.696860  0
3.493333  0.696469  0
3.520000  0.696078  0
3.546667  0.695687  0
3.573333  0.695296  0
3.600000  0.694905  0
3.626667  0.694514  0
3.653333  0.694123  0
3.680000  0.693731  0
3.706667  0.693340  0
3.733333  0.692949  0
3.760000  0.692558  0
3.786667  0.692167  0
3.813333  0.691776  0
3.840000  0.691385  0
3.866667  0.690994  0
3.893333  0.690602  0
3.920000  0.690211  0
3.946667  0.689820  0
3.973333  0.689429  0
4.000000  0.689038  0
4.026667  0.688647  0
4.053333  0.688619  0
4.080000  0.688591  0
4.106667  0.688532  0
4.133333  0.688472  0
4.160000  0.688377  0
4.186667  0.688277  0
4.213333  0.688135  0
4.240000  0.687984  0
4.266667  0.687784  0
4.293333  0.687566  0
4.320000  0.687294  0
4.346667  0.686994  0
4.373333  0.686634  0
4.400000  0.686234  0
4.426667  0.685770  0
4.453333  0.685252  0
4.480000  0.684669  0
4.506667  0.684015  0
4.533333  0.683299  0
4.560000  0.682494  0
4.586667  0.681633  0
4.613333  0.680666  0
4.640000  0.679650  0
4.666667  0.678511  0
4.693333  0.677335  0
4.720000  0.676023  0
4.746667  0.674685  0
4.773333  0.673201  0
4.800000  0.671704  0
4.826667  0.670056  0
4.853333  0.668405  0
4.880000  0.666605  0
4.906667  0.664805  0
4.933333  0.662874  0
4.960000  0.660938  0
4.986667  0.658896  0
5.013333  0.656842  0
5.040000  0.654708  0
5.066667  0.652556  0
5.093333  0.650348  0
5.120000  0.648122  0
5.146667  0.645861  0
5.173333  0.643584  0
5.200000  0.641289  0
5.226667  0.638984  0
5.253333  0.636678  0
5.280000  0.634370  0
5.306667  0.632073  0
5.333333  0.629787  0
5.360000  0.627521  0
5.386667  0.625283  0
5.413333  0.623071  0
5.440000  0.620905  0
5.466667  0.618769  0
5.493333  0.616702  0
5.520000  0.614664  0
5.546667  0.612719  0
5.573333  0.610799  0
5.600000  0.608999  0
5.626667  0.607216  0
5.653333  0.605580  0
5.680000  0.603951  0
5.706667  0.602493  0
5.733333  0.601035  0
5.760000  0.599761  0
5.786667  0.598492  0
5.813333  0.597398  0
5.840000  0.596322  0
5.866667  0.595408  0
5.893333  0.594525  0
5.920000  0.593786  0
5.946667  0.593088  0
5.973333  0.592515  0
6.000000  0.591992  0
6.026667  0.591573  0
6.053333  0.591209  0
6.080000  0.590927  0
6.106667  0.590704  0
6.133333  0.590542  0
6.160000  0.590437  0
6.186667  0.590375  0
6.213333  0.590365  0
6.240000  0.590382  0
6.266667  0.590443  0
6.293333  0.590519  0
6.320000  0.590627  0
6.346667  0.590741  0
6.373333  0.590873  0
6.400000  0.591005  0
6.426667  0.591140  0
6.453333  0.591272  0
6.480000  0.591391  0
6.506667  0.591508  0
6.533333  0.591597  0
6.560000  0.591685  0
6.586667  0.591732  0
6.613333  0.591778  0
6.640000  0.591779  0
6.666667  0.591777  0
6.693333  0.591731  0
6.720000  0.591678  0
6.746667  0.591585  0
6.773333  0.591482  0
6.800000  0.591347  0
6.826667  0.591199  0
6.853333  0.591027  0
6.880000  0.590843  0
6.906667  0.590642  0
6.933333  0.590430  0
6.960000  0.590207  0
6.986667  0.589977  0
7.013333  0.589741  0
7.040000  0.589500  0
7.066667  0.589257  0
7.093333  0.589013  0
7.120000  0.588768  0
7.146667  0.588524  0
7.173333  0.588279  0
7.200000  0.588035  0
7.226667  0.587791  0
7.253333  0.587546  0
7.280000  0.587300  0
7.306667  0.587047  0
7.333333  0.586794  0
7.360000  0.586527  0
7.386667  0.586260  0
7.413333  0.585968  0
7.440000  0.585677  0
7.466667  0.585353  0
7.493333  0.585026  0
7.520000  0.584658  0
7.546667  0.584285  0
7.573333  0.583864  0
7.600000  0.583432  0
7.626667  0.582946  0
7.653333  0.582443  0
7.680000  0.581883  0
7.706667  0.581296  0
7.733333  0.580652  0
7.760000  0.579972  0
7.786667  0.579233  0
7.813333  0.578449  0
7.840000  0.577609  0
7.866667  0.576713  0
7.893333  0.575765  0
7.920000  0.574751  0
7.946667  0.573692  0
7.973333  0.572557  0
8.000000  0.571387  0
8.026667  0.570133  0
8.053333  0.568854  0
8.080000  0.567489  0
8.106667  0.566107  0
8.133333  0.564642  0
8.160000  0.563168  0
8.186667  0.561620  0
8.213333  0.560070  0
8.240000  0.558460  0
8.266667  0.556850  0
8.293333  0.555205  0
8.320000  0.553558  0
8.346667  0.551902  0
8.373333  0.550245  0
8.400000  0.548603  0
8.426667  0.546963  0
8.453333  0.545358  0
8.480000  0.543763  0
8.506667  0.542216  0
8.533333  0.540689  0
8.560000  0.539219  0
8.586667  0.537782  0
8.613333  0.536405  0
8.640000  0.535072  0
8.666667  0.533799  0
8.693333  0.532583  0
8.720000  0.531420  0
8.746667  0.530324  0
8.773333  0.529274  0
8.800000  0.528297  0
8.826667  0.527355  0
8.853333  0.526489  0
8.880000  0.525648  0
8.906667  0.524880  0
8.933333  0.524127  0
8.960000  0.523440  0
8.986667  0.522759  0
9.013333  0.522130  0
9.040000  0.521504  0
9.066667  0.520911  0
9.093333  0.520318  0
9.120000  0.519738  0
9.146667  0.519158  0
9.173333  0.518570  0
9.200000  0.517982  0
9.226667  0.517372  0
9.253333  0.516758  0
9.280000  0.516115  0
9.306667  0.515463  0
9.333333  0.514780  0
9.360000  0.514084  0
9.386667  0.513359  0
9.413333  0.512619  0
9.440000  0.511854  0
9.466667  0.511073  0
9.493333  0.510276  0
9.520000  0.509464  0
9.546667  0.508642  0
9.573333  0.507810  0
9.600000  0.506974  0
9.626667  0.506135  0
9.653333  0.505297  0
9.680000  0.504462  0
9.706667  0.503632  0
9.733333  0.502814  0
9.760000  0.502001  0
9.786667  0.501208  0
9.813333  0.500419  0
9.840000  0.499657  0
9.866667  0.498898  0
9.893333  0.498173  0
9.920000  0.497447  0
9.946667  0.496759  0
9.973333  0.496071  0
10.000000  0.495419  0
10.026667  0.494770  0
10.053333  0.494155  0
10.080000  0.493545  0
10.106667  0.492967  0
10.133333  0.492396  0
10.160000  0.491854  0
10.186667  0.491323  0
10.213333  0.490819  0
10.240000  0.490327  0
10.266667  0.489862  0
10.293333  0.489411  0
10.320000  0.488984  0
10.346667  0.488575  0
10.373333  0.488187  0
10.400000  0.487820  0
10.426667  0.487470  0
10.453333  0.487144  0
10.480000  0.486831  0
10.506667  0.486544  0
10.533333  0.486266  0
10.560000  0.486012  0
10.586667  0.485766  0
10.613333  0.485542  0
10.640000  0.485323  0
10.666667  0.485123  0
10.693333  0.484925  0
10.720000  0.484743  0
10.746667  0.484561  0
10.773333  0.484389  0
10.800000  0.484218  0
10.826667  0.484052  0
10.853333  0.483887  0
10.880000  0.483721  0
10.906667  0.483556  0
10.933333  0.483388  0
10.960000  0.483220  0
10.986667  0.483047  0
11.013333  0.482874  0
11.040000  0.482695  0
11.066667  0.482515  0
11.093333  0.482330  0
11.120000  0.482142  0
11.146667  0.481951  0
11.173333  0.481757  0
11.200000  0.481559  0
11.226667  0.481359  0
11.253333  0.481157  0
11.280000  0.480951  0
11.306667  0.480744  0
11.333333  0.480534  0
11.360000  0.480323  0
11.386667  0.480108  0
11.413333  0.479892  0
11.440000  0.479672  0
11.466667  0.479452  0
11.493333  0.479226  0
11.520000  0.479000  0
11.546667  0.478767  0
11.573333  0.478534  0
11.600000  0.478293  0
11.626667  0.478051  0
11.653333  0.477799  0
11.680000  0.477546  0
11.706667  0.477282  0
11.733333  0.477016  0
11.760000  0.476738  0
11.786667  0.476457  0
11.813333  0.476163  0
11.840000  0.475866  0
11.866667  0.475555  0
11.893333  0.475239  0
11.920000  0.474911  0
11.946667  0.474576  0
11.973333  0.474229  0
12.000000  0.473875  0
12.026667  0.473510  0
12.053333  0.473136  0
12.080000  0.472754  0
12.106667  0.472362  0
12.133333  0.471963  0
12.160000  0.471553  0
12.186667  0.471138  0
12.213333  0.470712  0
12.240000  0.470282  0
12.266667  0.469840  0
12.293333  0.469395  0
12.320000  0.468936  0
12.346667  0.468475  0
12.373333  0.467997  0
12.400000  0.467517  0
12.426667  0.467015  0
12.453333  0.466512  0
12.480000  0.465976  0
12.506667  0.465441  0
12.533333  0.464864  0
12.560000  0.464285  0
12.586667  0.463654  0
12.613333  0.463017  0
12.640000  0.462318  0
12.666667  0.461606  0
12.693333  0.460824  0
12.720000  0.460019  0
12.746667  0.459140  0
12.773333  0.458226  0
12.800000  0.457237  0
12.826667  0.456200  0
12.853333  0.455091  0
12.880000  0.453923  0
12.906667  0.452691  0
12.933333  0.451390  0
12.960000  0.450036  0
12.986667  0.448609  0
13.013333  0.447144  0
13.040000  0.445607  0
13.066667  0.444047  0
13.093333  0.442427  0
13.120000  0.440795  0
13.146667  0.439124  0
13.173333  0.437451  0
13.200000  0.435768  0
13.226667  0.434087  0
13.253333  0.432433  0
13.280000  0.430780  0
13.306667  0.429195  0
13.333333  0.427610  0
13.360000  0.426127  0
13.386667  0.424647  0
13.413333  0.423290  0
13.440000  0.421947  0
13.466667  0.420735  0
13.493333  0.419550  0
13.520000  0.418497  0
13.546667  0.417483  0
13.573333  0.416593  0
13.600000  0.415755  0
13.626667  0.415026  0
13.653333  0.414360  0
13.680000  0.413785  0
13.706667  0.413280  0
13.733333  0.412848  0
13.760000  0.412488  0
13.786667  0.412184  0
13.813333  0.411951  0
13.840000  0.411758  0
13.866667  0.411631  0
13.893333  0.411531  0
13.920000  0.411490  0
13.946667  0.411466  0
13.973333  0.411491  0
14.000000  0.411526  0
14.026667  0.411600  0
14.053333  0.411678  0
14.080000  0.411785  0
14.106667  0.411892  0
14.133333  0.412018  0
14.160000  0.412144  0
14.186667  0.412278  0
14.213333  0.412412  0
14.240000  0.412546  0
14.266667  0.412679  0
14.293333  0.412807  0
14.320000  0.412933  0
14.346667  0.413051  0
14.373333  0.413166  0
14.400000  0.413272  0
14.426667  0.413373  0
14.453333  0.413465  0
14.480000  0.413552  0
14.506667  0.413631  0
14.533333  0.413703  0
14.560000  0.413769  0
14.586667  0.413828  0
14.613333  0.413881  0
14.640000  0.413929  0
14.666667  0.413972  0
14.693333  0.414008  0
14.720000  0.414042  0
14.746667  0.414070  0
14.773333  0.414096  0
14.800000  0.414117  0
14.826667  0.414136  0
14.853333  0.414151  0
14.880000  0.414165  0
14.906667  0.414174  0
14.933333  0.414183  0
14.960000  0.414187  0
14.986667  0.414192  0
15.013333  0.414115  0
15.040000  0.414038  0
15.066667  0.413961  0
15.093333  0.413885  0
15.120000  0.413808  0
15.146667  0.413731  0
15.173333  0.413654  0
15.200000  0.413577  0
15.226667  0.413501  0
15.253333  0.413424  0
15.280000  0.413347  0
15.306667  0.413270  0
15.333333  0.413193  0
15.360000  0.413117  0
15.386667  0.413040  0
15.413333  0.412963  0
15.440000  0.412886  0
15.466667  0.412810  0
15.493333  0.412733  0
15.520000  0.412656  0
15.546667  0.412579  0
15.573333  0.412502  0
15.600000  0.412426  0
15.626667  0.412349  0
15.653333  0.412272  0
15.680000  0.412195  0
15.706667  0.412118  0
15.733333  0.412042  0
15.760000  0.411965  0
15.786667  0.411888  0
15.813333  0.411811  0
15.840000  0.411735  0
15.866667  0.411658  0
15.893333  0.411581  0
15.920000  0.411504  0
15.946667  0.411427  0
15.973333  0.411351  0
16.000000  0.411274  0
16.026667  0.411197  0
16.053333  0.411120  0
16.080000  0.411044  0
16.106667  0.410967  0
16.133333  0.410890  0
16.160000  0.410813  0
16.186667  0.410736  0
16.213333  0.410660  0
16.240000  0.410583  0
16.266667  0.410506  0
16.293333  0.410429  0
16.320000  0.410352  0
16.346667  0.410276  0
16.373333  0.410199  0
16.400000  0.410122  0
16.426667  0.410045  0
16.453333  0.409969  0
16.480000  0.409892  0
16.506667  0.409815  0
16.533333  0.409738  0
16.560000  0.409661  0
16.586667  0.409585  0
16.613333  0.409508  0
16.640000  0.409431  0
16.666667  0.409354  0
16.693333  0.409277  0
16.720000  0.409201  0
16.746667  0.409124  0
16.773333  0.409047  0
16.800000  0.408970  0
16.826667  0.408894  0
16.853333  0.408817  0
16.880000  0.408740  0
16.906667  0.408663  0
16.933333  0.408586  0
16.960000  0.408510  0
16.986667  0.408433  0
17.013333  0.408356  0
17.040000  0.408279  0
17.066667  0.408202  0
17.093333  0.408126  0
17.120000  0.408049  0
17.146667  0.407972  0
17.173333  0.407895  0
17.200000  0.407819  0
17.226667  0.407742  0
17.253333  0.407665  0
17.280000  0.407588  0
17.306667  0.407511  0
17.333333  0.407435  0
17.360000  0.407358  0
17.386667  0.407281  0
17.413333  0.407204  0
17.440000  0.407128  0
17.466667  0.407051  0
17.493333  0.406974  0
17.520000  0.406897  0
17.546667  0.406820  0
17.573333  0.406744  0
17.600000  0.406667  0
17.626667  0.406590  0
17.653333  0.406513  0
17.680000  0.406436  0
17.706667  0.406360  0
17.733333  0.406283  0
17.760000  0.406206  0
17.786667  0.406129  0
17.813333  0.406053  0
17.840000  0.405976  0
17.866667  0.405899  0
17.893333  0.405822  0
17.920000  0.405745  0
17.946667  0.405669  0
17.973333  0.405592  0
18.000000  0.405515  0
18.026667  0.405438  0
18.053333  0.405361  0
18.080000  0.405285  0
18.106667  0.405208  0
18.133333  0.405131  0
18.160000  0.405054  0
18.186667  0.404978  0
18.213333  0.404901  0
18.240000  0.404824  0
18.266667  0.404747  0
18.293333  0.404670  0
18.320000  0.404594  0
18.346667  0.404517  0
18.373333  0.404440  0
18.400000  0.404363  0
18.426667  0.404286  0
18.453333  0.404210  0
18.480000  0.404133  0
18.506667  0.404056  0
18.533333  0.403979  0
18.560000  0.403903  0
18.586667  0.403826  0
18.613333  0.403749  0
18.640000  0.403672  0
18.666667  0.403595  0
18.693333  0.403519  0
18.720000  0.403442  0
18.746667  0.403365  0
18.773333  0.403288  0
18.800000  0.403212  0
18.826667  0.403135  0
18.853333  0.403058  0
18.880000  0.402981  0
18.906667  0.402904  0
18.933333  0.402828  0
18.960000  0.402751  0
18.986667  0.402674  0
19.013333  0.402597  0
19.040000  0.402520  0
19.066667  0.402444  0
19.093333  0.402367  0
19.120000  0.402290  0
19.146667  0.402213  0
19.173333  0.402137  0
19.200000  0.402060  0
19.226667  0.401983  0
19.253333  0.401906  0
19.280000  0.401829  0
19.306667  0.401753  0
19.333333  0.401676  0
19.360000  0.401599  0
19.386667  0.401522  0
19.413333  0.401445  0
19.440000  0.401369  0
19.466667  0.401292  0
19.493333  0.401215  0
19.520000  0.401138  0
19.546667  0.401062  0
19.573333  0.400985  0
19.600000  0.400908  0
19.626667  0.400831  0
19.653333  0.400754  0
19.680000  0.400678  0
19.706667  0.400601  0
19.733333  0.400524  0
19.760000  0.400447  0
19.786667  0.400370  0
19.813333  0.400294  0
19.840000  0.400217  0
19.866667  0.400140  0
19.893333  0.400063  0
19.920000  0.399987  0
19.946667  0.399910  0
19.973333  0.399833  0
20.000000  0.399756  0
20.026667  0.399679  0
20.053333  0.399603  0
20.080000  0.399526  0
20.106667  0.399449  0
20.133333  0.399372  0
20.160000  0.399296  0
20.186667  0.399219  0
20.213333  0.399142  0
20.240000  0.399065  0
20.266667  0.398988  0
20.293333  0.398912  0
20.320000  0.398835  0
20.346667  0.398758  0
20.373333  0.398681  0
20.400000  0.398604  0
20.426667  0.398528  0
20.453333  0.398451  0
20.480000  0.398374  0
20.506667  0.398297  0
20.533333  0.398221  0
20.560000  0.398144  0
20.586667  0.398067  0
20.613333  0.397990  0
20.640000  0.397913  0
20.666667  0.397837  0
20.693333  0.397760  0
20.720000  0.397683  0
20.746667  0.397606  0
20.773333  0.397529  0
20.800000  0.397453  0
20.826667  0.397376  0
20.853333  0.397299  0
20.880000  0.397222  0
20.906667  0.397146  0
20.933333  0.397069  0
20.960000  0.396992  0
20.986667  0.396915  0
21.013333  0.396838  0
21.040000  0.396762  0
21.066667  0.396685  0
21.093333  0.396608  0
21.120000  0.396531  0
21.146667  0.396454  0
21.173333  0.396378  0
21.200000  0.396301  0
21.226667  0.396224  0
21.253333  0.396147  0
21.280000  0.396071  0
21.306667  0.395994  0
21.333333  0.395917  0
21.360000  0.395840  0
21.386667  0.395763  0
21.413333  0.395687  0
21.440000  0.395610  0
21.466667  0.395533  0
21.493333  0.395456  0
21.520000  0.395380  0
21.546667  0.395303  0
21.573333  0.395226  0
21.600000  0.395149  0
21.626667  0.395072  0
21.653333  0.394996  0
21.680000  0.394919  0
21.706667  0.394842  0
21.733333  0.394765  0
21.760000  0.394688  0
21.786667  0.394612  0
21.813333  0.394535  0
21.840000  0.394458  0
21.866667  0.394381  0
21.893333  0.394305  0
21.920000  0.394228  0
21.946667  0.394151  0
21.973333  0.394074  0
22.000000  0.393997  0
22.026667  0.393921  0
22.053333  0.393844  0
22.080000  0.393767  0
22.106667  0.393690  0
22.133333  0.393613  0
22.160000  0.393537  0
22.186667  0.393460  0
22.213333  0.393383  0
22.240000  0.393306  0
22.266667  0.393230  0
