4.800000  0.740948  0
4.826667  0.740332  0
4.853333  0.739163  0
4.880000  0.737548  0
4.906667  0.735611  0
4.933333  0.733466  0
4.960000  0.731198  0
4.986667  0.728867  0
5.013333  0.726505  0
5.040000  0.724131  0
5.066667  0.721752  0
5.093333  0.719369  0
5.120000  0.716984  0
5.146667  0.714596  0
5.173333  0.712202  0
5.200000  0.709801  0
5.226667  0.707392  0
5.253333  0.704975  0
5.280000  0.702550  0
5.306667  0.700118  0
5.333333  0.697681  0
5.360000  0.695241  0
5.386667  0.692799  0
5.413333  0.690356  0
5.440000  0.687912  0
5.466667  0.685468  0
5.493333  0.683024  0
5.520000  0.680581  0
5.546667  0.678141  0
5.573333  0.675705  0
5.600000  0.673281  0
5.626667  0.670876  0
5.653333  0.668504  0
5.680000  0.666182  0
5.706667  0.663924  0
5.733333  0.661744  0
5.760000  0.659647  0
5.786667  0.657630  0
5.813333  0.655679  0
5.840000  0.653781  0
5.866667  0.651918  0
5.893333  0.650077  0
5.920000  0.648249  0
5.946667  0.646426  0
5.973333  0.644606  0
6.000000  0.642787  0
6.026667  0.640969  0
6.053333  0.639153  0
6.080000  0.637339  0
6.106667  0.635530  0
6.133333  0.633731  0
6.160000  0.631945  0
6.186667  0.630178  0
6.213333  0.628435  0
6.240000  0.626718  0
6.266667  0.625027  0
6.293333  0.623360  0
6.320000  0.621711  0
6.346667  0.620076  0
6.373333  0.618450  0
6.400000  0.616828  0
6.426667  0.615210  0
6.453333  0.613593  0
6.480000  0.611976  0
6.506667  0.610359  0
6.533333  0.608743  0
6.560000  0.607127  0
6.586667  0.605513  0
6.613333  0.603903  0
6.640000  0.602301  0
6.666667  0.600712  0
6.693333  0.599148  0
6.720000  0.597620  0
6.746667  0.596139  0
6.773333  0.594717  0
6.800000  0.593356  0
6.826667  0.592055  0
6.853333  0.590805  0
6.880000  0.589596  0
6.906667  0.588414  0
6.933333  0.587250  0
6.960000  0.586095  0
6.986667  0.584945  0
7.013333  0.583798  0
7.040000  0.582651  0
7.066667  0.581505  0
7.093333  0.580358  0
7.120000  0.579212  0
7.146667  0.578066  0
7.173333  0.576920  0
7.200000  0.575773  0
7.226667  0.574627  0
7.253333  0.573482  0
7.280000  0.572338  0
7.306667  0.571197  0
7.333333  0.570061  0
7.360000  0.568934  0
7.386667  0.567821  0
7.413333  0.566728  0
7.440000  0.565659  0
7.466667  0.564616  0
7.493333  0.563600  0
7.520000  0.562607  0
7.546667  0.561633  0
7.573333  0.560673  0
7.600000  0.559722  0
7.626667  0.558776  0
7.653333  0.557833  0
7.680000  0.556890  0
7.706667  0.555949  0
7.733333  0.555007  0
7.760000  0.554066  0
7.786667  0.553124  0
7.813333  0.552183  0
7.840000  0.551242  0
7.866667  0.550300  0
7.893333  0.549359  0
7.920000  0.548419  0
7.946667  0.547480  0
7.973333  0.546545  0
8.000000  0.545619  0
8.026667  0.544709  0
8.053333  0.543826  0
8.080000  0.542987  0
8.106667  0.542207  0
8.133333  0.541502  0
8.160000  0.540879  0
8.186667  0.540339  0
8.213333  0.539874  0
8.240000  0.539469  0
8.266667  0.539108  0
8.293333  0.538775  0
8.320000  0.538459  0
8.346667  0.538151  0
8.373333  0.537847  0
8.400000  0.537545  0
8.426667  0.537244  0
8.453333  0.536943  0
8.480000  0.536642  0
8.506667  0.536340  0
8.533333  0.536038  0
8.560000  0.535734  0
8.586667  0.535425  0
8.613333  0.535109  0
8.640000  0.534778  0
8.666667  0.534423  0
8.693333  0.534036  0
8.720000  0.533606  0
8.746667  0.533128  0
8.773333  0.532601  0
8.800000  0.532028  0
8.826667  0.531417  0
8.853333  0.530779  0
8.880000  0.530121  0
8.906667  0.529453  0
8.933333  0.528779  0
8.960000  0.528102  0
8.986667  0.527424  0
9.013333  0.526745  0
9.040000  0.526066  0
9.066667  0.525387  0
9.093333  0.524708  0
9.120000  0.524029  0
9.146667  0.523349  0
9.173333  0.522667  0
9.200000  0.521983  0
9.226667  0.521292  0
9.253333  0.520589  0
9.280000  0.519869  0
9.306667  0.519123  0
9.333333  0.518345  0
9.360000  0.517530  0
9.386667  0.516676  0
9.413333  0.515788  0
9.440000  0.514870  0
9.466667  0.513931  0
9.493333  0.512978  0
9.520000  0.512016  0
9.546667  0.511050  0
9.573333  0.510081  0
9.600000  0.509112  0
9.626667  0.508142  0
9.653333  0.507172  0
9.680000  0.506202  0
9.706667  0.505232  0
9.733333  0.504262  0
9.760000  0.503293  0
9.786667  0.502323  0
9.813333  0.501353  0
9.840000  0.500383  0
9.866667  0.499413  0
9.893333  0.498443  0
9.920000  0.497473  0
9.946667  0.496504  0
9.973333  0.495535  0
10.000000  0.494568  0
10.026667  0.493605  0
10.053333  0.492647  0
10.080000  0.491698  0
10.106667  0.490761  0
10.133333  0.489841  0
10.160000  0.488938  0
10.186667  0.488053  0
10.213333  0.487185  0
10.240000  0.486330  0
10.266667  0.485484  0
10.293333  0.484646  0
10.320000  0.483811  0
10.346667  0.482978  0
10.373333  0.482146  0
10.400000  0.481314  0
10.426667  0.480483  0
10.453333  0.479651  0
10.480000  0.478820  0
10.506667  0.477989  0
10.533333  0.477157  0
10.560000  0.476326  0
10.586667  0.475495  0
10.613333  0.474663  0
10.640000  0.473832  0
10.666667  0.473001  0
10.693333  0.472169  0
10.720000  0.471338  0
10.746667  0.470507  0
10.773333  0.469675  0
10.800000  0.468844  0
10.826667  0.468014  0
10.853333  0.467184  0
10.880000  0.466357  0
10.906667  0.465534  0
10.933333  0.464716  0
10.960000  0.463908  0
10.986667  0.463111  0
11.013333  0.462327  0
11.040000  0.461557  0
11.066667  0.460800  0
11.093333  0.460053  0
11.120000  0.459314  0
11.146667  0.458581  0
11.173333  0.457850  0
11.200000  0.457122  0
11.226667  0.456394  0
11.253333  0.455666  0
11.280000  0.454938  0
11.306667  0.454211  0
11.333333  0.453484  0
11.360000  0.452756  0
11.386667  0.452029  0
11.413333  0.451301  0
11.440000  0.450574  0
11.466667  0.449846  0
11.493333  0.449119  0
11.520000  0.448391  0
11.546667  0.447664  0
11.573333  0.446936  0
11.600000  0.446207  0
11.626667  0.445478  0
11.653333  0.444746  0
11.680000  0.444011  0
11.706667  0.443273  0
11.733333  0.442529  0
11.760000  0.441779  0
11.786667  0.441024  0
11.813333  0.440265  0
11.840000  0.439501  0
11.866667  0.438734  0
11.893333  0.437966  0
11.920000  0.437197  0
11.946667  0.436427  0
11.973333  0.435657  0
12.000000  0.434887  0
12.026667  0.434117  0
12.053333  0.433346  0
12.080000  0.432576  0
12.106667  0.431806  0
12.133333  0.431036  0
12.160000  0.430266  0
12.186667  0.429496  0
12.213333  0.428727  0
12.240000  0.427959  0
12.266667  0.427196  0
12.293333  0.426443  0
12.320000  0.425707  0
12.346667  0.425001  0
12.373333  0.424341  0
12.400000  0.423746  0
12.426667  0.423229  0
12.453333  0.422799  0
12.480000  0.422456  0
12.506667  0.422191  0
12.533333  0.421988  0
12.560000  0.421830  0
12.586667  0.421701  0
12.613333  0.421589  0
12.640000  0.421485  0
12.666667  0.421385  0
12.693333  0.421287  0
12.720000  0.421190  0
12.746667  0.421093  0
12.773333  0.420996  0
12.800000  0.420899  0
12.826667  0.420801  0
12.853333  0.420703  0
12.880000  0.420603  0
12.906667  0.420500  0
12.933333  0.420390  0
12.960000  0.420269  0
12.986667  0.420130  0
13.013333  0.419967  0
13.040000  0.419774  0
13.066667  0.419548  0
13.093333  0.419289  0
13.120000  0.419001  0
13.146667  0.418690  0
13.173333  0.418362  0
13.200000  0.418023  0
13.226667  0.417677  0
13.253333  0.417329  0
13.280000  0.416978  0
13.306667  0.416628  0
13.333333  0.416276  0
13.360000  0.415925  0
13.386667  0.415574  0
13.413333  0.415223  0
13.440000  0.414872  0
13.466667  0.414521  0
13.493333  0.414169  0
13.520000  0.413818  0
13.546667  0.413467  0
13.573333  0.413116  0
13.600000  0.412765  0
13.626667  0.412414  0
13.653333  0.412062  0
13.680000  0.411711  0
13.706667  0.411360  0
13.733333  0.411009  0
13.760000  0.410658  0
13.786667  0.410307  0
13.813333  0.409955  0
13.840000  0.409604  0
13.866667  0.409253  0
13.893333  0.408902  0
13.920000  0.408551  0
13.946667  0.408199  0
13.973333  0.407848  0
14.000000  0.407497  0
14.026667  0.407146  0
14.053333  0.406794  0
14.080000  0.406442  0
14.106667  0.406090  0
14.133333  0.405736  0
14.160000  0.405379  0
14.186667  0.405019  0
14.213333  0.404654  0
14.240000  0.404284  0
14.266667  0.403909  0
14.293333  0.403528  0
14.320000  0.403143  0
14.346667  0.402754  0
14.373333  0.402364  0
14.400000  0.401972  0
14.426667  0.401579  0
14.453333  0.401186  0
14.480000  0.400793  0
14.506667  0.400400  0
14.533333  0.400007  0
14.560000  0.399614  0
14.586667  0.399220  0
14.613333  0.398827  0
14.640000  0.398434  0
14.666667  0.398041  0
14.693333  0.397648  0
14.720000  0.397255  0
14.746667  0.396862  0
14.773333  0.396469  0
14.800000  0.396078  0
14.826667  0.395691  0
14.853333  0.395311  0
14.880000  0.394946  0
14.906667  0.394603  0
14.933333  0.394296  0
14.960000  0.394036  0
14.986667  0.393834  0
15.013333  0.393693  0
15.040000  0.393614  0
15.066667  0.393587  0
15.093333  0.393602  0
15.120000  0.393646  0
15.146667  0.393708  0
15.173333  0.393780  0
15.200000  0.393858  0
15.226667  0.393938  0
15.253333  0.394019  0
15.280000  0.394100  0
15.306667  0.394182  0
15.333333  0.394264  0
15.360000  0.394345  0
15.386667  0.394427  0
15.413333  0.394508  0
15.440000  0.394590  0
15.466667  0.394671  0
15.493333  0.394753  0
15.520000  0.394835  0
15.546667  0.394916  0
15.573333  0.394998  0
15.600000  0.395079  0
15.626667  0.395161  0
15.653333  0.395243  0
15.680000  0.395324  0
15.706667  0.395406  0
15.733333  0.395487  0
15.760000  0.395569  0
15.786667  0.395650  0
15.813333  0.395732  0
15.840000  0.395814  0
15.866667  0.395895  0
15.893333  0.395977  0
15.920000  0.396058  0
15.946667  0.396140  0
15.973333  0.396221  0
16.000000  0.396303  0
16.026667  0.396385  0
16.053333  0.396466  0
16.080000  0.396548  0
16.106667  0.396629  0
16.133333  0.396711  0
16.160000  0.396793  0
16.186667  0.396874  0
16.213333  0.396956  0
16.240000  0.397037  0
16.266667  0.397119  0
16.293333  0.397200  0
16.320000  0.397282  0
16.346667  0.397364  0
16.373333  0.397445  0
16.400000  0.397527  0
16.426667  0.397608  0
16.453333  0.397690  0
16.480000  0.397772  0
16.506667  0.397853  0
16.533333  0.397935  0
16.560000  0.398016  0
16.586667  0.398098  0
16.613333  0.398179  0
16.640000  0.398261  0
16.666667  0.398343  0
16.693333  0.398424  0
16.720000  0.398506  0
16.746667  0.398587  0
16.773333  0.398669  0
16.800000  0.398751  0
16.826667  0.398832  0
16.853333  0.398914  0
16.880000  0.398995  0
16.906667  0.399077  0
16.933333  0.399158  0
16.960000  0.399240  0
16.986667  0.399320  0
17.013333  0.399400  0
17.040000  0.399478  0
17.066667  0.399551  0
17.093333  0.399618  0
17.120000  0.399674  0
17.146667  0.399716  0
17.173333  0.399741  0
17.200000  0.399747  0
17.226667  0.399735  0
17.253333  0.399708  0
17.280000  0.399668  0
17.306667  0.399620  0
17.333333  0.399566  0
17.360000  0.399509  0
17.386667  0.399450  0
17.413333  0.399391  0
17.440000  0.399331  0
17.466667  0.399272  0
17.493333  0.399212  0
17.520000  0.399152  0
17.546667  0.399093  0
17.573333  0.399033  0
17.600000  0.398973  0
17.626667  0.398914  0
17.653333  0.398854  0
17.680000  0.398794  0
17.706667  0.398735  0
17.733333  0.398675  0
17.760000  0.398615  0
17.786667  0.398556  0
17.813333  0.398496  0
17.840000  0.398436  0
17.866667  0.398377  0
17.893333  0.398317  0
17.920000  0.398257  0
17.946667  0.398197  0
17.973333  0.398138  0
18.000000  0.398078  0
18.026667  0.398018  0
18.053333  0.397959  0
18.080000  0.397899  0
18.106667  0.397839  0
18.133333  0.397780  0
18.160000  0.397720  0
18.186667  0.397660  0
18.213333  0.397601  0
18.240000  0.397541  0
18.266667  0.397481  0
18.293333  0.397422  0
18.320000  0.397362  0
18.346667  0.397302  0
18.373333  0.397242  0
18.400000  0.397183  0
18.426667  0.397123  0
18.453333  0.397063  0
18.480000  0.397004  0
18.506667  0.396944  0
18.533333  0.396884  0
18.560000  0.396825  0
18.586667  0.396765  0
18.613333  0.396705  0
18.640000  0.396646  0
18.666667  0.396586  0
18.693333  0.396526  0
18.720000  0.396467  0
18.746667  0.396407  0
18.773333  0.396347  0
18.800000  0.396287  0
18.826667  0.396228  0
18.853333  0.396168  0
18.880000  0.396108  0
18.906667  0.396049  0
18.933333  0.395989  0
18.960000  0.395929  0
18.986667  0.395870  0
19.013333  0.395810  0
19.040000  0.395750  0
19.066667  0.395691  0
19.093333  0.395631  0
19.120000  0.395571  0
19.146667  0.395512  0
19.173333  0.395452  0
19.200000  0.395392  0
19.226667  0.395332  0
19.253333  0.395273  0
19.280000  0.395213  0
19.306667  0.395153  0
19.333333  0.395094  0
19.360000  0.395034  0
19.386667  0.394974  0
19.413333  0.394915  0
19.440000  0.394855  0
19.466667  0.394795  0
19.493333  0.394736  0
19.520000  0.394676  0
19.546667  0.394616  0
19.573333  0.394557  0
19.600000  0.394497  0
19.626667  0.394437  0
19.653333  0.394378  0
19.680000  0.394318  0
19.706667  0.394258  0
19.733333  0.394198  0
19.760000  0.394139  0
19.786667  0.394079  0
19.813333  0.394019  0
19.840000  0.393960  0
19.866667  0.393900  0
19.893333  0.393840  0
19.920000  0.393781  0
19.946667  0.393721  0
19.973333  0.393661  0
20.000000  0.393602  0
20.026667  0.393542  0
20.053333  0.393482  0
20.080000  0.393423  0
20.106667  0.393363  0
20.133333  0.393303  0
20.160000  0.393243  0
20.186667  0.393184  0
20.213333  0.393124  0
20.240000  0.393064  0
20.266667  0.393005  0
20.293333  0.392945  0
20.320000  0.392885  0
20.346667  0.392826  0
20.373333  0.392766  0
20.400000  0.392706  0
20.426667  0.392647  0
20.453333  0.392587  0
20.480000  0.392527  0
20.506667  0.392468  0
20.533333  0.392408  0
20.560000  0.392348  0
20.586667  0.392288  0
20.613333  0.392229  0
20.640000  0.392169  0
20.666667  0.392109  0
20.693333  0.392050  0
20.720000  0.391990  0
20.746667  0.391930  0
20.773333  0.391871  0
20.800000  0.391811  0
20.826667  0.391751  0
20.853333  0.391692  0
20.880000  0.391632  0
20.906667  0.391572  0
20.933333  0.391513  0
20.960000  0.391453  0
20.986667  0.391393  0
21.013333  0.391333  0
21.040000  0.391274  0
21.066667  0.391214  0
21.093333  0.391154  0
21.120000  0.391094  0
21.146667  0.391033  0
21.173333  0.390972  0
21.200000  0.390911  0
21.226667  0.390850  0
21.253333  0.390788  0
21.280000  0.390727  0
21.306667  0.390665  0
21.333333  0.390603  0
21.360000  0.390541  0
21.386667  0.390479  0
21.413333  0.390417  0
21.440000  0.390356  0
21.466667  0.390294  0
21.493333  0.390232  0
21.520000  0.390170  0
21.546667  0.390108  0
21.573333  0.390046  0
21.600000  0.389984  0
21.626667  0.389922  0
21.653333  0.389860  0
21.680000  0.389798  0
21.706667  0.389736  0
21.733333  0.389675  0
21.760000  0.389613  0
21.786667  0.389551  0
21.813333  0.389489  0
21.840000  0.389427  0
21.866667  0.389365  0
21.893333  0.389303  0
21.920000  0.389241  0
21.946667  0.389179  0
21.973333  0.389117  0
22.000000  0.389055  0
22.026667  0.388994  0
22.053333  0.388932  0
22.080000  0.388870  0
22.106667  0.388808  0
22.133333  0.388746  0
22.160000  0.388684  0
22.186667  0.388622  0
22.213333  0.388560  0
22.240000  0.388498  0
22.266667  0.388436  0
22.293333  0.388374  0
22.320000  0.388313  0
22.346667  0.388251  0
22.373333  0.388189  0
22.400000  0.388127  0
22.426667  0.388065  0
22.453333  0.388003  0
22.480000  0.387941  0
22.506667  0.387879  0
22.533333  0.387817  0
22.560000  0.387755  0
22.586667  0.387693  0
22.613333  0.387632  0
22.640000  0.387570  0
22.666667  0.387508  0
22.693333  0.387446  0
22.720000  0.387384  0
22.746667  0.387322  0
22.773333  0.387260  0
22.800000  0.387198  0
22.826667  0.387136  0
22.853333  0.387074  0
22.880000  0.387012  0
22.906667  0.386951  0
22.933333  0.386889  0
22.960000  0.386827  0
22.986667  0.386765  0
23.013333  0.386703  0
23.040000  0.386641  0
23.066667  0.386579  0
23.093333  0.386517  0
23.120000  0.386455  0
23.146667  0.386393  0
23.173333  0.386331  0
23.200000  0.386270  0
23.226667  0.386208  0
23.253333  0.386146  0
23.280000  0.386084  0
23.306667  0.386022  0
23.333333  0.385960  0
23.360000  0.385898  0
23.386667  0.385836  0
23.413333  0.385774  0
23.440000  0.385712  0
23.466667  0.385650  0
23.493333  0.385589  0
23.520000  0.385527  0
23.546667  0.385465  0
23.573333  0.385403  0
23.600000  0.385341  0
23.626667  0.385279  0
23.653333  0.385217  0
23.680000  0.385155  0
23.706667  0.385093  0
23.733333  0.385031  0
23.760000  0.384969  0
23.786667  0.384908  0
23.813333  0.384846  0
23.840000  0.384784  0
23.866667  0.384722  0
23.893333  0.384660  0
23.920000  0.384598  0
23.946667  0.384536  0
23.973333  0.384474  0
24.000000  0.384412  0
24.026667  0.384350  0
24.053333  0.384288  0
24.080000  0.384227  0
24.106667  0.384165  0
24.133333  0.384103  0
24.160000  0.384041  0
24.186667  0.383979  0
24.213333  0.383917  0
24.240000  0.383855  0
24.266667  0.383793  0
24.293333  0.383731  0
24.320000  0.383669  0
24.346667  0.383607  0
24.373333  0.383546  0
24.400000  0.383484  0
24.426667  0.383422  0
24.453333  0.383360  0
24.480000  0.383298  0
24.506667  0.383236  0
24.533333  0.383174  0
24.560000  0.383112  0
24.586667  0.383050  0
24.613333  0.382988  0
24.640000  0.382926  0
24.666667  0.382865  0
24.693333  0.382803  0
24.720000  0.382741  0
24.746667  0.382679  0
24.773333  0.382617  0
24.800000  0.382555  0
24.826667  0.382493  0
24.853333  0.382431  0
24.880000  0.382369  0
24.906667  0.382307  0
24.933333  0.382245  0
24.960000  0.382184  0
24.986667  0.382122  0
25.013333  0.382060  0
25.040000  0.381998  0
25.066667  0.381936  0
25.093333  0.381874  0
25.120000  0.381812  0
25.146667  0.381750  0
25.173333  0.381688  0
25.200000  0.381626  0
25.226667  0.381564  0
25.253333  0.381503  0
25.280000  0.381441  0
25.306667  0.381379  0
25.333333  0.381317  0
25.360000  0.381255  0
25.386667  0.381193  0
25.413333  0.381131  0
25.440000  0.381069  0
25.466667  0.381007  0
25.493333  0.380945  0
25.520000  0.380883  0
25.546667  0.380822  0
25.573333  0.380760  0
25.600000  0.380698  0
25.626667  0.380636  0
25.653333  0.380574  0
25.680000  0.380512  0
25.706667  0.380450  0
25.733333  0.380388  0
25.760000  0.380327  0
25.786667  0.380266  0
25.813333  0.380207  0
25.840000  0.380152  0
25.866667  0.380101  0
25.893333  0.380059  0
25.920000  0.380029  0
25.946667  0.380013  0
