2.693333  0.718673  0
2.720000  0.717498  0
2.746667  0.716324  0
2.773333  0.715149  0
2.800000  0.713975  0
2.826667  0.712800  0
2.853333  0.711625  0
2.880000  0.710451  0
2.906667  0.709276  0
2.933333  0.708102  0
2.960000  0.706927  0
2.986667  0.705753  0
3.013333  0.704578  0
3.040000  0.703403  0
3.066667  0.702229  0
3.093333  0.701054  0
3.120000  0.699880  0
3.146667  0.698705  0
3.173333  0.697531  0
3.200000  0.696356  0
3.226667  0.695181  0
3.253333  0.694007  0
3.280000  0.692832  0
3.306667  0.691658  0
3.333333  0.690483  0
3.360000  0.689309  0
3.386667  0.688134  0
3.413333  0.686960  0
3.440000  0.685785  0
3.466667  0.684610  0
3.493333  0.683436  0
3.520000  0.682261  0
3.546667  0.681087  0
3.573333  0.679912  0
3.600000  0.678738  0
3.626667  0.677563  0
3.653333  0.676388  0
3.680000  0.675214  0
3.706667  0.674039  0
3.733333  0.672865  0
3.760000  0.671690  0
3.786667  0.670516  0
3.813333  0.669341  0
3.840000  0.668167  0
3.866667  0.666992  0
3.893333  0.665817  0
3.920000  0.664643  0
3.946667  0.663468  0
3.973333  0.662294  0
4.000000  0.661119  0
4.026667  0.659945  0
4.053333  0.659799  0
4.080000  0.659654  0
4.106667  0.659376  0
4.133333  0.659088  0
4.160000  0.658682  0
4.186667  0.658258  0
4.213333  0.657732  0
4.240000  0.657181  0
4.266667  0.656544  0
4.293333  0.655876  0
4.320000  0.655138  0
4.346667  0.654366  0
4.373333  0.653540  0
4.400000  0.652678  0
4.426667  0.651776  0
4.453333  0.650840  0
4.480000  0.649874  0
4.506667  0.648878  0
4.533333  0.647862  0
4.560000  0.646820  0
4.586667  0.645768  0
4.613333  0.644695  0
4.640000  0.643617  0
4.666667  0.642526  0
4.693333  0.641434  0
4.720000  0.640338  0
4.746667  0.639242  0
4.773333  0.638151  0
4.800000  0.637061  0
4.826667  0.635985  0
4.853333  0.634910  0
4.880000  0.633857  0
4.906667  0.632805  0
4.933333  0.631782  0
4.960000  0.630761  0
4.986667  0.629772  0
5.013333  0.628788  0
5.040000  0.627838  0
5.066667  0.626896  0
5.093333  0.625990  0
5.120000  0.625095  0
5.146667  0.624235  0
5.173333  0.623390  0
5.200000  0.622580  0
5.226667  0.621789  0
5.253333  0.621030  0
5.280000  0.620295  0
5.306667  0.619590  0
5.333333  0.618913  0
5.360000  0.618262  0
5.386667  0.617646  0
5.413333  0.617051  0
5.440000  0.616495  0
5.466667  0.615957  0
5.493333  0.615462  0
5.520000  0.614981  0
5.546667  0.614546  0
5.573333  0.614122  0
5.600000  0.613747  0
5.626667  0.613379  0
5.653333  0.613063  0
5.680000  0.612749  0
5.706667  0.612489  0
5.733333  0.612230  0
5.760000  0.612022  0
5.786667  0.611816  0
5.813333  0.611656  0
5.840000  0.611499  0
5.866667  0.611381  0
5.893333  0.611270  0
5.920000  0.611191  0
5.946667  0.611120  0
5.973333  0.611073  0
6.000000  0.611036  0
6.026667  0.611017  0
6.053333  0.611008  0
6.080000  0.611010  0
6.106667  0.611020  0
6.133333  0.611036  0
6.160000  0.611058  0
6.186667  0.611081  0
6.213333  0.611106  0
6.240000  0.611129  0
6.266667  0.611148  0
6.293333  0.611161  0
6.320000  0.611165  0
6.346667  0.611162  0
6.373333  0.611140  0
6.400000  0.611111  0
6.426667  0.611053  0
6.453333  0.610990  0
6.480000  0.610887  0
6.506667  0.610780  0
6.533333  0.610621  0
6.560000  0.610461  0
6.586667  0.610237  0
6.613333  0.610011  0
6.640000  0.609715  0
6.666667  0.609414  0
6.693333  0.609039  0
6.720000  0.608653  0
6.746667  0.608192  0
6.773333  0.607712  0
6.800000  0.607158  0
6.826667  0.606577  0
6.853333  0.605925  0
6.880000  0.605237  0
6.906667  0.604482  0
6.933333  0.603684  0
6.960000  0.602824  0
6.986667  0.601912  0
7.013333  0.600947  0
7.040000  0.599922  0
7.066667  0.598852  0
7.093333  0.597717  0
7.120000  0.596545  0
7.146667  0.595305  0
7.173333  0.594038  0
7.200000  0.592701  0
7.226667  0.591346  0
7.253333  0.589923  0
7.280000  0.588489  0
7.306667  0.586993  0
7.333333  0.585492  0
7.360000  0.583938  0
7.386667  0.582384  0
7.413333  0.580790  0
7.440000  0.579195  0
7.466667  0.577580  0
7.493333  0.575964  0
7.520000  0.574344  0
7.546667  0.572725  0
7.573333  0.571118  0
7.600000  0.569514  0
7.626667  0.567936  0
7.653333  0.566366  0
7.680000  0.564832  0
7.706667  0.563313  0
7.733333  0.561837  0
7.760000  0.560385  0
7.786667  0.558979  0
7.813333  0.557608  0
7.840000  0.556281  0
7.866667  0.555001  0
7.893333  0.553762  0
7.920000  0.552581  0
7.946667  0.551436  0
7.973333  0.550358  0
8.000000  0.549311  0
8.026667  0.548339  0
8.053333  0.547390  0
8.080000  0.546522  0
8.106667  0.545670  0
8.133333  0.544903  0
8.160000  0.544146  0
8.186667  0.543474  0
8.213333  0.542805  0
8.240000  0.542220  0
8.266667  0.541636  0
8.293333  0.541128  0
8.320000  0.540621  0
8.346667  0.540177  0
8.373333  0.539739  0
8.400000  0.539349  0
8.426667  0.538967  0
8.453333  0.538622  0
8.480000  0.538287  0
8.506667  0.537976  0
8.533333  0.537676  0
8.560000  0.537391  0
8.586667  0.537115  0
8.613333  0.536848  0
8.640000  0.536586  0
8.666667  0.536327  0
8.693333  0.536071  0
8.720000  0.535813  0
8.746667  0.535554  0
8.773333  0.535292  0
8.800000  0.535023  0
8.826667  0.534750  0
8.853333  0.534466  0
8.880000  0.534177  0
8.906667  0.533873  0
8.933333  0.533565  0
8.960000  0.533237  0
8.986667  0.532905  0
9.013333  0.532551  0
9.040000  0.532194  0
9.066667  0.531810  0
9.093333  0.531426  0
9.120000  0.531012  0
9.146667  0.530598  0
9.173333  0.530154  0
9.200000  0.529708  0
9.226667  0.529235  0
9.253333  0.528757  0
9.280000  0.528253  0
9.306667  0.527742  0
9.333333  0.527208  0
9.360000  0.526665  0
9.386667  0.526101  0
9.413333  0.525526  0
9.440000  0.524932  0
9.466667  0.524325  0
9.493333  0.523702  0
9.520000  0.523064  0
9.546667  0.522412  0
9.573333  0.521744  0
9.600000  0.521064  0
9.626667  0.520367  0
9.653333  0.519661  0
9.680000  0.518937  0
9.706667  0.518206  0
9.733333  0.517457  0
9.760000  0.516702  0
9.786667  0.515930  0
9.813333  0.515154  0
9.840000  0.514361  0
9.866667  0.513567  0
9.893333  0.512757  0
9.920000  0.511946  0
9.946667  0.511123  0
9.973333  0.510299  0
10.000000  0.509467  0
10.026667  0.508634  0
10.053333  0.507798  0
10.080000  0.506961  0
10.106667  0.506124  0
10.133333  0.505288  0
10.160000  0.504456  0
10.186667  0.503626  0
10.213333  0.502804  0
10.240000  0.501986  0
10.266667  0.501180  0
10.293333  0.500381  0
10.320000  0.499596  0
10.346667  0.498821  0
10.373333  0.498063  0
10.400000  0.497320  0
10.426667  0.496593  0
10.453333  0.495888  0
10.480000  0.495198  0
10.506667  0.494535  0
10.533333  0.493887  0
10.560000  0.493272  0
10.586667  0.492669  0
10.613333  0.492106  0
10.640000  0.491552  0
10.666667  0.491043  0
10.693333  0.490539  0
10.720000  0.490084  0
10.746667  0.489632  0
10.773333  0.489232  0
10.800000  0.488831  0
10.826667  0.488481  0
10.853333  0.488132  0
10.880000  0.487826  0
10.906667  0.487524  0
10.933333  0.487257  0
10.960000  0.486996  0
10.986667  0.486760  0
11.013333  0.486532  0
11.040000  0.486321  0
11.066667  0.486116  0
11.093333  0.485920  0
11.120000  0.485728  0
11.146667  0.485536  0
11.173333  0.485344  0
11.200000  0.485146  0
11.226667  0.484942  0
11.253333  0.484726  0
11.280000  0.484496  0
11.306667  0.484251  0
11.333333  0.483981  0
11.360000  0.483695  0
11.386667  0.483372  0
11.413333  0.483034  0
11.440000  0.482645  0
11.466667  0.482243  0
11.493333  0.481777  0
11.520000  0.481301  0
11.546667  0.480747  0
11.573333  0.480188  0
11.600000  0.479538  0
11.626667  0.478888  0
11.653333  0.478136  0
11.680000  0.477384  0
11.706667  0.476533  0
11.733333  0.475674  0
11.760000  0.474724  0
11.786667  0.473758  0
11.813333  0.472711  0
11.840000  0.471641  0
11.866667  0.470500  0
11.893333  0.469333  0
11.920000  0.468106  0
11.946667  0.466850  0
11.973333  0.465548  0
12.000000  0.464215  0
12.026667  0.462849  0
12.053333  0.461455  0
12.080000  0.460039  0
12.106667  0.458600  0
12.133333  0.457151  0
12.160000  0.455685  0
12.186667  0.454218  0
12.213333  0.452746  0
12.240000  0.451277  0
12.266667  0.449818  0
12.293333  0.448365  0
12.320000  0.446937  0
12.346667  0.445516  0
12.373333  0.444136  0
12.400000  0.442760  0
12.426667  0.441444  0
12.453333  0.440128  0
12.480000  0.438886  0
12.506667  0.437645  0
12.533333  0.436484  0
12.560000  0.435328  0
12.586667  0.434251  0
12.613333  0.433186  0
12.640000  0.432198  0
12.666667  0.431228  0
12.693333  0.430328  0
12.720000  0.429453  0
12.746667  0.428642  0
12.773333  0.427860  0
12.800000  0.427133  0
12.826667  0.426441  0
12.853333  0.425795  0
12.880000  0.425187  0
12.906667  0.424615  0
12.933333  0.424084  0
12.960000  0.423582  0
12.986667  0.423121  0
13.013333  0.422681  0
13.040000  0.422282  0
13.066667  0.421898  0
13.093333  0.421553  0
13.120000  0.421219  0
13.146667  0.420921  0
13.173333  0.420630  0
13.200000  0.420373  0
13.226667  0.420120  0
13.253333  0.419898  0
13.280000  0.419676  0
13.306667  0.419484  0
13.333333  0.419291  0
13.360000  0.419123  0
13.386667  0.418955  0
13.413333  0.418807  0
13.440000  0.418661  0
13.466667  0.418529  0
13.493333  0.418401  0
13.520000  0.418285  0
13.546667  0.418172  0
13.573333  0.418068  0
13.600000  0.417969  0
13.626667  0.417876  0
13.653333  0.417788  0
13.680000  0.417705  0
13.706667  0.417627  0
13.733333  0.417552  0
13.760000  0.417482  0
13.786667  0.417415  0
13.813333  0.417352  0
13.840000  0.417292  0
13.866667  0.417235  0
13.893333  0.417180  0
13.920000  0.417128  0
13.946667  0.417078  0
13.973333  0.417030  0
14.000000  0.416984  0
14.026667  0.416940  0
14.053333  0.416897  0
14.080000  0.416856  0
14.106667  0.416816  0
14.133333  0.416778  0
14.160000  0.416740  0
14.186667  0.416703  0
14.213333  0.416667  0
14.240000  0.416632  0
14.266667  0.416598  0
14.293333  0.416565  0
14.320000  0.416531  0
14.346667  0.416499  0
14.373333  0.416467  0
14.400000  0.416437  0
14.426667  0.416406  0
14.453333  0.416377  0
14.480000  0.416347  0
14.506667  0.416319  0
14.533333  0.416292  0
14.560000  0.416265  0
14.586667  0.416240  0
14.613333  0.416215  0
14.640000  0.416191  0
14.666667  0.416169  0
14.693333  0.416148  0
14.720000  0.416128  0
14.746667  0.416110  0
14.773333  0.416093  0
14.800000  0.416078  0
14.826667  0.416063  0
14.853333  0.416052  0
14.880000  0.416041  0
14.906667  0.416033  0
14.933333  0.416025  0
14.960000  0.416021  0
14.986667  0.416018  0
15.013333  0.416005  0
15.040000  0.415993  0
15.066667  0.415981  0
15.093333  0.415968  0
15.120000  0.415956  0
15.146667  0.415944  0
15.173333  0.415932  0
15.200000  0.415919  0
15.226667  0.415907  0
15.253333  0.415895  0
15.280000  0.415882  0
15.306667  0.415870  0
15.333333  0.415858  0
15.360000  0.415845  0
15.386667  0.415833  0
15.413333  0.415821  0
15.440000  0.415809  0
15.466667  0.415796  0
15.493333  0.415784  0
15.520000  0.415772  0
15.546667  0.415759  0
15.573333  0.415747  0
15.600000  0.415735  0
15.626667  0.415723  0
15.653333  0.415710  0
15.680000  0.415698  0
15.706667  0.415686  0
15.733333  0.415673  0
15.760000  0.415661  0
15.786667  0.415649  0
15.813333  0.415637  0
15.840000  0.415624  0
15.866667  0.415612  0
15.893333  0.415600  0
15.920000  0.415587  0
15.946667  0.415575  0
15.973333  0.415563  0
16.000000  0.415551  0
16.026667  0.415538  0
16.053333  0.415526  0
16.080000  0.415514  0
16.106667  0.415501  0
16.133333  0.415489  0
16.160000  0.415477  0
16.186667  0.415465  0
16.213333  0.415452  0
16.240000  0.415440  0
16.266667  0.415428  0
16.293333  0.415415  0
16.320000  0.415403  0
16.346667  0.415391  0
16.373333  0.415379  0
16.400000  0.415366  0
16.426667  0.415354  0
16.453333  0.415342  0
16.480000  0.415329  0
16.506667  0.415317  0
16.533333  0.415305  0
16.560000  0.415293  0
16.586667  0.415280  0
16.613333  0.415268  0
16.640000  0.415256  0
16.666667  0.415243  0
16.693333  0.415231  0
16.720000  0.415219  0
16.746667  0.415207  0
16.773333  0.415194  0
16.800000  0.415182  0
16.826667  0.415170  0
16.853333  0.415157  0
16.880000  0.415145  0
16.906667  0.415133  0
16.933333  0.415120  0
16.960000  0.415108  0
16.986667  0.415096  0
17.013333  0.415084  0
17.040000  0.415071  0
17.066667  0.415059  0
17.093333  0.415047  0
17.120000  0.415034  0
17.146667  0.415022  0
17.173333  0.415010  0
17.200000  0.414998  0
17.226667  0.414985  0
17.253333  0.414973  0
17.280000  0.414961  0
17.306667  0.414948  0
17.333333  0.414936  0
17.360000  0.414924  0
17.386667  0.414912  0
17.413333  0.414899  0
17.440000  0.414887  0
17.466667  0.414875  0
17.493333  0.414862  0
17.520000  0.414850  0
17.546667  0.414838  0
17.573333  0.414826  0
17.600000  0.414813  0
17.626667  0.414801  0
17.653333  0.414789  0
17.680000  0.414776  0
17.706667  0.414764  0
17.733333  0.414752  0
17.760000  0.414740  0
17.786667  0.414727  0
17.813333  0.414715  0
17.840000  0.414703  0
17.866667  0.414690  0
17.893333  0.414678  0
17.920000  0.414666  0
17.946667  0.414654  0
17.973333  0.414641  0
18.000000  0.414629  0
18.026667  0.414617  0
18.053333  0.414604  0
18.080000  0.414592  0
18.106667  0.414580  0
18.133333  0.414568  0
18.160000  0.414555  0
18.186667  0.414543  0
18.213333  0.414531  0
18.240000  0.414518  0
18.266667  0.414506  0
18.293333  0.414494  0
18.320000  0.414482  0
18.346667  0.414469  0
18.373333  0.414457  0
18.400000  0.414445  0
18.426667  0.414432  0
18.453333  0.414420  0
18.480000  0.414408  0
18.506667  0.414396  0
18.533333  0.414383  0
18.560000  0.414371  0
18.586667  0.414359  0
18.613333  0.414346  0
18.640000  0.414334  0
18.666667  0.414322  0
18.693333  0.414309  0
18.720000  0.414297  0
18.746667  0.414285  0
18.773333  0.414273  0
18.800000  0.414260  0
18.826667  0.414248  0
18.853333  0.414236  0
18.880000  0.414223  0
18.906667  0.414211  0
18.933333  0.414199  0
18.960000  0.414187  0
18.986667  0.414174  0
19.013333  0.414162  0
19.040000  0.414150  0
19.066667  0.414137  0
19.093333  0.414125  0
19.120000  0.414113  0
19.146667  0.414101  0
19.173333  0.414088  0
19.200000  0.414076  0
19.226667  0.414064  0
19.253333  0.414051  0
19.280000  0.414039  0
19.306667  0.414027  0
19.333333  0.414015  0
19.360000  0.414002  0
19.386667  0.413990  0
19.413333  0.413978  0
19.440000  0.413965  0
19.466667  0.413953  0
19.493333  0.413941  0
19.520000  0.413929  0
19.546667  0.413916  0
19.573333  0.413904  0
19.600000  0.413892  0
19.626667  0.413879  0
19.653333  0.413867  0
19.680000  0.413855  0
19.706667  0.413843  0
19.733333  0.413830  0
19.760000  0.413818  0
19.786667  0.413806  0
19.813333  0.413793  0
19.840000  0.413781  0
19.866667  0.413769  0
19.893333  0.413757  0
19.920000  0.413744  0
19.946667  0.413732  0
19.973333  0.413720  0
20.000000  0.413707  0
20.026667  0.413695  0
20.053333  0.413683  0
20.080000  0.413671  0
20.106667  0.413658  0
20.133333  0.413646  0
20.160000  0.413634  0
20.186667  0.413621  0
20.213333  0.413609  0
20.240000  0.413597  0
20.266667  0.413584  0
20.293333  0.413572  0
20.320000  0.413560  0
20.346667  0.413548  0
20.373333  0.413535  0
20.400000  0.413523  0
20.426667  0.413511  0
20.453333  0.413498  0
20.480000  0.413486  0
20.506667  0.413474  0
20.533333  0.413462  0
20.560000  0.413449  0
20.586667  0.413437  0
20.613333  0.413425  0
20.640000  0.413412  0
20.666667  0.413400  0
20.693333  0.413388  0
20.720000  0.413376  0
20.746667  0.413363  0
20.773333  0.413351  0
20.800000  0.413339  0
20.826667  0.413326  0
20.853333  0.413314  0
20.880000  0.413302  0
