2.666667  0.683462  0
2.693333  0.683138  0
2.720000  0.682548  0
2.746667  0.681774  0
2.773333  0.680897  0
2.800000  0.679972  0
2.826667  0.679028  0
2.853333  0.678079  0
2.880000  0.677128  0
2.906667  0.676176  0
2.933333  0.675225  0
2.960000  0.674273  0
2.986667  0.673322  0
3.013333  0.672370  0
3.040000  0.671419  0
3.066667  0.670467  0
3.093333  0.669516  0
3.120000  0.668564  0
3.146667  0.667613  0
3.173333  0.666661  0
3.200000  0.665710  0
3.226667  0.664758  0
3.253333  0.663806  0
3.280000  0.662855  0
3.306667  0.661903  0
3.333333  0.660952  0
3.360000  0.660000  0
3.386667  0.659049  0
3.413333  0.658097  0
3.440000  0.657146  0
3.466667  0.656194  0
3.493333  0.655243  0
3.520000  0.654291  0
3.546667  0.653340  0
3.573333  0.652388  0
3.600000  0.651437  0
3.626667  0.650485  0
3.653333  0.649534  0
3.680000  0.648582  0
3.706667  0.647631  0
3.733333  0.646679  0
3.760000  0.645728  0
3.786667  0.644776  0
3.813333  0.643825  0
3.840000  0.642873  0
3.866667  0.641923  0
3.893333  0.640974  0
3.920000  0.640033  0
3.946667  0.639109  0
3.973333  0.638217  0
4.000000  0.637373  0
4.026667  0.636582  0
4.053333  0.635831  0
4.080000  0.635085  0
4.106667  0.634301  0
4.133333  0.633446  0
4.160000  0.632509  0
4.186667  0.631501  0
4.213333  0.630448  0
4.240000  0.629387  0
4.266667  0.628360  0
4.293333  0.627410  0
4.320000  0.626579  0
4.346667  0.625906  0
4.373333  0.625427  0
4.400000  0.625170  0
4.426667  0.625155  0
4.453333  0.625393  0
4.480000  0.625884  0
4.506667  0.626615  0
4.533333  0.627563  0
4.560000  0.628694  0
4.586667  0.629962  0
4.613333  0.631313  0
4.640000  0.632688  0
4.666667  0.634022  0
4.693333  0.635249  0
4.720000  0.636306  0
4.746667  0.637132  0
4.773333  0.637673  0
4.800000  0.637885  0
4.826667  0.637733  0
4.853333  0.637194  0
4.880000  0.636258  0
4.906667  0.634928  0
4.933333  0.633216  0
4.960000  0.631149  0
4.986667  0.628761  0
5.013333  0.626092  0
5.040000  0.623191  0
5.066667  0.620107  0
5.093333  0.616895  0
5.120000  0.613607  0
5.146667  0.610295  0
5.173333  0.607010  0
5.200000  0.603796  0
5.226667  0.600694  0
5.253333  0.597737  0
5.280000  0.594953  0
5.306667  0.592362  0
5.333333  0.589975  0
5.360000  0.587797  0
5.386667  0.585827  0
5.413333  0.584057  0
5.440000  0.582472  0
5.466667  0.581056  0
5.493333  0.579789  0
5.520000  0.578651  0
5.546667  0.577620  0
5.573333  0.576678  0
5.600000  0.575808  0
5.626667  0.574995  0
5.653333  0.574229  0
5.680000  0.573503  0
5.706667  0.572811  0
5.733333  0.572152  0
5.760000  0.571526  0
5.786667  0.570933  0
5.813333  0.570377  0
5.840000  0.569859  0
5.866667  0.569380  0
5.893333  0.568943  0
5.920000  0.568547  0
5.946667  0.568194  0
5.973333  0.567883  0
6.000000  0.567615  0
6.026667  0.567389  0
6.053333  0.567204  0
6.080000  0.567061  0
6.106667  0.566960  0
6.133333  0.566900  0
6.160000  0.566881  0
6.186667  0.566901  0
6.213333  0.566958  0
6.240000  0.567049  0
6.266667  0.567168  0
6.293333  0.567312  0
6.320000  0.567472  0
6.346667  0.567641  0
6.373333  0.567812  0
6.400000  0.567975  0
6.426667  0.568122  0
6.453333  0.568246  0
6.480000  0.568339  0
6.506667  0.568396  0
6.533333  0.568412  0
6.560000  0.568382  0
6.586667  0.568305  0
6.613333  0.568178  0
6.640000  0.568003  0
6.666667  0.567778  0
6.693333  0.567506  0
6.720000  0.567187  0
6.746667  0.566824  0
6.773333  0.566420  0
6.800000  0.565977  0
6.826667  0.565500  0
6.853333  0.564992  0
6.880000  0.564460  0
6.906667  0.563907  0
6.933333  0.563341  0
6.960000  0.562768  0
6.986667  0.562194  0
7.013333  0.561626  0
7.040000  0.561069  0
7.066667  0.560530  0
7.093333  0.560011  0
7.120000  0.559517  0
7.146667  0.559049  0
7.173333  0.558608  0
7.200000  0.558192  0
7.226667  0.557801  0
7.253333  0.557431  0
7.280000  0.557078  0
7.306667  0.556740  0
7.333333  0.556410  0
7.360000  0.556085  0
7.386667  0.555760  0
7.413333  0.555431  0
7.440000  0.555095  0
7.466667  0.554749  0
7.493333  0.554389  0
7.520000  0.554014  0
7.546667  0.553621  0
7.573333  0.553210  0
7.600000  0.552780  0
7.626667  0.552329  0
7.653333  0.551856  0
7.680000  0.551362  0
7.706667  0.550844  0
7.733333  0.550303  0
7.760000  0.549736  0
7.786667  0.549144  0
7.813333  0.548524  0
7.840000  0.547876  0
7.866667  0.547198  0
7.893333  0.546490  0
7.920000  0.545752  0
7.946667  0.544986  0
7.973333  0.544192  0
8.000000  0.543376  0
8.026667  0.542542  0
8.053333  0.541698  0
8.080000  0.540854  0
8.106667  0.540020  0
8.133333  0.539212  0
8.160000  0.538445  0
8.186667  0.537737  0
8.213333  0.537107  0
8.240000  0.536572  0
8.266667  0.536141  0
8.293333  0.535815  0
8.320000  0.535584  0
8.346667  0.535437  0
8.373333  0.535365  0
8.400000  0.534788  0
8.426667  0.534211  0
8.453333  0.533634  0
8.480000  0.533057  0
8.506667  0.532479  0
8.533333  0.531902  0
8.560000  0.531325  0
8.586667  0.530748  0
8.613333  0.530171  0
8.640000  0.529593  0
8.666667  0.529016  0
8.693333  0.528439  0
8.720000  0.527862  0
8.746667  0.527284  0
8.773333  0.526707  0
8.800000  0.526130  0
8.826667  0.525553  0
8.853333  0.524976  0
8.880000  0.524398  0
8.906667  0.523821  0
8.933333  0.523244  0
8.960000  0.522667  0
8.986667  0.522089  0
9.013333  0.521512  0
9.040000  0.520935  0
9.066667  0.520358  0
9.093333  0.519781  0
9.120000  0.519203  0
9.146667  0.518626  0
9.173333  0.518049  0
9.200000  0.517472  0
9.226667  0.516894  0
9.253333  0.516317  0
9.280000  0.515740  0
9.306667  0.515163  0
9.333333  0.514586  0
9.360000  0.514008  0
9.386667  0.513431  0
9.413333  0.512854  0
9.440000  0.512277  0
9.466667  0.511700  0
9.493333  0.511122  0
9.520000  0.510545  0
9.546667  0.509968  0
9.573333  0.509391  0
9.600000  0.508813  0
9.626667  0.508236  0
9.653333  0.507659  0
9.680000  0.507082  0
9.706667  0.506505  0
9.733333  0.505927  0
9.760000  0.505350  0
9.786667  0.504773  0
9.813333  0.504196  0
9.840000  0.503618  0
9.866667  0.503041  0
9.893333  0.502464  0
9.920000  0.501887  0
9.946667  0.501310  0
9.973333  0.500732  0
10.000000  0.500155  0
10.026667  0.499578  0
10.053333  0.499001  0
10.080000  0.498423  0
10.106667  0.497846  0
10.133333  0.497269  0
10.160000  0.496692  0
10.186667  0.496115  0
10.213333  0.495537  0
10.240000  0.494960  0
10.266667  0.494383  0
10.293333  0.493806  0
10.320000  0.493228  0
10.346667  0.492651  0
10.373333  0.492074  0
10.400000  0.491497  0
10.426667  0.490920  0
10.453333  0.490342  0
10.480000  0.489765  0
10.506667  0.489188  0
10.533333  0.488611  0
10.560000  0.488034  0
10.586667  0.487456  0
10.613333  0.486879  0
10.640000  0.486302  0
10.666667  0.485725  0
10.693333  0.485147  0
10.720000  0.484570  0
10.746667  0.483993  0
10.773333  0.483416  0
10.800000  0.482839  0
10.826667  0.482261  0
10.853333  0.481684  0
10.880000  0.481107  0
10.906667  0.480530  0
10.933333  0.479952  0
10.960000  0.479375  0
10.986667  0.478798  0
11.013333  0.478221  0
11.040000  0.477644  0
11.066667  0.477066  0
11.093333  0.476489  0
11.120000  0.475912  0
11.146667  0.475335  0
11.173333  0.474757  0
11.200000  0.474180  0
11.226667  0.473603  0
11.253333  0.473026  0
11.280000  0.472449  0
11.306667  0.471871  0
11.333333  0.471294  0
11.360000  0.470717  0
11.386667  0.470140  0
11.413333  0.469563  0
11.440000  0.468983  0
11.466667  0.468386  0
11.493333  0.467788  0
11.520000  0.467191  0
11.546667  0.466593  0
11.573333  0.465996  0
11.600000  0.465398  0
11.626667  0.464801  0
11.653333  0.464203  0
11.680000  0.463606  0
11.706667  0.463008  0
11.733333  0.462410  0
11.760000  0.461813  0
11.786667  0.461215  0
11.813333  0.460618  0
11.840000  0.460020  0
11.866667  0.459423  0
11.893333  0.458825  0
11.920000  0.458228  0
11.946667  0.457630  0
11.973333  0.457033  0
12.000000  0.456435  0
12.026667  0.455838  0
12.053333  0.455240  0
12.080000  0.454642  0
12.106667  0.454045  0
12.133333  0.453447  0
12.160000  0.452850  0
12.186667  0.452252  0
12.213333  0.451655  0
12.240000  0.451057  0
12.266667  0.450460  0
12.293333  0.449862  0
12.320000  0.449265  0
12.346667  0.448667  0
12.373333  0.448070  0
12.400000  0.447472  0
12.426667  0.446875  0
12.453333  0.446277  0
12.480000  0.445679  0
12.506667  0.445082  0
12.533333  0.444484  0
12.560000  0.443887  0
12.586667  0.443289  0
12.613333  0.442692  0
12.640000  0.442094  0
12.666667  0.441497  0
12.693333  0.440899  0
12.720000  0.440302  0
12.746667  0.439704  0
12.773333  0.439107  0
12.800000  0.438509  0
12.826667  0.437912  0
12.853333  0.437314  0
12.880000  0.436716  0
12.906667  0.436119  0
12.933333  0.435521  0
12.960000  0.434924  0
12.986667  0.434326  0
13.013333  0.433729  0
13.040000  0.433131  0
13.066667  0.432534  0
13.093333  0.431936  0
13.120000  0.431339  0
13.146667  0.430741  0
13.173333  0.430144  0
13.200000  0.429546  0
13.226667  0.428949  0
13.253333  0.428351  0
13.280000  0.427753  0
13.306667  0.427156  0
13.333333  0.426558  0
13.360000  0.425961  0
13.386667  0.425363  0
13.413333  0.424766  0
13.440000  0.424168  0
13.466667  0.423571  0
13.493333  0.422973  0
13.520000  0.422376  0
13.546667  0.421778  0
13.573333  0.421181  0
13.600000  0.420583  0
13.626667  0.419985  0
13.653333  0.419388  0
13.680000  0.418790  0
13.706667  0.418193  0
13.733333  0.417658  0
13.760000  0.417300  0
13.786667  0.416941  0
13.813333  0.416583  0
13.840000  0.416225  0
13.866667  0.415866  0
13.893333  0.415508  0
13.920000  0.415149  0
13.946667  0.414791  0
13.973333  0.414432  0
14.000000  0.414074  0
14.026667  0.413715  0
14.053333  0.413357  0
14.080000  0.412999  0
14.106667  0.412640  0
14.133333  0.412282  0
14.160000  0.411923  0
14.186667  0.411565  0
14.213333  0.411206  0
14.240000  0.410848  0
14.266667  0.410489  0
14.293333  0.410131  0
14.320000  0.409773  0
14.346667  0.409414  0
14.373333  0.409056  0
14.400000  0.408697  0
14.426667  0.408339  0
14.453333  0.407980  0
14.480000  0.407622  0
14.506667  0.407263  0
14.533333  0.406905  0
14.560000  0.406547  0
14.586667  0.406188  0
14.613333  0.405830  0
14.640000  0.405471  0
14.666667  0.405113  0
14.693333  0.404754  0
14.720000  0.404396  0
14.746667  0.404037  0
14.773333  0.403679  0
14.800000  0.403320  0
14.826667  0.402962  0
14.853333  0.402604  0
14.880000  0.402245  0
14.906667  0.401887  0
14.933333  0.401528  0
14.960000  0.401170  0
14.986667  0.400811  0
15.013333  0.400453  0
15.040000  0.400094  0
15.066667  0.399736  0
15.093333  0.399378  0
15.120000  0.399019  0
15.146667  0.398661  0
15.173333  0.398302  0
15.200000  0.397944  0
15.226667  0.397585  0
15.253333  0.397227  0
15.280000  0.396868  0
15.306667  0.396510  0
15.333333  0.396152  0
15.360000  0.395793  0
15.386667  0.395435  0
15.413333  0.395076  0
15.440000  0.394718  0
15.466667  0.394359  0
15.493333  0.394001  0
15.520000  0.393642  0
15.546667  0.393284  0
15.573333  0.392926  0
15.600000  0.392567  0
15.626667  0.392209  0
15.653333  0.391850  0
15.680000  0.391492  0
15.706667  0.391133  0
15.733333  0.390775  0
15.760000  0.390416  0
15.786667  0.390058  0
15.813333  0.389700  0
15.840000  0.389341  0
15.866667  0.388983  0
15.893333  0.388624  0
15.920000  0.388266  0
15.946667  0.387907  0
15.973333  0.387549  0
16.000000  0.387190  0
16.026667  0.386832  0
16.053333  0.386474  0
16.080000  0.386115  0
16.106667  0.385757  0
16.133333  0.385398  0
16.160000  0.385040  0
16.186667  0.384681  0
16.213333  0.384323  0
16.240000  0.383964  0
16.266667  0.383606  0
16.293333  0.383248  0
16.320000  0.382889  0
16.346667  0.382531  0
16.373333  0.382172  0
16.400000  0.381814  0
16.426667  0.381455  0
16.453333  0.381097  0
16.480000  0.380738  0
16.506667  0.380380  0
16.533333  0.380022  0
