4.026667  0.659574  0
4.081742  0.650232  0
4.136817  0.639007  0
4.191893  0.638553  0
4.246968  0.647463  0
4.302044  0.650436  0
4.357119  0.651311  0
4.412194  0.645254  0
4.467270  0.642434  0
4.522345  0.630880  0
4.577420  0.623603  0
4.632496  0.630316  0
4.687571  0.624917  0
4.742647  0.629048  0
4.797722  0.623238  0
4.852797  0.634729  0
4.907873  0.621325  0
4.962948  0.621279  0
5.018023  0.621147  0
5.073099  0.622732  0
5.128174  0.617562  0
5.183250  0.613043  0
5.238325  0.608516  0
5.293400  0.598271  0
5.348476  0.600932  0
5.403551  0.597679  0
5.458626  0.582950  0
5.513702  0.617512  0
5.568777  0.612260  0
5.623853  0.603277  0
5.678928  0.600874  0
5.734003  0.592085  0
5.789079  0.591510  0
5.844154  0.591778  0
5.899229  0.583061  0
5.954305  0.584155  0
6.009380  0.590418  0
6.064456  0.582394  0
6.119531  0.581276  0
6.174606  0.577826  0
6.229682  0.574591  0
6.284757  0.575147  0
6.339832  0.573567  0
6.394908  0.569903  0
6.449983  0.567352  0
6.505059  0.567154  0
6.560134  0.562686  0
6.615209  0.561253  0
6.670285  0.561622  0
6.725360  0.562982  0
6.780436  0.560400  0
6.835511  0.558557  0
6.890586  0.559062  0
6.945662  0.561925  0
7.000737  0.554023  0
7.055812  0.555554  0
7.110888  0.558985  0
7.165963  0.557462  0
7.221039  0.554278  0
7.276114  0.555694  0
7.331189  0.551332  0
7.386265  0.549234  0
7.441340  0.549259  0
7.496415  0.548988  0
7.551491  0.546632  0
7.606566  0.544274  0
7.661642  0.542634  0
7.716717  0.539706  0
7.771792  0.541675  0
7.826868  0.540229  0
7.881943  0.539445  0
7.937018  0.535174  0
7.992094  0.532751  0
8.047169  0.531564  0
8.102245  0.523334  0
8.157320  0.527335  0
8.212395  0.526725  0
8.267471  0.524356  0
8.322546  0.524439  0
8.377621  0.519845  0
8.432697  0.516980  0
8.487772  0.515044  0
8.542848  0.511639  0
8.597923  0.510585  0
8.652998  0.511084  0
8.708074  0.508339  0
8.763149  0.506876  0
8.818224  0.507224  0
8.873300  0.506406  0
8.928375  0.504929  0
8.983451  0.512274  0
9.038526  0.504197  0
9.093601  0.501887  0
9.148677  0.499670  0
9.203752  0.501374  0
9.258827  0.499788  0
9.313903  0.497890  0
9.368978  0.493632  0
9.424054  0.465246  0
9.479129  0.417368  0
9.534204  0.416365  0
9.589280  0.416254  0
9.644355  0.415964  0
9.699430  0.416918  0
9.754506  0.416052  0
9.809581  0.416580  0
9.864657  0.416271  0
9.919732  0.416250  0
9.974807  0.413786  0
10.029883  0.409205  0
10.084958  0.416320  0
10.140034  0.419427  0
10.195109  0.408917  0
10.250184  0.450721  0
10.305260  0.417515  0
10.360335  0.413937  0
10.415410  0.415067  0
10.470486  0.412132  0
10.525561  0.411504  0
10.580637  0.411680  0
10.635712  0.409632  0
10.690787  0.411854  0
10.745863  0.414001  0
10.800938  0.409530  0
10.856013  0.411571  0
10.911089  0.409831  0
10.966164  0.411270  0
11.021240  0.409569  0
11.076315  0.409500  0
11.131390  0.409255  0
11.186466  0.410887  0
11.241541  0.409588  0
11.296616  0.409598  0
11.351692  0.411351  0
11.406767  0.409165  0
11.461843  0.412088  0
11.516918  0.411655  0
11.571993  0.409484  0
11.627069  0.409513  0
11.682144  0.409557  0
11.737219  0.407378  0
11.792295  0.409940  0
11.847370  0.409217  0
11.902446  0.409490  0
11.957521  0.409512  0
12.012596  0.409531  0
12.067672  0.409804  0
12.122747  0.408386  0
12.177822  0.407667  0
12.232898  0.409898  0
12.287973  0.407177  0
12.343049  0.407306  0
12.398124  0.409488  0
12.453199  0.407256  0
12.508275  0.407293  0
12.563350  0.405079  0
12.618425  0.407195  0
12.673501  0.407254  0
12.728576  0.407269  0
12.783652  0.407428  0
12.838727  0.404482  0
12.893802  0.406005  0
12.948878  0.406267  0
13.003953  0.406914  0
13.059028  0.406815  0
13.114104  0.406814  0
13.169179  0.402554  0
13.224255  0.405239  0
13.279330  0.405010  0
13.334405  0.405027  0
13.389481  0.402804  0
13.444556  0.404919  0
13.499631  0.404434  0
13.554707  0.405308  0
13.609782  0.405109  0
13.664858  0.406488  0
13.719933  0.404710  0
13.775008  0.404744  0
13.830084  0.399864  0
13.885159  0.411675  0
13.940235  0.404206  0
13.995310  0.403001  0
14.050385  0.400829  0
14.105461  0.407231  0
14.160536  0.400554  0
14.215611  0.396402  0
14.270687  0.399421  0
14.325762  0.407732  0
14.380838  0.398644  0
14.435913  0.403178  0
14.490988  0.403891  0
14.546064  0.404746  0
14.601139  0.401180  0
14.656214  0.394131  0
14.711290  0.406422  0
14.766365  0.405665  0
14.821441  0.404794  0
14.876516  0.405439  0
14.931591  0.407298  0
14.986667  0.405006  0
