4.026667  0.666333  0
4.081742  0.666939  0
4.136817  0.660625  0
4.191893  0.661689  0
4.246968  0.656808  0
4.302044  0.646551  0
4.357119  0.649804  0
4.412194  0.649245  0
4.467270  0.628062  0
4.522345  0.625262  0
4.577420  0.626204  0
4.632496  0.627535  0
4.687571  0.611708  0
4.742647  0.602684  0
4.797722  0.598732  0
4.852797  0.585446  0
4.907873  0.610520  0
4.962948  0.578198  0
5.018023  0.571019  0
5.073099  0.568532  0
5.128174  0.571869  0
5.183250  0.568565  0
5.238325  0.557847  0
5.293400  0.562705  0
5.348476  0.560153  0
5.403551  0.556235  0
5.458626  0.564599  0
5.513702  0.569475  0
5.568777  0.555289  0
5.623853  0.548835  0
5.678928  0.553872  0
5.734003  0.544726  0
5.789079  0.544645  0
5.844154  0.551433  0
5.899229  0.554343  0
5.954305  0.556344  0
6.009380  0.560799  0
6.064456  0.558032  0
6.119531  0.559419  0
6.174606  0.556601  0
6.229682  0.554405  0
6.284757  0.550307  0
6.339832  0.551550  0
6.394908  0.549275  0
6.449983  0.549137  0
6.505059  0.551493  0
6.560134  0.551433  0
6.615209  0.555539  0
6.670285  0.558755  0
6.725360  0.553602  0
6.780436  0.557758  0
6.835511  0.550953  0
6.890586  0.557181  0
6.945662  0.557535  0
7.000737  0.557072  0
7.055812  0.545916  0
7.110888  0.559573  0
7.165963  0.555177  0
7.221039  0.555867  0
7.276114  0.554109  0
7.331189  0.551448  0
7.386265  0.553691  0
7.441340  0.551445  0
7.496415  0.550857  0
7.551491  0.544860  0
7.606566  0.545309  0
7.661642  0.537504  0
7.716717  0.538148  0
7.771792  0.541988  0
7.826868  0.541316  0
7.881943  0.540515  0
7.937018  0.543586  0
7.992094  0.542486  0
8.047169  0.542374  0
8.102245  0.540460  0
8.157320  0.538425  0
8.212395  0.537903  0
8.267471  0.535685  0
8.322546  0.533001  0
8.377621  0.527092  0
8.432697  0.528969  0
8.487772  0.526245  0
8.542848  0.531286  0
8.597923  0.411566  0
8.652998  0.419829  0
8.708074  0.421850  0
8.763149  0.419182  0
8.818224  0.421346  0
8.873300  0.421067  0
8.928375  0.418907  0
8.983451  0.432380  0
9.038526  0.418412  0
9.093601  0.418511  0
9.148677  0.416340  0
9.203752  0.416610  0
9.258827  0.418051  0
9.313903  0.419938  0
9.368978  0.417128  0
9.424054  0.418713  0
9.479129  0.417073  0
9.534204  0.418460  0
9.589280  0.418674  0
9.644355  0.414247  0
9.699430  0.414717  0
9.754506  0.414119  0
9.809581  0.416180  0
9.864657  0.413966  0
9.919732  0.413994  0
9.974807  0.411729  0
10.029883  0.408976  0
10.084958  0.407390  0
10.140034  0.405325  0
10.195109  0.393676  0
10.250184  0.417078  0
10.305260  0.411375  0
10.360335  0.408145  0
10.415410  0.408136  0
10.470486  0.408251  0
10.525561  0.407390  0
10.580637  0.409293  0
10.635712  0.407165  0
10.690787  0.407255  0
10.745863  0.407258  0
10.800938  0.407273  0
10.856013  0.404869  0
10.911089  0.404548  0
10.966164  0.407837  0
11.021240  0.404628  0
11.076315  0.406724  0
11.131390  0.405087  0
11.186466  0.405012  0
11.241541  0.405007  0
11.296616  0.405006  0
11.351692  0.405002  0
11.406767  0.404954  0
11.461843  0.403150  0
11.516918  0.405004  0
11.571993  0.404968  0
11.627069  0.402761  0
11.682144  0.402712  0
11.737219  0.404910  0
11.792295  0.402822  0
11.847370  0.402759  0
11.902446  0.402754  0
11.957521  0.402753  0
12.012596  0.402748  0
12.067672  0.402674  0
12.122747  0.401111  0
12.177822  0.402954  0
12.232898  0.402705  0
12.287973  0.400875  0
12.343049  0.400517  0
12.398124  0.400499  0
12.453199  0.400498  0
12.508275  0.398258  0
12.563350  0.400238  0
12.618425  0.398324  0
12.673501  0.398874  0
12.728576  0.397904  0
12.783652  0.397399  0
12.838727  0.396072  0
12.893802  0.396230  0
12.948878  0.393548  0
13.003953  0.393790  0
13.059028  0.395355  0
13.114104  0.394081  0
13.169179  0.391825  0
13.224255  0.393576  0
13.279330  0.391527  0
13.334405  0.391410  0
13.389481  0.391707  0
13.444556  0.389413  0
13.499631  0.392024  0
13.554707  0.391944  0
13.609782  0.391158  0
13.664858  0.391446  0
13.719933  0.391185  0
13.775008  0.392417  0
13.830084  0.394000  0
13.885159  0.393976  0
13.940235  0.391174  0
13.995310  0.394001  0
14.050385  0.391462  0
14.105461  0.391608  0
14.160536  0.396001  0
14.215611  0.398584  0
14.270687  0.391447  0
14.325762  0.396102  0
14.380838  0.395564  0
14.435913  0.396142  0
14.490988  0.397718  0
14.546064  0.396192  0
14.601139  0.400465  0
14.656214  0.385327  0
14.711290  0.393654  0
14.766365  0.407102  0
14.821441  0.407456  0
14.876516  0.407917  0
14.931591  0.409585  0
14.986667  0.409512  0
