2.640000  0.952756  0
2.666667  0.951418  0
2.693333  0.948974  0
2.720000  0.945774  0
2.746667  0.942146  0
2.773333  0.938318  0
2.800000  0.934414  0
2.826667  0.930485  0
2.853333  0.926550  0
2.880000  0.922614  0
2.906667  0.918677  0
2.933333  0.914741  0
2.960000  0.910804  0
2.986667  0.906867  0
3.013333  0.902931  0
3.040000  0.898994  0
3.066667  0.895057  0
3.093333  0.891121  0
3.120000  0.887184  0
3.146667  0.883247  0
3.173333  0.879311  0
3.200000  0.875374  0
3.226667  0.871437  0
3.253333  0.867501  0
3.280000  0.863564  0
3.306667  0.859627  0
3.333333  0.855690  0
3.360000  0.851754  0
3.386667  0.847817  0
3.413333  0.843880  0
3.440000  0.839944  0
3.466667  0.836007  0
3.493333  0.832070  0
3.520000  0.828134  0
3.546667  0.824197  0
3.573333  0.820260  0
3.600000  0.816324  0
3.626667  0.812387  0
3.653333  0.808450  0
3.680000  0.804514  0
3.706667  0.800577  0
3.733333  0.796640  0
3.760000  0.792704  0
3.786667  0.788767  0
3.813333  0.784830  0
3.840000  0.780894  0
3.866667  0.776957  0
3.893333  0.773020  0
3.920000  0.769083  0
3.946667  0.765147  0
3.973333  0.761210  0
4.000000  0.757273  0
4.026667  0.753337  0
4.053333  0.749400  0
4.080000  0.745463  0
4.106667  0.741527  0
4.133333  0.737592  0
4.160000  0.733662  0
4.186667  0.729745  0
4.213333  0.725859  0
4.240000  0.722029  0
4.266667  0.718279  0
4.293333  0.714609  0
4.320000  0.710978  0
4.346667  0.707306  0
4.373333  0.703502  0
4.400000  0.699497  0
4.426667  0.695260  0
4.453333  0.690802  0
4.480000  0.686152  0
4.506667  0.681345  0
4.533333  0.676404  0
4.560000  0.671341  0
4.586667  0.666156  0
4.613333  0.660841  0
4.640000  0.655396  0
4.666667  0.649835  0
4.693333  0.644191  0
4.720000  0.638517  0
4.746667  0.632885  0
4.773333  0.627379  0
4.800000  0.622082  0
4.826667  0.617069  0
4.853333  0.612404  0
4.880000  0.608130  0
4.906667  0.604273  0
4.933333  0.600842  0
4.960000  0.597826  0
4.986667  0.595202  0
5.013333  0.592933  0
5.040000  0.590971  0
5.066667  0.589257  0
5.093333  0.587730  0
5.120000  0.586326  0
5.146667  0.584987  0
5.173333  0.583666  0
5.200000  0.582331  0
5.226667  0.580965  0
5.253333  0.579568  0
5.280000  0.578157  0
5.306667  0.576753  0
5.333333  0.575386  0
5.360000  0.574081  0
5.386667  0.572855  0
5.413333  0.571717  0
5.440000  0.570663  0
5.466667  0.569681  0
5.493333  0.568751  0
5.520000  0.567852  0
5.546667  0.566965  0
5.573333  0.566077  0
5.600000  0.565185  0
5.626667  0.564292  0
5.653333  0.563408  0
5.680000  0.562545  0
5.706667  0.561714  0
5.733333  0.560923  0
5.760000  0.560171  0
5.786667  0.559453  0
5.813333  0.558754  0
5.840000  0.558058  0
5.866667  0.557343  0
5.893333  0.556588  0
5.920000  0.555773  0
5.946667  0.554883  0
5.973333  0.553903  0
6.000000  0.552827  0
6.026667  0.551653  0
6.053333  0.550382  0
6.080000  0.549024  0
6.106667  0.547591  0
6.133333  0.546097  0
6.160000  0.544561  0
6.186667  0.542997  0
6.213333  0.541421  0
6.240000  0.539845  0
6.266667  0.538278  0
6.293333  0.536726  0
6.320000  0.535194  0
6.346667  0.533687  0
6.373333  0.532210  0
6.400000  0.530770  0
6.426667  0.529374  0
6.453333  0.528031  0
6.480000  0.526745  0
6.506667  0.525514  0
6.533333  0.524324  0
6.560000  0.523152  0
6.586667  0.521964  0
6.613333  0.520715  0
6.640000  0.519356  0
6.666667  0.517836  0
6.693333  0.516109  0
6.720000  0.514138  0
6.746667  0.511893  0
6.773333  0.509358  0
6.800000  0.506523  0
6.826667  0.503391  0
6.853333  0.499969  0
6.880000  0.496272  0
6.906667  0.492320  0
6.933333  0.488143  0
6.960000  0.483772  0
6.986667  0.479250  0
7.013333  0.474621  0
7.040000  0.469939  0
7.066667  0.465260  0
7.093333  0.460646  0
7.120000  0.456161  0
7.146667  0.451870  0
7.173333  0.447836  0
7.200000  0.444118  0
7.226667  0.440764  0
7.253333  0.437810  0
7.280000  0.435275  0
7.306667  0.433162  0
7.333333  0.431454  0
7.360000  0.430117  0
7.386667  0.429104  0
7.413333  0.428358  0
7.440000  0.427820  0
7.466667  0.427431  0
7.493333  0.427138  0
7.520000  0.426899  0
7.546667  0.426682  0
7.573333  0.426467  0
7.600000  0.426248  0
7.626667  0.426026  0
7.653333  0.425808  0
7.680000  0.425606  0
7.706667  0.425432  0
7.733333  0.425297  0
7.760000  0.425205  0
7.786667  0.425155  0
7.813333  0.425144  0
7.840000  0.425159  0
7.866667  0.425189  0
7.893333  0.425220  0
7.920000  0.425241  0
7.946667  0.425246  0
7.973333  0.425233  0
8.000000  0.425209  0
8.026667  0.425187  0
8.053333  0.425182  0
8.080000  0.425212  0
8.106667  0.425294  0
8.133333  0.425438  0
8.160000  0.425643  0
8.186667  0.425901  0
8.213333  0.426192  0
8.240000  0.426486  0
8.266667  0.426750  0
8.293333  0.426949  0
8.320000  0.427055  0
8.346667  0.427046  0
8.373333  0.426913  0
8.400000  0.426659  0
8.426667  0.426296  0
8.453333  0.425846  0
8.480000  0.425333  0
8.506667  0.424785  0
8.533333  0.424227  0
8.560000  0.423677  0
8.586667  0.423152  0
8.613333  0.422660  0
8.640000  0.422202  0
8.666667  0.421777  0
8.693333  0.421380  0
8.720000  0.421002  0
8.746667  0.420635  0
8.773333  0.420273  0
8.800000  0.419909  0
8.826667  0.419539  0
8.853333  0.419160  0
8.880000  0.418770  0
8.906667  0.418367  0
8.933333  0.417948  0
8.960000  0.417513  0
8.986667  0.417059  0
9.013333  0.416584  0
9.040000  0.416092  0
9.066667  0.415585  0
9.093333  0.415072  0
9.120000  0.414563  0
9.146667  0.414071  0
9.173333  0.413610  0
9.200000  0.413191  0
9.226667  0.412823  0
9.253333  0.412511  0
9.280000  0.412255  0
9.306667  0.412049  0
9.333333  0.411886  0
9.360000  0.411755  0
9.386667  0.411643  0
9.413333  0.411540  0
9.440000  0.411433  0
9.466667  0.411315  0
9.493333  0.411179  0
9.520000  0.411020  0
9.546667  0.410837  0
9.573333  0.410627  0
9.600000  0.410392  0
9.626667  0.410132  0
9.653333  0.409852  0
9.680000  0.409557  0
9.706667  0.409251  0
9.733333  0.408944  0
9.760000  0.408643  0
9.786667  0.408360  0
9.813333  0.408102  0
9.840000  0.407878  0
9.866667  0.407692  0
9.893333  0.407547  0
9.920000  0.407438  0
9.946667  0.407356  0
9.973333  0.407291  0
10.000000  0.407227  0
10.026667  0.407148  0
10.053333  0.407042  0
10.080000  0.406900  0
10.106667  0.406716  0
10.133333  0.406492  0
10.160000  0.406233  0
10.186667  0.405949  0
10.213333  0.405651  0
10.240000  0.405350  0
10.266667  0.405057  0
10.293333  0.404779  0
10.320000  0.404520  0
10.346667  0.404282  0
10.373333  0.404062  0
10.400000  0.403855  0
10.426667  0.403657  0
10.453333  0.403462  0
10.480000  0.403263  0
10.506667  0.403059  0
10.533333  0.402846  0
10.560000  0.402624  0
10.586667  0.402395  0
10.613333  0.402160  0
10.640000  0.401922  0
10.666667  0.401680  0
10.693333  0.401435  0
10.720000  0.401185  0
10.746667  0.400927  0
10.773333  0.400662  0
10.800000  0.400387  0
10.826667  0.400103  0
10.853333  0.399813  0
10.880000  0.399520  0
10.906667  0.399228  0
10.933333  0.398944  0
10.960000  0.398670  0
10.986667  0.398413  0
11.013333  0.398173  0
11.040000  0.397955  0
11.066667  0.397757  0
11.093333  0.397583  0
11.120000  0.397429  0
11.146667  0.397296  0
11.173333  0.397182  0
11.200000  0.397081  0
11.226667  0.396991  0
11.253333  0.396906  0
11.280000  0.396821  0
11.306667  0.396730  0
11.333333  0.396631  0
11.360000  0.396521  0
11.386667  0.396399  0
11.413333  0.396269  0
11.440000  0.396131  0
11.466667  0.395991  0
11.493333  0.395850  0
11.520000  0.395711  0
11.546667  0.395575  0
11.573333  0.395440  0
11.600000  0.395304  0
11.626667  0.395163  0
11.653333  0.395013  0
11.680000  0.394854  0
11.706667  0.394685  0
11.733333  0.394509  0
11.760000  0.394330  0
11.786667  0.394154  0
11.813333  0.393988  0
11.840000  0.393838  0
11.866667  0.393709  0
11.893333  0.393601  0
11.920000  0.393517  0
11.946667  0.393451  0
11.973333  0.393400  0
12.000000  0.393358  0
12.026667  0.393317  0
12.053333  0.393272  0
12.080000  0.393215  0
12.106667  0.393144  0
12.133333  0.393057  0
12.160000  0.392953  0
12.186667  0.392837  0
12.213333  0.392714  0
12.240000  0.392591  0
12.266667  0.392477  0
12.293333  0.392379  0
12.320000  0.392305  0
12.346667  0.392258  0
12.373333  0.392238  0
12.400000  0.392241  0
12.426667  0.392260  0
12.453333  0.392282  0
12.480000  0.392296  0
12.506667  0.392289  0
12.533333  0.392252  0
12.560000  0.392179  0
12.586667  0.392070  0
12.613333  0.391929  0
12.640000  0.391767  0
12.666667  0.391599  0
12.693333  0.391443  0
12.720000  0.391318  0
12.746667  0.391245  0
12.773333  0.391240  0
12.800000  0.391318  0
12.826667  0.391491  0
12.853333  0.391763  0
12.880000  0.392135  0
12.906667  0.392602  0
12.933333  0.393155  0
12.960000  0.393783  0
12.986667  0.394475  0
13.013333  0.395218  0
13.040000  0.396001  0
13.066667  0.396814  0
13.093333  0.397653  0
13.120000  0.398511  0
13.146667  0.399389  0
13.173333  0.400285  0
13.200000  0.401201  0
13.226667  0.402137  0
13.253333  0.403092  0
13.280000  0.404061  0
13.306667  0.405036  0
13.333333  0.406001  0
13.360000  0.406937  0
13.386667  0.407823  0
13.413333  0.408636  0
13.440000  0.409359  0
13.466667  0.409982  0
13.493333  0.410503  0
13.520000  0.410934  0
13.546667  0.411291  0
13.573333  0.411598  0
13.600000  0.411875  0
13.626667  0.412139  0
13.653333  0.412397  0
13.680000  0.412647  0
13.706667  0.412882  0
13.733333  0.413089  0
13.760000  0.413258  0
13.786667  0.413378  0
13.813333  0.413447  0
13.840000  0.413466  0
13.866667  0.413444  0
13.893333  0.413389  0
13.920000  0.413312  0
13.946667  0.413222  0
13.973333  0.413129  0
14.000000  0.413037  0
14.026667  0.412949  0
14.053333  0.412865  0
14.080000  0.412783  0
14.106667  0.412700  0
14.133333  0.412608  0
14.160000  0.412504  0
14.186667  0.412381  0
14.213333  0.412234  0
14.240000  0.412062  0
14.266667  0.411861  0
14.293333  0.411631  0
14.320000  0.411376  0
14.346667  0.411096  0
14.373333  0.410795  0
14.400000  0.410476  0
14.426667  0.410143  0
14.453333  0.409798  0
14.480000  0.409441  0
14.506667  0.409076  0
14.533333  0.408703  0
14.560000  0.408323  0
14.586667  0.407940  0
14.613333  0.407557  0
14.640000  0.407179  0
14.666667  0.406813  0
14.693333  0.406465  0
14.720000  0.406139  0
14.746667  0.405842  0
14.773333  0.405575  0
14.800000  0.405340  0
14.826667  0.405138  0
14.853333  0.404967  0
14.880000  0.404826  0
14.906667  0.404714  0
14.933333  0.404630  0
14.960000  0.404574  0
14.986667  0.404546  0
15.013333  0.404471  0
15.040000  0.404396  0
15.066667  0.404321  0
15.093333  0.404246  0
15.120000  0.404171  0
15.146667  0.404096  0
15.173333  0.404021  0
15.200000  0.403946  0
15.226667  0.403871  0
15.253333  0.403796  0
15.280000  0.403721  0
15.306667  0.403646  0
15.333333  0.403571  0
15.360000  0.403495  0
15.386667  0.403420  0
15.413333  0.403345  0
15.440000  0.403270  0
15.466667  0.403195  0
15.493333  0.403120  0
15.520000  0.403045  0
15.546667  0.402970  0
15.573333  0.402895  0
15.600000  0.402820  0
15.626667  0.402745  0
15.653333  0.402670  0
15.680000  0.402595  0
15.706667  0.402520  0
15.733333  0.402444  0
15.760000  0.402369  0
15.786667  0.402294  0
15.813333  0.402219  0
15.840000  0.402144  0
15.866667  0.402069  0
15.893333  0.401994  0
15.920000  0.401919  0
15.946667  0.401844  0
15.973333  0.401769  0
16.000000  0.401694  0
16.026667  0.401619  0
16.053333  0.401544  0
16.080000  0.401469  0
16.106667  0.401393  0
16.133333  0.401318  0
16.160000  0.401243  0
16.186667  0.401168  0
16.213333  0.401093  0
16.240000  0.401018  0
16.266667  0.400943  0
16.293333  0.400868  0
16.320000  0.400793  0
16.346667  0.400718  0
16.373333  0.400643  0
16.400000  0.400568  0
16.426667  0.400493  0
16.453333  0.400418  0
16.480000  0.400342  0
16.506667  0.400267  0
16.533333  0.400192  0
16.560000  0.400117  0
16.586667  0.400042  0
16.613333  0.399967  0
16.640000  0.399892  0
16.666667  0.399817  0
16.693333  0.399742  0
16.720000  0.399667  0
16.746667  0.399592  0
16.773333  0.399517  0
16.800000  0.399442  0
16.826667  0.399367  0
16.853333  0.399291  0
16.880000  0.399216  0
16.906667  0.399141  0
16.933333  0.399066  0
16.960000  0.398991  0
16.986667  0.398916  0
17.013333  0.398841  0
17.040000  0.398766  0
17.066667  0.398691  0
17.093333  0.398616  0
17.120000  0.398541  0
17.146667  0.398466  0
17.173333  0.398391  0
17.200000  0.398316  0
17.226667  0.398240  0
17.253333  0.398165  0
17.280000  0.398090  0
17.306667  0.398015  0
17.333333  0.397940  0
17.360000  0.397865  0
17.386667  0.397790  0
17.413333  0.397715  0
17.440000  0.397640  0
17.466667  0.397565  0
17.493333  0.397490  0
17.520000  0.397415  0
17.546667  0.397340  0
17.573333  0.397264  0
17.600000  0.397189  0
17.626667  0.397114  0
17.653333  0.397039  0
17.680000  0.396964  0
17.706667  0.396889  0
17.733333  0.396814  0
17.760000  0.396739  0
17.786667  0.396664  0
17.813333  0.396589  0
17.840000  0.396514  0
17.866667  0.396439  0
17.893333  0.396364  0
17.920000  0.396289  0
17.946667  0.396213  0
17.973333  0.396138  0
18.000000  0.396063  0
18.026667  0.395988  0
18.053333  0.395913  0
18.080000  0.395838  0
18.106667  0.395763  0
18.133333  0.395688  0
18.160000  0.395613  0
18.186667  0.395538  0
18.213333  0.395463  0
18.240000  0.395388  0
18.266667  0.395313  0
18.293333  0.395238  0
18.320000  0.395162  0
18.346667  0.395087  0
18.373333  0.395012  0
18.400000  0.394937  0
18.426667  0.394862  0
18.453333  0.394787  0
18.480000  0.394712  0
18.506667  0.394637  0
18.533333  0.394562  0
18.560000  0.394487  0
18.586667  0.394412  0
18.613333  0.394337  0
18.640000  0.394262  0
18.666667  0.394187  0
18.693333  0.394111  0
18.720000  0.394036  0
18.746667  0.393961  0
18.773333  0.393886  0
18.800000  0.393811  0
18.826667  0.393736  0
18.853333  0.393661  0
18.880000  0.393586  0
18.906667  0.393511  0
18.933333  0.393436  0
18.960000  0.393361  0
18.986667  0.393286  0
19.013333  0.393211  0
19.040000  0.393136  0
19.066667  0.393060  0
19.093333  0.392985  0
19.120000  0.392910  0
19.146667  0.392835  0
19.173333  0.392760  0
19.200000  0.392685  0
19.226667  0.392610  0
19.253333  0.392535  0
19.280000  0.392460  0
19.306667  0.392385  0
19.333333  0.392310  0
19.360000  0.392235  0
19.386667  0.392160  0
19.413333  0.392085  0
19.440000  0.392009  0
19.466667  0.391934  0
19.493333  0.391859  0
19.520000  0.391784  0
19.546667  0.391709  0
19.573333  0.391634  0
19.600000  0.391559  0
19.626667  0.391484  0
19.653333  0.391409  0
19.680000  0.391334  0
19.706667  0.391259  0
19.733333  0.391184  0
19.760000  0.391109  0
19.786667  0.391034  0
19.813333  0.390958  0
19.840000  0.390883  0
19.866667  0.390808  0
19.893333  0.390733  0
19.920000  0.390658  0
19.946667  0.390583  0
19.973333  0.390508  0
20.000000  0.390433  0
20.026667  0.390358  0
20.053333  0.390283  0
20.080000  0.390208  0
20.106667  0.390133  0
20.133333  0.390058  0
20.160000  0.389983  0
20.186667  0.389907  0
20.213333  0.389832  0
20.240000  0.389757  0
20.266667  0.389682  0
20.293333  0.389607  0
20.320000  0.389532  0
20.346667  0.389457  0
20.373333  0.389382  0
20.400000  0.389307  0
20.426667  0.389232  0
20.453333  0.389157  0
20.480000  0.389082  0
20.506667  0.389007  0
20.533333  0.388932  0
20.560000  0.388856  0
20.586667  0.388781  0
