3.306667  0.742853  0
3.333333  0.738416  0
3.360000  0.733993  0
3.386667  0.729601  0
3.413333  0.725247  0
3.440000  0.720932  0
3.466667  0.716657  0
3.493333  0.712419  0
3.520000  0.708217  0
3.546667  0.704052  0
3.573333  0.699929  0
3.600000  0.695857  0
3.626667  0.691849  0
3.653333  0.687926  0
3.680000  0.684106  0
3.706667  0.680416  0
3.733333  0.676876  0
3.760000  0.673509  0
3.786667  0.670332  0
3.813333  0.667353  0
3.840000  0.664578  0
3.866667  0.662003  0
3.893333  0.659621  0
3.920000  0.657421  0
3.946667  0.655391  0
3.973333  0.653517  0
4.000000  0.651788  0
4.026667  0.650192  0
4.053333  0.648720  0
4.080000  0.647361  0
4.106667  0.646107  0
4.133333  0.644949  0
4.160000  0.643880  0
4.186667  0.642895  0
4.213333  0.641991  0
4.240000  0.641167  0
4.266667  0.640425  0
4.293333  0.639767  0
4.320000  0.639193  0
4.346667  0.638701  0
4.373333  0.638283  0
4.400000  0.637926  0
4.426667  0.637612  0
4.453333  0.637315  0
4.480000  0.637009  0
4.506667  0.636669  0
4.533333  0.636268  0
4.560000  0.635790  0
4.586667  0.635222  0
4.613333  0.634561  0
4.640000  0.633811  0
4.666667  0.632982  0
4.693333  0.632089  0
4.720000  0.631150  0
4.746667  0.630182  0
4.773333  0.629204  0
4.800000  0.628231  0
4.826667  0.627274  0
4.853333  0.626342  0
4.880000  0.625437  0
4.906667  0.624560  0
4.933333  0.623707  0
4.960000  0.622870  0
4.986667  0.622042  0
5.013333  0.621214  0
5.040000  0.620376  0
5.066667  0.619517  0
5.093333  0.618625  0
5.120000  0.617683  0
5.146667  0.616675  0
5.173333  0.615583  0
5.200000  0.614387  0
5.226667  0.613072  0
5.253333  0.611627  0
5.280000  0.610048  0
5.306667  0.608337  0
5.333333  0.606504  0
5.360000  0.604565  0
5.386667  0.602539  0
5.413333  0.600449  0
5.440000  0.598318  0
5.466667  0.596170  0
5.493333  0.594025  0
5.520000  0.591902  0
5.546667  0.589816  0
5.573333  0.587777  0
5.600000  0.585792  0
5.626667  0.583865  0
5.653333  0.581993  0
5.680000  0.580173  0
5.706667  0.578397  0
5.733333  0.576656  0
5.760000  0.574940  0
5.786667  0.573238  0
5.813333  0.571540  0
5.840000  0.569835  0
5.866667  0.568115  0
5.893333  0.566370  0
5.920000  0.564596  0
5.946667  0.562788  0
5.973333  0.560944  0
6.000000  0.559065  0
6.026667  0.557153  0
6.053333  0.555214  0
6.080000  0.553254  0
6.106667  0.551282  0
6.133333  0.549307  0
6.160000  0.547337  0
6.186667  0.545380  0
6.213333  0.543442  0
6.240000  0.541528  0
6.266667  0.539642  0
6.293333  0.537784  0
6.320000  0.535953  0
6.346667  0.534147  0
6.373333  0.532364  0
6.400000  0.530600  0
6.426667  0.528853  0
6.453333  0.527120  0
6.480000  0.525401  0
6.506667  0.523695  0
6.533333  0.522004  0
6.560000  0.520331  0
6.586667  0.518680  0
6.613333  0.517054  0
6.640000  0.515458  0
6.666667  0.513894  0
6.693333  0.512367  0
6.720000  0.510877  0
6.746667  0.509423  0
6.773333  0.508006  0
6.800000  0.506624  0
6.826667  0.505275  0
6.853333  0.503958  0
6.880000  0.502674  0
6.906667  0.501425  0
6.933333  0.500216  0
6.960000  0.499052  0
6.986667  0.497939  0
7.013333  0.496882  0
7.040000  0.495885  0
7.066667  0.494948  0
7.093333  0.494068  0
7.120000  0.493237  0
7.146667  0.492445  0
7.173333  0.491679  0
7.200000  0.490922  0
7.226667  0.490161  0
7.253333  0.489385  0
7.280000  0.488587  0
7.306667  0.487766  0
7.333333  0.486926  0
7.360000  0.486076  0
7.386667  0.485230  0
7.413333  0.484400  0
7.440000  0.483599  0
7.466667  0.482839  0
7.493333  0.482126  0
7.520000  0.481466  0
7.546667  0.480861  0
7.573333  0.480313  0
7.600000  0.479825  0
7.626667  0.479400  0
7.653333  0.479041  0
7.680000  0.478752  0
7.706667  0.478534  0
7.733333  0.478385  0
7.760000  0.478302  0
7.786667  0.478274  0
7.813333  0.478289  0
7.840000  0.478331  0
7.866667  0.478382  0
7.893333  0.478420  0
7.920000  0.478428  0
7.946667  0.478385  0
7.973333  0.478276  0
8.000000  0.478090  0
8.026667  0.477821  0
8.053333  0.477466  0
8.080000  0.477030  0
8.106667  0.476522  0
8.133333  0.475951  0
8.160000  0.475329  0
8.186667  0.474669  0
8.213333  0.473981  0
8.240000  0.473275  0
8.266667  0.472559  0
8.293333  0.471838  0
8.320000  0.471116  0
8.346667  0.470399  0
8.373333  0.469687  0
8.400000  0.468983  0
8.426667  0.468290  0
8.453333  0.467611  0
8.480000  0.466952  0
8.506667  0.466318  0
8.533333  0.465719  0
8.560000  0.465166  0
8.586667  0.464667  0
8.613333  0.464234  0
8.640000  0.463872  0
8.666667  0.463585  0
8.693333  0.463370  0
8.720000  0.463218  0
8.746667  0.463112  0
8.773333  0.463027  0
8.800000  0.462930  0
8.826667  0.462780  0
8.853333  0.462529  0
8.880000  0.462132  0
8.906667  0.461545  0
8.933333  0.460737  0
8.960000  0.459700  0
8.986667  0.458444  0
9.013333  0.457006  0
9.040000  0.455443  0
9.066667  0.453825  0
9.093333  0.452222  0
9.120000  0.450697  0
9.146667  0.449295  0
9.173333  0.448042  0
9.200000  0.446946  0
9.226667  0.445995  0
9.253333  0.445170  0
9.280000  0.444449  0
9.306667  0.443811  0
9.333333  0.443240  0
9.360000  0.442730  0
9.386667  0.442275  0
9.413333  0.441875  0
9.440000  0.441532  0
9.466667  0.441244  0
9.493333  0.441005  0
9.520000  0.440808  0
9.546667  0.440639  0
9.573333  0.440488  0
9.600000  0.440343  0
9.626667  0.440198  0
9.653333  0.440053  0
9.680000  0.439913  0
9.706667  0.439791  0
9.733333  0.439696  0
9.760000  0.439638  0
9.786667  0.439619  0
9.813333  0.439629  0
9.840000  0.439649  0
9.866667  0.439648  0
9.893333  0.439591  0
9.920000  0.439446  0
9.946667  0.439186  0
9.973333  0.438800  0
10.000000  0.438294  0
10.026667  0.437688  0
10.053333  0.437017  0
10.080000  0.436322  0
10.106667  0.435643  0
10.133333  0.435017  0
10.160000  0.434466  0
10.186667  0.434002  0
10.213333  0.433625  0
10.240000  0.433326  0
10.266667  0.433089  0
10.293333  0.432898  0
10.320000  0.432735  0
10.346667  0.432586  0
10.373333  0.432440  0
10.400000  0.432286  0
10.426667  0.432116  0
10.453333  0.431924  0
10.480000  0.431702  0
10.506667  0.431448  0
10.533333  0.431159  0
10.560000  0.430839  0
10.586667  0.430494  0
10.613333  0.430135  0
10.640000  0.429778  0
10.666667  0.429439  0
10.693333  0.429135  0
10.720000  0.428880  0
10.746667  0.428682  0
10.773333  0.428546  0
10.800000  0.428466  0
10.826667  0.428433  0
10.853333  0.428432  0
10.880000  0.428442  0
10.906667  0.428445  0
10.933333  0.428423  0
10.960000  0.428363  0
10.986667  0.428259  0
11.013333  0.428114  0
11.040000  0.427935  0
11.066667  0.427734  0
11.093333  0.427528  0
11.120000  0.427329  0
11.146667  0.427149  0
11.173333  0.426992  0
11.200000  0.426855  0
11.226667  0.426732  0
11.253333  0.426611  0
11.280000  0.426481  0
11.306667  0.426333  0
11.333333  0.426160  0
11.360000  0.425964  0
11.386667  0.425750  0
11.413333  0.425529  0
11.440000  0.425312  0
11.466667  0.425112  0
11.493333  0.424937  0
11.520000  0.424793  0
11.546667  0.424680  0
11.573333  0.424595  0
11.600000  0.424531  0
11.626667  0.424481  0
11.653333  0.424439  0
11.680000  0.424402  0
11.706667  0.424373  0
11.733333  0.424353  0
11.760000  0.424349  0
11.786667  0.424365  0
11.813333  0.424404  0
11.840000  0.424464  0
11.866667  0.424542  0
11.893333  0.424626  0
11.920000  0.424707  0
11.946667  0.424773  0
11.973333  0.424812  0
12.000000  0.424817  0
12.026667  0.424785  0
12.053333  0.424714  0
12.080000  0.424610  0
12.106667  0.424477  0
12.133333  0.424328  0
12.160000  0.424171  0
12.186667  0.424020  0
12.213333  0.423885  0
12.240000  0.423775  0
12.266667  0.423696  0
12.293333  0.423653  0
12.320000  0.423642  0
12.346667  0.423661  0
12.373333  0.423702  0
12.400000  0.423753  0
12.426667  0.423806  0
12.453333  0.423849  0
12.480000  0.423878  0
12.506667  0.423887  0
12.533333  0.423878  0
12.560000  0.423853  0
12.586667  0.423817  0
12.613333  0.423775  0
12.640000  0.423734  0
12.666667  0.423696  0
12.693333  0.423665  0
12.720000  0.423644  0
12.746667  0.423634  0
12.773333  0.423634  0
12.800000  0.423644  0
12.826667  0.423662  0
12.853333  0.423685  0
12.880000  0.423707  0
12.906667  0.423725  0
12.933333  0.423734  0
12.960000  0.423731  0
12.986667  0.423712  0
13.013333  0.423678  0
13.040000  0.423629  0
13.066667  0.423569  0
13.093333  0.423500  0
13.120000  0.423427  0
13.146667  0.423354  0
13.173333  0.423284  0
13.200000  0.423221  0
13.226667  0.423166  0
13.253333  0.423118  0
13.280000  0.423077  0
13.306667  0.423039  0
13.333333  0.423003  0
13.360000  0.422964  0
13.386667  0.422921  0
13.413333  0.422871  0
13.440000  0.422814  0
13.466667  0.422751  0
13.493333  0.422682  0
13.520000  0.422612  0
13.546667  0.422544  0
13.573333  0.422478  0
13.600000  0.422417  0
13.626667  0.422358  0
13.653333  0.422298  0
13.680000  0.422232  0
13.706667  0.422153  0
13.733333  0.422057  0
13.760000  0.421941  0
13.786667  0.421804  0
13.813333  0.421649  0
13.840000  0.421478  0
13.866667  0.421296  0
13.893333  0.421106  0
13.920000  0.420908  0
13.946667  0.420702  0
13.973333  0.420486  0
14.000000  0.420257  0
14.026667  0.420011  0
14.053333  0.419748  0
14.080000  0.419468  0
14.106667  0.419174  0
14.133333  0.418868  0
14.160000  0.418558  0
14.186667  0.418248  0
14.213333  0.417945  0
14.240000  0.417653  0
14.266667  0.417379  0
14.293333  0.417124  0
14.320000  0.416891  0
14.346667  0.416679  0
14.373333  0.416488  0
14.400000  0.416314  0
14.426667  0.416154  0
14.453333  0.416004  0
14.480000  0.415860  0
14.506667  0.415718  0
14.533333  0.415577  0
14.560000  0.415434  0
14.586667  0.415288  0
14.613333  0.415138  0
14.640000  0.414985  0
14.666667  0.414830  0
14.693333  0.414673  0
14.720000  0.414515  0
14.746667  0.414357  0
14.773333  0.414195  0
14.800000  0.414029  0
14.826667  0.413854  0
14.853333  0.413669  0
14.880000  0.413469  0
14.906667  0.413256  0
14.933333  0.413030  0
14.960000  0.412797  0
14.986667  0.412562  0
15.013333  0.412331  0
15.040000  0.412111  0
15.066667  0.411907  0
15.093333  0.411721  0
15.120000  0.411556  0
15.146667  0.411410  0
15.173333  0.411280  0
15.200000  0.411165  0
15.226667  0.411060  0
15.253333  0.410964  0
15.280000  0.410873  0
15.306667  0.410786  0
15.333333  0.410701  0
15.360000  0.410617  0
15.386667  0.410535  0
15.413333  0.410452  0
15.440000  0.410370  0
15.466667  0.410288  0
15.493333  0.410206  0
15.520000  0.410124  0
15.546667  0.410041  0
15.573333  0.409959  0
15.600000  0.409877  0
15.626667  0.409795  0
15.653333  0.409713  0
15.680000  0.409631  0
15.706667  0.409549  0
15.733333  0.409467  0
15.760000  0.409385  0
15.786667  0.409303  0
15.813333  0.409221  0
15.840000  0.409139  0
15.866667  0.409057  0
15.893333  0.408974  0
15.920000  0.408892  0
15.946667  0.408810  0
15.973333  0.408728  0
16.000000  0.408646  0
16.026667  0.408564  0
16.053333  0.408482  0
16.080000  0.408400  0
16.106667  0.408318  0
16.133333  0.408236  0
16.160000  0.408154  0
16.186667  0.408072  0
16.213333  0.407990  0
16.240000  0.407907  0
16.266667  0.407825  0
16.293333  0.407743  0
16.320000  0.407661  0
16.346667  0.407579  0
16.373333  0.407497  0
16.400000  0.407415  0
16.426667  0.407333  0
16.453333  0.407251  0
16.480000  0.407169  0
16.506667  0.407087  0
16.533333  0.407005  0
16.560000  0.406923  0
16.586667  0.406841  0
16.613333  0.406758  0
16.640000  0.406676  0
16.666667  0.406594  0
16.693333  0.406512  0
16.720000  0.406430  0
16.746667  0.406348  0
16.773333  0.406266  0
16.800000  0.406184  0
16.826667  0.406102  0
16.853333  0.406020  0
16.880000  0.405938  0
16.906667  0.405856  0
16.933333  0.405774  0
16.960000  0.405691  0
16.986667  0.405609  0
17.013333  0.405527  0
17.040000  0.405445  0
17.066667  0.405363  0
17.093333  0.405281  0
17.120000  0.405199  0
17.146667  0.405117  0
17.173333  0.405035  0
17.200000  0.404953  0
17.226667  0.404871  0
17.253333  0.404789  0
17.280000  0.404707  0
17.306667  0.404625  0
17.333333  0.404542  0
17.360000  0.404460  0
17.386667  0.404378  0
17.413333  0.404296  0
17.440000  0.404214  0
17.466667  0.404132  0
17.493333  0.404050  0
17.520000  0.403968  0
17.546667  0.403886  0
17.573333  0.403804  0
17.600000  0.403722  0
17.626667  0.403640  0
17.653333  0.403558  0
17.680000  0.403475  0
17.706667  0.403393  0
17.733333  0.403311  0
17.760000  0.403229  0
17.786667  0.403147  0
17.813333  0.403065  0
17.840000  0.402983  0
17.866667  0.402901  0
17.893333  0.402819  0
17.920000  0.402737  0
17.946667  0.402655  0
17.973333  0.402573  0
18.000000  0.402491  0
18.026667  0.402409  0
18.053333  0.402326  0
18.080000  0.402244  0
18.106667  0.402162  0
18.133333  0.402080  0
18.160000  0.401998  0
18.186667  0.401916  0
18.213333  0.401834  0
18.240000  0.401752  0
18.266667  0.401670  0
18.293333  0.401588  0
18.320000  0.401506  0
18.346667  0.401424  0
18.373333  0.401342  0
18.400000  0.401259  0
18.426667  0.401177  0
18.453333  0.401095  0
18.480000  0.401013  0
18.506667  0.400931  0
18.533333  0.400849  0
18.560000  0.400767  0
18.586667  0.400685  0
18.613333  0.400603  0
18.640000  0.400521  0
18.666667  0.400439  0
18.693333  0.400357  0
18.720000  0.400275  0
18.746667  0.400192  0
18.773333  0.400110  0
18.800000  0.400028  0
18.826667  0.399946  0
18.853333  0.399864  0
18.880000  0.399782  0
18.906667  0.399700  0
18.933333  0.399618  0
18.960000  0.399536  0
18.986667  0.399454  0
19.013333  0.399372  0
19.040000  0.399290  0
19.066667  0.399208  0
19.093333  0.399126  0
19.120000  0.399043  0
19.146667  0.398961  0
19.173333  0.398879  0
19.200000  0.398797  0
19.226667  0.398715  0
19.253333  0.398633  0
19.280000  0.398551  0
19.306667  0.398469  0
19.333333  0.398387  0
19.360000  0.398305  0
19.386667  0.398223  0
19.413333  0.398141  0
19.440000  0.398059  0
19.466667  0.397976  0
19.493333  0.397894  0
19.520000  0.397812  0
19.546667  0.397730  0
19.573333  0.397648  0
19.600000  0.397566  0
19.626667  0.397484  0
19.653333  0.397402  0
19.680000  0.397320  0
19.706667  0.397238  0
19.733333  0.397156  0
19.760000  0.397074  0
19.786667  0.396992  0
19.813333  0.396910  0
19.840000  0.396827  0
19.866667  0.396745  0
19.893333  0.396663  0
19.920000  0.396581  0
19.946667  0.396499  0
19.973333  0.396417  0
20.000000  0.396336  0
20.026667  0.396254  0
20.053333  0.396173  0
20.080000  0.396092  0
20.106667  0.396012  0
20.133333  0.395934  0
20.160000  0.395856  0
20.186667  0.395781  0
20.213333  0.395707  0
20.240000  0.395636  0
20.266667  0.395568  0
20.293333  0.395503  0
20.320000  0.395441  0
20.346667  0.395382  0
20.373333  0.395326  0
20.400000  0.395272  0
20.426667  0.395220  0
20.453333  0.395169  0
20.480000  0.395120  0
20.506667  0.395072  0
20.533333  0.395024  0
20.560000  0.394977  0
20.586667  0.394930  0
20.613333  0.394883  0
20.640000  0.394836  0
20.666667  0.394790  0
20.693333  0.394743  0
20.720000  0.394696  0
20.746667  0.394650  0
20.773333  0.394603  0
20.800000  0.394557  0
20.826667  0.394510  0
20.853333  0.394464  0
20.880000  0.394417  0
20.906667  0.394371  0
20.933333  0.394324  0
20.960000  0.394277  0
20.986667  0.394231  0
21.013333  0.394184  0
21.040000  0.394138  0
21.066667  0.394091  0
21.093333  0.394045  0
21.120000  0.393998  0
21.146667  0.393952  0
21.173333  0.393905  0
21.200000  0.393858  0
21.226667  0.393812  0
21.253333  0.393765  0
21.280000  0.393719  0
21.306667  0.393672  0
21.333333  0.393626  0
21.360000  0.393579  0
21.386667  0.393533  0
21.413333  0.393486  0
21.440000  0.393439  0
21.466667  0.393393  0
21.493333  0.393346  0
21.520000  0.393300  0
21.546667  0.393253  0
21.573333  0.393207  0
21.600000  0.393160  0
21.626667  0.393114  0
21.653333  0.393067  0
21.680000  0.393020  0
21.706667  0.392974  0
21.733333  0.392927  0
21.760000  0.392881  0
21.786667  0.392834  0
21.813333  0.392788  0
21.840000  0.392741  0
21.866667  0.392695  0
21.893333  0.392648  0
21.920000  0.392601  0
21.946667  0.392555  0
21.973333  0.392508  0
22.000000  0.392462  0
22.026667  0.392415  0
22.053333  0.392369  0
22.080000  0.392322  0
22.106667  0.392276  0
22.133333  0.392229  0
22.160000  0.392182  0
22.186667  0.392136  0
22.213333  0.392089  0
22.240000  0.392043  0
22.266667  0.391996  0
22.293333  0.391950  0
22.320000  0.391903  0
22.346667  0.391857  0
22.373333  0.391810  0
22.400000  0.391763  0
22.426667  0.391717  0
22.453333  0.391670  0
22.480000  0.391624  0
22.506667  0.391577  0
22.533333  0.391531  0
22.560000  0.391484  0
22.586667  0.391438  0
22.613333  0.391391  0
22.640000  0.391344  0
22.666667  0.391298  0
22.693333  0.391251  0
22.720000  0.391205  0
22.746667  0.391158  0
22.773333  0.391112  0
22.800000  0.391065  0
22.826667  0.391019  0
22.853333  0.390972  0
22.880000  0.390925  0
22.906667  0.390879  0
22.933333  0.390832  0
22.960000  0.390786  0
22.986667  0.390739  0
23.013333  0.390693  0
23.040000  0.390646  0
23.066667  0.390600  0
23.093333  0.390553  0
23.120000  0.390506  0
23.146667  0.390460  0
23.173333  0.390413  0
23.200000  0.390367  0
23.226667  0.390320  0
23.253333  0.390274  0
23.280000  0.390227  0
23.306667  0.390181  0
23.333333  0.390134  0
23.360000  0.390087  0
23.386667  0.390041  0
23.413333  0.389994  0
23.440000  0.389948  0
23.466667  0.389901  0
23.493333  0.389855  0
23.520000  0.389808  0
23.546667  0.389762  0
23.573333  0.389715  0
23.600000  0.389668  0
23.626667  0.389622  0
23.653333  0.389575  0
23.680000  0.389529  0
23.706667  0.389482  0
23.733333  0.389436  0
23.760000  0.389389  0
23.786667  0.389343  0
23.813333  0.389296  0
23.840000  0.389249  0
23.866667  0.389203  0
23.893333  0.389156  0
23.920000  0.389110  0
23.946667  0.389063  0
23.973333  0.389017  0
24.000000  0.388970  0
24.026667  0.388924  0
24.053333  0.388877  0
24.080000  0.388830  0
24.106667  0.388784  0
24.133333  0.388737  0
24.160000  0.388691  0
24.186667  0.388644  0
24.213333  0.388598  0
24.240000  0.388551  0
24.266667  0.388505  0
24.293333  0.388458  0
24.320000  0.388411  0
24.346667  0.388365  0
24.373333  0.388318  0
24.400000  0.388272  0
24.426667  0.388225  0
24.453333  0.388179  0
24.480000  0.388132  0
24.506667  0.388086  0
24.533333  0.388039  0
24.560000  0.387992  0
24.586667  0.387946  0
24.613333  0.387899  0
24.640000  0.387853  0
24.666667  0.387806  0
24.693333  0.387760  0
24.720000  0.387713  0
24.746667  0.387667  0
24.773333  0.387620  0
24.800000  0.387573  0
24.826667  0.387527  0
24.853333  0.387480  0
24.880000  0.387434  0
24.906667  0.387387  0
24.933333  0.387341  0
24.960000  0.387294  0
24.986667  0.387248  0
25.013333  0.387201  0
25.040000  0.387155  0
25.066667  0.387108  0
25.093333  0.387062  0
25.120000  0.387017  0
25.146667  0.386972  0
25.173333  0.386928  0
25.200000  0.386885  0
25.226667  0.386845  0
25.253333  0.386808  0
25.280000  0.386775  0
25.306667  0.386747  0
25.333333  0.386725  0
25.360000  0.386709  0
25.386667  0.386701  0
